1311868164.363181 -0.0000056 0.0000043 -0.0000004 -0.0000034 -0.0000028 -0.0000057 1.0000000
1311868164.899132 0.0673641 -0.0014336 -0.0458000 0.0099952 -0.0035488 -0.0157344 0.9998199
1311868164.930933 0.0742781 0.0014663 -0.0477314 0.0134271 -0.0028587 -0.0176752 0.9997495
1311868166.163189 0.3204101 0.0865427 -0.1681161 -0.0238853 -0.0177173 -0.0269612 0.9991940
1311868167.063209 0.4637246 0.1486644 -0.2506779 -0.0388479 -0.0268898 -0.0379810 0.9981609
1311868168.463333 0.6835231 0.0678329 -0.1501439 -0.0353607 -0.0938219 -0.0685621 0.9925957
1311868169.831415 0.7833880 -0.1614117 0.0724262 0.0389485 -0.2451734 -0.1444840 0.9578608
1311868171.399409 1.0760903 -0.1504742 0.0184025 0.0223837 -0.2876198 -0.1521124 0.9453231
1311868172.199781 1.2757924 -0.1361209 0.1090106 -0.0116159 -0.3185906 -0.1929992 0.9279636
1311868172.699619 1.3552542 -0.1119099 0.1894642 -0.0483694 -0.3035772 -0.2117919 0.9277098
1311868173.299659 1.3731092 -0.1585781 0.3392146 -0.0761560 -0.2928217 -0.2315345 0.9245796
1311868173.999745 1.4223297 -0.2494917 0.4597941 -0.0563760 -0.3519997 -0.2508710 0.8999898
1311868174.567585 1.5059428 -0.3232073 0.5597427 -0.0397078 -0.4064278 -0.2736595 0.8708331
1311868175.031665 1.4902658 -0.3963464 0.6173519 -0.0146230 -0.4213892 -0.2554443 0.8700376
1311868175.199578 1.4623814 -0.4362830 0.6308190 0.0099739 -0.4246471 -0.2569955 0.8680604
1311868175.400048 1.4393144 -0.4683233 0.6570280 0.0363458 -0.4421617 -0.2282625 0.8666419
1311868175.931644 1.4334550 -0.5454136 0.7621547 0.0708942 -0.4861368 -0.2016807 0.8473311
1311868176.099801 1.4556029 -0.5727986 0.8000371 0.0743289 -0.5090167 -0.2172693 0.8295609
1311868176.431678 1.5122631 -0.6096714 0.9004424 0.0612339 -0.5323861 -0.2470773 0.8073216
1311868176.831887 1.5428307 -0.6348953 0.9944185 0.0373138 -0.5403936 -0.2576517 0.8001238
1311868177.499762 1.4946754 -0.6896160 1.1277783 0.0359850 -0.5298026 -0.2740913 0.8018031
1311868177.967919 1.4963527 -0.7072701 1.2326360 0.0134020 -0.5541918 -0.3007663 0.7760357
1311868178.500102 1.5702088 -0.7329861 1.3468530 0.0033067 -0.6020136 -0.3352838 0.7246747
1311868178.900038 1.6592767 -0.7314333 1.3578404 -0.0115351 -0.6155050 -0.3317251 0.7148280
1311868179.467999 1.8482502 -0.7226496 1.3454571 -0.0311091 -0.5996242 -0.3441634 0.7218273
1311868179.968012 1.9663036 -0.7431299 1.3996694 -0.0411989 -0.5910318 -0.3549270 0.7231949
1311868180.668185 2.0834091 -0.7810447 1.5289714 -0.0687837 -0.6214564 -0.3748611 0.6844997
1311868182.000232 1.9300187 -0.8526652 1.6470199 -0.0617059 -0.6003720 -0.3693130 0.7066496
1311868182.600295 1.7423379 -0.8965285 1.6978056 -0.0535646 -0.6084266 -0.3517994 0.7093554
1311868182.900229 1.6401594 -0.9403796 1.7443916 -0.0297539 -0.6490485 -0.3469549 0.6763675
1311868183.336308 1.4722720 -1.0343461 1.8064597 0.0079562 -0.6949603 -0.3780064 0.6116193
1311868183.768221 1.3350759 -1.0777876 1.8333107 -0.0303443 -0.7266005 -0.3757301 0.5744196
1311868184.169015 1.2027922 -1.1216791 1.8283484 -0.0179502 -0.7252271 -0.3689549 0.5810298
1311868184.568437 1.0921066 -1.1423343 1.8604593 -0.0125253 -0.7356158 -0.3579406 0.5749704
1311868184.800366 1.0152056 -1.1719836 1.8839499 -0.0052126 -0.7619330 -0.3581864 0.5395678
1311868184.968436 0.9643387 -1.2026167 1.9018590 0.0051002 -0.7765220 -0.3580076 0.5184767
1311868185.236390 0.8895407 -1.2238114 1.9224772 -0.0120620 0.7899786 0.3627715 -0.4941509
1311868185.368510 0.8575166 -1.2339356 1.9307559 -0.0192100 0.7962237 0.3521785 -0.4915578
1311868185.468575 0.8335642 -1.2342479 1.9390336 -0.0208743 0.7952930 0.3450996 -0.4979754
1311868185.568460 0.8121799 -1.2382725 1.9411230 0.0328971 -0.7925907 -0.3398071 0.5052217
1311868185.636409 0.8001270 -1.2406925 1.9418603 0.0407923 -0.7941490 -0.3356779 0.5049591
1311868185.668624 0.7923977 -1.2443472 1.9428043 0.0432915 -0.7945855 -0.3337075 0.5053703
1311868185.736700 0.7802693 -1.2463517 1.9460683 0.0431445 -0.7952107 -0.3250344 0.5100306
1311868185.800441 0.7693178 -1.2461369 1.9484755 0.0419059 -0.7966258 -0.3178142 0.5124698
1311868185.868447 0.7620524 -1.2440295 1.9530954 0.0351994 -0.7993971 -0.3143885 0.5107692
1311868185.900384 0.7544050 -1.2418048 1.9565387 0.0327437 -0.8009551 -0.3162134 0.5073537
1311868186.200391 0.7048725 -1.2457886 1.9902141 -0.0285551 0.8157950 0.3354329 -0.4702637
1311868186.237659 0.6993045 -1.2458669 1.9940400 -0.0265925 0.8185270 0.3393737 -0.4627439
1311868186.300401 0.6896835 -1.2470288 2.0036941 -0.0250702 0.8246588 0.3458039 -0.4469105
1311868186.336402 0.6869830 -1.2473140 2.0092998 -0.0245011 0.8278216 0.3485364 -0.4389002
1311868186.400544 0.6792329 -1.2470796 2.0221243 -0.0225140 0.8334223 0.3552650 -0.4227140
1311868186.468526 0.6719017 -1.2482446 2.0363300 -0.0187641 0.8362368 0.3599619 -0.4132594
1311868186.568549 0.6697953 -1.2453818 2.0504262 -0.0083887 0.8395795 0.3648511 -0.4023923
1311868186.668623 0.6693892 -1.2522402 2.0652313 -0.0048787 0.8418038 0.3687687 -0.3941473
1311868186.869317 0.7004664 -1.2526039 2.0912058 -0.0013462 0.8438275 0.3759091 -0.3829434
1311868187.036707 0.7302887 -1.2645745 2.1104975 -0.0008494 0.8421496 0.3779572 -0.3846189
1311868187.236433 0.7780634 -1.2705387 2.1379390 0.0045167 0.8342949 0.3847557 -0.3948351
1311868187.568523 0.8276988 -1.2883146 2.1925235 0.0066017 0.8167056 0.4072466 -0.4087768
1311868188.000735 0.8356724 -1.3146119 2.2887850 0.0058252 0.8255839 0.4119339 -0.3856004
1311868188.236529 0.8125151 -1.3220098 2.3759184 0.0182125 0.8338246 0.4249947 -0.3518300
1311868188.368537 0.8004260 -1.3145889 2.4285614 0.0105951 0.8292738 0.4448457 -0.3380904
1311868188.568686 0.8059871 -1.3117117 2.4687550 0.0293390 0.8290786 0.4555141 -0.3229160
1311868188.900697 0.8753095 -1.3229954 2.5363650 0.0482370 0.8218432 0.4690583 -0.3197362
1311868189.368446 1.0059261 -1.3459146 2.6263413 0.0632060 0.7995769 0.4972889 -0.3307348
1311868190.002005 1.0501912 -1.3962109 2.7682977 0.0701650 0.7853484 0.5099409 -0.3438969
1311868191.270521 0.9964082 -1.5007054 2.9863093 0.0721755 0.7855968 0.5033897 -0.3524588
1311868193.438985 0.7747380 -1.5297071 2.8369479 0.0613718 0.8069490 0.4965941 -0.3137850
1311868194.538360 0.6830509 -1.6344036 2.7672112 0.0280506 0.8314997 0.4769882 -0.2833791
1311868195.737290 0.6248786 -1.6993170 2.8990250 0.0217024 0.8321677 0.4649840 -0.3013566
1311868196.837005 0.7226149 -1.7100694 3.0959585 0.0732755 0.7838169 0.4827529 -0.3836814
1311868197.569185 0.6532352 -1.7546716 3.2753611 0.0616579 0.7887432 0.5137922 -0.3318133
1311868198.805122 0.4873250 -1.7437859 3.3797710 0.0779782 0.7742206 0.5420285 -0.3173433
1311868200.373427 0.2237449 -1.7595905 3.4323797 0.0597494 0.8060911 0.5580421 -0.1877131
1311868202.305308 -0.0107408 -1.7704537 3.5231955 0.0533002 0.8008381 0.5827106 -0.1275380
1311868203.337532 -0.1590387 -1.8155649 3.4733391 0.0475074 0.8268808 0.5547304 -0.0792812
1311868204.137666 -0.2630280 -1.9007509 3.3256078 0.0270150 0.8334847 0.5518777 0.0021228
1311868204.837551 -0.3845107 -1.9787439 3.2321672 0.0212548 0.8270831 0.5603785 0.0381805
1311868205.537722 -0.4579586 -2.0710378 3.1502514 0.0244081 0.8494574 0.5251746 0.0449225
1311868206.337745 -0.4813459 -2.1184299 3.0921612 0.0205177 0.8798835 0.4746214 0.0108873
1311868207.305734 -0.5567346 -2.0056422 3.1710935 -0.0054477 0.8634852 0.4999235 0.0666345
1311868207.873905 -0.6660300 -1.9449432 3.2315707 0.0012238 0.8537509 0.5157086 0.0717803
1311868208.273904 -0.7151831 -1.9106805 3.2947841 -0.0153910 0.8474577 0.5263792 0.0671082
1311868209.037800 -0.8121063 -1.8318920 3.3754466 0.0008159 0.8248135 0.5612061 0.0687731
1311868210.742133 -0.8980333 -1.6281769 3.3337398 0.0086836 0.8127774 0.5744740 0.0964218
1311868212.773943 -1.2843432 -1.5978711 3.3118453 -0.0105523 0.8086694 0.5730855 0.1323460
1311868214.206335 -1.3942473 -1.5360007 3.1486132 0.0014638 0.8116426 0.5532804 0.1873899
1311868215.674534 -1.4851813 -1.5318930 2.9729977 -0.0297492 0.8004852 0.5067889 0.3185961
1311868216.706576 -1.4813507 -1.6112813 2.7998219 -0.0084080 0.7972407 0.4923232 0.3492197
1311868217.442485 -1.5084375 -1.6668955 2.7233510 -0.0035927 0.8177313 0.4650187 0.3392053
1311868219.342858 -1.5897287 -1.4699318 2.7808328 0.0058928 0.8126160 0.4522775 0.3675126
1311868219.910641 -1.6252255 -1.3512335 2.8389106 0.0278197 0.7842035 0.4712822 0.4026712
1311868220.474751 -1.6541866 -1.2724674 2.9137878 0.0189300 0.7586343 0.4889065 0.4302164
1311868222.510786 -1.8014776 -1.1894605 2.9001396 0.0034115 0.7399307 0.5207312 0.4258285
1311868224.611208 -1.9529870 -1.0848539 2.6813421 0.0014065 0.7061926 0.4912152 0.5098997
1311868226.543455 -2.1454334 -0.9824563 2.4913237 -0.0007049 0.6905737 0.4785268 0.5423279
1311868227.210865 -2.1371136 -0.9404699 2.3165066 -0.0013221 0.6854042 0.4657152 0.5597577
1311868227.711001 -2.1265364 -0.9029654 2.2232273 0.0129554 0.6670191 0.4552346 0.5896431
1311868228.312417 -2.1652446 -0.8593588 2.1193004 0.0052244 0.6242688 0.4235406 0.6564104
1311868229.080635 -2.2429419 -0.7945030 1.9905038 -0.0052540 0.6137280 0.4090482 0.6752702
1311868229.982424 -2.0767527 -0.8514509 1.8386223 -0.0129803 0.6016740 0.4309436 0.6723894
1311868230.343265 -1.9951873 -0.8867832 1.7744013 -0.0170760 0.6093264 0.4332517 0.6638695
1311868230.613609 -1.9411603 -0.8934986 1.7230045 -0.0056895 0.6012570 0.4642037 0.6503634
1311868230.843194 -1.9025617 -0.9033152 1.6787513 0.0049405 0.6108788 0.4444744 0.6551682
1311868231.083967 -1.8630451 -0.9096365 1.6289093 -0.0150334 0.6153694 0.4301785 0.6603339
1311868231.313322 -1.8358495 -0.9278512 1.5966394 -0.0492965 0.6114550 0.4305752 0.6620405
1311868231.582970 -1.7803131 -0.9455345 1.5587215 -0.0688637 0.6024857 0.4359254 0.6650096
1311868231.843239 -1.7300551 -0.9842089 1.5446200 -0.0780342 0.6053140 0.4364563 0.6610685
1311868232.143235 -1.6747398 -1.0326102 1.5384591 -0.0911711 0.5972254 0.4332166 0.6688296
1311868232.583131 -1.6011120 -1.0895679 1.5332744 -0.0883046 0.6067898 0.4448219 0.6527955
1311868233.111321 -1.5671927 -1.1410944 1.5447977 -0.0727670 0.6088114 0.4259815 0.6652769
1311868233.979347 -1.6663582 -1.0392716 1.4886223 -0.0511796 0.5912778 0.4083923 0.6935322
1311868234.343505 -1.7429663 -0.9991068 1.4367989 -0.0503398 0.5901451 0.3758731 0.7126809
1311868234.679531 -1.8222120 -0.9489508 1.4064801 -0.0533411 0.5863643 0.3600247 0.7236807
1311868235.011644 -1.8956213 -0.8934799 1.3739734 -0.0547366 0.5802141 0.3593765 0.7288375
1311868235.443732 -1.9609327 -0.8115336 1.3291354 -0.0466681 0.5779696 0.3689152 0.7264123
1311868235.979648 -1.9817048 -0.7119932 1.2822666 -0.0419735 0.5829142 0.3612608 0.7265947
1311868236.311580 -1.9764302 -0.6555316 1.2500131 -0.0370437 0.5580841 0.3620709 0.7457041
1311868236.711710 -1.9659071 -0.5842937 1.2140756 -0.0262591 0.5445043 0.3498501 0.7618598
1311868237.111617 -1.9730567 -0.5186257 1.1929870 -0.0105881 0.5264636 0.3500366 0.7747247
1311868237.447678 -1.9817108 -0.4575960 1.1319687 -0.0021038 0.5072480 0.3409293 0.7914937
1311868237.879660 -2.0082278 -0.3821844 1.0273356 -0.0194081 0.4781094 0.3088385 0.8219815
1311868238.279669 -2.0184355 -0.3146684 0.9482144 -0.0245847 0.4554869 0.3143331 0.8325394
1311868238.811727 -1.9851322 -0.2544060 0.8821216 -0.0309190 0.4550018 0.3217026 0.8297740
1311868239.479757 -1.9087477 -0.1895563 0.8191572 -0.0224204 0.4130317 0.3165221 0.8536486
1311868240.079916 -1.8721527 -0.1172758 0.7500969 -0.0370696 0.3649857 0.2852927 0.8854486
1311868240.447900 -1.8675523 -0.0568984 0.6541214 -0.0528385 0.3529100 0.2614758 0.8968239
1311868240.980015 -1.8701667 -0.0127609 0.5845909 -0.0717083 0.3434830 0.2730796 0.8957148
1311868241.512153 -1.7666340 -0.1133023 0.5465527 -0.0694884 0.3436320 0.2823584 0.8929514
1311868242.111944 -1.6533835 -0.1896518 0.4813927 -0.0639875 0.3136591 0.2497727 0.9138584
1311868242.879888 -1.5817224 -0.1825753 0.4069012 -0.0473593 0.2765494 0.2105541 0.9364532
1311868243.611954 -1.5143741 -0.1340330 0.3254519 -0.0357825 0.2593434 0.1871700 0.9467988
1311868243.948200 -1.4724131 -0.0830957 0.2556196 -0.0593934 0.2237335 0.1653315 0.9586872
1311868244.312192 -1.4439298 -0.0235102 0.1955176 -0.0541165 0.1824426 0.1375171 0.9720469
1311868244.848096 -1.3870218 0.0768742 0.1573460 -0.0609287 0.1900416 0.1482051 0.9686109
1311868245.412242 -1.2791822 0.1256693 0.1381628 -0.0593960 0.1840679 0.1318506 0.9722173
1311868245.916227 -1.1758208 0.1885725 0.0992793 -0.0567056 0.1510411 0.1549068 0.9746666
1311868246.380220 -1.1158005 0.2579006 0.0139042 -0.0809867 0.1288013 0.1298212 0.9797948
1311868246.916243 -1.0957942 0.3329030 -0.0790225 -0.0969630 0.1409106 0.1340108 0.9761063
1311868247.780427 -0.9496959 0.2604854 -0.0579797 -0.0908936 0.1376368 0.1354468 0.9769589
1311868248.180377 -0.8612093 0.2011474 -0.0118838 -0.0857468 0.1255510 0.1276616 0.9800954
1311868248.680356 -0.7277771 0.1409062 0.0312459 -0.1039754 0.0922743 0.0923722 0.9859726
1311868249.016517 -0.6289370 0.0921460 0.0424467 -0.1234716 0.0773882 0.0791727 0.9861529
1311868249.316586 -0.5577997 0.0609369 0.0587816 -0.1268666 0.0840493 0.0778464 0.9852819
1311868249.948306 -0.4915034 -0.0491315 0.1457313 -0.1105062 0.0962497 0.0765500 0.9862375
1311868250.480450 -0.4714415 -0.1579372 0.2271304 -0.0919491 0.0967099 0.0739819 0.9882911
1311868251.881180 -0.3707711 -0.1402448 0.1837020 -0.0750460 0.0749180 0.0475453 0.9932244
1311868252.480598 -0.2187535 -0.0748512 0.0749897 -0.0789588 0.0499985 0.0039985 0.9956152
1311868252.980733 -0.0966179 -0.0062754 0.0204273 -0.1000399 0.0370300 0.0151162 0.9941792
1311868253.381067 -0.0050978 0.0190219 0.0165840 -0.1085768 0.0449930 0.0204261 0.9928592
1311868254.116780 0.1681368 0.0385050 0.0470763 -0.1041890 0.0228298 0.0180358 0.9941319
1311868254.516676 0.2813552 0.0597232 0.0350809 -0.1188416 -0.0285694 -0.0115062 0.9924354
1311868254.816878 0.3632558 0.0826960 0.0154057 -0.1384775 -0.0583968 -0.0284870 0.9882319
1311868254.984826 0.4041268 0.0991034 0.0051025 -0.1434176 -0.0661130 -0.0292883 0.9870170
1311868255.216885 0.4485395 0.1160348 -0.0099103 -0.1440197 -0.0779219 -0.0317326 0.9859917
1311868255.817549 0.5373638 0.1205287 -0.0010709 -0.1444944 -0.0835574 -0.0343998 0.9853711
1311868256.316827 0.6525699 0.0744275 0.0553942 -0.1452871 -0.0946306 -0.0547370 0.9833314
1311868256.616929 0.7194610 0.0430028 0.0879174 -0.1271998 -0.1060240 -0.0530443 0.9847667
1311868256.916906 0.7795623 0.0099843 0.1194119 -0.1202621 -0.1257427 -0.0653373 0.9825766
1311868257.284925 0.8528717 -0.0416148 0.1517441 -0.1218362 -0.1563252 -0.1002964 0.9750174
1311868257.585336 0.9130639 -0.0948275 0.1799100 -0.1258042 -0.1825282 -0.1280121 0.9666797
1311868257.917005 0.9565576 -0.1497467 0.1985604 -0.1167462 -0.2022895 -0.1543341 0.9600158
1311868258.048909 0.9564106 -0.1743632 0.2132191 -0.1316654 -0.2217077 -0.1586846 0.9530630
1311868258.251845 0.9619917 -0.2125231 0.2422238 -0.1416241 -0.2430986 -0.1733462 0.9438203
1311868258.484910 0.9582883 -0.2709844 0.2860058 -0.1435521 -0.2369909 -0.1888099 0.9421141
1311868258.685108 0.9501193 -0.3298002 0.3240202 -0.1345649 -0.2389388 -0.1794566 0.9447729
1311868258.885648 0.9512944 -0.3729276 0.3569705 -0.1316346 -0.2549483 -0.1740972 0.9420000
1311868259.485201 0.9916975 -0.4677609 0.4766142 -0.0983573 -0.2878907 -0.2155038 0.9279024
