1311868164.363181 0.0000079 0.0000078 -0.0000094 0.0000002 -0.0000196 -0.0000051 1.0000000
1311868165.031122 0.1094936 -0.0008577 -0.0564063 0.0092502 -0.0127615 -0.0184084 0.9997063
1311868165.063108 0.1204383 -0.0008276 -0.0598940 0.0090504 -0.0172829 -0.0197884 0.9996138
1311868165.163146 0.1559926 -0.0010179 -0.0668963 0.0129674 -0.0275410 -0.0271719 0.9991671
1311868166.199211 0.3266518 0.0883184 -0.1808914 -0.0294770 -0.0172620 -0.0264771 0.9990656
1311868166.731105 0.3744398 0.1478674 -0.2422601 -0.0516554 -0.0004717 -0.0189223 0.9984856
1311868167.331145 0.5723321 0.1378588 -0.2582934 -0.0349205 -0.0652093 -0.0587586 0.9955279
1311868168.363180 0.6988792 0.0837625 -0.1780445 -0.0442221 -0.0938020 -0.0619897 0.9926746
1311868168.963348 0.6953839 0.0042735 -0.0742196 -0.0239670 -0.1201597 -0.0721361 0.9898402
1311868169.299529 0.7188920 -0.0570472 -0.0169902 -0.0040537 -0.1702896 -0.0959362 0.9807045
1311868171.831419 1.2096130 -0.1458794 0.0560949 0.0128234 -0.3150193 -0.1808355 0.9316098
1311868172.063426 1.2643363 -0.1397608 0.0907631 -0.0017819 -0.3195449 -0.1892846 0.9284714
1311868172.363479 1.3238099 -0.1293561 0.1284275 -0.0224682 -0.3220873 -0.1985523 0.9253820
1311868172.663612 1.3670790 -0.1166297 0.1816399 -0.0459360 -0.3093879 -0.2103806 0.9262338
1311868172.863483 1.3839626 -0.1107550 0.2345251 -0.0727923 -0.2993202 -0.2127015 0.9272900
1311868173.667986 1.4122887 -0.1964943 0.4061275 -0.0788818 -0.3109069 -0.2214479 0.9209101
1311868173.931642 1.4307803 -0.2380445 0.4532469 -0.0662323 -0.3463502 -0.2383794 0.9048923
1311868174.131747 1.4641614 -0.2750562 0.4900688 -0.0519093 -0.3754479 -0.2577457 0.8887696
1311868174.367988 1.5017059 -0.3105856 0.5342013 -0.0424188 -0.3930128 -0.2680833 0.8785630
1311868174.599662 1.5229692 -0.3270658 0.5695760 -0.0412107 -0.4128513 -0.2707365 0.8686525
1311868175.099631 1.4961972 -0.4065986 0.6294629 -0.0087834 -0.4250835 -0.2538123 0.8687958
1311868175.367738 1.4583771 -0.4591404 0.6571803 0.0360899 -0.4420512 -0.2301975 0.8661970
1311868175.699784 1.4369423 -0.5110438 0.7212605 0.0570303 -0.4665746 -0.2005612 0.8595527
1311868175.999870 1.4541718 -0.5536763 0.7801655 0.0714999 -0.4982735 -0.2023422 0.8400410
1311868176.267779 1.4952376 -0.5933447 0.8541067 0.0721814 -0.5294588 -0.2318395 0.8128430
1311868176.831887 1.5533321 -0.6308764 1.0046691 0.0369570 -0.5443417 -0.2552109 0.7982441
1311868177.168091 1.5396007 -0.6584206 1.0681196 0.0323082 -0.5395527 -0.2664880 0.7980120
1311868177.531751 1.5049236 -0.6825358 1.1438651 0.0318267 -0.5339041 -0.2720422 0.7999541
1311868177.799899 1.4929562 -0.6934469 1.2034237 0.0144844 -0.5385110 -0.2863773 0.7923284
1311868178.131987 1.5247483 -0.7134297 1.2828712 0.0090288 -0.5820047 -0.3168840 0.7488481
1311868178.432167 1.5694671 -0.7289811 1.3479505 0.0106152 -0.5996170 -0.3332357 0.7275306
1311868178.831967 1.6490116 -0.7272850 1.3703604 -0.0069985 -0.6189594 -0.3308499 0.7123052
1311868179.132026 1.7477818 -0.7200321 1.3559285 -0.0177840 -0.6156000 -0.3290096 0.7158722
1311868179.500080 1.8650727 -0.7124212 1.3624287 -0.0295640 -0.6001706 -0.3416474 0.7226329
1311868179.832089 1.9491279 -0.7193307 1.3942051 -0.0397591 -0.5892467 -0.3471212 0.7285015
1311868180.200023 2.0212910 -0.7506567 1.4626081 -0.0466948 -0.6084207 -0.3595738 0.7059395
1311868180.600047 2.0846887 -0.7652047 1.5361737 -0.0645929 -0.6252574 -0.3717966 0.6831166
1311868181.600115 2.0572610 -0.8182355 1.6401185 -0.0632776 -0.6088049 -0.3704723 0.6986435
1311868182.000232 1.9388921 -0.8417097 1.6622934 -0.0595234 -0.6044458 -0.3670698 0.7045296
1311868182.436053 1.8060737 -0.8649505 1.6958971 -0.0605535 -0.6035699 -0.3578474 0.7099168
1311868182.900229 1.6492177 -0.9350309 1.7548370 -0.0288802 -0.6524050 -0.3456227 0.6738535
1311868183.268380 1.5022212 -1.0182465 1.8129797 0.0051265 -0.6919307 -0.3723074 0.6185409
1311868183.636216 1.3877741 -1.0586104 1.8349370 -0.0237389 -0.7309090 -0.3765743 0.5686828
1311868184.000440 1.2626423 -1.0996089 1.8431904 -0.0251432 -0.7279724 -0.3822380 0.5686107
1311868184.368210 1.1578504 -1.1222363 1.8500029 -0.0124848 -0.7277879 -0.3643036 0.5809060
1311868184.700710 1.0579532 -1.1466836 1.8807569 -0.0138699 -0.7543422 -0.3555504 0.5516878
1311868185.100898 0.9384750 -1.2070084 1.9212040 0.0173594 -0.7859531 -0.3612219 0.5014929
1311868185.436438 0.8496091 -1.2290180 1.9429064 -0.0199087 0.7990159 0.3446383 -0.4923430
1311868185.800441 0.7794700 -1.2401364 1.9543986 0.0429350 -0.7994492 -0.3153849 0.5094800
1311868186.168524 0.7189556 -1.2388928 1.9902638 -0.0326323 0.8159292 0.3309737 -0.4729176
1311868186.537052 0.6802574 -1.2404586 2.0499470 -0.0139385 0.8406503 0.3608940 -0.4035694
1311868187.236433 0.7844726 -1.2630095 2.1426623 0.0036467 0.8367130 0.3826324 -0.3917786
1311868187.636477 0.8385552 -1.2853808 2.2101219 0.0052947 0.8178671 0.4061089 -0.4076039
1311868188.068520 0.8369858 -1.3107975 2.3180020 0.0054211 0.8312167 0.4120978 -0.3731284
1311868188.400512 0.8046021 -1.3051009 2.4428897 0.0087849 0.8298462 0.4470663 -0.3337810
1311868188.868469 0.8714782 -1.3138385 2.5378439 0.0414245 0.8250067 0.4667129 -0.3159542
1311868189.268669 0.9878972 -1.3310277 2.6160574 0.0622572 0.8060828 0.4896797 -0.3264481
1311868189.836562 1.0578814 -1.3675262 2.7303233 0.0657177 0.7904530 0.5084111 -0.3352363
1311868190.503067 1.0270102 -1.4518924 2.9069598 0.0658851 0.7897422 0.5012140 -0.3474923
1311868191.872176 0.9615752 -1.5130318 3.0108855 0.0617088 0.7890844 0.4980625 -0.3542196
1311868192.838042 0.8400829 -1.4955916 2.8956060 0.0547124 0.7897436 0.4903480 -0.3645139
1311868193.238476 0.8080217 -1.5063970 2.8532088 0.0558236 0.8036827 0.4860984 -0.3386533
1311868193.738312 0.7436239 -1.5550025 2.8155768 0.0332304 0.8214149 0.4925240 -0.2856455
1311868194.408223 0.6958750 -1.6095366 2.7789412 0.0285789 0.8308796 0.4818361 -0.2768686
1311868195.068954 0.6639909 -1.6577009 2.7756901 0.0308699 0.8445638 0.4554727 -0.2798279
1311868195.569178 0.6349425 -1.6888554 2.8641098 0.0168507 0.8406756 0.4517808 -0.2981187
1311868196.009280 0.6402508 -1.6872574 2.9575429 0.0212211 0.8256638 0.4641316 -0.3200168
1311868196.437163 0.6957560 -1.6936622 3.0250902 0.0452602 0.8059705 0.4732271 -0.3527310
1311868197.005107 0.7206689 -1.7103715 3.1319590 0.0684137 0.7851040 0.4800739 -0.3853055
1311868197.437047 0.6757588 -1.7383543 3.2372122 0.0544490 0.7900375 0.5070564 -0.3402497
1311868197.869114 0.6257374 -1.7475791 3.3317792 0.0694759 0.7855111 0.5248930 -0.3203633
1311868198.669124 0.5155888 -1.7360783 3.3810153 0.0727335 0.7756013 0.5360984 -0.3251938
1311868199.705305 0.3654096 -1.7152607 3.3714561 0.0774212 0.7926667 0.5441028 -0.2638893
1311868200.305197 0.2410792 -1.7475219 3.4199162 0.0587510 0.8069553 0.5556116 -0.1914866
1311868200.905248 0.1380500 -1.7767098 3.5008018 0.0588176 0.8074514 0.5646654 -0.1603613
1311868202.305308 -0.0090936 -1.7648535 3.5210667 0.0494256 0.8020868 0.5818475 -0.1251690
1311868203.073357 -0.1410981 -1.7871401 3.5128810 0.0289972 0.8168069 0.5662169 -0.1066962
1311868203.537432 -0.1628260 -1.8290161 3.4339669 0.0368879 0.8352262 0.5461473 -0.0525308
1311868203.973618 -0.2298328 -1.8717208 3.3531213 0.0262898 0.8287892 0.5589272 -0.0041949
1311868204.305523 -0.2952090 -1.9184061 3.2914283 0.0251151 0.8348672 0.5496733 0.0150114
1311868205.006015 -0.4130633 -2.0066447 3.1979485 0.0181949 0.8262663 0.5603686 0.0542212
1311868205.805674 -0.4611917 -2.0869966 3.1411908 0.0214618 0.8642523 0.5010564 0.0393691
1311868206.173808 -0.4708880 -2.1128950 3.0974116 0.0235256 0.8749354 0.4828776 0.0276386
1311868207.173797 -0.5257377 -2.0142016 3.1517458 -0.0109966 0.8662333 0.4964173 0.0555770
1311868207.505671 -0.5946743 -1.9864105 3.1848903 0.0018760 0.8596442 0.5048579 0.0782734
1311868207.973830 -0.6739848 -1.9335394 3.2413194 -0.0059034 0.8534727 0.5163947 0.0699001
1311868208.437928 -0.7311504 -1.8930159 3.3182223 -0.0146290 0.8446205 0.5302202 0.0725867
1311868208.873831 -0.7962725 -1.8512003 3.3675156 -0.0037826 0.8314212 0.5508015 0.0730912
1311868209.606012 -0.8485066 -1.7193317 3.3685665 0.0080910 0.8159025 0.5742456 0.0669294
1311868210.974235 -0.9197266 -1.6245608 3.3256133 0.0024740 0.8165896 0.5653279 0.1165320
1311868211.573950 -1.0634571 -1.6119738 3.3160098 -0.0135786 0.8112615 0.5659990 0.1459989
1311868212.174023 -1.2053908 -1.6019523 3.3335257 -0.0171779 0.8047060 0.5740552 0.1503788
1311868213.206347 -1.3135151 -1.5786811 3.2624929 -0.0194527 0.8127596 0.5653242 0.1394706
1311868213.906335 -1.3714643 -1.5445790 3.1644983 -0.0221281 0.8128635 0.5560399 0.1719968
1311868214.606407 -1.4152044 -1.5252944 3.1098633 -0.0057873 0.8124244 0.5439223 0.2099566
1311868215.106202 -1.4669418 -1.5124720 3.0450029 -0.0241325 0.8053068 0.5245854 0.2751521
1311868215.442338 -1.4864492 -1.5203857 2.9961514 -0.0339072 0.7998681 0.5164478 0.3038798
1311868215.806559 -1.4752176 -1.5492830 2.9390845 -0.0375176 0.7978373 0.5005710 0.3338813
1311868216.174227 -1.4626440 -1.5832539 2.8714702 -0.0276979 0.7966090 0.4973191 0.3425210
1311868216.506418 -1.4692174 -1.6040894 2.8194726 -0.0239626 0.7964855 0.4935039 0.3485549
1311868216.942380 -1.4869686 -1.6358503 2.7549281 -0.0088374 0.8040987 0.4798365 0.3508621
1311868218.942390 -1.5338657 -1.5678211 2.7433009 -0.0007823 0.8153934 0.4519671 0.3617439
1311868219.342858 -1.5819088 -1.4807149 2.7677252 -0.0000589 0.8126097 0.4519721 0.3679493
1311868219.742593 -1.6147009 -1.3872664 2.8056991 0.0194825 0.7866873 0.4756056 0.3931195
1311868220.210459 -1.6372426 -1.3187305 2.8623340 0.0278814 0.7681454 0.4846210 0.4175139
1311868220.574495 -1.6641964 -1.2715656 2.9078670 0.0090077 0.7513638 0.4958246 0.4353495
1311868221.174633 -1.7266645 -1.2280864 2.9326823 -0.0016085 0.7361451 0.5134906 0.4409254
1311868222.610667 -1.8111724 -1.1937356 2.8725052 -0.0039358 0.7373809 0.5162595 0.4355802
1311868223.511227 -1.8529992 -1.1454747 2.7763526 -0.0126081 0.7161933 0.5087484 0.4775806
1311868224.342895 -1.9156718 -1.1148967 2.6988807 0.0033296 0.7092285 0.5004007 0.4965712
1311868224.674856 -1.9675720 -1.0937324 2.6492479 -0.0020594 0.7043837 0.4918911 0.5117446
1311868225.045354 -2.0190544 -1.0690820 2.5964260 -0.0091189 0.7021407 0.4852229 0.5210317
1311868225.510884 -2.0774765 -1.0463281 2.5551541 -0.0095329 0.6953586 0.4809631 0.5339101
1311868225.943096 -2.1180136 -1.0277121 2.5314031 -0.0059879 0.6843060 0.4784207 0.5502755
1311868226.444052 -2.1474195 -1.0035031 2.4832764 -0.0072685 0.6884556 0.4773397 0.5460062
1311868226.844284 -2.1500361 -0.9752738 2.3848436 -0.0046824 0.6807252 0.4821293 0.5514913
1311868227.247413 -2.1405294 -0.9459823 2.2731752 -0.0008818 0.6810117 0.4675663 0.5635636
1311868227.644341 -2.1318469 -0.9188445 2.2005162 0.0100727 0.6690333 0.4596807 0.5839405
1311868228.014729 -2.1449869 -0.8954969 2.1418500 0.0041511 0.6424708 0.4400805 0.6273302
1311868228.412437 -2.1848278 -0.8614699 2.0682328 0.0013109 0.6185971 0.4214798 0.6630918
1311868228.844666 -2.2336602 -0.8272739 1.9861223 -0.0133110 0.6077206 0.4070216 0.6817859
1311868229.249047 -2.2379367 -0.8050615 1.9201916 -0.0034174 0.6142138 0.4068504 0.6761675
1311868229.647479 -2.1671829 -0.8267509 1.8582711 -0.0183380 0.6018323 0.4297467 0.6728888
1311868230.113585 -2.0532660 -0.8676642 1.7782943 -0.0164945 0.5965917 0.4358326 0.6736885
1311868230.443234 -1.9775515 -0.9030451 1.7146349 -0.0199887 0.5940219 0.4486965 0.6673903
1311868230.713079 -1.9195920 -0.9053782 1.6623783 0.0036268 0.6033975 0.4604402 0.6510708
1311868231.043362 -1.8695524 -0.9131952 1.5992910 -0.0158859 0.6099693 0.4365140 0.6611661
1311868231.443247 -1.8054923 -0.9315026 1.5341262 -0.0682906 0.5999472 0.4368580 0.6667495
1311868231.981369 -1.7042192 -1.0051486 1.4989544 -0.0822904 0.5964020 0.4396799 0.6664942
1311868232.511307 -1.6086109 -1.0799179 1.4881111 -0.0900094 0.5985664 0.4457584 0.6594816
1311868234.411591 -1.7582315 -0.9904947 1.3926708 -0.0517302 0.5865114 0.3702762 0.7184873
1311868235.079664 -1.9051839 -0.8778098 1.3256130 -0.0566264 0.5743905 0.3623907 0.7318074
1311868235.543566 -1.9632967 -0.7890826 1.2768371 -0.0464967 0.5753316 0.3701666 0.7278793
1311868236.011678 -1.9747261 -0.7043890 1.2402167 -0.0406662 0.5785133 0.3635789 0.7290261
1311868236.511583 -1.9651556 -0.6140856 1.1900365 -0.0423458 0.5518882 0.3568316 0.7525274
1311868236.947572 -1.9662083 -0.5482042 1.1651359 -0.0210288 0.5296755 0.3464475 0.7739353
1311868237.379984 -1.9745140 -0.4680742 1.1117859 -0.0026903 0.5064429 0.3430306 0.7910995
1311868237.747723 -1.9895842 -0.4056428 1.0212237 -0.0239444 0.4884160 0.3130164 0.8141850
1311868238.247769 -2.0112746 -0.3158829 0.9165747 -0.0256336 0.4524435 0.3142704 0.8341894
1311868238.811727 -1.9736763 -0.2491800 0.8488490 -0.0324190 0.4511865 0.3221900 0.8316089
1311868239.247740 -1.9211600 -0.2082917 0.8026210 -0.0280775 0.4341659 0.3122293 0.8445262
1311868239.747890 -1.8743241 -0.1567789 0.7730725 -0.0329653 0.3918422 0.3039910 0.8677341
1311868240.247823 -1.8528693 -0.0850972 0.6744496 -0.0402725 0.3534928 0.2787602 0.8920279
1311868240.647892 -1.8591466 -0.0258339 0.5961476 -0.0621801 0.3426396 0.2537477 0.9024100
1311868241.379991 -1.7854888 -0.0732389 0.5301591 -0.0759731 0.3439849 0.2768274 0.8940185
1311868241.679969 -1.7242200 -0.1321140 0.5123842 -0.0651245 0.3393071 0.2868976 0.8934872
1311868242.111944 -1.6457678 -0.1919845 0.4598193 -0.0670647 0.3121939 0.2486624 0.9144421
1311868242.612269 -1.5965180 -0.1981846 0.3962111 -0.0605687 0.2707087 0.2186041 0.9355536
1311868243.180098 -1.5426656 -0.1659069 0.3703060 -0.0409506 0.2805507 0.2192560 0.9335637
1311868243.512100 -1.5103159 -0.1479579 0.3319789 -0.0374808 0.2726130 0.1955539 0.9412948
1311868243.880069 -1.4645246 -0.1007581 0.2536151 -0.0623751 0.2319978 0.1702300 0.9556715
1311868244.212047 -1.4328582 -0.0507448 0.1969724 -0.0548849 0.1945044 0.1462933 0.9683770
1311868244.580149 -1.4084990 0.0198105 0.1499479 -0.0607370 0.1854389 0.1355269 0.9713681
1311868244.948056 -1.3582625 0.0802372 0.1298892 -0.0699461 0.1935271 0.1462766 0.9676042
1311868245.312188 -1.2909595 0.1151936 0.1228397 -0.0688980 0.1892503 0.1373018 0.9698379
1311868245.748208 -1.1951426 0.1543262 0.0959241 -0.0563046 0.1678645 0.1459655 0.9733167
1311868245.980265 -1.1483959 0.1908459 0.0679628 -0.0657473 0.1441627 0.1506994 0.9757992
1311868246.280157 -1.1109898 0.2325759 0.0153078 -0.0843745 0.1270979 0.1327803 0.9793347
1311868246.716264 -1.0906708 0.2990983 -0.0699723 -0.1002913 0.1288998 0.1322747 0.9776655
1311868247.780427 -0.9345046 0.2492065 -0.0788125 -0.0953769 0.1341720 0.1345735 0.9771341
1311868248.116239 -0.8588778 0.1967415 -0.0395418 -0.0898991 0.1271903 0.1271110 0.9795834
1311868248.448353 -0.7794613 0.1554513 -0.0095143 -0.1003953 0.1063965 0.1197286 0.9819703
1311868248.816469 -0.6704210 0.1047878 0.0141462 -0.1216211 0.0743811 0.0790463 0.9866242
1311868249.180476 -0.5688002 0.0625632 0.0321388 -0.1338050 0.0783361 0.0757680 0.9849969
1311868249.548294 -0.5173504 0.0232656 0.0653244 -0.1183435 0.0851057 0.0724874 0.9866597
1311868249.980348 -0.4739867 -0.0605200 0.1368001 -0.1111245 0.0934056 0.0752565 0.9865410
1311868250.316452 -0.4589705 -0.1329521 0.1920655 -0.1010000 0.0920822 0.0764130 0.9876644
1311868250.716511 -0.4459672 -0.2044174 0.2330872 -0.0917629 0.0812282 0.0773170 0.9894461
1311868251.848729 -0.3627216 -0.1528517 0.1762262 -0.0783091 0.0720018 0.0464778 0.9932387
1311868252.216665 -0.2741273 -0.1230372 0.1131332 -0.0783940 0.0580261 0.0266885 0.9948744
1311868252.649109 -0.1586272 -0.0552336 0.0412895 -0.0902254 0.0353306 0.0083733 0.9952593
1311868252.980733 -0.0849212 -0.0100023 0.0118597 -0.1023877 0.0336574 0.0154525 0.9940549
1311868254.616771 0.3168175 0.0606513 0.0169855 -0.1291873 -0.0450017 -0.0204615 0.9903872
1311868255.417465 0.4867447 0.1209379 -0.0221494 -0.1457644 -0.0836728 -0.0318954 0.9852585
1311868255.548944 0.5042396 0.1194024 -0.0215225 -0.1423757 -0.0874470 -0.0289444 0.9855173
1311868256.385489 0.6779936 0.0652494 0.0570202 -0.1418926 -0.0983895 -0.0586394 0.9832332
1311868257.116964 0.8265941 -0.0188226 0.1375571 -0.1184633 -0.1469046 -0.0824414 0.9785647
1311868257.849241 0.9622946 -0.1351242 0.1898988 -0.1176770 -0.2035284 -0.1492760 0.9604400
1311868258.585124 0.9661968 -0.3025010 0.3043161 -0.1365634 -0.2364248 -0.1896574 0.9431245
1311868259.285039 0.9776660 -0.4370010 0.4388117 -0.1099510 -0.2844888 -0.1974997 0.9316495
1311868260.116985 1.0715549 -0.4931639 0.5459613 -0.0883889 -0.3108340 -0.2257448 0.9190261
1311868262.018018 0.9934214 -0.4427336 0.5118521 -0.1116456 -0.3272182 -0.2326492 0.9090313
