1311868164.363181 0.0001125 0.0001020 -0.0000471 -0.0001002 -0.0000490 -0.0000644 1.0000000
1311868164.963119 0.0835044 0.0049702 -0.0495367 0.0135843 -0.0036902 -0.0188707 0.9997228
1311868165.063108 0.1119024 0.0026264 -0.0562102 0.0107443 -0.0150437 -0.0199562 0.9996299
1311868165.231193 0.1738030 0.0082866 -0.0687268 0.0160638 -0.0303234 -0.0316266 0.9989105
1311868166.063111 0.3221561 0.0730574 -0.1510013 -0.0148074 -0.0212395 -0.0256421 0.9993358
1311868166.499195 0.3324037 0.1426527 -0.2167275 -0.0535584 0.0023059 -0.0228681 0.9983002
1311868167.531321 0.6132062 0.1377974 -0.2526469 -0.0342356 -0.0761955 -0.0634463 0.9944832
1311868168.799362 0.6818751 0.0284313 -0.0986338 -0.0263215 -0.1055588 -0.0652907 0.9919181
1311868169.163498 0.6957830 -0.0281598 -0.0413162 -0.0097063 -0.1422518 -0.0841428 0.9861999
1311868169.463229 0.7286605 -0.0951720 0.0180734 0.0127265 -0.2011779 -0.1181649 0.9723181
1311868169.731279 0.7685278 -0.1479131 0.0592919 0.0351120 -0.2391592 -0.1447049 0.9594949
1311868170.699432 0.9456361 -0.1597239 0.0238931 0.0304112 -0.2603372 -0.1318135 0.9559942
1311868171.131477 1.0258827 -0.1557844 0.0060479 0.0224856 -0.2735237 -0.1350390 0.9520733
1311868171.831419 1.1967553 -0.1433062 0.0588616 0.0141123 -0.3122512 -0.1818878 0.9323180
1311868172.263475 1.2926104 -0.1322869 0.1171562 -0.0141146 -0.3189613 -0.1949244 0.9273990
1311868172.863483 1.3682499 -0.1053940 0.2327885 -0.0706514 -0.2951635 -0.2139316 0.9285042
1311868174.499672 1.5030243 -0.3195061 0.5521410 -0.0405722 -0.4005004 -0.2721696 0.8740006
1311868175.299978 1.4562440 -0.4538431 0.6456332 0.0372100 -0.4306079 -0.2420976 0.8686662
1311868175.667696 1.4293966 -0.5053869 0.7121412 0.0542380 -0.4629324 -0.2024267 0.8612638
1311868175.931644 1.4374483 -0.5441447 0.7647066 0.0711140 -0.4868248 -0.2005612 0.8471834
1311868176.267779 1.4857781 -0.5935874 0.8508509 0.0730754 -0.5267398 -0.2330704 0.8141765
1311868176.499760 1.5241040 -0.6133274 0.9283099 0.0530140 -0.5347081 -0.2493889 0.8056563
1311868176.867790 1.5457083 -0.6326010 1.0079077 0.0366685 -0.5422071 -0.2558737 0.7994971
1311868177.431827 1.4977620 -0.6877559 1.1209126 0.0372116 -0.5334876 -0.2760592 0.7986223
1311868177.799899 1.4842064 -0.6938179 1.1998364 0.0153583 -0.5356430 -0.2874012 0.7938837
1311868178.131987 1.5164062 -0.7138323 1.2793471 0.0095384 -0.5793083 -0.3176249 0.7506167
1311868178.500102 1.5703111 -0.7290366 1.3540678 0.0041070 -0.6031355 -0.3342013 0.7242377
1311868178.900038 1.6587108 -0.7262552 1.3662479 -0.0104707 -0.6168059 -0.3304999 0.7142903
1311868179.300467 1.7986728 -0.7126333 1.3516732 -0.0168019 -0.6061670 -0.3356286 0.7208556
1311868179.932050 1.9595335 -0.7287179 1.4044898 -0.0389725 -0.5906168 -0.3528900 0.7246528
1311868180.568027 2.0728467 -0.7674311 1.5256875 -0.0649236 -0.6225985 -0.3717565 0.6855313
1311868182.000232 1.9304721 -0.8450264 1.6582229 -0.0601110 -0.6021969 -0.3677769 0.7060353
1311868182.636312 1.7322649 -0.8954769 1.7096949 -0.0499435 -0.6137027 -0.3475315 0.7071750
1311868182.936274 1.6282264 -0.9416812 1.7542350 -0.0259722 -0.6543413 -0.3485641 0.6705714
1311868183.236295 1.5085566 -1.0134439 1.8040576 0.0028368 -0.6873631 -0.3693019 0.6254119
1311868183.500255 1.4274602 -1.0463264 1.8150821 0.0034422 -0.7123033 -0.3801564 0.5899943
1311868183.736414 1.3458782 -1.0698805 1.8381402 -0.0303909 -0.7284399 -0.3743278 0.5730013
1311868184.036316 1.2437264 -1.1046963 1.8360029 -0.0199768 -0.7242294 -0.3808224 0.5745145
1311868184.200464 1.1949717 -1.1184418 1.8370267 -0.0161267 -0.7275057 -0.3648212 0.5808449
1311868184.436272 1.1294583 -1.1297047 1.8512443 -0.0143720 -0.7281381 -0.3649198 0.5800361
1311868184.700710 1.0519259 -1.1480205 1.8765773 -0.0136083 -0.7517487 -0.3564219 0.5546639
1311868184.968436 0.9654195 -1.1963266 1.9050243 0.0065823 -0.7770623 -0.3570427 0.5183159
1311868185.168559 0.9136052 -1.2139506 1.9208360 -0.0149148 0.7866171 0.3627056 -0.4994555
1311868185.368510 0.8597235 -1.2284693 1.9335737 -0.0210376 0.7966599 0.3513022 -0.4914034
1311868185.536414 0.8216773 -1.2332234 1.9448760 0.0315074 -0.7938789 -0.3407874 0.5026207
1311868185.701972 0.7896311 -1.2412375 1.9466562 0.0451844 -0.7952310 -0.3281853 0.5077996
1311868185.968391 0.7454754 -1.2394520 1.9636017 0.0324651 -0.8036713 -0.3188074 0.5014182
1311868186.200391 0.7060448 -1.2393945 1.9919596 -0.0295893 0.8162229 0.3343598 -0.4702214
1311868186.836721 0.7006338 -1.2473073 2.0896783 -0.0054268 0.8440973 0.3728247 -0.3853207
1311868187.300515 0.7984848 -1.2642131 2.1473644 0.0063236 0.8302014 0.3925999 -0.3957156
1311868187.600502 0.8313159 -1.2860389 2.2005749 0.0049429 0.8163348 0.4073336 -0.4094537
1311868188.036686 0.8364890 -1.3115892 2.3028514 0.0043222 0.8278959 0.4122085 -0.3803339
1311868188.236529 0.8146845 -1.3191137 2.3786139 0.0179394 0.8343093 0.4238158 -0.3521169
1311868188.437067 0.8012120 -1.3060013 2.4469118 0.0108304 0.8267924 0.4511374 -0.3358155
1311868188.868469 0.8682549 -1.3195596 2.5332954 0.0430720 0.8230440 0.4677531 -0.3192968
1311868189.368446 1.0083182 -1.3439833 2.6261964 0.0622641 0.7994816 0.4974746 -0.3308647
1311868190.002005 1.0531387 -1.3926184 2.7686682 0.0688239 0.7855501 0.5094571 -0.3444239
1311868191.336788 0.9984323 -1.4997742 2.9918766 0.0695849 0.7876530 0.5005943 -0.3523719
1311868193.205121 0.8110446 -1.5134974 2.8507147 0.0535883 0.7997829 0.4857939 -0.3485395
1311868194.140638 0.7145801 -1.5937716 2.7973580 0.0287554 0.8278264 0.4830181 -0.2838487
1311868195.508972 0.6354066 -1.6927197 2.8476434 0.0193752 0.8409927 0.4518576 -0.2969520
1311868196.068988 0.6474465 -1.6963912 2.9668462 0.0279587 0.8208852 0.4696817 -0.3236742
1311868196.709665 0.7263477 -1.6976192 3.0668719 0.0720276 0.7895451 0.4812925 -0.3738825
1311868197.469173 0.6755079 -1.7446895 3.2423921 0.0563569 0.7883446 0.5091548 -0.3407317
1311868198.205266 0.5967982 -1.7511456 3.3656991 0.0765300 0.7773554 0.5300712 -0.3299793
1311868199.905169 0.3354540 -1.7248719 3.3770556 0.0747975 0.7966281 0.5490009 -0.2416342
1311868200.837445 0.1536234 -1.7812350 3.4928777 0.0614769 0.8050732 0.5658490 -0.1670108
1311868202.637392 -0.0665016 -1.7746238 3.5294843 0.0433763 0.7993900 0.5860200 -0.1251986
1311868203.537432 -0.1540342 -1.8326826 3.4366081 0.0396151 0.8345024 0.5466440 -0.0567163
1311868204.305523 -0.2881051 -1.9209626 3.2950263 0.0282101 0.8344972 0.5501835 0.0108026
1311868205.006015 -0.4070770 -2.0101733 3.2021906 0.0215882 0.8258000 0.5613107 0.0501860
1311868205.337790 -0.4345230 -2.0491300 3.1730373 0.0133311 0.8383263 0.5439938 0.0331977
1311868206.305562 -0.4732082 -2.1188407 3.0935698 0.0203383 0.8795142 0.4753175 0.0106941
1311868207.505671 -0.5885724 -1.9907398 3.1909344 0.0048231 0.8593392 0.5059565 0.0743030
1311868208.337811 -0.7111671 -1.9039464 3.3097401 -0.0151505 0.8468057 0.5275410 0.0662651
1311868209.137783 -0.8085172 -1.8122953 3.3928943 0.0005558 0.8238450 0.5634373 0.0617862
1311868211.041878 -0.9210711 -1.6298186 3.3257308 0.0020709 0.8143421 0.5683746 0.1174433
1311868212.074044 -1.1801656 -1.6079482 3.3427258 -0.0115525 0.8055438 0.5737549 0.1475498
1311868213.274014 -1.3090720 -1.5816373 3.2596695 -0.0154447 0.8127013 0.5650674 0.1413397
1311868214.406227 -1.3904397 -1.5353588 3.1372423 0.0010773 0.8125432 0.5507476 0.1909174
1311868214.974404 -1.4478419 -1.5184618 3.0761051 -0.0091781 0.8056167 0.5319762 0.2605738
1311868215.506308 -1.4778231 -1.5265427 3.0013881 -0.0335698 0.8007107 0.5144534 0.3050788
1311868215.974271 -1.4611769 -1.5634593 2.9264431 -0.0294574 0.7967374 0.4994618 0.3389392
1311868216.374273 -1.4590107 -1.6023259 2.8583381 -0.0191580 0.7953393 0.4953713 0.3488202
1311868216.806393 -1.4775164 -1.6268245 2.7854509 -0.0032163 0.8011380 0.4872558 0.3474901
1311868217.307288 -1.4911661 -1.6639496 2.7320609 -0.0040857 0.8145479 0.4727049 0.3362218
1311868218.874697 -1.5184344 -1.5767735 2.7563753 0.0103226 0.8175479 0.4521301 0.3564931
1311868219.174460 -1.5555894 -1.5236510 2.7688427 -0.0029760 0.8149699 0.4500406 0.3650734
1311868219.374565 -1.5798540 -1.4706545 2.7919490 0.0040249 0.8127078 0.4539133 0.3653115
1311868219.610673 -1.6007277 -1.4109157 2.8123772 0.0143525 0.7950435 0.4701318 0.3829829
1311868219.910641 -1.6136518 -1.3635424 2.8405266 0.0264899 0.7846407 0.4732035 0.3996444
1311868220.210459 -1.6260990 -1.3206182 2.8807971 0.0315713 0.7693335 0.4860503 0.4133816
1311868220.542610 -1.6491789 -1.2799582 2.9226041 0.0145486 0.7547885 0.4949127 0.4302836
1311868221.110563 -1.7112627 -1.2339749 2.9524229 0.0021852 0.7378243 0.5138782 0.4376525
1311868222.842888 -1.8081129 -1.1833990 2.8659163 -0.0068384 0.7278236 0.5189160 0.4482771
1311868224.242911 -1.8942485 -1.1219498 2.7381356 0.0084334 0.7118610 0.5087674 0.4840853
1311868224.812285 -1.9814179 -1.0850749 2.6538792 -0.0006688 0.7042491 0.4928308 0.5110289
1311868225.576439 -2.0727732 -1.0462909 2.5749950 -0.0060206 0.6964082 0.4812958 0.5322911
1311868226.644260 -2.1432528 -0.9934526 2.4706414 -0.0032497 0.6906590 0.4798637 0.5410272
1311868227.010946 -2.1406620 -0.9671777 2.3703539 0.0009933 0.6839768 0.4758319 0.5529546
1311868227.311677 -2.1320574 -0.9442378 2.2911620 0.0068305 0.6805837 0.4689354 0.5629020
1311868227.610890 -2.1242068 -0.9245721 2.2347639 0.0132745 0.6726613 0.4622072 0.5776808
1311868227.879151 -2.1274149 -0.9030380 2.1888614 0.0120890 0.6533144 0.4512162 0.6078143
1311868228.079022 -2.1389580 -0.8909937 2.1554961 0.0071510 0.6368772 0.4407724 0.6324999
1311868228.378967 -2.1727586 -0.8663650 2.1001720 0.0046794 0.6206329 0.4235258 0.6598627
1311868228.612450 -2.2030938 -0.8455465 2.0600021 -0.0031155 0.6173028 0.4142518 0.6688221
1311868228.912667 -2.2358522 -0.8226568 2.0061061 -0.0117498 0.6102806 0.4061723 0.6800320
1311868229.184081 -2.2371802 -0.8065686 1.9593012 0.0000885 0.6138090 0.4131183 0.6727346
1311868229.413148 -2.2161031 -0.8217983 1.9217702 -0.0079512 0.6044250 0.4293408 0.6710244
1311868229.681523 -2.1569805 -0.8288115 1.8796668 -0.0161654 0.6027133 0.4303519 0.6717683
1311868229.914462 -2.0956819 -0.8518127 1.8358437 -0.0106663 0.5995480 0.4350078 0.6717117
1311868230.147393 -2.0420890 -0.8680434 1.8030992 -0.0143931 0.6005542 0.4370344 0.6694239
1311868230.484314 -1.9677663 -0.9033319 1.7382530 -0.0124595 0.5923777 0.4576043 0.6629719
1311868230.713079 -1.9166038 -0.9083756 1.6889008 0.0058943 0.6052917 0.4610897 0.6488324
1311868230.743239 -1.9152236 -0.9111148 1.6842116 0.0097892 0.6066822 0.4561275 0.6509905
1311868231.012678 -1.8764179 -0.9123787 1.6353760 -0.0105359 0.6107796 0.4401393 0.6581145
1311868231.313322 -1.8409426 -0.9287282 1.5827960 -0.0468531 0.6101729 0.4325808 0.6620935
1311868231.843239 -1.7346715 -0.9887096 1.5344868 -0.0757674 0.6047372 0.4393204 0.6599619
1311868232.380596 -1.6363060 -1.0657475 1.5226272 -0.0901755 0.5940232 0.4422070 0.6659262
1311868233.179701 -1.5708630 -1.1468927 1.5287431 -0.0683229 0.6096038 0.4248415 0.6657513
1311868234.311515 -1.7373478 -1.0074134 1.4327090 -0.0489181 0.5899559 0.3831728 0.7090399
1311868234.943562 -1.8844666 -0.9084703 1.3712854 -0.0521763 0.5817598 0.3618513 0.7265651
1311868235.379762 -1.9542282 -0.8251357 1.3264402 -0.0472257 0.5757297 0.3711158 0.7270338
1311868235.743898 -1.9816816 -0.7574646 1.2940754 -0.0423676 0.5937648 0.3633529 0.7166750
1311868236.043684 -1.9854312 -0.7005854 1.2715243 -0.0345030 0.5803046 0.3643195 0.7275489
1311868236.311580 -1.9789619 -0.6534789 1.2444410 -0.0346038 0.5580373 0.3640955 0.7448701
1311868236.579656 -1.9714496 -0.6093056 1.2183785 -0.0358180 0.5521054 0.3575934 0.7523454
1311868236.947572 -1.9767463 -0.5525206 1.1977792 -0.0184246 0.5337163 0.3469665 0.7709875
1311868237.279719 -1.9800677 -0.4914361 1.1632520 0.0012972 0.5154258 0.3493204 0.7825023
1311868237.579714 -1.9926947 -0.4362524 1.0962025 -0.0087086 0.4980645 0.3320488 0.8009990
1311868237.911846 -2.0117040 -0.3788358 1.0137318 -0.0183791 0.4760958 0.3113774 0.8222160
1311868238.247769 -2.0249422 -0.3188761 0.9505645 -0.0224571 0.4569950 0.3155622 0.8313073
1311868238.747681 -1.9969422 -0.2607410 0.8869682 -0.0273641 0.4548299 0.3176350 0.8315581
1311868239.111923 -1.9482524 -0.2190824 0.8475868 -0.0289365 0.4479387 0.3181053 0.8350585
1311868239.379722 -1.9230924 -0.1959758 0.8259146 -0.0202653 0.4230286 0.3145263 0.8495347
1311868239.679838 -1.8967323 -0.1669337 0.8088523 -0.0273363 0.4027593 0.3055620 0.8623627
1311868240.012203 -1.8812270 -0.1297488 0.7643402 -0.0305211 0.3686765 0.2935436 0.8814637
1311868240.279833 -1.8722638 -0.0829836 0.6925695 -0.0382088 0.3559722 0.2775538 0.8915087
1311868240.980015 -1.8744067 -0.0100679 0.5854182 -0.0703577 0.3443492 0.2741154 0.8951727
1311868241.479924 -1.7840724 -0.0986455 0.5494399 -0.0690908 0.3468252 0.2802470 0.8924127
1311868241.847976 -1.7069403 -0.1598691 0.5243248 -0.0625174 0.3360966 0.2784351 0.8975548
1311868242.147934 -1.6550400 -0.1952963 0.4771869 -0.0655989 0.3129669 0.2479048 0.9144899
1311868242.511969 -1.6211697 -0.2007686 0.4309098 -0.0603461 0.2846524 0.2191048 0.9313025
1311868242.879888 -1.5921137 -0.1855357 0.4092273 -0.0472066 0.2794874 0.2117617 0.9353156
1311868243.148081 -1.5683022 -0.1676130 0.3927613 -0.0373691 0.2850242 0.2233874 0.9313769
1311868243.512100 -1.5283079 -0.1492142 0.3519903 -0.0346392 0.2769963 0.1977263 0.9396688
1311868243.712048 -1.5076203 -0.1230409 0.3096362 -0.0454375 0.2434646 0.1778147 0.9523877
1311868244.248025 -1.4483724 -0.0402077 0.2100662 -0.0506882 0.1955452 0.1463358 0.9683897
1311868244.548269 -1.4264399 0.0189054 0.1745064 -0.0578605 0.1891470 0.1364800 0.9706950
1311868244.912189 -1.3796093 0.0779717 0.1467538 -0.0652429 0.1953137 0.1494917 0.9670823
1311868245.412242 -1.2805641 0.1277075 0.1342655 -0.0587833 0.1841820 0.1328980 0.9720904
1311868245.780177 -1.2020108 0.1646084 0.1068892 -0.0524955 0.1664866 0.1520075 0.9728413
1311868246.048196 -1.1539216 0.2069263 0.0735373 -0.0677967 0.1435195 0.1435252 0.9768348
1311868246.348101 -1.1210651 0.2477849 0.0175983 -0.0813760 0.1316162 0.1318457 0.9791179
1311868246.748855 -1.1027473 0.3090184 -0.0608009 -0.0975722 0.1330888 0.1355486 0.9769307
1311868247.716208 -0.9661139 0.2645468 -0.0719320 -0.0923029 0.1387726 0.1410868 0.9758672
1311868248.116239 -0.8715960 0.2017148 -0.0259997 -0.0867270 0.1300973 0.1285751 0.9792964
1311868248.816469 -0.6869676 0.1106617 0.0261099 -0.1182207 0.0787910 0.0803082 0.9865934
1311868249.080657 -0.6090095 0.0791754 0.0355093 -0.1247008 0.0813286 0.0786420 0.9857235
1311868249.416459 -0.5485843 0.0486468 0.0608659 -0.1223900 0.0844673 0.0773231 0.9858535
1311868249.748334 -0.5098822 -0.0100450 0.1038786 -0.1159981 0.0874938 0.0758414 0.9864773
1311868250.048559 -0.4844989 -0.0719645 0.1565816 -0.1052641 0.1008663 0.0757682 0.9864100
1311868250.380598 -0.4681346 -0.1403408 0.2080104 -0.0952091 0.0944754 0.0781987 0.9878738
1311868250.816420 -0.4591074 -0.2156461 0.2467526 -0.0840515 0.0838941 0.0751327 0.9900768
1311868251.716509 -0.3994991 -0.1654845 0.2035463 -0.0747289 0.0747418 0.0547026 0.9928932
1311868252.048722 -0.3264296 -0.1304284 0.1519291 -0.0754398 0.0692371 0.0415572 0.9938753
1311868252.348634 -0.2514301 -0.0994448 0.0948251 -0.0738472 0.0593646 0.0070638 0.9954761
1311868252.916592 -0.1091185 -0.0126640 0.0219680 -0.0991590 0.0369951 0.0147599 0.9942741
1311868254.148648 0.1754173 0.0383398 0.0448766 -0.1046990 0.0206461 0.0158773 0.9941629
1311868254.984826 0.4017426 0.0999816 0.0034172 -0.1432701 -0.0653754 -0.0288326 0.9871010
1311868255.417465 0.4720552 0.1244484 -0.0166194 -0.1439383 -0.0796383 -0.0317799 0.9858649
1311868256.216920 0.6267691 0.0856453 0.0389327 -0.1457957 -0.0928827 -0.0471358 0.9838164
1311868256.684944 0.7344949 0.0361223 0.0910629 -0.1243429 -0.1059308 -0.0507620 0.9852617
1311868257.116964 0.8167751 -0.0149306 0.1382428 -0.1163317 -0.1437838 -0.0824485 0.9792831
1311868257.516816 0.9026099 -0.0802303 0.1711905 -0.1284564 -0.1770730 -0.1182894 0.9685823
1311868258.016837 0.9615476 -0.1660870 0.2045738 -0.1274438 -0.2157323 -0.1575579 0.9551927
1311868258.416975 0.9622848 -0.2517842 0.2735125 -0.1477604 -0.2395388 -0.1799533 0.9425523
1311868258.848932 0.9543203 -0.3659794 0.3499742 -0.1340466 -0.2563441 -0.1700543 0.9420195
1311868259.316960 0.9712197 -0.4421778 0.4449920 -0.1087196 -0.2834805 -0.2005724 0.9314449
1311868259.785037 1.0329880 -0.4898437 0.5242506 -0.0928808 -0.2972750 -0.2263921 0.9229016
