1305031109.743274 0.0000000 0.0000000 0.0000000 0.0000000 0.0000000 0.0000000 1.0000000
1305031110.543408 -0.2918491 0.0243696 0.0233250 -0.0425717 -0.0832369 -0.0755769 0.9927474
1305031110.779193 -0.3437289 0.0368590 0.0307830 -0.0507156 -0.1002186 -0.0949287 0.9891272
1305031111.179326 -0.2864852 0.0413046 0.0431121 -0.0495500 -0.0880608 -0.0923322 0.9905881
1305031111.743386 -0.0363290 -0.0009868 0.0471354 -0.0183040 -0.0376490 -0.0409267 0.9982848
1305031112.144342 0.1260464 -0.0086198 0.0450388 0.0067305 0.0426243 -0.0188359 0.9988909
1305031112.243369 0.1669413 -0.0239754 0.0498885 0.0078994 0.0728918 -0.0301333 0.9968532
1305031112.343323 0.1975044 -0.0279309 0.0530117 0.0258499 0.0806511 -0.0316208 0.9959053
1305031112.643246 0.3062610 -0.0225412 0.0456005 0.0444181 0.0596008 0.0244039 0.9969349
1305031113.179343 0.2032176 -0.0203533 0.0482679 0.0054415 0.0499391 0.0168744 0.9985949
1305031113.311452 0.1400373 -0.0334258 0.0361137 0.0031823 0.0291495 0.0232056 0.9993006
1305031113.479311 0.0459682 -0.0169053 0.0353064 0.0080599 -0.0029784 0.0063601 0.9999428
1305031114.411397 -0.3332103 0.0055584 0.0532896 0.0191229 -0.0515343 -0.0854963 0.9948211
1305031114.611391 -0.3791309 0.0089734 0.0590597 0.0111961 -0.0763211 -0.0855948 0.9933394
1305031115.079238 -0.3390421 0.0239722 0.0712248 -0.0048688 -0.0881308 -0.1001296 0.9910516
1305031115.211374 -0.2861660 0.0143527 0.0881676 -0.0121169 -0.0730168 -0.0920206 0.9930025
1305031115.811277 0.0400701 -0.0059840 0.1109835 -0.0162621 -0.0100606 0.0223350 0.9995676
1305031115.980740 0.1110675 -0.0054126 0.1161113 -0.0164687 0.0193120 0.0551837 0.9981536
1305031116.111300 0.1705062 0.0066200 0.1253887 -0.0281779 0.0557578 0.0693833 0.9956320
1305031116.279385 0.2349294 0.0066384 0.1340840 -0.0406765 0.0822634 0.0867818 0.9919915
1305031116.379384 0.2466450 -0.0066085 0.1381681 -0.0439924 0.1036596 0.0942401 0.9891604
1305031116.643355 0.1929573 -0.0019144 0.1212906 -0.0345608 0.1009677 0.0832353 0.9907991
1305031116.779298 0.1283180 0.0047653 0.1162541 -0.0354210 0.0867682 0.0418688 0.9947178
1305031116.979351 0.0040313 0.0157603 0.1015612 -0.0321261 0.0389229 -0.0057028 0.9987094
1305031118.279194 -0.0982722 -0.2143786 0.1726165 -0.0310214 -0.0359607 -0.0337116 0.9983026
1305031118.445692 -0.1024236 -0.2400548 0.1817387 -0.0114122 -0.0350670 -0.0345673 0.9987218
1305031118.879208 -0.0903455 -0.1427085 0.1602034 -0.0096467 -0.0360658 -0.0428036 0.9983857
1305031119.847429 -0.0926956 0.1734897 0.0617525 -0.0378655 -0.0351358 -0.0257775 0.9983322
1305031120.148157 -0.0971849 0.2235078 0.0565455 -0.0561356 -0.0258841 -0.0181213 0.9979231
1305031120.379437 -0.0940538 0.1654650 0.0646598 -0.0435353 -0.0260563 -0.0238188 0.9984280
1305031121.647183 -0.1026931 -0.2070828 0.1594993 0.0281578 -0.0489202 -0.0257816 0.9980728
1305031122.314289 -0.1084619 -0.1309991 0.1452608 0.0108122 -0.0431461 -0.0493776 0.9977893
1305031123.214704 -0.1008355 0.1506428 0.0695473 -0.0355544 -0.0489505 -0.0388816 0.9974106
1305031123.511360 -0.0907381 0.2297721 0.0689521 -0.0734146 -0.0205232 -0.0195317 0.9968990
1305031123.711323 -0.0829779 0.2721019 0.0661370 -0.0896481 -0.0102737 -0.0107779 0.9958622
1305031124.083837 -0.0811389 0.2690453 0.0706770 -0.0761275 -0.0262453 0.0008456 0.9967523
1305031125.947343 -0.1096105 -0.1293342 0.1486799 0.0165333 -0.0504283 -0.0408268 0.9977559
1305031126.979337 -0.0698979 0.1590496 0.1058121 -0.0596007 -0.0306617 -0.0117688 0.9976819
