1305031109.743274 0.000000000 0.000000000 0.000000000 0.000000000 0.000000000 0.000000000 1.000000000
1305031109.775277 -0.009858406 -0.001358081 0.001888098 -0.003537487 -0.002202109 0.000204818 0.999991298
1305031109.811371 -0.023063850 0.001719356 0.002398182 -0.005269360 -0.003393892 -0.000695506 0.999980092
1305031109.843296 -0.039886314 0.003960996 0.003804954 -0.008133738 -0.004439514 -0.001792445 0.999955475
1305031109.875306 -0.057625044 0.004961985 0.004944792 -0.011691046 -0.006138129 -0.004292883 0.999903619
1305031109.911265 -0.069318317 0.002173833 0.010405418 -0.013932126 -0.012384932 -0.009414369 0.999781907
1305031109.943299 -0.080769293 0.009975695 0.010915333 -0.014021633 -0.015627138 -0.013617510 0.999686837
1305031109.975258 -0.095381700 0.008886018 0.014433989 -0.018743901 -0.017101284 -0.019118713 0.999495208
1305031110.011256 -0.108409278 0.013288988 0.018453538 -0.019779004 -0.019076621 -0.025488334 0.999297321
1305031110.043299 -0.119639121 0.013800979 0.020764770 -0.022357183 -0.020288669 -0.032417476 0.999018312
1305031110.075319 -0.132457852 0.015498453 0.023164256 -0.024493644 -0.020359572 -0.037089817 0.998804212
1305031110.111325 -0.146645218 0.014721554 0.025727112 -0.029769875 -0.021488650 -0.041797839 0.998451293
1305031110.143432 -0.160303131 0.010676035 0.028494716 -0.032231219 -0.024397524 -0.045568321 0.998143017
1305031110.175641 -0.171367690 0.019545538 0.030192129 -0.031613484 -0.027621940 -0.046738986 0.998024583
1305031110.211637 -0.182811707 0.014468104 0.030968118 -0.037149787 -0.030503687 -0.049313303 0.997626007
1305031110.243323 -0.194813430 0.011308474 0.031750247 -0.038768370 -0.034216758 -0.048917238 0.997463465
1305031110.279321 -0.202595308 0.011020425 0.033152964 -0.037324402 -0.038545165 -0.049588282 0.997327507
1305031110.311404 -0.214684859 0.011516791 0.031250194 -0.035048902 -0.041361313 -0.051169895 0.997217357
1305031110.343355 -0.226577297 0.015691357 0.031560183 -0.033303421 -0.045781270 -0.052701134 0.997004271
1305031110.379281 -0.238734663 0.015718360 0.030324617 -0.032818604 -0.050699078 -0.056090802 0.996597409
1305031110.411469 -0.250307530 0.022944469 0.029755758 -0.031260576 -0.056897212 -0.058783337 0.996157646
1305031110.443260 -0.261543632 0.023585994 0.028056394 -0.036178976 -0.062404405 -0.062991120 0.995403886
1305031110.479331 -0.276960075 0.023480693 0.030004755 -0.038828403 -0.067491844 -0.070019729 0.994502068
1305031110.511429 -0.288634747 0.024847383 0.029239248 -0.039428003 -0.074519217 -0.073287942 0.993741035
1305031110.543408 -0.291849166 0.024369564 0.023324996 -0.042571712 -0.083236948 -0.075576857 0.992747426
1305031110.579426 -0.301769495 0.028851792 0.024075635 -0.046394620 -0.088575706 -0.081033736 0.991683125
1305031110.611307 -0.309322357 0.028516078 0.030010000 -0.050060816 -0.092599250 -0.085420713 0.990768671
1305031110.643418 -0.319278985 0.028428685 0.031522609 -0.048494413 -0.094308093 -0.087926649 0.990466177
1305031110.679606 -0.327307820 0.035081096 0.027371392 -0.047304876 -0.095845632 -0.090924077 0.990105391
1305031110.711412 -0.332609504 0.033601627 0.030297920 -0.051138155 -0.097861081 -0.092523083 0.989569366
1305031110.743249 -0.338577658 0.032279633 0.030180447 -0.051956907 -0.099283367 -0.093237318 0.989318013
1305031110.779193 -0.343728811 0.036858983 0.030782953 -0.050715618 -0.100218564 -0.094928697 0.989127219
1305031110.811386 -0.347053021 0.037340060 0.029947676 -0.051390931 -0.100365222 -0.097227074 0.988854229
1305031110.843218 -0.349842876 0.035211198 0.029605456 -0.053923111 -0.102301084 -0.098344736 0.988410413
1305031110.879313 -0.348073125 0.037975483 0.031962015 -0.052643899 -0.104747526 -0.098673776 0.988190293
1305031110.911333 -0.347857416 0.037200022 0.030425310 -0.053943712 -0.105760299 -0.099055588 0.987974107
1305031110.943862 -0.343772680 0.040661179 0.032521926 -0.052356839 -0.108183078 -0.100653566 0.987635553
1305031110.979345 -0.336839736 0.045099214 0.035447083 -0.050962735 -0.107603036 -0.101573013 0.987677753
1305031111.011431 -0.330442369 0.045506019 0.042830102 -0.051835623 -0.103335708 -0.101060793 0.988140464
1305031111.043327 -0.324010938 0.045545854 0.038447976 -0.050488081 -0.097490862 -0.098399870 0.989072263
1305031111.079283 -0.317387164 0.043772500 0.034943700 -0.053381901 -0.094836004 -0.095822960 0.989431381
1305031111.111508 -0.307758182 0.041575331 0.042098600 -0.054681532 -0.093565211 -0.092510574 0.989796579
1305031111.143257 -0.299240351 0.040101975 0.043820899 -0.052894682 -0.091139868 -0.091239959 0.990237832
1305031111.179326 -0.286485195 0.041304562 0.043112077 -0.049550045 -0.088060789 -0.092332199 0.990588129
1305031111.211433 -0.275186956 0.041539975 0.042950463 -0.047438230 -0.079944424 -0.088651657 0.991715372
1305031111.243236 -0.267563313 0.031911701 0.041334361 -0.049856063 -0.077278629 -0.086339034 0.992012084
1305031111.279308 -0.252761126 0.031181520 0.047914781 -0.044995289 -0.077362448 -0.085022606 0.992351592
1305031111.311547 -0.244174868 0.033692542 0.038527433 -0.041100744 -0.071593016 -0.080831319 0.993303299
1305031111.343397 -0.233394325 0.031244164 0.036124405 -0.045687128 -0.075134225 -0.080134220 0.992897809
1305031111.379134 -0.218436092 0.023887360 0.043778695 -0.046015278 -0.078708962 -0.076725692 0.992874980
1305031111.411296 -0.214280784 0.028841287 0.039310519 -0.039855860 -0.076871142 -0.076621965 0.993293226
1305031111.443386 -0.197872758 0.027262855 0.044227555 -0.040210955 -0.083313599 -0.082225315 0.992310882
1305031111.479259 -0.155996263 0.013202325 0.049332596 -0.041024022 -0.088059351 -0.078502141 0.992169321
1305031111.511264 -0.142224953 0.008349807 0.047127113 -0.038062312 -0.077994324 -0.077756114 0.993187845
1305031111.543250 -0.133979157 0.007582769 0.047620423 -0.033446923 -0.069542952 -0.076884210 0.994049251
1305031111.579237 -0.117716506 0.009999491 0.042618789 -0.029024012 -0.061370898 -0.069508366 0.995268703
1305031111.611271 -0.119599044 0.013830586 0.042445365 -0.028066549 -0.052200519 -0.063189760 0.996240139
1305031111.643395 -0.093502782 0.004815355 0.051047780 -0.026846921 -0.058378011 -0.054481499 0.996445179
1305031111.679320 -0.073008709 0.009026118 0.047461681 -0.020703670 -0.053147066 -0.045742657 0.997323573
1305031111.711760 -0.058927633 0.004619642 0.047279552 -0.021266183 -0.045509554 -0.045317564 0.997708797
1305031111.743386 -0.036328979 -0.000986771 0.047135368 -0.018303961 -0.037649047 -0.040926736 0.998284757
1305031111.779423 -0.028190961 0.004529160 0.047624722 -0.012734655 -0.017749995 -0.035887484 0.999117017
1305031111.811406 -0.013044913 0.000844254 0.053237539 -0.010045112 -0.004987866 -0.034825996 0.999330461
1305031111.843299 -0.002478071 -0.000799949 0.043945197 -0.007405781 0.005522920 -0.032698818 0.999422550
1305031111.879442 -0.000517420 0.003241292 0.045078367 -0.006044148 0.015260768 -0.028687987 0.999453664
1305031111.911354 0.005813405 -0.001582391 0.049241506 -0.006463974 0.015873697 -0.022205532 0.999606550
1305031111.943300 0.021250119 0.000028941 0.049048379 -0.003872806 0.011111111 -0.013276563 0.999842644
1305031111.979449 0.053074881 -0.003855709 0.048156295 -0.004593735 0.005955818 -0.005751578 0.999955177
1305031112.011433 0.062942997 -0.007921917 0.046837371 -0.003033151 0.015018037 -0.007334320 0.999855697
1305031112.043270 0.083809569 -0.010689439 0.045697723 -0.000133605 0.020023471 -0.007883503 0.999768376
1305031112.079339 0.100101613 -0.010809093 0.047376502 0.002215549 0.030009162 -0.007701379 0.999517500
1305031112.111423 0.097613983 -0.008434511 0.049088452 0.006337255 0.043164048 -0.012496664 0.998969674
1305031112.144342 0.126046374 -0.008619765 0.045038842 0.006730523 0.042624295 -0.018835930 0.998890936
1305031112.179390 0.141999811 -0.008418755 0.047718868 0.005093060 0.053769406 -0.021230618 0.998314679
1305031112.211254 0.156762078 -0.018902540 0.048070975 0.002649956 0.062464904 -0.025073022 0.997728646
1305031112.243369 0.166941330 -0.023975378 0.049888462 0.007899427 0.072891839 -0.030133262 0.996853232
1305031112.279353 0.171509624 -0.024495617 0.051629595 0.013104634 0.080469318 -0.033252865 0.996116042
1305031112.311312 0.179590836 -0.029006504 0.054227024 0.018206997 0.083243594 -0.035188433 0.995741308
1305031112.343323 0.197504401 -0.027930874 0.053011723 0.025849927 0.080651045 -0.031620793 0.995905280
1305031112.379360 0.204888299 -0.028220057 0.054543689 0.029672623 0.079984151 -0.028493628 0.995946884
1305031112.411442 0.221127823 -0.026327968 0.051756646 0.032967627 0.075469673 -0.023870999 0.996317029
1305031112.443391 0.235031232 -0.029234845 0.052229263 0.034628872 0.073176779 -0.017777784 0.996559083
1305031112.479418 0.243287802 -0.027675051 0.051184960 0.038472503 0.071619347 -0.007646557 0.996660471
1305031112.511504 0.252686113 -0.028980501 0.051544178 0.040630523 0.067401506 0.000226280 0.996898293
1305031112.543212 0.264046371 -0.029292684 0.051481295 0.043251839 0.063282095 0.004141248 0.997049391
1305031112.579252 0.273303509 -0.028134871 0.050053410 0.045512617 0.059508931 0.009816466 0.997141361
1305031112.611261 0.292501211 -0.023876069 0.046812207 0.046660885 0.055675354 0.015561133 0.997236609
1305031112.643246 0.306260973 -0.022541214 0.045600511 0.044418063 0.059600800 0.024403909 0.996934891
1305031112.679952 0.310219854 -0.023240618 0.047749691 0.042421650 0.065459445 0.028460523 0.996546745
1305031112.711251 0.313550025 -0.021332316 0.048589367 0.041005515 0.069589548 0.030466193 0.996266842
1305031112.743245 0.312924802 -0.009887679 0.050776787 0.039671872 0.073823169 0.033429049 0.995921075
1305031112.779310 0.309055030 -0.016896723 0.053505495 0.029978883 0.079404794 0.035155419 0.995771170
1305031112.811310 0.292035997 -0.022689261 0.057457406 0.026118267 0.084411599 0.032488305 0.995558619
1305031112.879421 0.293629438 -0.013536518 0.056428496 0.022859322 0.073373549 0.033550348 0.996477842
1305031112.911411 0.281944931 -0.015370409 0.056598868 0.019178279 0.072445937 0.034353305 0.996596038
1305031112.943321 0.271339923 -0.017126482 0.061639253 0.016812528 0.069239654 0.032727830 0.996921301
1305031112.979278 0.265473038 -0.016297810 0.060030866 0.016343392 0.063779362 0.029640296 0.997389853
1305031113.011353 0.262792259 -0.011214283 0.055330902 0.016097052 0.059161253 0.029865718 0.997671723
1305031113.043231 0.251949579 -0.011728570 0.057311878 0.011829579 0.058537543 0.027868953 0.997825980
1305031113.079251 0.234259754 -0.025176272 0.056826226 0.006548308 0.059912164 0.021047728 0.997960210
1305031113.111316 0.223069042 -0.017864147 0.054522142 0.011221841 0.054734487 0.016329924 0.998304367
1305031113.143306 0.218745977 -0.010262925 0.049328856 0.010867410 0.049917001 0.014943524 0.998582423
1305031113.179343 0.203217551 -0.020353308 0.048267853 0.005441465 0.049939062 0.016874433 0.998594880
1305031113.211259 0.185841531 -0.018398026 0.046269674 0.007815650 0.045982461 0.018833814 0.998734117
1305031113.243227 0.170648009 -0.013193875 0.044396423 0.007018412 0.040330261 0.018870089 0.998983562
1305031113.279312 0.156304419 -0.021865973 0.043412127 0.002343762 0.035389431 0.019684734 0.999176979
1305031113.311452 0.140037298 -0.033425767 0.036113724 0.003182297 0.029149536 0.023205558 0.999300599
1305031113.343252 0.119213730 -0.021977035 0.033826467 0.011552280 0.021829298 0.021407751 0.999465704
1305031113.379312 0.101672620 -0.023679085 0.032579638 0.006796214 0.013721795 0.018287854 0.999715507
1305031113.411625 0.088107303 -0.028793238 0.034413174 0.006295380 0.006267079 0.017792005 0.999802232
1305031113.443266 0.069236189 -0.019802062 0.033836894 0.010900263 0.000689845 0.012635314 0.999860525
1305031113.479311 0.045968220 -0.016905285 0.035306424 0.008059938 -0.002978443 0.006360088 0.999942839
1305031113.511523 0.029451603 -0.018457893 0.035670426 0.003761855 -0.008409640 0.003615562 0.999951005
1305031113.543242 0.012069717 -0.022600781 0.032680929 0.000604776 -0.013264969 -0.000059442 0.999911845
1305031113.579301 -0.005627139 -0.016446991 0.034132432 0.002555985 -0.016733447 -0.004922292 0.999844611
1305031113.611268 -0.015347635 -0.017921202 0.035043307 -0.001269813 -0.021098355 -0.009018004 0.999735951
1305031113.643222 -0.027953941 -0.016118376 0.036553655 -0.003209893 -0.021730067 -0.013060137 0.999673426
1305031113.679288 -0.044081826 -0.017402962 0.035830133 -0.004618933 -0.019968593 -0.016761867 0.999649405
1305031113.711931 -0.055625953 -0.019270955 0.036592238 -0.005608701 -0.019926513 -0.021467112 0.999555230
1305031113.743590 -0.068011642 -0.016276039 0.037433997 -0.003769993 -0.017608805 -0.027196655 0.999467909
1305031113.779320 -0.085003160 -0.016767750 0.038517054 -0.002843974 -0.013746031 -0.031379525 0.999408960
1305031113.811237 -0.097546138 -0.014319784 0.037757583 -0.001303629 -0.012740147 -0.032974716 0.999374151
1305031113.843295 -0.109615646 -0.009476464 0.039584886 -0.000694551 -0.011211255 -0.036320318 0.999277055
1305031113.879281 -0.127020195 -0.017143233 0.041636173 -0.001671381 -0.009713035 -0.040841524 0.999117017
1305031113.943291 -0.148437187 -0.011091032 0.042201716 0.005480361 -0.010136295 -0.043886214 0.998970091
1305031114.011257 -0.182597041 -0.005528900 0.042318974 0.013040196 -0.005149595 -0.053972796 0.998443961
1305031114.043301 -0.201707125 -0.006551071 0.042829681 0.013778687 -0.006407085 -0.055932663 0.998318911
1305031114.079285 -0.217501894 -0.007358244 0.041507713 0.015325273 -0.011385277 -0.057013091 0.998190880
1305031114.111263 -0.230252072 -0.002681017 0.042577859 0.018443333 -0.017078042 -0.060732123 0.997837603
1305031114.143284 -0.240544602 -0.001532750 0.044663534 0.018462231 -0.022872068 -0.064036429 0.997514606
1305031114.179337 -0.249579206 -0.005925964 0.046865065 0.019594962 -0.026054991 -0.065576963 0.997314811
1305031114.211303 -0.264106244 0.004064687 0.046134163 0.023632502 -0.025434323 -0.068583831 0.997041106
1305031114.243337 -0.278977752 0.003824799 0.047109142 0.021201268 -0.027451981 -0.072524168 0.996763349
1305031114.279390 -0.293399394 0.004707417 0.047542609 0.021270823 -0.033382934 -0.074164435 0.996460080
1305031114.311429 -0.303762883 0.008413864 0.051114365 0.020761712 -0.042122453 -0.074469134 0.996116936
1305031114.343331 -0.311349779 0.008657459 0.053707559 0.019780016 -0.048335854 -0.077921584 0.995590568
1305031114.379320 -0.321347833 0.008957611 0.056201920 0.019886967 -0.050176673 -0.082555130 0.995123804
1305031114.411397 -0.333210319 0.005558400 0.053289589 0.019122923 -0.051534336 -0.085496292 0.994821072
1305031114.443345 -0.345635861 0.006478891 0.052060690 0.018668503 -0.055258296 -0.087342791 0.994469345
1305031114.479332 -0.357712895 0.003976289 0.052094437 0.017253745 -0.062012959 -0.088024028 0.994036436
1305031114.511266 -0.364106506 0.007182418 0.052805405 0.017248379 -0.070299923 -0.090882689 0.993227422
1305031114.543236 -0.367939770 0.007715632 0.058931276 0.014758512 -0.075186700 -0.091098890 0.992889762
1305031114.579237 -0.373799801 0.007970616 0.060675424 0.013675911 -0.075665019 -0.087658487 0.993178606
1305031114.611391 -0.379130930 0.008973410 0.059059653 0.011196119 -0.076321088 -0.085594781 0.993339419
1305031114.644136 -0.386866570 0.005413604 0.058470819 0.005088654 -0.078172028 -0.084160365 0.993368149
1305031114.679251 -0.390955925 0.003541863 0.060962871 0.001915007 -0.084671445 -0.084889524 0.992784381
1305031114.711306 -0.392519534 0.003471750 0.063214526 0.001638919 -0.089346305 -0.084803984 0.992382407
1305031114.743200 -0.394356966 0.003465223 0.064395674 0.002806727 -0.092190422 -0.088557288 0.991791606
1305031114.779289 -0.393103659 0.004179825 0.063721620 0.005164015 -0.093903154 -0.091811687 0.991325438
1305031114.811303 -0.392756671 0.007999632 0.061584979 0.006024159 -0.093436383 -0.093359470 0.991220117
1305031114.843208 -0.389716625 0.006622429 0.061912760 0.005610136 -0.094693795 -0.095526196 0.990896702
1305031114.879281 -0.385981321 0.010854936 0.063016497 0.006243088 -0.095279537 -0.095368244 0.990851998
1305031114.912879 -0.382323116 0.012243286 0.060940735 0.005291902 -0.095433511 -0.095690697 0.990811646
1305031114.943234 -0.374482185 0.016117986 0.064160891 0.004034921 -0.095880769 -0.098147690 0.990534008
1305031114.979280 -0.368624896 0.017817792 0.065403171 0.002385135 -0.093482405 -0.098806791 0.990703046
1305031115.011300 -0.360463381 0.021640969 0.065927073 -0.001034160 -0.092475437 -0.100048505 0.990675271
1305031115.043508 -0.349669904 0.019341778 0.071871363 -0.004777572 -0.091166280 -0.099959180 0.990794659
1305031115.079238 -0.339042097 0.023972204 0.071224809 -0.004868827 -0.088130824 -0.100129619 0.991051614
1305031115.111230 -0.323728353 0.024300922 0.080189094 -0.007512313 -0.085526846 -0.098858587 0.991390765
1305031115.143275 -0.312330395 0.020870425 0.080740213 -0.009250714 -0.076402515 -0.096076667 0.992394269
1305031115.179440 -0.302941054 0.020326147 0.078805193 -0.010990765 -0.073028497 -0.094390735 0.992792249
1305031115.211374 -0.286165953 0.014352728 0.088167638 -0.012116859 -0.073016793 -0.092020646 0.993002474
1305031115.243297 -0.272017986 0.011493083 0.092182919 -0.007605566 -0.068260938 -0.088030122 0.993747115
1305031115.279966 -0.255750269 0.015027845 0.090823904 -0.005752251 -0.066763408 -0.083829060 0.994224429
1305031115.311704 -0.228888243 0.004964096 0.102384701 -0.008088637 -0.067491904 -0.076199055 0.994772911
1305031115.343235 -0.213715926 0.007684294 0.099337190 -0.002962486 -0.057990614 -0.073108003 0.995632231
1305031115.379166 -0.205647141 0.014398132 0.100421011 -0.005462115 -0.053616602 -0.066698991 0.996316552
1305031115.411237 -0.188739643 0.010035046 0.106483862 -0.012912899 -0.061175626 -0.063293450 0.996034503
1305031115.443159 -0.168757260 0.010155394 0.108906701 -0.016078247 -0.064288162 -0.058290418 0.996097744
1305031115.479241 -0.153945744 0.012136944 0.112103626 -0.019006642 -0.063712515 -0.053157445 0.996370256
1305031115.511253 -0.116133884 0.001574401 0.118401736 -0.025107617 -0.070267968 -0.047200032 0.996094465
1305031115.543604 -0.094893306 0.000532171 0.121548451 -0.024061080 -0.059000924 -0.040700663 0.997137606
1305031115.579315 -0.086240605 -0.004072259 0.112482153 -0.024658239 -0.043370377 -0.034527954 0.998157680
1305031115.611424 -0.071668081 -0.004976905 0.110716961 -0.023700908 -0.036204018 -0.028597275 0.998653948
1305031115.643254 -0.053646773 -0.007151022 0.117379621 -0.022014715 -0.031611085 -0.020415958 0.999049187
1305031115.679241 -0.043692566 -0.007028758 0.116012461 -0.019946640 -0.027333280 -0.010055542 0.999376714
1305031115.711320 -0.018886637 -0.004260447 0.116060182 -0.018536638 -0.030830696 -0.000851633 0.999352336
1305031115.743250 0.007412240 -0.008658711 0.114850566 -0.019476054 -0.027581912 0.005452225 0.999414921
1305031115.779425 0.019757222 -0.005705363 0.114573635 -0.015836811 -0.016469300 0.013643495 0.999645829
1305031115.811277 0.040070131 -0.005984011 0.110983454 -0.016262071 -0.010060635 0.022334956 0.999567628
1305031115.843224 0.052863888 -0.009399963 0.109340772 -0.019339237 0.000708849 0.030051626 0.999360979
1305031115.879198 0.060668532 -0.014010433 0.109482065 -0.019388465 0.008543166 0.037282292 0.999080181
1305031115.911118 0.077565536 -0.006458015 0.113827072 -0.014223704 0.010358013 0.042847056 0.998926699
1305031115.943311 0.094280563 -0.005891388 0.115044504 -0.014907729 0.015389801 0.049571842 0.998540699
1305031115.980740 0.111067496 -0.005412563 0.116111308 -0.016468668 0.019311987 0.055183742 0.998153567
1305031116.011379 0.134250209 -0.003058428 0.119657196 -0.018188104 0.023859961 0.058782820 0.997819841
1305031116.043164 0.146789953 -0.001515625 0.121475950 -0.020339774 0.036543377 0.060998227 0.997261286
1305031116.080030 0.155460075 0.005066182 0.123405226 -0.022546608 0.047601864 0.065394416 0.996468425
1305031116.111300 0.170506239 0.006620000 0.125388652 -0.028177865 0.055757783 0.069383278 0.995631993
1305031116.143441 0.170734122 0.004051952 0.132139727 -0.032771211 0.068544120 0.072280414 0.994486451
1305031116.179572 0.180804968 0.006768142 0.134485647 -0.033668943 0.073671028 0.074898139 0.993896008
1305031116.211299 0.189765751 0.006411687 0.136116341 -0.038108621 0.079925820 0.078461587 0.992977023
1305031116.243320 0.213958800 -0.001717078 0.137991905 -0.044647444 0.079458326 0.082134075 0.992444932
1305031116.279385 0.234929353 0.006638378 0.134084031 -0.040676504 0.082263373 0.086781792 0.991991460
1305031116.311336 0.238723233 0.007918473 0.132924214 -0.042648867 0.092550606 0.091021612 0.990621269
1305031116.343292 0.239376038 -0.002076421 0.137706026 -0.047456436 0.101597093 0.093697444 0.989265740
1305031116.379384 0.246644944 -0.006608492 0.138168126 -0.043992370 0.103659570 0.094240122 0.989160359
1305031116.411333 0.246226922 0.005017573 0.133726686 -0.035093952 0.106274292 0.098747410 0.988798857
1305031116.479850 0.249094054 -0.003807101 0.130629748 -0.042004768 0.108315475 0.111220688 0.986981928
1305031116.511205 0.242791876 -0.001719832 0.129149735 -0.038704660 0.109241389 0.107194833 0.987460136
1305031116.543262 0.232000709 0.000255413 0.126553670 -0.035192385 0.111771353 0.102226973 0.987835169
1305031116.579313 0.219388679 0.000946432 0.123261005 -0.035508152 0.111637592 0.099071495 0.988160491
1305031116.611261 0.208807513 -0.006221958 0.119121775 -0.038069792 0.106699347 0.093250245 0.989176571
1305031116.643355 0.192957237 -0.001914420 0.121290594 -0.034560829 0.100967698 0.083235323 0.990799129
1305031116.679281 0.180940375 0.002240309 0.118867069 -0.032270554 0.093801208 0.074229226 0.992295325
1305031116.711634 0.165751368 0.002227482 0.118910924 -0.032278199 0.090737000 0.064053640 0.993288517
1305031116.743291 0.148261160 0.002716286 0.116264924 -0.034095291 0.088002019 0.052663531 0.994142711
1305031116.779298 0.128318042 0.004765317 0.116254076 -0.035420995 0.086768232 0.041868780 0.994717836
1305031116.811318 0.108415142 0.002453112 0.115461744 -0.036108073 0.085292481 0.034242354 0.995112479
1305031116.846089 0.086814180 0.003109828 0.113405645 -0.034413051 0.078210428 0.026463622 0.995991230
1305031116.880165 0.064594790 0.005904721 0.109370857 -0.034973565 0.070706628 0.019341182 0.996696234
1305031116.912044 0.045905031 0.008296199 0.108737722 -0.034005027 0.060923796 0.013665245 0.997469425
1305031116.943296 0.027416516 0.014354458 0.107323766 -0.033162039 0.047018599 0.006314172 0.998323381
1305031116.979351 0.004031308 0.015760308 0.101561196 -0.032126103 0.038922884 -0.005702792 0.998709381
1305031117.011382 -0.011113189 0.015959796 0.098471217 -0.031765547 0.026919149 -0.014574769 0.999026477
1305031117.043261 -0.026702484 0.025142981 0.097832084 -0.029834250 0.017007409 -0.020184925 0.999206305
1305031117.079520 -0.041559286 0.027322978 0.096668467 -0.031973239 0.008153755 -0.025669627 0.999125779
1305031117.111238 -0.059001606 0.029327728 0.093129098 -0.034295414 -0.000954067 -0.028379876 0.999008298
1305031117.143218 -0.065182753 0.034081981 0.093963593 -0.036010519 -0.013472576 -0.028300691 0.998859763
1305031117.179264 -0.068939790 0.034808654 0.095350564 -0.039404966 -0.024233690 -0.033475228 0.998368382
1305031117.211361 -0.071080968 0.037223268 0.098986834 -0.040985398 -0.032763194 -0.036509901 0.997954786
1305031117.243277 -0.072090797 0.048090823 0.101470053 -0.040202130 -0.035874825 -0.039208822 0.997777224
1305031117.279299 -0.071234547 0.041570216 0.102633923 -0.047446258 -0.036571775 -0.043442659 0.997258306
1305031117.311200 -0.079174362 0.038876746 0.102962233 -0.051490281 -0.032493114 -0.045206800 0.997120500
1305031117.343243 -0.080286600 0.034199633 0.104244955 -0.054008707 -0.033077039 -0.046108320 0.996926785
1305031117.379454 -0.081697419 0.028539039 0.103514902 -0.054571368 -0.033045135 -0.046295710 0.996888518
1305031117.411221 -0.083111338 0.021676255 0.103591524 -0.054628294 -0.034922644 -0.045618039 0.996852636
1305031117.443274 -0.083119079 0.021554559 0.102487497 -0.050359186 -0.036568571 -0.044689830 0.997060418
1305031117.479403 -0.083791256 0.012458975 0.100863881 -0.050572492 -0.037619382 -0.042805087 0.997093260
1305031117.511325 -0.085097700 0.003462800 0.100032412 -0.048540186 -0.038876306 -0.041235663 0.997212172
1305031117.544285 -0.085684143 -0.002054510 0.100111857 -0.044065282 -0.040053327 -0.040764097 0.997392714
1305031117.579155 -0.088439755 -0.004738785 0.100195281 -0.039884593 -0.040872205 -0.042664818 0.997455955
1305031117.611159 -0.088280000 -0.013757309 0.101219848 -0.039929431 -0.043186199 -0.041947767 0.997387052
1305031117.643252 -0.089759506 -0.022181699 0.104012489 -0.038855135 -0.045473453 -0.040241867 0.997398138
1305031117.679262 -0.091266505 -0.027118511 0.104952753 -0.038002465 -0.047721349 -0.040110085 0.997331262
1305031117.711184 -0.091030255 -0.037034933 0.109208383 -0.039280217 -0.050757281 -0.037473131 0.997234464
1305031117.743184 -0.092433915 -0.048255146 0.111980699 -0.040058296 -0.052728400 -0.034732245 0.997200429
1305031117.779467 -0.091022745 -0.054164220 0.116539523 -0.039170843 -0.056203183 -0.032601230 0.997117877
1305031117.811320 -0.089225873 -0.068923034 0.118259467 -0.042051706 -0.058818549 -0.030051505 0.996929765
1305031117.843291 -0.086041741 -0.077308722 0.122851968 -0.039262962 -0.059913229 -0.029503681 0.996994674
1305031117.879451 -0.085101880 -0.086248979 0.125009477 -0.038253922 -0.057405744 -0.029071135 0.997194111
1305031117.911407 -0.088611692 -0.100088924 0.129106343 -0.039077647 -0.054901093 -0.029000826 0.997305274
1305031117.943253 -0.089223176 -0.107623518 0.132100508 -0.037437689 -0.052787516 -0.029105041 0.997479260
1305031117.979228 -0.093659930 -0.115889564 0.134792745 -0.038676720 -0.049736191 -0.029859228 0.997566462
1305031118.011228 -0.092385069 -0.129862666 0.142331943 -0.041823063 -0.050655928 -0.029655347 0.997399330
1305031118.043521 -0.092235990 -0.138160422 0.145809799 -0.040556893 -0.049608793 -0.029066753 0.997521520
1305031118.079334 -0.090270087 -0.146841541 0.150741160 -0.040367208 -0.049422700 -0.030303186 0.997501671
1305031118.111217 -0.089691564 -0.158115759 0.154613718 -0.039890427 -0.045228638 -0.031701952 0.997676373
1305031118.143256 -0.092493705 -0.166959628 0.157547861 -0.038288686 -0.040218655 -0.032950319 0.997913182
1305031118.179323 -0.091104999 -0.182127461 0.163284644 -0.039829198 -0.038329374 -0.033706747 0.997901976
1305031118.211202 -0.097936928 -0.192080021 0.166052684 -0.036474142 -0.034036044 -0.033034235 0.998208344
1305031118.243173 -0.098333031 -0.203020275 0.168470383 -0.034490548 -0.035452049 -0.033064552 0.998228550
1305031118.279194 -0.098272189 -0.214378595 0.172616497 -0.031021424 -0.035960659 -0.033711568 0.998302579
1305031118.311299 -0.098936237 -0.222282708 0.173855424 -0.024655866 -0.036165897 -0.033775747 0.998470485
1305031118.343324 -0.098214127 -0.226216108 0.177305341 -0.018717833 -0.035511963 -0.035451125 0.998564839
1305031118.379208 -0.100218840 -0.236754671 0.178853989 -0.016255692 -0.033688087 -0.036361299 0.998638451
1305031118.411296 -0.103910677 -0.237365142 0.179584473 -0.011870125 -0.034517143 -0.037198123 0.998641074
1305031118.445692 -0.102423564 -0.240054756 0.181738749 -0.011412181 -0.035067026 -0.034567293 0.998721778
1305031118.479285 -0.101946160 -0.243810311 0.183580175 -0.011397175 -0.035813298 -0.031641591 0.998792410
1305031118.511255 -0.100496568 -0.240780503 0.184391990 -0.008474385 -0.036207758 -0.030673260 0.998837471
1305031118.544414 -0.099854000 -0.236547783 0.183755428 -0.008978138 -0.035515126 -0.032078769 0.998813808
1305031118.579285 -0.098658271 -0.234326854 0.185606256 -0.010823008 -0.034694705 -0.032730758 0.998803198
1305031118.616142 -0.098078571 -0.227003530 0.185123459 -0.009960018 -0.032507688 -0.034645796 0.998821139
1305031118.645325 -0.097603455 -0.220164686 0.183518842 -0.010771615 -0.030357288 -0.037128031 0.998791218
1305031118.679295 -0.098182850 -0.211671174 0.180939779 -0.013137490 -0.028646111 -0.038667817 0.998755038
1305031118.711421 -0.098795392 -0.207553044 0.180016056 -0.014675490 -0.028853865 -0.041116681 0.998629808
1305031118.746770 -0.103097603 -0.199119225 0.174736947 -0.012901063 -0.029717153 -0.040949341 0.998635888
1305031118.779277 -0.101049796 -0.179078460 0.169059709 -0.012352808 -0.033709902 -0.041592840 0.998489380
1305031118.811221 -0.095803186 -0.177692041 0.172015861 -0.018571496 -0.037661560 -0.042304561 0.998221934
1305031118.846753 -0.091408998 -0.168796316 0.167058542 -0.015105297 -0.038600810 -0.041260812 0.998288214
1305031118.879208 -0.090345524 -0.142708495 0.160203472 -0.009646717 -0.036065795 -0.042803548 0.998385727
1305031118.911177 -0.090277255 -0.137749806 0.157316551 -0.013674880 -0.035002351 -0.045159064 0.998272777
1305031118.946974 -0.089394517 -0.123741053 0.151328757 -0.011771304 -0.033665422 -0.047043569 0.998255968
1305031119.011363 -0.091299564 -0.095876619 0.138728946 -0.015012923 -0.031986028 -0.052860387 0.997976601
1305031119.047172 -0.092584126 -0.087299280 0.134893253 -0.017565031 -0.032286085 -0.053301279 0.997901857
1305031119.079223 -0.096210971 -0.075726502 0.127084449 -0.017661344 -0.033016719 -0.053765640 0.997851312
1305031119.111328 -0.096436881 -0.064306520 0.121884085 -0.017703623 -0.036352184 -0.052937131 0.997778893
1305031119.147616 -0.098374806 -0.050037064 0.115401596 -0.016834432 -0.039020769 -0.051896513 0.997747838
1305031119.179226 -0.096196495 -0.045594525 0.111888736 -0.018781759 -0.043995228 -0.051949687 0.997503281
1305031119.211364 -0.093250096 -0.034626216 0.106539965 -0.016009986 -0.046693172 -0.050425339 0.997507274
1305031119.247399 -0.094194844 -0.022370158 0.102232799 -0.014638857 -0.047560293 -0.049856804 0.997515917
1305031119.279212 -0.092469163 -0.011983449 0.097345077 -0.014140732 -0.048924342 -0.050379213 0.997430861
1305031119.311212 -0.092996471 -0.002133655 0.092872947 -0.014350720 -0.049076647 -0.047650516 0.997554481
1305031119.347741 -0.092950463 0.005438014 0.089785308 -0.014032763 -0.050990347 -0.045396280 0.997568190
1305031119.379239 -0.092045031 0.021113366 0.087364733 -0.011411795 -0.053393681 -0.045022547 0.997492790
1305031119.411484 -0.088393919 0.030336451 0.083438881 -0.012317424 -0.054054819 -0.044908945 0.997451544
1305031119.447706 -0.088351905 0.038300067 0.081145398 -0.013606285 -0.051451616 -0.044169992 0.997605443
1305031119.479267 -0.088524215 0.052568819 0.078234062 -0.010567226 -0.049173731 -0.044865251 0.997726083
1305031119.511240 -0.088241339 0.062679112 0.075264819 -0.012197126 -0.048392065 -0.043552231 0.997803926
1305031119.547382 -0.090370655 0.075320110 0.072588310 -0.012479218 -0.047299556 -0.042838216 0.997883737
1305031119.579559 -0.087071314 0.092508890 0.069228046 -0.012457415 -0.046995129 -0.042603534 0.997908413
1305031119.615017 -0.088504322 0.097782403 0.068801880 -0.017812578 -0.044695467 -0.041945763 0.997960687
1305031119.647903 -0.090918258 0.115231968 0.065788165 -0.017908242 -0.042872522 -0.041182075 0.998070776
1305031119.679208 -0.085533693 0.126111880 0.066571482 -0.021991121 -0.042564623 -0.042728543 0.997937322
1305031119.715232 -0.087980442 0.136319801 0.065922447 -0.026993696 -0.036977299 -0.040836159 0.998116434
1305031119.747193 -0.092830807 0.143029094 0.064490139 -0.031609513 -0.034043524 -0.035512190 0.998288929
1305031119.814537 -0.091010332 0.163359046 0.063793883 -0.035728287 -0.037192989 -0.029525476 0.998232663
1305031119.847429 -0.092695653 0.173489705 0.061752472 -0.037865490 -0.035135783 -0.025777498 0.998332202
1305031119.879214 -0.092882283 0.181072801 0.061826952 -0.037547823 -0.033058193 -0.025901668 0.998411953
1305031119.911401 -0.092560172 0.191436425 0.057803888 -0.037855558 -0.031415313 -0.024173265 0.998496711
1305031119.947392 -0.094225466 0.200947195 0.057330690 -0.040675275 -0.028744861 -0.024997035 0.998445988
1305031119.979537 -0.093688682 0.207496211 0.057106297 -0.042364512 -0.025604745 -0.025817672 0.998440325
1305031120.015264 -0.092753410 0.216423064 0.052948974 -0.046455003 -0.022894675 -0.023320328 0.998385668
1305031120.047290 -0.096904390 0.218588114 0.055853568 -0.053295221 -0.020863120 -0.022093685 0.998116314
1305031120.079418 -0.098287567 0.221521229 0.056861803 -0.053772837 -0.022893593 -0.019651838 0.998097301
1305031120.115232 -0.098072715 0.225459456 0.056291252 -0.054352064 -0.025224563 -0.018194126 0.998037338
1305031120.148157 -0.097184926 0.223507777 0.056545552 -0.056135602 -0.025884090 -0.018121284 0.997923076
1305031120.179246 -0.097960502 0.221137792 0.057720199 -0.054344248 -0.024932230 -0.015872436 0.998084724
1305031120.215249 -0.098386735 0.216558591 0.057547532 -0.050007626 -0.024952551 -0.016133413 0.998306751
1305031120.248003 -0.099438339 0.211061433 0.057183348 -0.046826974 -0.024394955 -0.018285703 0.998437643
1305031120.279430 -0.097278960 0.201699167 0.059363954 -0.045302104 -0.024832761 -0.021019742 0.998443365
1305031120.315196 -0.098284692 0.193805203 0.060460486 -0.043013833 -0.024108468 -0.022505416 0.998529971
1305031120.347787 -0.095726676 0.181464940 0.061748311 -0.041720264 -0.024870111 -0.023412457 0.998545289
1305031120.379437 -0.094053812 0.165464938 0.064659759 -0.043535311 -0.026056306 -0.023818823 0.998427927
1305031120.415445 -0.093647830 0.150430545 0.069081336 -0.038550574 -0.027075898 -0.024282871 0.998594522
1305031120.447417 -0.093737692 0.143133283 0.070710406 -0.031655412 -0.027914675 -0.024268854 0.998814166
1305031120.479432 -0.090886839 0.127101362 0.076673940 -0.031128995 -0.030322332 -0.023271170 0.998784244
1305031120.514819 -0.093724042 0.112893835 0.079012968 -0.026536364 -0.031345751 -0.021521645 0.998924434
1305031120.547736 -0.093961544 0.106477067 0.083696403 -0.018552948 -0.034948934 -0.019364208 0.999029219
1305031120.579551 -0.094942994 0.098221213 0.086556070 -0.015473240 -0.038804460 -0.015770987 0.999002516
1305031120.615236 -0.092386305 0.084524743 0.091948248 -0.013722935 -0.044307966 -0.013721975 0.998829424
1305031120.647354 -0.092030875 0.076378375 0.095077433 -0.008589604 -0.047207523 -0.013512779 0.998756766
1305031120.679318 -0.090312779 0.070068240 0.098674543 -0.005288389 -0.049409073 -0.012597958 0.998685181
1305031120.714522 -0.090534866 0.059091792 0.101666465 -0.004155043 -0.049984306 -0.012062563 0.998668492
1305031120.747369 -0.089778751 0.048321381 0.105749212 -0.003744336 -0.052904170 -0.011205401 0.998529732
1305031120.779894 -0.089474216 0.036904480 0.109305203 -0.002000850 -0.054889370 -0.011447656 0.998424828
1305031120.814944 -0.088054605 0.028205017 0.110374406 0.000131352 -0.055787202 -0.011764654 0.998373389
1305031120.847921 -0.087008774 0.019201219 0.114900492 -0.000471814 -0.057275392 -0.013902940 0.998261511
1305031120.883435 -0.085485101 0.007315892 0.117877737 0.001177659 -0.057380930 -0.015662657 0.998228788
1305031120.915444 -0.087659948 0.001860760 0.119173348 0.003519275 -0.055239581 -0.017403547 0.998315275
1305031120.947488 -0.087328449 -0.008921258 0.121770911 0.002823322 -0.055243369 -0.018925205 0.998289526
1305031120.983366 -0.089048907 -0.020536911 0.124185458 0.002451249 -0.054910101 -0.021256162 0.998261988
1305031121.015019 -0.089301042 -0.030866968 0.126013547 0.003771715 -0.055458121 -0.022362841 0.998203456
1305031121.047498 -0.091905251 -0.036416017 0.127150521 0.005396571 -0.054500300 -0.023392135 0.998225093
1305031121.083099 -0.093583539 -0.050929703 0.129109666 0.004778756 -0.055494793 -0.025137909 0.998131037
1305031121.114696 -0.092933774 -0.057803202 0.130040869 0.007997216 -0.057321616 -0.024477083 0.998023629
1305031121.147331 -0.095229998 -0.066621743 0.130823076 0.009653109 -0.057353683 -0.025368353 0.997984886
1305031121.183271 -0.094261773 -0.077697799 0.132915676 0.010653823 -0.059307463 -0.025294708 0.997862399
1305031121.211420 -0.092265524 -0.088139370 0.136828393 0.012829427 -0.059936814 -0.025416683 0.997796059
1305031121.247194 -0.097869001 -0.093485683 0.134746537 0.015710684 -0.056464370 -0.026470928 0.997929931
1305031121.282876 -0.096765883 -0.106590062 0.137663260 0.014191092 -0.058803488 -0.024882227 0.997858524
1305031121.313568 -0.096325457 -0.118138865 0.140337795 0.016408045 -0.059259526 -0.024124874 0.997816145
1305031121.347517 -0.098948441 -0.125909567 0.140691608 0.018232640 -0.059900455 -0.022898247 0.997775137
1305031121.383226 -0.095915414 -0.140702829 0.145830378 0.018168801 -0.062592827 -0.022276420 0.997625053
1305031121.414318 -0.098077282 -0.148492426 0.145487279 0.023162145 -0.060729872 -0.023897512 0.997599304
1305031121.447319 -0.099294357 -0.155310720 0.148720548 0.024666462 -0.060486522 -0.023104504 0.997596681
1305031121.482964 -0.095553607 -0.170361698 0.154449522 0.024666008 -0.059985559 -0.020811854 0.997677386
1305031121.547270 -0.101339549 -0.181772307 0.153367832 0.027475964 -0.056661677 -0.020502662 0.997804701
1305031121.583204 -0.101605050 -0.195466578 0.155821800 0.024909602 -0.055253226 -0.021521686 0.997929573
1305031121.647183 -0.102693141 -0.207082838 0.159499332 0.028157841 -0.048920177 -0.025781617 0.998072743
1305031121.683200 -0.105441026 -0.214663938 0.161102802 0.025726987 -0.044683795 -0.026524430 0.998317540
1305031121.714520 -0.109635852 -0.222313091 0.161926940 0.024981514 -0.042792875 -0.025191965 0.998453856
1305031121.747145 -0.107520252 -0.228332296 0.164191633 0.023060445 -0.043551452 -0.024979627 0.998472631
1305031121.782835 -0.108258195 -0.236637086 0.167580500 0.020869376 -0.043070354 -0.022843393 0.998592794
1305031121.811540 -0.106181227 -0.240004912 0.171119019 0.019914629 -0.042656127 -0.020685058 0.998677135
1305031121.847335 -0.106627777 -0.243664443 0.171468720 0.017876368 -0.041042779 -0.017573521 0.998842895
1305031121.882060 -0.107530065 -0.248292014 0.171562850 0.014698054 -0.040655635 -0.011257033 0.999001682
1305031121.914931 -0.110040076 -0.247206956 0.171639442 0.013797234 -0.041594777 -0.009678032 0.998992383
1305031121.947288 -0.104873836 -0.247204646 0.175449833 0.013605235 -0.045557778 -0.009547533 0.998823464
1305031121.982926 -0.104791753 -0.242541701 0.173860997 0.014353412 -0.044871349 -0.010517604 0.998834252
1305031122.014256 -0.107595511 -0.238983586 0.171660557 0.014058631 -0.043798123 -0.013096081 0.998855650
1305031122.047306 -0.106672451 -0.234206840 0.169450164 0.014895873 -0.045252986 -0.016418481 0.998729587
1305031122.082959 -0.105418988 -0.226772606 0.167890191 0.015996231 -0.045851763 -0.020277763 0.998614311
1305031122.114672 -0.106357843 -0.216695964 0.163664743 0.017784730 -0.045358058 -0.024119152 0.998521209
1305031122.150725 -0.104961701 -0.206438020 0.163371459 0.017932033 -0.045873918 -0.029633705 0.998346567
1305031122.183042 -0.102380171 -0.195989743 0.161221549 0.019574810 -0.045354296 -0.033671714 0.998211443
1305031122.214959 -0.104690075 -0.172815174 0.153431952 0.020223480 -0.042249788 -0.039286297 0.998129547
1305031122.251319 -0.103976622 -0.168565571 0.152627066 0.013206323 -0.041733108 -0.042674791 0.998129666
1305031122.283560 -0.106789947 -0.151441991 0.149065495 0.014531308 -0.041522074 -0.044681650 0.998032212
1305031122.314289 -0.108461894 -0.130999148 0.145260781 0.010812194 -0.043146141 -0.049377639 0.997789264
1305031122.351327 -0.107328050 -0.121637270 0.143092975 0.004700112 -0.045450091 -0.051623747 0.997620761
1305031122.382630 -0.111299679 -0.107921988 0.138016135 0.000492711 -0.045949843 -0.052187562 0.997579515
1305031122.414997 -0.111416735 -0.102983437 0.132836089 -0.004835566 -0.049950264 -0.053460404 0.997308135
1305031122.451257 -0.111848444 -0.090387389 0.128697678 -0.006449543 -0.054461394 -0.051922604 0.997144103
1305031122.483360 -0.110797100 -0.078841165 0.123082370 -0.009344351 -0.059497189 -0.051931825 0.996832907
1305031122.515097 -0.109397128 -0.067883529 0.118605740 -0.010564177 -0.063420638 -0.053378336 0.996502340
1305031122.551490 -0.105148196 -0.057155821 0.115387037 -0.012146081 -0.065442502 -0.055242840 0.996251941
1305031122.583208 -0.104461081 -0.046688002 0.110511780 -0.013313370 -0.063975446 -0.056327142 0.996271610
1305031122.614980 -0.109246813 -0.037230827 0.106976435 -0.013874796 -0.062643416 -0.055621300 0.996388257
1305031122.648788 -0.108646952 -0.027360139 0.100921705 -0.013119654 -0.064473353 -0.054795612 0.996327460
1305031122.683402 -0.108489603 -0.015489712 0.098574392 -0.012151154 -0.065905996 -0.053371400 0.996323347
1305031122.715208 -0.108149908 -0.004559844 0.095583111 -0.012233084 -0.069061175 -0.049977332 0.996284664
1305031122.751298 -0.105081744 0.009793399 0.091343790 -0.010830862 -0.072273731 -0.049995925 0.996072054
1305031122.783423 -0.105291046 0.027297968 0.087931767 -0.011631719 -0.071839459 -0.050661996 0.996060789
1305031122.812555 -0.101616293 0.033127107 0.088029698 -0.017773047 -0.072238952 -0.051693279 0.995888293
1305031122.851418 -0.094879948 0.044872988 0.087252609 -0.018431731 -0.070462964 -0.053281534 0.995919824
1305031122.883754 -0.097767755 0.056631185 0.084452532 -0.020401601 -0.062981464 -0.052419394 0.996428251
1305031122.914571 -0.101977527 0.061114993 0.083779134 -0.024932781 -0.059180114 -0.051079020 0.996627808
1305031122.951341 -0.102322638 0.066844702 0.081390619 -0.026969854 -0.058300819 -0.050066102 0.996677995
1305031122.982815 -0.105485275 0.080509581 0.079127938 -0.026605928 -0.057210837 -0.046812020 0.996909022
1305031123.015450 -0.104073241 0.083875060 0.077690169 -0.030464163 -0.058915794 -0.044065509 0.996824503
1305031123.051827 -0.101938687 0.090567358 0.076251619 -0.030053109 -0.059161015 -0.042313721 0.996898353
1305031123.082975 -0.103503093 0.105982058 0.072305769 -0.027136026 -0.057396099 -0.039937079 0.997183204
1305031123.113873 -0.102834150 0.115706958 0.070125572 -0.029920498 -0.056397475 -0.037992481 0.997236490
1305031123.150822 -0.102727920 0.123632699 0.070304126 -0.032674432 -0.055629931 -0.037916563 0.997196078
1305031123.182155 -0.100364797 0.138728142 0.069549516 -0.032753177 -0.054334093 -0.037103076 0.997295558
1305031123.214704 -0.100835480 0.150642797 0.069547340 -0.035554435 -0.048950527 -0.038881641 0.997410655
1305031123.250618 -0.101083294 0.167376220 0.067624778 -0.038451284 -0.044571057 -0.039006669 0.997503579
1305031123.282347 -0.097571529 0.176157027 0.069776490 -0.046592750 -0.042962063 -0.036089428 0.997336924
1305031123.311327 -0.096490286 0.185269833 0.070851564 -0.051265415 -0.039034829 -0.035519931 0.997289538
1305031123.350481 -0.096665338 0.191088796 0.070614293 -0.057197686 -0.034279589 -0.035031680 0.997159004
1305031123.382255 -0.094741657 0.204451770 0.071821868 -0.059016474 -0.030239359 -0.031431478 0.997303724
1305031123.411363 -0.095430166 0.208644092 0.071412317 -0.063285716 -0.024986552 -0.029307935 0.997252047
1305031123.451255 -0.094348110 0.216557339 0.069967121 -0.065558493 -0.023024833 -0.026647661 0.997227073
1305031123.483594 -0.092710167 0.223653331 0.068620138 -0.070440702 -0.021485945 -0.022161325 0.997038245
1305031123.511360 -0.090738095 0.229772076 0.068952151 -0.073414564 -0.020523246 -0.019531736 0.996899009
1305031123.551513 -0.089746758 0.235242277 0.068603180 -0.076233767 -0.020941755 -0.016608676 0.996731639
1305031123.579583 -0.089559048 0.244663849 0.068852097 -0.076727390 -0.020150119 -0.014097810 0.996748805
1305031123.611335 -0.086242929 0.250881344 0.066234350 -0.078765243 -0.019571600 -0.013297937 0.996612310
1305031123.652411 -0.085033529 0.258516192 0.064897828 -0.082291976 -0.017332243 -0.013316767 0.996368527
1305031123.683753 -0.082897820 0.266221493 0.065165520 -0.085238822 -0.014162148 -0.012265600 0.996184349
1305031123.711323 -0.082977913 0.272101998 0.066136956 -0.089648090 -0.010273659 -0.010777878 0.995862186
1305031123.751723 -0.080753885 0.277948588 0.066229478 -0.091105968 -0.009512266 -0.007921630 0.995764256
1305031123.783858 -0.079728566 0.282986015 0.065953642 -0.091425195 -0.010361967 -0.006081394 0.995739460
1305031123.811608 -0.080513872 0.284180164 0.064573787 -0.092541471 -0.010008310 -0.005324899 0.995644271
1305031123.851444 -0.078887761 0.286056906 0.064024031 -0.092818595 -0.010974914 -0.002728340 0.995618820
1305031123.883786 -0.079057716 0.289709032 0.064472459 -0.089927591 -0.012346680 -0.002084163 0.995869577
1305031123.911243 -0.079389259 0.284217983 0.063759103 -0.088603735 -0.013427109 -0.003501053 0.995970309
1305031123.951442 -0.078551903 0.278616905 0.063641027 -0.091402881 -0.014437939 -0.001559654 0.995708108
1305031123.983415 -0.078172252 0.285106242 0.065323494 -0.086539432 -0.017376270 0.000513941 0.996096730
1305031124.011302 -0.076890334 0.280040860 0.066015884 -0.080920950 -0.021943973 -0.000641314 0.996478736
1305031124.051505 -0.081246108 0.267588854 0.068144262 -0.080974258 -0.023232631 0.000106931 0.996445417
1305031124.083837 -0.081138849 0.269045264 0.070677072 -0.076127551 -0.026245346 0.000845597 0.996752262
1305031124.111331 -0.084040791 0.258183450 0.073752001 -0.070870601 -0.027674276 -0.000838795 0.997101188
1305031124.147446 -0.086264685 0.244141862 0.075713210 -0.070410587 -0.028117815 -0.002756748 0.997117937
1305031124.182694 -0.085228294 0.240728065 0.078164667 -0.066541672 -0.029888194 -0.004483938 0.997325838
1305031124.211396 -0.085246645 0.229961380 0.080979958 -0.060278263 -0.031083506 -0.006930769 0.997673452
1305031124.249327 -0.081595123 0.217601299 0.081241354 -0.058213491 -0.035056591 -0.007021730 0.997663736
1305031124.282545 -0.083659694 0.208451271 0.083779126 -0.058530036 -0.038588289 -0.007515939 0.997511268
1305031124.311361 -0.084858932 0.188064367 0.085370317 -0.059858989 -0.041954409 -0.008028567 0.997292519
1305031124.350354 -0.086190112 0.174146757 0.085882515 -0.057895824 -0.044673815 -0.008905179 0.997282863
1305031124.382420 -0.084608719 0.163036793 0.086459160 -0.055110514 -0.047514860 -0.010306253 0.997295797
1305031124.411439 -0.081761256 0.151621014 0.088947885 -0.049961403 -0.050793424 -0.011045206 0.997397542
1305031124.450245 -0.082655422 0.142867893 0.089714795 -0.042234257 -0.051646549 -0.013030451 0.997686923
1305031124.480099 -0.083783709 0.127065673 0.091050506 -0.038260654 -0.052711390 -0.015340347 0.997758627
1305031124.511324 -0.084883995 0.119130895 0.090750895 -0.030904151 -0.054102484 -0.016948821 0.997913122
1305031124.579404 -0.086125799 0.094495155 0.094394304 -0.024030879 -0.058451414 -0.021742053 0.997764111
1305031124.611358 -0.086386524 0.081947669 0.097317763 -0.019218493 -0.061046537 -0.024004601 0.997661114
1305031124.651271 -0.086503953 0.069274232 0.099280164 -0.016514506 -0.063592136 -0.025840843 0.997504652
1305031124.679362 -0.085068576 0.054983214 0.102279782 -0.013390029 -0.065915704 -0.027435120 0.997358024
1305031124.711251 -0.085501350 0.044896677 0.104037493 -0.008780792 -0.065980896 -0.029063867 0.997358859
1305031124.749890 -0.087871835 0.031849343 0.107243396 -0.006775199 -0.065487504 -0.031194614 0.997342646
1305031124.779365 -0.088683836 0.018072270 0.110807970 -0.004224577 -0.066752896 -0.032019317 0.997246683
1305031124.811360 -0.089831822 0.007375726 0.113296077 -0.001767113 -0.067343779 -0.032440372 0.997200727
1305031124.850535 -0.089654997 -0.007816657 0.119157985 -0.002638104 -0.069219358 -0.033097629 0.997048795
1305031124.879355 -0.084610708 -0.022081912 0.124697901 -0.001256822 -0.071368560 -0.032850917 0.996908128
1305031124.911448 -0.087552488 -0.027135717 0.127922356 0.002179683 -0.067828998 -0.033270661 0.997139633
1305031124.950730 -0.088173814 -0.040551573 0.133803099 -0.001378046 -0.066496938 -0.033437502 0.997225225
1305031124.979438 -0.091143638 -0.061895508 0.139134914 -0.002761069 -0.065280870 -0.031812705 0.997355878
1305031125.011454 -0.093841232 -0.070717677 0.142996460 0.002488436 -0.067302860 -0.030342849 0.997267962
1305031125.050763 -0.089323469 -0.075203203 0.146764845 0.006019135 -0.070920505 -0.029074581 0.997039974
1305031125.079364 -0.090210795 -0.085609615 0.151044697 0.005190213 -0.070003912 -0.026167659 0.997189939
1305031125.111364 -0.091493323 -0.101682886 0.154401809 0.004069220 -0.071104139 -0.024850184 0.997150958
1305031125.151013 -0.091681413 -0.108293660 0.157141417 0.009279746 -0.071194552 -0.027616993 0.997036874
1305031125.179353 -0.093655825 -0.110326275 0.158070490 0.010365387 -0.068177663 -0.026519788 0.997266829
1305031125.211320 -0.095224999 -0.123697698 0.163408235 0.006467931 -0.066939376 -0.026445469 0.997385502
1305031125.250632 -0.096020177 -0.138860837 0.165087521 0.006713904 -0.066998839 -0.028305035 0.997328877
1305031125.279467 -0.099446908 -0.141591385 0.166948333 0.011053002 -0.065900743 -0.029957425 0.997315109
1305031125.311493 -0.099063985 -0.154327124 0.171587050 0.010009842 -0.064775072 -0.028981345 0.997428775
1305031125.348880 -0.100155503 -0.161332801 0.170926943 0.013422778 -0.063434921 -0.032117702 0.997378707
1305031125.379401 -0.097320288 -0.166499510 0.175674781 0.013701679 -0.062485851 -0.036347631 0.997289658
1305031125.411335 -0.097919837 -0.170586377 0.179274857 0.014350384 -0.056047715 -0.036620378 0.997653067
1305031125.451195 -0.101910032 -0.177065343 0.180360943 0.011457841 -0.049599413 -0.038988933 0.997942090
1305031125.479424 -0.101154000 -0.186458558 0.183516905 0.011206334 -0.046216447 -0.040046923 0.998065472
1305031125.511316 -0.103509799 -0.186914012 0.183333918 0.012308160 -0.041697580 -0.040896315 0.998217106
1305031125.551020 -0.103091188 -0.189355344 0.184509337 0.011660845 -0.038761389 -0.042398121 0.998280525
1305031125.579308 -0.101631224 -0.193908945 0.186021507 0.009494503 -0.035720427 -0.044688005 0.998317003
1305031125.611533 -0.103350312 -0.199961051 0.185140342 0.009073051 -0.031920806 -0.044173520 0.998472571
1305031125.650575 -0.107918397 -0.202977091 0.180514321 0.012747064 -0.030613873 -0.040886872 0.998613358
1305031125.679328 -0.112649128 -0.191900522 0.173628986 0.018813265 -0.033303294 -0.040234886 0.998457849
1305031125.711443 -0.108386129 -0.193916574 0.173126921 0.019048641 -0.040219065 -0.038084280 0.998283088
1305031125.751260 -0.105443686 -0.180475950 0.169001594 0.025584625 -0.043308079 -0.037709784 0.998021960
1305031125.779348 -0.105703823 -0.171510249 0.168023348 0.026358625 -0.043976523 -0.041170999 0.997835755
1305031125.811573 -0.103689283 -0.160150677 0.164067701 0.027596226 -0.043463279 -0.041806687 0.997798383
1305031125.847412 -0.101577938 -0.154504851 0.161779478 0.024480103 -0.042498745 -0.043180272 0.997862756
1305031125.879318 -0.105082415 -0.144843549 0.155503273 0.025161255 -0.041743398 -0.044410802 0.997823656
1305031125.911305 -0.108169578 -0.132589325 0.151448876 0.021783547 -0.044112254 -0.043451548 0.997843444
1305031125.947343 -0.109610453 -0.129334211 0.148679882 0.016533302 -0.050428331 -0.040826831 0.997755885
1305031125.979324 -0.107585363 -0.116992064 0.144676641 0.016486149 -0.058173347 -0.038092665 0.997443259
1305031126.011333 -0.101452075 -0.101371899 0.145378083 0.015547968 -0.065572217 -0.037882123 0.997007251
1305031126.047324 -0.095617294 -0.085445769 0.144909889 0.013846680 -0.068307854 -0.037162974 0.996875703
1305031126.079356 -0.095629007 -0.071304478 0.143354535 0.010718324 -0.066293955 -0.037567183 0.997035086
1305031126.111370 -0.095176421 -0.060081102 0.143496856 0.007282319 -0.065077744 -0.037523519 0.997147858
1305031126.147432 -0.092915677 -0.044341471 0.142141178 0.005649197 -0.064613216 -0.035575330 0.997260034
1305031126.179384 -0.093310721 -0.031710487 0.140250355 -0.001157825 -0.064240523 -0.035148341 0.997314632
1305031126.211319 -0.088697761 -0.020410897 0.142103136 -0.005297796 -0.066093259 -0.034334302 0.997208476
1305031126.247298 -0.088980488 -0.003260117 0.138289660 -0.006473128 -0.063765027 -0.034482975 0.997348011
1305031126.279363 -0.085505813 0.009447319 0.137949437 -0.010319978 -0.063138932 -0.035270773 0.997327924
1305031126.311332 -0.082271844 0.024790544 0.137038797 -0.013346322 -0.060768455 -0.036285270 0.997402847
1305031126.347363 -0.082873762 0.033954255 0.136004061 -0.018404519 -0.056390312 -0.037746072 0.997525275
1305031126.379423 -0.084013782 0.045804158 0.133999631 -0.021466836 -0.052874763 -0.039182495 0.997601211
1305031126.411465 -0.085100338 0.059242953 0.131619185 -0.025113827 -0.050339971 -0.040378243 0.997599542
1305031126.447361 -0.085426927 0.066024758 0.130779997 -0.030312257 -0.048743457 -0.039702412 0.997561514
1305031126.479533 -0.088195421 0.076637775 0.127352104 -0.032228168 -0.047709085 -0.036695354 0.997666597
1305031126.511410 -0.086921625 0.092884958 0.124021627 -0.033267803 -0.049569443 -0.035456162 0.997586608
1305031126.547374 -0.082721829 0.102627933 0.124028109 -0.038914371 -0.051211230 -0.035361189 0.997302711
1305031126.579454 -0.081520125 0.111344799 0.122013852 -0.043129884 -0.048978403 -0.033142831 0.997317612
1305031126.611528 -0.080828287 0.118926987 0.121169575 -0.048618436 -0.047249552 -0.031528838 0.997200906
1305031126.647376 -0.077531941 0.121208519 0.121098302 -0.054203041 -0.046551269 -0.029668882 0.997002900
1305031126.679479 -0.077492788 0.127320603 0.118492194 -0.056107663 -0.044049498 -0.024786327 0.997144520
1305031126.711583 -0.076947652 0.135172307 0.116538391 -0.057875678 -0.042408071 -0.022201674 0.997175515
1305031126.747316 -0.076157741 0.137646928 0.116370767 -0.059385996 -0.040698532 -0.019358240 0.997217238
1305031126.779379 -0.074967287 0.143917665 0.113432825 -0.058623806 -0.039942913 -0.016052481 0.997351587
1305031126.811602 -0.072485201 0.148473352 0.111614347 -0.058332793 -0.038167380 -0.016212981 0.997435570
1305031126.847343 -0.071334057 0.151484609 0.109869622 -0.058894455 -0.034647953 -0.015241177 0.997546315
1305031126.879357 -0.071434006 0.154812142 0.107610762 -0.058966618 -0.032301623 -0.014310379 0.997634590
1305031126.911364 -0.070452847 0.155927673 0.107034713 -0.059420682 -0.030410985 -0.015103619 0.997655392
1305031126.947437 -0.069038078 0.156724587 0.106147990 -0.060572114 -0.030175213 -0.012634345 0.997627616
1305031126.979337 -0.069897912 0.159049645 0.105812088 -0.059600662 -0.030661693 -0.011768751 0.997681856
1305031127.011371 -0.069653161 0.157918826 0.105109036 -0.058645807 -0.031504069 -0.011307798 0.997717559
1305031127.047297 -0.068552166 0.157379597 0.103631742 -0.058430254 -0.032278575 -0.010272111 0.997716665
1305031127.079299 -0.069177821 0.157437876 0.104683280 -0.058408663 -0.032667156 -0.009461963 0.997713268
1305031127.111435 -0.070156902 0.155273914 0.105229750 -0.058590755 -0.034810074 -0.008308393 0.997640371
1305031127.147307 -0.071175121 0.151880860 0.104939178 -0.057837542 -0.037743859 -0.008719151 0.997574151
1305031127.179349 -0.071102567 0.152069494 0.104933128 -0.055119582 -0.040665835 -0.009596490 0.997605145
1305031127.211700 -0.070584588 0.149642259 0.106421463 -0.054769825 -0.042234402 -0.010090251 0.997554362
1305031127.247374 -0.071186833 0.145747781 0.107728504 -0.053025264 -0.042122781 -0.011014161 0.997643590
1305031127.279465 -0.070607223 0.143330172 0.108744144 -0.051515009 -0.042846549 -0.011948037 0.997681141
1305031127.311362 -0.071251415 0.140470996 0.110372752 -0.051902134 -0.043841563 -0.012645964 0.997609258
1305031127.347356 -0.072078042 0.133516535 0.111811504 -0.051484246 -0.045155730 -0.013599304 0.997559726
1305031127.379262 -0.073061839 0.132524312 0.112263598 -0.048768975 -0.045864951 -0.013396022 0.997666538
1305031127.411371 -0.072622240 0.131507784 0.113601476 -0.048155423 -0.047540832 -0.014233701 0.997606277
1305031127.447333 -0.072365358 0.123602293 0.115550041 -0.049572650 -0.049119446 -0.014600958 0.997455060
1305031127.479362 -0.074893400 0.126316741 0.116091743 -0.046111800 -0.049193174 -0.015264815 0.997607470
1305031127.511356 -0.075192116 0.125008553 0.117362164 -0.047147147 -0.050359774 -0.016691240 0.997478068
1305031127.547348 -0.074320957 0.120548144 0.120427787 -0.047802575 -0.051880654 -0.016674401 0.997369170
1305031127.579345 -0.075238235 0.121184908 0.121048905 -0.045414276 -0.052062768 -0.016988670 0.997465968
1305031127.611271 -0.076054730 0.122531593 0.121737756 -0.045059804 -0.052232452 -0.017239565 0.997468889
1305031127.647358 -0.075218916 0.117486373 0.123264909 -0.047497507 -0.053052846 -0.015573117 0.997339904
1305031127.679298 -0.075083926 0.115366489 0.123715945 -0.046482254 -0.053723190 -0.014808862 0.997363448
1305031127.711375 -0.076661296 0.118049011 0.123079956 -0.044688620 -0.053741239 -0.015918026 0.997427404
1305031127.747304 -0.075838096 0.115528047 0.124553785 -0.046482235 -0.054728583 -0.015637161 0.997296154
1305031127.779346 -0.075817734 0.111927204 0.124879673 -0.046300575 -0.054965891 -0.015184617 0.997298539
1305031127.811829 -0.077253692 0.115153141 0.124134883 -0.043399911 -0.054742519 -0.016571702 0.997419238
1305031127.847366 -0.077493355 0.113910682 0.123593703 -0.044006597 -0.054583389 -0.017341962 0.997388244
1305031127.879380 -0.078775637 0.111839488 0.124087714 -0.044610389 -0.054632202 -0.017858973 0.997349620
1305031127.911476 -0.080183387 0.112419382 0.124225371 -0.043967512 -0.055018369 -0.018345289 0.997348130
1305031127.947366 -0.080456555 0.114191584 0.124825388 -0.043913055 -0.055872522 -0.018211080 0.997305512
1305031127.979371 -0.078328453 0.111133583 0.127354577 -0.046786949 -0.057806373 -0.017691271 0.997073948
1305031128.011427 -0.076745480 0.110698141 0.128520742 -0.048076261 -0.058465000 -0.017996315 0.996968746
1305031128.047369 -0.076632276 0.108626410 0.131221652 -0.050541680 -0.057536606 -0.017250637 0.996913970
1305031128.079334 -0.077718571 0.105498478 0.133219168 -0.051094852 -0.056786697 -0.016071172 0.996948481
1305031128.111391 -0.078982867 0.105826631 0.133415803 -0.050056405 -0.056386475 -0.015400629 0.997034490
1305031128.147418 -0.076940618 0.103168964 0.134862229 -0.051926903 -0.057454027 -0.013646587 0.996903419
1305031128.179350 -0.075318396 0.098355442 0.137393147 -0.052434705 -0.058261905 -0.012766342 0.996841609
1305031128.211447 -0.076603718 0.101323180 0.135880262 -0.049252473 -0.057533462 -0.012186351 0.997053444
1305031128.247480 -0.077343151 0.102842286 0.136275202 -0.048769020 -0.057817508 -0.012188962 0.997060776
1305031128.279336 -0.075357996 0.098089740 0.138070673 -0.050554283 -0.059201188 -0.011841310 0.996894836
1305031128.311483 -0.075674996 0.099144429 0.137014911 -0.048877377 -0.059020247 -0.012598357 0.996979892
1305031128.347423 -0.077456087 0.099498220 0.136452988 -0.048635975 -0.058296349 -0.013677523 0.997020066
1305031128.379404 -0.078412361 0.098832600 0.136411875 -0.048737332 -0.058301229 -0.015556399 0.996987283
1305031128.411337 -0.077811159 0.098232828 0.136805356 -0.048125397 -0.058747288 -0.016640866 0.996973336
1305031128.447296 -0.077906221 0.098096773 0.136487484 -0.047841907 -0.058850512 -0.017471647 0.996966660
1305031128.479296 -0.078965753 0.097104318 0.136953101 -0.048193075 -0.058660995 -0.018645436 0.996939659
1305031128.511433 -0.078906149 0.095848180 0.136242703 -0.048230384 -0.058435984 -0.019381171 0.996937037
1305031128.547399 -0.078283846 0.095361605 0.136559293 -0.048159469 -0.058293153 -0.020022385 0.996936142
1305031128.579455 -0.078638032 0.092901923 0.136573866 -0.048300419 -0.057546832 -0.020380314 0.996965468
1305031128.611395 -0.079990178 0.092710510 0.135859847 -0.047055226 -0.057327569 -0.019655667 0.997052133
1305031128.647352 -0.080867805 0.093358248 0.134906530 -0.046312984 -0.058181722 -0.019460220 0.997041285
1305031128.679282 -0.080942884 0.090905316 0.134992391 -0.046593659 -0.059527084 -0.020353302 0.996930957
1305031128.711457 -0.080023542 0.091792963 0.135034382 -0.044927880 -0.059780255 -0.021314079 0.996972203
