1311868164.363181 -0.0000045 0.0000002 0.0000022 -0.0000064 -0.0000119 0.0000057 1.0000000
1311868164.863058 0.0602885 -0.0018160 -0.0434671 0.0064413 -0.0048608 -0.0152708 0.9998508
1311868164.899132 0.0678706 -0.0025143 -0.0450504 0.0097242 -0.0036014 -0.0157420 0.9998223
1311868165.131014 0.1357957 -0.0016123 -0.0579060 0.0115511 -0.0222148 -0.0253731 0.9993644
1311868165.331226 0.2080220 0.0164350 -0.0719777 0.0096321 -0.0433138 -0.0358323 0.9983723
1311868165.763100 0.3136432 0.0442406 -0.0978370 -0.0034996 -0.0499964 -0.0370742 0.9980549
1311868166.263177 0.3146320 0.1038564 -0.1866529 -0.0342724 -0.0093789 -0.0250969 0.9990534
1311868167.099303 0.4725644 0.1429134 -0.2528578 -0.0401470 -0.0303015 -0.0408351 0.9978991
1311868168.163282 0.6840594 0.1015670 -0.2113174 -0.0376039 -0.0853412 -0.0561022 0.9940600
1311868169.131247 0.6897038 -0.0253459 -0.0469881 -0.0124508 -0.1363363 -0.0822254 0.9871658
1311868169.531434 0.7360755 -0.1144895 0.0290347 0.0178758 -0.2112541 -0.1281436 0.9688299
1311868170.131345 0.8310672 -0.1965742 0.0795520 0.0413682 -0.2551233 -0.1238110 0.9580562
1311868171.131477 1.0210152 -0.1568868 0.0013332 0.0224842 -0.2720450 -0.1360902 0.9523473
1311868173.099605 1.3726667 -0.1299229 0.2909897 -0.0815017 -0.2921759 -0.2226254 0.9265142
1311868174.567585 1.5079451 -0.3266067 0.5545018 -0.0406803 -0.4058412 -0.2739699 0.8709641
1311868175.367738 1.4469227 -0.4619534 0.6464378 0.0364749 -0.4380139 -0.2322067 0.8676944
1311868175.431994 1.4392362 -0.4758548 0.6606530 0.0376723 -0.4448535 -0.2242091 0.8662658
1311868175.731708 1.4255073 -0.5164520 0.7182745 0.0609414 -0.4643069 -0.2013008 0.8603390
1311868175.967871 1.4396018 -0.5524994 0.7633947 0.0717559 -0.4896700 -0.2034296 0.8448022
1311868176.267779 1.4844983 -0.5966619 0.8448077 0.0726024 -0.5258284 -0.2341701 0.8144923
1311868176.567758 1.5304909 -0.6191391 0.9392288 0.0481466 -0.5343986 -0.2548104 0.8044699
1311868176.967856 1.5442520 -0.6452200 1.0170910 0.0338662 -0.5383277 -0.2581868 0.8014961
1311868177.699913 1.4868264 -0.6981575 1.1751876 0.0216740 -0.5291010 -0.2872612 0.7981625
1311868178.100039 1.5144793 -0.7132971 1.2607981 0.0090536 -0.5731705 -0.3139695 0.7568465
1311868178.731905 1.6138729 -0.7348052 1.3616177 -0.0067886 -0.6139621 -0.3332636 0.7154997
1311868179.432203 1.8382547 -0.7245923 1.3422482 -0.0326875 -0.6024263 -0.3427853 0.7200781
1311868180.400081 2.0514748 -0.7747048 1.4863580 -0.0579372 -0.6146064 -0.3677940 0.6954350
1311868182.200278 1.8666484 -0.8705812 1.6558354 -0.0614128 -0.6014785 -0.3637472 0.7086185
1311868182.700341 1.7101877 -0.9191507 1.7062733 -0.0443804 -0.6198432 -0.3473179 0.7022786
1311868183.168211 1.5335660 -1.0118039 1.7866251 -0.0060641 -0.6802028 -0.3655367 0.6353505
1311868183.668587 1.3712878 -1.0736315 1.8278440 -0.0296490 -0.7285753 -0.3775226 0.5707675
1311868184.000440 1.2603055 -1.1075084 1.8329308 -0.0257530 -0.7249012 -0.3843288 0.5710922
1311868184.368210 1.1535342 -1.1307846 1.8416951 -0.0139112 -0.7247549 -0.3661706 0.5834861
1311868184.700710 1.0540975 -1.1533954 1.8713281 -0.0145692 -0.7511746 -0.3575310 0.5547037
1311868184.936308 0.9786619 -1.1972620 1.8980312 0.0030784 -0.7746272 -0.3574122 0.5217275
1311868185.300484 0.8755414 -1.2327172 1.9233845 -0.0157647 0.7934271 0.3576449 -0.4922551
1311868185.500443 0.8290690 -1.2406725 1.9384261 -0.0251084 0.7944507 0.3438328 -0.4999966
1311868185.668624 0.7979136 -1.2461485 1.9409657 0.0434827 -0.7946197 -0.3336655 0.5053276
1311868185.800441 0.7738582 -1.2476063 1.9468646 0.0421543 -0.7967095 -0.3178028 0.5123264
1311868185.868447 0.7659206 -1.2454848 1.9516580 0.0352851 -0.7995061 -0.3144291 0.5105676
1311868186.000413 0.7408902 -1.2445040 1.9614089 -0.0317403 0.8046303 0.3217921 -0.4980084
1311868186.068672 0.7288277 -1.2444637 1.9691370 -0.0325146 0.8076423 0.3262035 -0.4901509
1311868186.200391 0.7093543 -1.2450247 1.9869277 -0.0293788 0.8156666 0.3356904 -0.4702519
1311868186.500490 0.6742746 -1.2480996 2.0397611 -0.0158602 0.8370967 0.3613980 -0.4103767
1311868187.036707 0.7333355 -1.2642460 2.1089256 -0.0004181 0.8421541 0.3777758 -0.3847879
1311868187.400493 0.8092666 -1.2798003 2.1620152 0.0095259 0.8248597 0.4035136 -0.3958441
1311868188.068520 0.8353794 -1.3219744 2.3113811 0.0079509 0.8288057 0.4140462 -0.3762759
1311868188.336811 0.8082001 -1.3210911 2.4179122 0.0129573 0.8313034 0.4390476 -0.3405937
1311868188.568686 0.8128951 -1.3147234 2.4683313 0.0294803 0.8290855 0.4553448 -0.3231243
1311868188.936521 0.8944002 -1.3255632 2.5443454 0.0527081 0.8212723 0.4703786 -0.3185556
1311868189.368446 1.0110414 -1.3512316 2.6223845 0.0640394 0.7988164 0.4982888 -0.3309072
1311868190.002005 1.0542490 -1.4027120 2.7637763 0.0710325 0.7844368 0.5112616 -0.3438384
1311868191.305138 1.0031543 -1.5056751 2.9872353 0.0723914 0.7861647 0.5021642 -0.3528960
1311868193.573764 0.7614232 -1.5520196 2.8217475 0.0472493 0.8120250 0.4985352 -0.2997425
1311868195.068954 0.6644201 -1.6708624 2.7715459 0.0344859 0.8426049 0.4566952 -0.2832971
1311868195.669012 0.6324438 -1.7003391 2.8850894 0.0239920 0.8351949 0.4590524 -0.3019018
1311868196.569054 0.7212769 -1.7033143 3.0426693 0.0607969 0.7965413 0.4772130 -0.3661879
1311868197.369073 0.6920300 -1.7489440 3.2156887 0.0597556 0.7872590 0.5043980 -0.3496212
1311868198.169159 0.6031028 -1.7619560 3.3636756 0.0772751 0.7768540 0.5312666 -0.3290626
1311868199.769136 0.3611675 -1.7306343 3.3793664 0.0816315 0.7929763 0.5450541 -0.2596940
1311868200.673455 0.1787664 -1.7809401 3.4792705 0.0601527 0.8051478 0.5643913 -0.1719919
1311868202.773447 -0.0951106 -1.7847550 3.5310013 0.0385141 0.8019123 0.5836172 -0.1218370
1311868203.873636 -0.2067548 -1.8773321 3.3866348 0.0364014 0.8287262 0.5582640 -0.0151352
1311868204.705514 -0.3648803 -1.9728293 3.2437615 0.0153779 0.8289956 0.5581918 0.0308510
1311868205.905586 -0.4674979 -2.1012807 3.1390600 0.0288222 0.8658331 0.4985966 0.0300615
1311868207.873905 -0.6553187 -1.9447854 3.2412086 0.0029757 0.8551311 0.5139013 0.0681709
1311868209.037800 -0.8025731 -1.8376534 3.3823695 0.0017965 0.8254924 0.5605423 0.0659640
1311868211.541927 -1.0503141 -1.6206496 3.3232965 -0.0070799 0.8100204 0.5689431 0.1418464
1311868213.608357 -1.3454592 -1.5651368 3.2187395 -0.0224804 0.8109013 0.5619100 0.1618358
1311868215.042220 -1.4569259 -1.5174134 3.0715880 -0.0160691 0.8058800 0.5280828 0.2672599
1311868216.142434 -1.4631770 -1.5813985 2.8937974 -0.0234739 0.7968480 0.4993732 0.3392766
1311868217.342453 -1.4993230 -1.6685499 2.7315373 -0.0012204 0.8162709 0.4705837 0.3350392
1311868219.474442 -1.5914906 -1.4424921 2.8053162 0.0112551 0.8060661 0.4599501 0.3722588
1311868220.410461 -1.6448927 -1.2925686 2.9069681 0.0249473 0.7618729 0.4888626 0.4241939
1311868222.810880 -1.8107979 -1.1853874 2.8660498 -0.0040567 0.7276810 0.5203686 0.4468561
1311868225.111236 -2.0187299 -1.0634885 2.6090162 -0.0023029 0.7024913 0.4851601 0.5206921
1311868227.047092 -2.1392078 -0.9577786 2.3608410 0.0028262 0.6832739 0.4757406 0.5538950
1311868228.079022 -2.1423633 -0.8861009 2.1591959 0.0086391 0.6372486 0.4397511 0.6328180
1311868229.148295 -2.2339127 -0.8065671 1.9677107 -0.0001657 0.6138015 0.4153508 0.6713653
1311868230.113585 -2.0500958 -0.8687401 1.8102822 -0.0128516 0.5992453 0.4368563 0.6707433
1311868230.613609 -1.9405010 -0.9007483 1.7135679 -0.0044890 0.6003825 0.4670471 0.6491438
1311868231.012678 -1.8737922 -0.9125948 1.6306499 -0.0107102 0.6097434 0.4407310 0.6586763
1311868231.481615 -1.7998009 -0.9362410 1.5561736 -0.0651910 0.6028005 0.4388395 0.6631753
1311868232.084470 -1.6914569 -1.0203378 1.5241343 -0.0847337 0.5981933 0.4365327 0.6666514
1311868232.779268 -1.5810840 -1.1146355 1.5144856 -0.0775777 0.6060448 0.4464888 0.6537118
1311868234.443480 -1.7695024 -0.9854084 1.4177101 -0.0488623 0.5883960 0.3693688 0.7176137
1311868235.143595 -1.9169929 -0.8699094 1.3471191 -0.0556087 0.5757343 0.3652650 0.7293965
1311868235.611793 -1.9689658 -0.7819161 1.2963352 -0.0430524 0.5824386 0.3689285 0.7230515
1311868236.211655 -1.9758275 -0.6738040 1.2452059 -0.0301573 0.5657772 0.3661096 0.7382076
1311868236.879498 -1.9688390 -0.5631736 1.1956985 -0.0178408 0.5381664 0.3480893 0.7673933
1311868237.511663 -1.9839892 -0.4479468 1.1071569 -0.0026861 0.5027598 0.3395486 0.7949415
1311868238.111670 -2.0149033 -0.3392135 0.9614952 -0.0211722 0.4624759 0.3167075 0.8278672
1311868239.247740 -1.9323920 -0.2092884 0.8279764 -0.0245546 0.4373924 0.3131986 0.8426100
1311868240.347732 -1.8674479 -0.0687978 0.6727254 -0.0439521 0.3539018 0.2706757 0.8941792
1311868241.847976 -1.7035204 -0.1552110 0.5186478 -0.0616757 0.3353109 0.2777956 0.8981048
1311868242.812042 -1.5957686 -0.1831121 0.4044785 -0.0467327 0.2751088 0.2097547 0.9370881
1311868243.611954 -1.5188260 -0.1338973 0.3197200 -0.0349495 0.2609267 0.1881208 0.9462063
1311868244.048067 -1.4617319 -0.0681008 0.2314719 -0.0606556 0.2075196 0.1583940 0.9634147
1311868244.448220 -1.4305471 0.0131638 0.1821431 -0.0574219 0.1819283 0.1356940 0.9722099
1311868244.980073 -1.3684391 0.0931896 0.1390733 -0.0677080 0.1977078 0.1453666 0.9670552
1311868245.716121 -1.2167032 0.1576379 0.1136064 -0.0525693 0.1725418 0.1401772 0.9735585
1311868246.048196 -1.1513016 0.2110775 0.0704729 -0.0669112 0.1436354 0.1426763 0.9770032
1311868246.816180 -1.0984340 0.3200471 -0.0705625 -0.0978510 0.1359777 0.1313386 0.9770800
1311868248.148302 -0.8632055 0.2055671 -0.0259515 -0.0858400 0.1265385 0.1260285 0.9801716
1311868248.980371 -0.6450911 0.0968973 0.0326336 -0.1222510 0.0755369 0.0815936 0.9862512
1311868249.780683 -0.5053213 -0.0144927 0.1069368 -0.1152695 0.0881441 0.0754525 0.9865346
1311868250.416431 -0.4703043 -0.1480716 0.2095648 -0.0942701 0.0966805 0.0748052 0.9880133
1311868252.416673 -0.2354809 -0.0867899 0.0822507 -0.0755718 0.0569761 0.0021312 0.9955090
1311868253.148796 -0.0591644 0.0076493 0.0136440 -0.1005223 0.0367964 0.0230699 0.9939865
1311868254.748845 0.3428624 0.0756296 0.0148651 -0.1347112 -0.0508008 -0.0277113 0.9891937
1311868255.049320 0.4138133 0.1043501 -0.0029318 -0.1443303 -0.0679147 -0.0301966 0.9867343
1311868256.385489 0.6646432 0.0661815 0.0591537 -0.1401126 -0.0943987 -0.0592846 0.9838408
1311868256.848894 0.7621486 0.0162874 0.1086828 -0.1209953 -0.1177227 -0.0590920 0.9838748
1311868257.317019 0.8555378 -0.0485128 0.1477765 -0.1240466 -0.1557841 -0.1044780 0.9743860
1311868257.617970 0.9150000 -0.0987419 0.1743298 -0.1238342 -0.1837262 -0.1304386 0.9663827
1311868257.985217 0.9564440 -0.1570871 0.1958111 -0.1209125 -0.2085175 -0.1566274 0.9577935
1311868258.285207 0.9640498 -0.2245075 0.2414777 -0.1430555 -0.2394009 -0.1749240 0.9442584
1311868258.517262 0.9552664 -0.2840323 0.2860680 -0.1412472 -0.2342800 -0.1912210 0.9426541
1311868258.685108 0.9498744 -0.3258476 0.3184970 -0.1331778 -0.2384015 -0.1792476 0.9451448
1311868259.017026 0.9516828 -0.3960734 0.3770827 -0.1255226 -0.2607439 -0.1805905 0.9400233
1311868259.517235 0.9947398 -0.4790552 0.4813839 -0.0969942 -0.2872669 -0.2181952 0.9276102
