1403638133.545097 0.0000000 0.0000000 0.0000000 0.0000000 0.0000000 0.0000000 1.0000000
1403638134.145097 0.0123868 0.0071841 0.0040132 -0.0263363 0.0636657 0.0092773 0.9975806
1403638136.545097 0.0120896 0.0063309 0.0000442 -0.0370101 0.1284131 0.0167175 0.9908889
1403638150.445097 -0.0382156 -0.0199763 0.0470783 -0.0383735 0.0367953 -0.0408872 0.9977484
1403638151.895097 -0.1117775 -0.0394400 0.0978902 -0.0324943 -0.1620316 -0.0987725 0.9812919
1403638152.095097 -0.1257117 -0.0469991 0.1038935 -0.0344476 -0.1645879 -0.1028618 0.9803793
1403638152.395097 -0.1470326 -0.0532781 0.1144401 -0.0327605 -0.1608937 -0.1089391 0.9803939
1403638153.445097 -0.2409080 -0.0700518 0.1512276 -0.0433903 -0.2428162 -0.1285224 0.9605413
1403638153.595097 -0.2559672 -0.0738201 0.1566284 -0.0429175 -0.2613415 -0.1487167 0.9527550
1403638153.745097 -0.2720561 -0.0778936 0.1620058 -0.0395956 -0.2884372 -0.1571230 0.9436888
1403638153.895097 -0.2891518 -0.0819251 0.1677354 -0.0351170 -0.3107260 -0.1602581 0.9362337
1403638154.495097 -0.3600053 -0.0840018 0.1904007 0.0017819 -0.3320143 -0.1493697 0.9313710
1403638154.695097 -0.3821545 -0.0822607 0.1945473 -0.0078066 -0.3384267 -0.1495326 0.9290029
1403638155.045097 -0.4209673 -0.0853772 0.1944089 -0.0131898 -0.3604511 -0.1740611 0.9162990
1403638155.345097 -0.4548179 -0.0885997 0.1894916 -0.0013485 -0.3895405 -0.1775576 0.9037310
1403638155.495097 -0.4713417 -0.0877951 0.1853876 0.0055125 -0.4037715 -0.1833768 0.8962763
1403638155.795097 -0.5028703 -0.0813244 0.1751541 0.0059863 -0.4584669 -0.1768403 0.8709189
1403638156.095097 -0.5294335 -0.0722271 0.1608200 -0.0245100 -0.5196674 -0.2046866 0.8291252
1403638156.745097 -0.5847023 -0.0620680 0.1315349 -0.0492610 -0.5814683 -0.2300745 0.7788028
1403638156.945097 -0.6034442 -0.0566365 0.1264441 -0.0501832 -0.5789812 -0.2312614 0.7802439
1403638157.195097 -0.6290990 -0.0526720 0.1205465 -0.0566874 -0.5715521 -0.2344879 0.7843023
1403638157.495097 -0.6638532 -0.0520419 0.1151369 -0.0446956 -0.5758227 -0.2370282 0.7811838
1403638157.645097 -0.6819030 -0.0511050 0.1131911 -0.0327764 -0.5891186 -0.2378286 0.7715585
1403638158.595097 -0.7953831 -0.0450338 0.0922718 -0.0207159 -0.6700999 -0.2583101 0.6955665
1403638158.795097 -0.8183442 -0.0414745 0.0882247 -0.0269142 -0.6693563 -0.2543703 0.6975195
1403638158.995097 -0.8408563 -0.0398174 0.0835850 -0.0431302 -0.6656974 -0.2555018 0.6997896
1403638159.595097 -0.9157025 -0.0396239 0.0726018 -0.0309357 -0.6764059 -0.2077156 0.7059548
1403638159.795097 -0.9388599 -0.0445294 0.0723071 -0.0309147 -0.6832525 -0.1878727 0.7049214
1403638159.995097 -0.9582070 -0.0529240 0.0747227 -0.0107650 -0.6781933 -0.2087691 0.7045235
1403638160.395097 -0.9872392 -0.0795884 0.0785519 -0.0364133 -0.6658685 -0.2549056 0.7002259
1403638160.595097 -1.0011475 -0.0943592 0.0802565 -0.0412679 -0.6643819 -0.2585067 0.7000485
1403638160.845097 -1.0200876 -0.1116577 0.0834169 -0.0380843 -0.6679100 -0.2395976 0.7035899
1403638161.095097 -1.0389205 -0.1251413 0.0879982 -0.0250256 -0.6487739 -0.2084442 0.7314487
1403638161.995097 -1.0864933 -0.1668013 0.1270778 -0.0388736 -0.5376552 -0.1936362 0.8197078
1403638162.345097 -1.1030791 -0.1815542 0.1478209 -0.0509287 -0.5256426 -0.1858125 0.8286011
1403638162.845097 -1.1244111 -0.2065289 0.1850719 -0.0452215 -0.5213116 -0.1925888 0.8301197
1403638163.145097 -1.1370816 -0.2284374 0.2095968 -0.0327738 -0.5130798 -0.1662927 0.8414403
1403638163.945097 -1.1531425 -0.2657529 0.2881769 -0.0270560 -0.4405767 -0.1600616 0.8829159
1403638164.195097 -1.1546563 -0.2848903 0.3098865 -0.0341460 -0.4466758 -0.1489120 0.8815554
1403638164.495097 -1.1524963 -0.3075971 0.3374674 -0.0322209 -0.4532503 -0.1433440 0.8791919
1403638165.545097 -1.1088849 -0.3528686 0.4488643 -0.0229320 -0.4045170 -0.1334209 0.9044551
1403638165.745097 -1.0948343 -0.3568717 0.4715882 0.0077128 -0.4010654 -0.1330092 0.9063088
1403638165.945097 -1.0779538 -0.3582148 0.4925281 -0.0056180 -0.3974211 -0.1451778 0.9060619
1403638166.095097 -1.0648195 -0.3607477 0.5059185 -0.0210153 -0.3948414 -0.1560768 0.9051512
1403638166.295097 -1.0474725 -0.3690590 0.5216112 -0.0242027 -0.3955316 -0.1665202 0.9029064
1403638166.445097 -1.0353237 -0.3799117 0.5312315 -0.0242920 -0.3965452 -0.1719729 0.9014362
1403638166.745097 -1.0137527 -0.3995472 0.5491027 -0.0279779 -0.4024612 -0.1660604 0.8998145
1403638166.895097 -1.0038565 -0.4068097 0.5584216 -0.0542905 -0.4067164 -0.1552254 0.8986320
1403638167.345097 -0.9779093 -0.4285614 0.5949593 -0.0636334 -0.4001440 -0.1749714 0.8973408
1403638167.595097 -0.9695790 -0.4445735 0.6188155 -0.0520579 -0.4022989 -0.1621998 0.8995203
1403638167.845097 -0.9625430 -0.4580421 0.6458897 -0.0517684 -0.3921362 -0.1309946 0.9090598
1403638167.995097 -0.9573737 -0.4650334 0.6636273 -0.0498788 -0.3723173 -0.1197498 0.9189950
1403638168.195097 -0.9498531 -0.4754963 0.6899465 -0.0458834 -0.3475246 -0.1098033 0.9300885
1403638168.345097 -0.9427837 -0.4863274 0.7092866 -0.0423686 -0.3221672 -0.1111703 0.9391775
1403638169.045097 -0.9137015 -0.5289936 0.8071062 -0.0465207 -0.2656381 -0.1452236 0.9519361
1403638169.345097 -0.9090709 -0.5399843 0.8519441 -0.0304361 -0.2823803 -0.1017112 0.9534096
1403638169.545097 -0.9052386 -0.5467088 0.8823362 -0.0184962 -0.2674891 -0.0677880 0.9609954
1403638169.695097 -0.9002101 -0.5520852 0.9049316 -0.0146329 -0.2367484 -0.0674447 0.9691167
1403638169.895097 -0.8898571 -0.5624645 0.9334455 -0.0093901 -0.1817102 -0.0823024 0.9798569
1403638170.395097 -0.8632116 -0.5856083 0.9924922 0.0069298 -0.0633659 -0.0312729 0.9974762
1403638170.545097 -0.8546479 -0.5890703 1.0069526 0.0030662 -0.0322700 -0.0076594 0.9994451
1403638170.695097 -0.8447872 -0.5935519 1.0201926 0.0119764 -0.0019726 0.0129621 0.9998423
1403638171.295097 -0.7914349 -0.6104051 1.0507559 0.0218713 0.1038683 0.0468037 0.9932484
1403638171.495097 -0.7692683 -0.6123770 1.0553069 0.0268138 0.1162873 0.0544587 0.9913589
1403638171.945097 -0.7123456 -0.6091082 1.0499896 0.0466821 0.1497122 0.0801424 0.9843700
1403638172.145097 -0.6836635 -0.6082633 1.0386038 0.0476718 0.1642991 0.0744955 0.9824376
1403638172.345097 -0.6535177 -0.6041687 1.0216954 0.0445839 0.1695404 0.0712796 0.9819305
1403638172.695097 -0.5985787 -0.5846656 0.9854347 0.0518662 0.1635971 0.0753922 0.9822738
1403638172.895097 -0.5651890 -0.5684741 0.9583656 0.0509985 0.1572273 0.0778688 0.9831659
1403638173.095097 -0.5299401 -0.5484770 0.9267679 0.0386041 0.1466002 0.0877404 0.9845403
1403638173.245097 -0.5024287 -0.5309653 0.9013270 0.0276719 0.1454374 0.0826948 0.9855170
1403638173.595097 -0.4334139 -0.4821205 0.8390772 0.0109245 0.1615667 0.0400423 0.9859886
1403638173.845097 -0.3852842 -0.4427715 0.7929574 0.0076478 0.1640951 0.0412759 0.9855509
1403638174.145097 -0.3287466 -0.3998614 0.7343235 0.0036317 0.1654713 0.0406052 0.9853716
1403638174.295097 -0.3016150 -0.3789437 0.7050883 -0.0106297 0.1650155 0.0421831 0.9853312
1403638174.395097 -0.2831147 -0.3628897 0.6852459 -0.0160568 0.1640642 0.0427004 0.9853942
1403638174.545097 -0.2555249 -0.3405172 0.6569332 -0.0245580 0.1621857 0.0439438 0.9854754
1403638174.695097 -0.2288341 -0.3188504 0.6297101 -0.0356323 0.1631626 0.0377368 0.9852331
1403638174.795097 -0.2111224 -0.3059908 0.6122595 -0.0428401 0.1632068 0.0371035 0.9849628
1403638175.145097 -0.1521198 -0.2662035 0.5554534 -0.0452508 0.1677032 0.0321084 0.9842749
1403638175.295097 -0.1277797 -0.2529230 0.5333921 -0.0492860 0.1703368 0.0311566 0.9836593
1403638175.445097 -0.1042010 -0.2435833 0.5133562 -0.0653634 0.1735668 0.0281286 0.9822479
1403638175.745097 -0.0593945 -0.2315797 0.4806912 -0.1041635 0.1736567 0.0296636 0.9788327
1403638175.995097 -0.0218128 -0.2227610 0.4648976 -0.1091169 0.1748480 0.0159934 0.9783996
1403638176.095097 -0.0075375 -0.2191736 0.4627280 -0.0923563 0.1767598 0.0052303 0.9798974
1403638176.195097 0.0061592 -0.2166116 0.4616899 -0.0628537 0.1769286 0.0016918 0.9822133
1403638176.795097 0.0716310 -0.2163732 0.4627056 -0.0351200 0.1784854 0.0031067 0.9833107
1403638177.145097 0.0966303 -0.2218649 0.4660141 -0.0382947 0.1791574 0.0035127 0.9830686
1403638177.545097 0.1154785 -0.2214931 0.4784487 -0.0381700 0.1786276 0.0120825 0.9831018
1403638177.945097 0.1295257 -0.2163946 0.4959407 -0.0108654 0.1743081 0.0531749 0.9831943
1403638178.145097 0.1373973 -0.2150002 0.5025728 -0.0007019 0.1886757 0.0485454 0.9808386
1403638178.745097 0.1658670 -0.2161266 0.5040172 -0.0055920 0.3074957 0.1056577 0.9456487
1403638178.895097 0.1739618 -0.2135553 0.5013025 -0.0122482 0.3371296 0.1164310 0.9341506
1403638179.095097 0.1860840 -0.2089422 0.4975930 -0.0305533 0.3598556 0.1234353 0.9243020
1403638179.495097 0.2158136 -0.1964031 0.4931224 -0.0323339 0.4119782 0.1290675 0.9014267
1403638179.695097 0.2325487 -0.1896117 0.4915918 -0.0151859 0.4514272 0.1407653 0.8810040
1403638179.895097 0.2496816 -0.1852521 0.4899874 -0.0119781 0.4929611 0.1540803 0.8562156
1403638180.295097 0.2845946 -0.1811692 0.4816192 -0.0251469 0.5282731 0.1783472 0.8297514
1403638180.745097 0.3294438 -0.1715678 0.4746894 -0.0414639 0.5300943 0.1714254 0.8293938
1403638181.095097 0.3690159 -0.1701536 0.4706912 -0.0374601 0.5194867 0.1748124 0.8355663
1403638181.295097 0.3944795 -0.1673193 0.4695499 -0.0182693 0.5181087 0.1769334 0.8366147
1403638181.495097 0.4211492 -0.1632898 0.4679574 0.0057187 0.5371860 0.1887488 0.8220537
1403638181.895097 0.4737394 -0.1525894 0.4539243 0.0056060 0.6151395 0.1935268 0.7642770
1403638182.045097 0.4911483 -0.1514063 0.4455642 -0.0069521 0.6331372 0.2059385 0.7461088
1403638182.195097 0.5084914 -0.1513251 0.4364976 -0.0146056 0.6425952 0.2169250 0.7347120
1403638182.645097 0.5635358 -0.1511062 0.4073851 -0.0362360 0.6460207 0.2231374 0.7290774
1403638182.895097 0.5979543 -0.1550086 0.3902872 -0.0325701 0.6426306 0.2183167 0.7336913
1403638183.045097 0.6200752 -0.1563207 0.3806989 -0.0215505 0.6426626 0.2103436 0.7363939
1403638183.245097 0.6496573 -0.1560308 0.3687071 -0.0229045 0.6442865 0.1973476 0.7385284
1403638183.445097 0.6790721 -0.1537647 0.3588662 -0.0385460 0.6403084 0.2067198 0.7387735
1403638183.645097 0.7097565 -0.1507130 0.3502779 -0.0441297 0.6396919 0.2081184 0.7386025
1403638183.945097 0.7578115 -0.1516058 0.3396704 -0.0234719 0.6479663 0.1837728 0.7387938
1403638184.145097 0.7888704 -0.1556587 0.3340774 -0.0321297 0.6460345 0.1927134 0.7378812
1403638184.745097 0.8814409 -0.1653261 0.3276672 -0.0265090 0.6486233 0.1930645 0.7357385
1403638184.945097 0.9121766 -0.1688623 0.3284429 -0.0261475 0.6503040 0.1903617 0.7349718
1403638185.145097 0.9419062 -0.1730780 0.3303277 -0.0277313 0.6500136 0.1912321 0.7349446
1403638185.595097 1.0065348 -0.1852969 0.3395789 -0.0300225 0.6403822 0.1625650 0.7500546
1403638186.195097 1.0820760 -0.2022094 0.3660066 -0.0186641 0.5986595 0.1876576 0.7784877
1403638186.445097 1.1126829 -0.2081387 0.3752698 -0.0242092 0.6005380 0.1815034 0.7783474
1403638186.945097 1.1728700 -0.2220813 0.3987558 -0.0407728 0.5953168 0.1551977 0.7873049
1403638188.395097 1.2906046 -0.2884906 0.4931824 0.0247842 0.4799801 0.0865643 0.8726463
1403638190.345097 1.1851097 -0.3287939 0.5373391 -0.0142672 0.3636377 0.0703302 0.9287722
1403638191.045097 1.1299353 -0.3273853 0.5618776 -0.0063495 0.3288025 0.0679651 0.9419285
1403638191.395097 1.0951782 -0.3348483 0.5674794 -0.0305798 0.3262448 0.0770616 0.9416426
1403638191.745097 1.0625503 -0.3394513 0.5763019 -0.0353932 0.3315371 0.0711143 0.9400921
1403638192.095097 1.0305636 -0.3439028 0.5897568 -0.0382770 0.3344337 0.0648814 0.9394038
1403638193.645097 0.8579911 -0.4083964 0.6079577 0.0148862 0.2969873 0.0567080 0.9530798
1403638193.895097 0.8240740 -0.4117545 0.5948425 -0.0116350 0.2930106 0.0660333 0.9537552
1403638194.195097 0.7850093 -0.4095234 0.5779737 -0.0026254 0.2956224 0.0639562 0.9531580
1403638194.495097 0.7455053 -0.4041429 0.5611978 -0.0102236 0.2955619 0.0709080 0.9526336
1403638194.795097 0.7075744 -0.4017801 0.5417725 -0.0341412 0.2964587 0.0758618 0.9514156
1403638195.495097 0.6336951 -0.3872192 0.5163227 -0.0544895 0.2963610 0.0816690 0.9500164
1403638195.845097 0.6078978 -0.3788327 0.5149829 -0.0392956 0.2962952 0.0784069 0.9510612
1403638196.745097 0.5626581 -0.3862737 0.5256770 -0.0528776 0.2947755 0.0851397 0.9502960
1403638197.095097 0.5543128 -0.3873974 0.5390536 -0.0346164 0.2974838 0.0783459 0.9508770
1403638197.395097 0.5501500 -0.3940588 0.5507432 -0.0242579 0.3045799 0.0558339 0.9505395
1403638197.745097 0.5419773 -0.4094658 0.5627964 -0.0185964 0.3047524 0.0518464 0.9508376
1403638198.495097 0.5117189 -0.4102733 0.5920910 -0.0137282 0.3023548 0.0542885 0.9515492
1403638198.845097 0.4913697 -0.3979809 0.6061431 -0.0163708 0.3175451 0.0000704 0.9481018
1403638199.195097 0.4540253 -0.3953557 0.6202291 -0.0166584 0.3150604 0.0097039 0.9488758
1403638199.545097 0.4001698 -0.4040332 0.6341147 -0.0176109 0.3181997 0.0034576 0.9478538
1403638200.395097 0.2237798 -0.4380332 0.6680370 -0.0006964 0.2224913 -0.0013067 0.9749336
1403638200.645097 0.1667366 -0.4485704 0.6762891 -0.0054264 0.1933818 -0.0323176 0.9805762
1403638200.995097 0.0751014 -0.4675878 0.6854446 -0.0165020 0.1584449 -0.0315303 0.9867263
1403638201.295097 -0.0073986 -0.4755524 0.6952717 -0.0122945 0.1499628 -0.0106408 0.9885579
1403638201.595097 -0.0918968 -0.4757937 0.7053422 -0.0087533 0.1577161 -0.0128425 0.9873622
1403638201.945097 -0.1877784 -0.4683544 0.7146674 -0.0070856 0.1568654 -0.0091033 0.9875526
1403638202.245097 -0.2737378 -0.4617128 0.7219584 -0.0178054 0.1309372 0.0050297 0.9912180
1403638202.545097 -0.3541633 -0.4575588 0.7276685 -0.0261159 0.1201893 0.0096159 0.9923608
1403638202.945097 -0.4532068 -0.4441387 0.7386971 -0.0245996 0.1213681 0.0105253 0.9922469
1403638203.245097 -0.5204365 -0.4364677 0.7460089 -0.0145823 0.1233116 0.0061709 0.9922417
1403638203.595097 -0.5934780 -0.4310955 0.7511661 -0.0101688 0.1197501 0.0133694 0.9926620
1403638203.945097 -0.6593112 -0.4256325 0.7525266 -0.0110204 0.1183295 0.0109912 0.9928524
1403638204.295097 -0.7211013 -0.4291559 0.7476352 -0.0252929 0.1093289 0.0278983 0.9932921
1403638204.595097 -0.7666318 -0.4331205 0.7440081 -0.0316448 0.1042509 0.0484692 0.9928651
1403638204.995097 -0.8114536 -0.4305779 0.7431883 -0.0259040 0.0538380 -0.0166405 0.9980749
1403638205.295097 -0.8426906 -0.4249577 0.7448093 -0.0203144 -0.0676121 -0.0679265 0.9951894
1403638205.645097 -0.8785214 -0.4275623 0.7417396 0.0072514 -0.1871097 -0.1348428 0.9730132
1403638205.945097 -0.9138867 -0.4336213 0.7297193 0.0173356 -0.2409824 -0.1615602 0.9568309
1403638206.295097 -0.9612073 -0.4418997 0.7027156 0.0151857 -0.3241916 -0.1702152 0.9304278
1403638206.645097 -1.0087957 -0.4429832 0.6697317 0.0138777 -0.3679470 -0.1527127 0.9171157
1403638207.245097 -1.0724624 -0.4220632 0.6083206 0.0197689 -0.4048303 -0.1500670 0.9017769
1403638207.545097 -1.0947008 -0.4034553 0.5733312 0.0237790 -0.4473221 -0.1580434 0.8799772
1403638208.295097 -1.1188414 -0.3739085 0.4785197 -0.0107895 -0.4845842 -0.1730308 0.8573927
1403638208.745097 -1.1213779 -0.3544881 0.4279409 -0.0224909 -0.5049649 -0.1853112 0.8427125
1403638209.495097 -1.1128610 -0.3240503 0.3586669 -0.0203231 -0.5299364 -0.1870533 0.8269011
1403638210.445097 -1.0740386 -0.2249815 0.3073736 0.0049951 -0.5289730 -0.1787458 0.8295858
1403638210.895097 -1.0348848 -0.1750097 0.2829073 0.0004790 -0.5280691 -0.1735290 0.8312824
1403638211.345097 -0.9844949 -0.1383466 0.2568380 -0.0187612 -0.5236091 -0.1802517 0.8324607
1403638211.795097 -0.9271928 -0.1063401 0.2402550 -0.0256214 -0.4597106 -0.1486987 0.8751562
1403638212.195097 -0.8700668 -0.0813587 0.2299747 -0.0262614 -0.3633123 -0.1162437 0.9240140
1403638212.645097 -0.7999446 -0.0703353 0.2208107 -0.0223767 -0.2538200 -0.0842914 0.9633118
1403638213.095097 -0.7247742 -0.0739675 0.2083873 -0.0239819 -0.1286915 -0.0444564 0.9903974
1403638213.445097 -0.6619753 -0.0784813 0.2008528 -0.0554383 -0.0321266 0.0184437 0.9977747
1403638213.695097 -0.6132661 -0.0799612 0.2005092 -0.0342021 0.0296182 0.0249426 0.9986646
1403638214.345097 -0.4802182 -0.0946071 0.1996251 -0.0523573 0.0519744 -0.0014533 0.9972739
1403638215.195097 -0.3196682 -0.0990906 0.2189109 -0.0125352 0.0319615 -0.0170100 0.9992657
1403638216.445097 -0.1351228 -0.0904956 0.2318912 -0.0063956 0.0571125 -0.0183438 0.9981787
1403638216.795097 -0.0957649 -0.0880909 0.2285869 -0.0091851 0.0620384 -0.0262325 0.9976867
1403638217.095097 -0.0666175 -0.0812561 0.2248456 -0.0053387 0.0894266 -0.0092409 0.9959362
1403638217.745097 -0.0154816 -0.0708919 0.2104511 -0.0222412 0.1393457 -0.0123343 0.9899172
1403638219.245097 0.0009431 -0.0699789 0.1751217 -0.0117578 0.1477146 0.0256330 0.9886279
1403638222.295097 -0.0244171 -0.0202292 0.0363536 -0.0327093 0.1631293 0.0194098 0.9858713
1403638223.695097 -0.0328187 0.0032267 0.0069741 -0.0213872 0.1585820 0.0333545 0.9865505
1403638225.145097 -0.0350318 0.0211289 0.0022143 -0.0143874 0.1573959 0.0305396 0.9869584
1403638226.295097 -0.0366451 0.0315558 0.0049842 -0.0404769 0.1572998 0.0286989 0.9863036
1403638226.445097 -0.0402837 0.0306259 0.0075594 -0.0481097 0.1577977 0.0183011 0.9861290
1403638226.945097 -0.0393108 0.0328068 0.0083561 -0.0467654 0.1571951 0.0183601 0.9862888
