1403637134.438318968 0.00494 -0.01318 0.39483 0.78481 0.04292 0.61730 -0.03431
1403637134.538319111 0.00805 -0.01367 0.39970 0.78255 0.03548 0.62034 -0.03914
1403637134.638319016 0.01873 -0.02318 0.36705 0.78799 0.03520 0.61361 -0.03642
1403637134.738318920 0.02468 -0.02639 0.30634 0.79836 0.03926 0.59988 -0.03503
1403637134.838319063 0.02778 -0.03048 0.22990 0.81328 0.04258 0.57902 -0.03880
1403637134.938318968 0.02479 -0.03278 0.15573 0.82686 0.04108 0.55911 -0.04476
1403637135.038319111 0.02349 -0.03687 0.09786 0.83227 0.03822 0.55067 -0.05136
1403637135.138319016 0.02097 -0.03838 0.06135 0.83497 0.03836 0.54649 -0.05201
1403637135.238318920 0.01741 -0.03905 0.05554 0.84156 0.04107 0.53648 -0.04772
1403637135.338319063 0.02092 -0.04197 0.08506 0.84621 0.04029 0.52954 -0.04352
1403637135.438318968 0.02516 -0.04387 0.14998 0.83878 0.04007 0.54169 -0.03754
1403637135.538319111 0.03073 -0.04414 0.23404 0.82509 0.04138 0.56270 -0.02965
1403637135.638319016 0.03584 -0.04407 0.32036 0.81248 0.03906 0.58131 -0.02098
1403637135.738318920 0.04028 -0.04278 0.39702 0.80053 0.03331 0.59800 -0.02108
1403637135.838319063 0.04028 -0.04405 0.44553 0.79266 0.02777 0.60847 -0.02617
1403637135.938318968 0.05120 -0.03613 0.46021 0.79094 0.02386 0.61077 -0.02823
1403637136.038319111 0.05125 -0.04447 0.43378 0.79467 0.02533 0.60582 -0.02893
1403637136.138319016 0.05699 -0.04585 0.37199 0.80125 0.02714 0.59712 -0.02641
1403637136.238318920 0.06174 -0.04700 0.29004 0.81193 0.02884 0.58260 -0.02270
1403637136.338319063 0.06249 -0.04883 0.20671 0.82662 0.02954 0.56157 -0.02153
1403637136.438318968 0.05850 -0.05344 0.13520 0.84053 0.02917 0.54034 -0.02609
1403637136.538319111 0.05253 -0.05793 0.09046 0.84996 0.02617 0.52506 -0.03462
1403637136.638319016 0.05049 -0.06018 0.08257 0.85395 0.02597 0.51854 -0.03477
1403637136.738318920 0.05053 -0.06228 0.11828 0.85451 0.02708 0.51771 -0.03255
1403637136.838319063 0.05120 -0.06373 0.19251 0.84899 0.02791 0.52671 -0.03197
1403637136.938318968 0.05407 -0.06786 0.28832 0.83660 0.02620 0.54649 -0.02754
1403637137.038319111 0.05677 -0.07190 0.38507 0.82288 0.01860 0.56758 -0.01916
1403637137.138319016 0.05716 -0.07345 0.46206 0.80885 0.00830 0.58762 -0.01996
1403637137.238318920 0.05769 -0.07363 0.50162 0.79853 0.00524 0.60137 -0.02602
1403637137.338319063 0.06455 -0.08815 0.50046 0.79346 0.00622 0.60807 -0.02513
1403637137.438318968 0.06446 -0.07648 0.45327 0.79266 0.00872 0.60903 -0.02626
1403637137.538319111 0.06812 -0.07557 0.37895 0.80006 0.01476 0.59934 -0.02182
1403637137.638319016 0.06984 -0.07460 0.28871 0.81510 0.02011 0.57887 -0.01116
1403637137.738318920 0.06905 -0.07273 0.19875 0.83104 0.01956 0.55578 -0.00982
1403637137.838319063 0.06160 -0.06938 0.12499 0.84144 0.02041 0.53971 -0.01641
1403637137.938318968 0.05134 -0.06988 0.08119 0.84981 0.02407 0.52617 -0.01949
1403637138.038319111 0.04799 -0.07159 0.08185 0.85857 0.02593 0.51172 -0.01800
1403637138.138319016 0.04704 -0.07264 0.12810 0.85906 0.02564 0.51073 -0.02274
1403637138.238318920 0.05064 -0.07604 0.21247 0.84853 0.03595 0.52777 -0.01251
1403637138.338319063 0.05316 -0.07664 0.31065 0.83026 0.03563 0.55622 -0.00343
1403637138.438318968 0.05390 -0.07340 0.40028 0.81015 0.02770 0.58556 0.00326
1403637138.538319111 0.05171 -0.06994 0.46174 0.79554 0.01946 0.60554 0.00764
1403637138.638319016 0.05143 -0.06816 0.48195 0.78832 0.01651 0.61500 0.00728
1403637138.738318920 0.05535 -0.06747 0.45879 0.78944 0.01493 0.61365 0.00281
1403637138.838319063 0.06336 -0.06740 0.39874 0.79677 0.01152 0.60417 0.00147
1403637138.938318968 0.06731 -0.06636 0.31500 0.80718 0.01229 0.59018 0.00087
1403637139.038319111 0.07599 -0.06563 0.22551 0.81472 0.01240 0.57955 -0.01381
1403637139.138319016 0.07918 -0.06218 0.14646 0.81999 0.01251 0.57167 -0.02547
1403637139.238318920 0.07935 -0.05761 0.08391 0.82413 0.01489 0.56530 -0.03195
1403637139.338319063 0.08074 -0.05451 0.04380 0.82514 0.01892 0.56361 -0.03364
1403637139.438318968 0.08301 -0.05315 0.02282 0.82510 0.02654 0.56328 -0.03500
1403637139.538319111 0.08418 -0.05083 0.01149 0.82238 0.03173 0.56658 -0.04083
1403637139.638319016 0.08497 -0.04816 0.00363 0.81849 0.03509 0.57195 -0.04145
1403637139.738318920 0.08605 -0.04634 -0.00487 0.81599 0.03818 0.57521 -0.04280
1403637139.838319063 0.08646 -0.04690 -0.01122 0.81394 0.03730 0.57811 -0.04357
1403637139.938318968 0.08736 -0.04919 -0.01237 0.80691 0.03244 0.58817 -0.04348
1403637140.138319016 0.08369 -0.05232 -0.01259 0.79522 0.01849 0.60474 -0.03966
1403637140.238318920 0.08178 -0.05256 -0.01205 0.79438 0.01465 0.60614 -0.03651
1403637140.338319063 0.08298 -0.05430 -0.01415 0.79393 0.01142 0.60672 -0.03793
1403637140.438318968 0.09141 -0.05668 -0.01860 0.79388 0.01082 0.60678 -0.03821
1403637140.638319016 0.08164 -0.05183 -0.01310 0.79376 0.00907 0.60687 -0.03954
1403637140.738318920 0.08330 -0.05083 -0.01151 0.79381 0.00885 0.60683 -0.03930
1403637140.938318968 0.07846 -0.04954 -0.01265 0.79393 0.00827 0.60672 -0.03869
1403637141.038319111 0.07680 -0.04796 -0.01224 0.79394 0.00802 0.60673 -0.03841
1403637141.238318920 0.07366 -0.04599 -0.01120 0.79397 0.00735 0.60675 -0.03756
1403637141.338319063 0.07149 -0.04436 -0.01068 0.79401 0.00704 0.60673 -0.03721
1403637141.638319016 0.06876 -0.04265 -0.01026 0.79416 0.00608 0.60661 -0.03602
1403637141.738318920 0.06629 -0.04098 -0.00965 0.79422 0.00577 0.60655 -0.03571
1403637141.938318968 0.06388 -0.03932 -0.00848 0.79436 0.00525 0.60640 -0.03519
1403637142.038319111 0.06151 -0.03785 -0.00741 0.79437 0.00505 0.60640 -0.03494
1403637142.138319016 0.05908 -0.03638 -0.00632 0.79445 0.00486 0.60631 -0.03471
1403637142.338319063 0.05718 -0.03518 -0.00413 0.79447 0.00446 0.60633 -0.03420
1403637142.438318968 0.05508 -0.03380 -0.00267 0.79449 0.00429 0.60631 -0.03396
1403637142.638319016 0.05387 -0.03311 0.00012 0.79455 0.00392 0.60625 -0.03358
1403637142.838319063 0.05249 -0.03285 0.00381 0.79458 0.00367 0.60623 -0.03329
1403637142.938318968 0.05051 -0.03198 0.00602 0.79459 0.00358 0.60623 -0.03317
1403637143.438318968 0.05399 -0.03748 0.01791 0.79469 0.00282 0.60614 -0.03235
1403637143.538319111 0.05265 -0.03784 0.02109 0.79474 0.00276 0.60608 -0.03233
1403637143.638319016 0.05106 -0.03808 0.02438 0.79472 0.00267 0.60612 -0.03220
1403637143.838319063 0.05249 -0.03993 0.03127 0.79473 0.00243 0.60612 -0.03186
1403637144.038319111 0.05340 -0.04204 0.03865 0.79469 0.00234 0.60618 -0.03174
1403637144.138319016 0.05300 -0.04309 0.04227 0.79470 0.00199 0.60618 -0.03160
1403637144.338319063 0.05496 -0.04910 0.04643 0.79474 0.00187 0.60613 -0.03145
1403637144.438318968 0.05548 -0.05402 0.04551 0.79468 0.00201 0.60620 -0.03159
1403637144.638319016 0.05721 -0.05833 0.04103 0.79471 0.00174 0.60618 -0.03121
1403637144.838319063 0.05243 -0.04616 0.03128 0.79464 0.00134 0.60632 -0.03038
1403637145.038319111 0.05254 -0.03909 0.03024 0.79488 0.00111 0.60603 -0.02986
1403637145.238318920 0.05566 -0.03657 0.03014 0.79510 0.00035 0.60577 -0.02936
1403637145.338319063 0.05667 -0.03551 0.03025 0.79520 0.00013 0.60564 -0.02924
1403637145.438318968 0.05639 -0.03367 0.03076 0.79524 0.00004 0.60560 -0.02904
1403637145.538319111 0.05641 -0.03151 0.03142 0.79526 -0.00010 0.60557 -0.02892
1403637145.638319016 0.05720 -0.02921 0.03229 0.79530 -0.00013 0.60553 -0.02889
1403637145.838319063 0.06224 -0.02724 0.03314 0.79536 -0.00024 0.60545 -0.02868
1403637145.938318968 0.06376 -0.02620 0.03421 0.79540 -0.00034 0.60541 -0.02860
1403637146.038319111 0.06466 -0.02510 0.03519 0.79544 -0.00029 0.60536 -0.02859
1403637146.238318920 0.07148 -0.02651 0.03546 0.79545 -0.00006 0.60537 -0.02786
1403637146.338319063 0.07234 -0.02678 0.03634 0.79544 -0.00000 0.60538 -0.02818
1403637146.538319111 0.07429 -0.03049 0.03530 0.79552 -0.00018 0.60527 -0.02835
1403637146.638319016 0.07355 -0.03145 0.03493 0.79552 -0.00020 0.60526 -0.02847
1403637146.738318920 0.07221 -0.03257 0.03558 0.79549 -0.00019 0.60529 -0.02852
1403637146.938318968 0.07481 -0.03690 0.03588 0.79552 -0.00018 0.60525 -0.02859
1403637147.038319111 0.07490 -0.03819 0.03695 0.79550 -0.00010 0.60527 -0.02868
1403637147.138319016 0.06660 -0.03651 0.02889 0.79539 -0.00018 0.60543 -0.02849
1403637147.338319063 0.06858 -0.03814 0.02602 0.79541 -0.00040 0.60540 -0.02842
1403637147.438318968 0.06948 -0.03968 0.02448 0.79541 -0.00032 0.60540 -0.02846
1403637147.538319111 0.07022 -0.04090 0.02295 0.79540 -0.00025 0.60542 -0.02849
1403637147.638319016 0.07133 -0.04186 0.02154 0.79542 -0.00018 0.60539 -0.02848
1403637147.738318920 0.07278 -0.04339 0.02003 0.79541 -0.00019 0.60540 -0.02863
1403637147.938318968 0.07831 -0.04586 0.01573 0.79545 -0.00018 0.60534 -0.02863
1403637148.038319111 0.07990 -0.04677 0.01394 0.79544 -0.00019 0.60535 -0.02871
1403637148.138319016 0.08171 -0.04766 0.01187 0.79544 -0.00021 0.60536 -0.02861
1403637148.238318920 0.08362 -0.04904 0.00974 0.79549 -0.00010 0.60528 -0.02878
1403637148.338319063 0.08565 -0.04998 0.00727 0.79556 -0.00002 0.60519 -0.02882
1403637148.438318968 0.08765 -0.05073 0.00398 0.79551 0.00004 0.60525 -0.02896
1403637148.538319111 0.09067 -0.05328 0.00126 0.79556 0.00035 0.60518 -0.02904
1403637148.638319016 0.09376 -0.05665 -0.00140 0.79585 0.00094 0.60477 -0.02940
1403637148.738318920 0.09655 -0.05962 -0.00496 0.79594 0.00167 0.60463 -0.02987
1403637148.838319063 0.09822 -0.06202 -0.00919 0.79613 0.00206 0.60436 -0.03019
1403637148.938318968 0.10139 -0.06361 -0.01418 0.79629 0.00276 0.60413 -0.03062
1403637149.038319111 0.10315 -0.06411 -0.02087 0.79649 0.00333 0.60385 -0.03081
1403637149.138319016 0.10384 -0.06773 -0.02830 0.79656 0.00372 0.60373 -0.03134
1403637149.238318920 0.10949 -0.07021 -0.03382 0.79666 0.00422 0.60358 -0.03157
1403637149.338319063 0.10181 -0.06990 -0.03433 0.79675 0.00509 0.60343 -0.03212
1403637149.438318968 0.09838 -0.07498 -0.04007 0.79677 0.00636 0.60335 -0.03306
1403637149.538319111 0.07324 -0.06375 -0.02785 0.79700 0.00805 0.60300 -0.03336
1403637149.738318920 0.05922 -0.04791 -0.00717 0.80357 0.02398 0.59350 -0.03819
1403637149.838319063 0.05727 -0.04778 -0.00629 0.80892 0.02689 0.58589 -0.04083
1403637150.038319111 0.05702 -0.06847 -0.00097 0.83028 0.03710 0.55541 -0.02805
1403637150.138319016 0.06198 -0.08400 0.01193 0.83780 0.04181 0.54415 -0.01543
1403637150.238318920 0.07636 -0.09987 0.03184 0.83788 0.04160 0.54422 -0.00717
1403637150.338319063 0.09895 -0.11239 0.05752 0.83333 0.03825 0.55143 -0.00344
1403637150.438318968 0.12832 -0.12260 0.08522 0.82500 0.03268 0.56418 -0.00428
1403637150.538319111 0.15890 -0.13351 0.11291 0.82066 0.02910 0.57067 -0.00230
1403637150.638319016 0.19410 -0.14842 0.13725 0.81913 0.02657 0.57299 -0.00069
1403637150.738318920 0.22449 -0.15876 0.16131 0.81866 0.02527 0.57373 0.00146
1403637150.838319063 0.25887 -0.17066 0.18350 0.81743 0.02486 0.57549 0.00374
1403637150.938318968 0.29232 -0.18098 0.20495 0.81282 0.02493 0.58196 0.00474
1403637151.038319111 0.32525 -0.19172 0.22370 0.80852 0.02548 0.58790 0.00454
1403637151.138319016 0.35238 -0.20138 0.23991 0.80373 0.02703 0.59437 0.00451
1403637151.238318920 0.38186 -0.20857 0.25152 0.80478 0.02811 0.59290 0.00338
1403637151.338319063 0.40083 -0.21715 0.27116 0.80960 0.02638 0.58639 -0.00214
1403637151.538319111 0.43900 -0.23179 0.33941 0.81560 0.02355 0.57806 -0.00949
1403637151.638319016 0.44676 -0.24048 0.36838 0.81582 0.02641 0.57766 -0.00673
1403637151.838319063 0.49940 -0.27009 0.40818 0.81600 0.02996 0.57727 -0.00429
1403637151.938318968 0.51216 -0.28574 0.43176 0.81605 0.03128 0.57712 -0.00269
1403637152.138319016 0.54720 -0.30205 0.46362 0.81720 0.03057 0.57552 -0.00516
1403637152.338319063 0.58320 -0.34357 0.51240 0.81948 0.02836 0.57235 -0.00807
1403637152.538319111 0.63233 -0.37300 0.51733 0.81946 0.02945 0.57234 -0.00716
1403637152.738318920 0.68806 -0.40677 0.51532 0.81769 0.02910 0.57488 -0.00680
1403637152.938318968 0.73372 -0.44137 0.52044 0.81252 0.02838 0.58217 -0.00955
1403637153.238318920 0.79823 -0.51357 0.56388 0.81471 0.03152 0.57899 -0.00449
1403637153.438318968 0.84231 -0.56019 0.56443 0.81609 0.03375 0.57694 -0.00096
1403637153.638319016 0.89891 -0.58845 0.58363 0.81981 0.03407 0.57161 0.00064
1403637153.838319063 0.95483 -0.62124 0.61985 0.81606 0.03309 0.57702 -0.00080
1403637154.038319111 1.00799 -0.64837 0.63914 0.81449 0.03266 0.57926 -0.00053
1403637154.238318920 1.05971 -0.67595 0.62696 0.82476 0.01890 0.56486 -0.01875
1403637154.438318968 1.11840 -0.71386 0.59678 0.82518 0.01624 0.56428 -0.01977
1403637154.738318920 1.22841 -0.80049 0.53634 0.82446 0.02669 0.56522 0.00941
1403637154.938318968 1.30171 -0.85658 0.52707 0.83073 0.00877 0.55608 0.02424
1403637155.038319111 1.35866 -0.87768 0.51898 0.82949 -0.00160 0.55777 0.02901
1403637155.238318920 1.46963 -0.92081 0.54151 0.81973 -0.02548 0.57075 0.04052
1403637155.438318968 1.58393 -0.95838 0.58175 0.81095 -0.04240 0.58145 0.04979
1403637155.638319016 1.69024 -0.99903 0.59837 0.80566 -0.07193 0.58512 0.05816
1403637155.838319063 1.79222 -1.04900 0.58804 0.80270 -0.10355 0.58375 0.06476
1403637156.038319111 1.89016 -1.12110 0.56078 0.79946 -0.14243 0.57676 0.08901
1403637156.238318920 1.97717 -1.20891 0.53402 0.78609 -0.18835 0.57809 0.11141
1403637156.338319063 2.01352 -1.25686 0.52096 0.77964 -0.21201 0.57595 0.12445
1403637156.538319111 2.07057 -1.36800 0.49505 0.76573 -0.25622 0.56949 0.15394
1403637156.638319016 2.09136 -1.42841 0.47823 0.75848 -0.27545 0.56571 0.16971
1403637156.838319063 2.12048 -1.56035 0.42788 0.75102 -0.30312 0.55147 0.19992
1403637156.938318968 2.13406 -1.62861 0.39406 0.75335 -0.30826 0.54180 0.20949
1403637157.138319016 2.17380 -1.76306 0.30650 0.75819 -0.31468 0.53130 0.20937
1403637157.338319063 2.20745 -1.91647 0.24847 0.75927 -0.31566 0.53402 0.19673
1403637157.538319111 2.23569 -2.06401 0.22479 0.75948 -0.31805 0.53925 0.17676
1403637157.738318920 2.23754 -2.25474 0.23142 0.76164 -0.31428 0.54101 0.16864
1403637157.838319063 2.23622 -2.36626 0.24644 0.75925 -0.30880 0.54621 0.17272
1403637158.038319111 2.20598 -2.58979 0.25295 0.75699 -0.29722 0.55124 0.18645
1403637158.238318920 2.18285 -2.81430 0.26037 0.75637 -0.29232 0.55205 0.19415
1403637158.338319063 2.16577 -2.92430 0.27261 0.75505 -0.29660 0.55024 0.19792
1403637158.538319111 2.11574 -3.14855 0.29584 0.74229 -0.32411 0.54837 0.20795
1403637158.638319016 2.08641 -3.26300 0.29766 0.73308 -0.34509 0.54646 0.21187
1403637158.738318920 2.05221 -3.37872 0.29383 0.72378 -0.36457 0.54219 0.22198
1403637158.838319063 2.01264 -3.49520 0.28458 0.71980 -0.37913 0.53325 0.23193
1403637158.938318968 1.96933 -3.61244 0.27571 0.71869 -0.38641 0.52517 0.24161
1403637159.038319111 1.92491 -3.73047 0.27215 0.72038 -0.38964 0.51645 0.25004
1403637159.138319016 1.88143 -3.85198 0.27329 0.71932 -0.39261 0.51507 0.25128
1403637159.238318920 1.83842 -3.97561 0.26987 0.71632 -0.39694 0.51860 0.24571
1403637159.338319063 1.79243 -4.09913 0.26023 0.71538 -0.39901 0.52090 0.24016
1403637159.438318968 1.74229 -4.22186 0.24557 0.71628 -0.39766 0.52166 0.23807
1403637159.538319111 1.68862 -4.34058 0.22617 0.71904 -0.39341 0.52019 0.24003
1403637159.638319016 1.63202 -4.45960 0.20456 0.72393 -0.38802 0.51528 0.24466
1403637159.738318920 1.57171 -4.57276 0.18409 0.72674 -0.38304 0.51287 0.24919
1403637159.838319063 1.51678 -4.70428 0.17615 0.72685 -0.38080 0.51263 0.25275
1403637159.938318968 1.45934 -4.83023 0.17134 0.72418 -0.38719 0.50896 0.25808
1403637160.038319111 1.40248 -4.95729 0.16491 0.71623 -0.40019 0.50565 0.26681
1403637160.138319016 1.34760 -5.08275 0.15545 0.70186 -0.41690 0.50697 0.27671
1403637160.238318920 1.29223 -5.20932 0.14344 0.68835 -0.43489 0.50232 0.29107
1403637160.338319063 1.23460 -5.33733 0.12585 0.67449 -0.45481 0.49441 0.30622
1403637160.438318968 1.17443 -5.46550 0.10509 0.65994 -0.47683 0.48299 0.32224
1403637160.538319111 1.11272 -5.59205 0.08157 0.64712 -0.49798 0.46598 0.34077
1403637160.638319016 1.05224 -5.71674 0.05569 0.63322 -0.51831 0.44962 0.35808
1403637160.738318920 0.99599 -5.83999 0.02834 0.62357 -0.53567 0.43502 0.36740
1403637160.838319063 0.94612 -5.96164 0.00701 0.61771 -0.54641 0.42419 0.37408
1403637160.938318968 0.90262 -6.08370 -0.00564 0.61348 -0.55513 0.41782 0.37537
1403637161.038319111 0.86528 -6.20219 -0.00523 0.60985 -0.56293 0.41647 0.37114
1403637161.138319016 0.83017 -6.32251 0.00943 0.60342 -0.56936 0.42194 0.36562
1403637161.238318920 0.79207 -6.44533 0.03439 0.59192 -0.57556 0.43620 0.35789
1403637161.338319063 0.74538 -6.57093 0.06504 0.58416 -0.57923 0.44686 0.35151
1403637161.538319111 0.61625 -6.83012 0.14064 0.58522 -0.57850 0.43704 0.36312
1403637161.638319016 0.54090 -6.95770 0.17855 -0.57968 0.58353 -0.43081 -0.37131
1403637161.738318920 0.46064 -7.08696 0.21278 -0.57144 0.58515 -0.42906 -0.38336
1403637161.838319063 0.37697 -7.21561 0.24316 -0.56124 0.58002 -0.43195 -0.40250
1403637161.938318968 0.29153 -7.33795 0.26814 -0.54965 0.57431 -0.43689 -0.42092
1403637162.038319111 0.20522 -7.45364 0.28681 -0.54043 0.56934 -0.44153 -0.43455
1403637162.138319016 0.11826 -7.56114 0.29623 -0.53476 0.56920 -0.44458 -0.43863
1403637162.238318920 0.03076 -7.65626 0.29652 -0.53170 0.57661 -0.44784 -0.42925
1403637162.338319063 -0.05907 -7.73854 0.29174 -0.53182 0.58308 -0.44874 -0.41931
1403637162.438318968 -0.15155 -7.80478 0.28118 -0.53195 0.59022 -0.45036 -0.40723
1403637162.538319111 -0.25051 -7.86039 0.26969 -0.54224 0.59611 -0.43849 -0.39794
1403637162.638319016 -0.35641 -7.90788 0.26853 -0.54734 0.59278 -0.43280 -0.40214
1403637162.738318920 -0.46773 -7.95376 0.27635 -0.53559 0.58679 -0.44405 -0.41429
1403637162.838319063 -0.58447 -7.98867 0.28082 -0.52100 0.58902 -0.44665 -0.42675
1403637162.938318968 -0.70723 -8.01294 0.27851 -0.50772 0.59694 -0.43695 -0.44155
1403637163.038319111 -0.83491 -8.02581 0.27049 -0.49392 0.60880 -0.41969 -0.45745
1403637163.138319016 -0.96357 -8.02695 0.25703 -0.47575 0.62355 -0.39899 -0.47503
1403637163.238318920 -1.09339 -8.01908 0.23929 -0.45385 0.63949 -0.37784 -0.49224
1403637163.338319063 -1.22107 -8.00223 0.21734 0.43015 -0.65529 0.36014 0.50583
1403637163.438318968 -1.34692 -7.97669 0.19230 0.40593 -0.67307 0.34689 0.51173
1403637163.538319111 -1.47071 -7.94202 0.16507 0.38585 -0.69143 0.33607 0.51000
1403637163.638319016 -1.59252 -7.89743 0.14242 -0.37310 0.71048 -0.32616 -0.49964
1403637163.738318920 -1.71509 -7.84524 0.13014 -0.36391 0.72540 -0.32071 -0.48838
1403637163.838319063 -1.84136 -7.78696 0.12967 -0.35744 0.73416 -0.31866 -0.48136
1403637163.938318968 -1.97025 -7.71886 0.14083 -0.34954 0.73816 -0.32321 -0.47799
1403637164.038319111 -2.10877 -7.64395 0.15930 -0.34615 0.73755 -0.32563 -0.47976
1403637164.138319016 -2.25721 -7.56173 0.18544 -0.34651 0.73347 -0.32654 -0.48510
1403637164.238318920 -2.41426 -7.46840 0.21638 -0.35088 0.72892 -0.32458 -0.49011
1403637164.338319063 -2.57767 -7.36665 0.25066 -0.36092 0.72354 -0.31673 -0.49589
1403637164.438318968 -2.74140 -7.25855 0.27988 -0.36831 0.72271 -0.31267 -0.49424
1403637164.538319111 -2.90527 -7.14467 0.30090 -0.36830 0.72489 -0.31906 -0.48691
1403637164.638319016 -3.07473 -7.02782 0.31368 -0.36856 0.72645 -0.32531 -0.48021
1403637164.738318920 -3.25037 -6.90689 0.32149 -0.37545 0.72287 -0.32145 -0.48287
1403637164.838319063 -3.42933 -6.78361 0.32326 -0.38000 0.71577 -0.31290 -0.49535
1403637164.938318968 -3.61114 -6.65644 0.31898 0.37828 -0.71369 0.30303 0.50569
1403637165.038319111 -3.79358 -6.52732 0.30937 0.37047 -0.71653 0.29407 0.51271
1403637165.138319016 -3.97595 -6.39753 0.29810 0.35564 -0.71924 0.28662 0.52351
1403637165.238318920 -4.15727 -6.26447 0.28512 0.33973 -0.72519 0.27324 0.53294
1403637165.338319063 -4.33360 -6.12769 0.27728 0.32477 -0.73722 0.25565 0.53448
1403637165.438318968 -4.50115 -5.99143 0.27692 0.31299 -0.75089 0.23942 0.52998
1403637165.538319111 -4.66399 -5.85876 0.28551 0.30435 -0.75876 0.22729 0.52914
1403637165.638319016 -4.82691 -5.72785 0.30068 0.30110 -0.76272 0.21291 0.53128
1403637165.738318920 -4.98960 -5.60071 0.31571 0.30336 -0.76229 0.19712 0.53667
1403637165.838319063 -5.14825 -5.47992 0.32638 0.30830 -0.76011 0.18238 0.54215
1403637165.938318968 -5.29796 -5.36767 0.33012 0.31669 -0.75650 0.17371 0.54519
1403637166.038319111 -5.43541 -5.26579 0.32558 0.32931 -0.75135 0.17014 0.54596
1403637166.138319016 -5.56151 -5.17630 0.30564 0.34022 -0.74657 0.16898 0.54620
1403637166.238318920 -5.67284 -5.10145 0.27073 0.34640 -0.74210 0.17296 0.54716
1403637166.338319063 -5.77101 -5.03858 0.23379 0.34556 -0.73161 0.18750 0.55694
1403637166.438318968 -5.85035 -4.98739 0.20468 0.34184 -0.71288 0.21081 0.57490
1403637166.538319111 -5.91021 -4.93756 0.17933 0.34424 -0.70467 0.22198 0.57937
1403637166.638319016 -5.95227 -4.88434 0.15736 0.35271 -0.71062 0.21997 0.56766
1403637166.738318920 -5.98013 -4.82960 0.13765 0.36569 -0.72213 0.20798 0.54913
1403637166.838319063 -5.99363 -4.78352 0.11790 0.37863 -0.72412 0.19472 0.54257
1403637166.938318968 -5.99398 -4.75064 0.09617 0.39077 -0.71619 0.18225 0.54877
1403637167.038319111 -5.97731 -4.73264 0.07707 0.39949 -0.70347 0.17342 0.56166
1403637167.138319016 -5.93797 -4.72674 0.06652 0.40652 -0.69091 0.16745 0.57388
1403637167.238318920 -5.87953 -4.73261 0.06587 0.41008 -0.68151 0.16438 0.58340
1403637167.338319063 -5.79695 -4.75318 0.07191 0.40981 -0.68176 0.16349 0.58355
1403637167.438318968 -5.69324 -4.78445 0.07448 0.40358 -0.69462 0.17071 0.57051
1403637167.538319111 -5.57225 -4.82655 0.07237 0.38775 -0.71365 0.19467 0.54995
1403637167.638319016 -5.44190 -4.87617 0.06837 0.37065 -0.72815 0.22058 0.53270
1403637167.738318920 -5.30844 -4.93080 0.06212 0.36490 -0.73451 0.23611 0.52115
1403637167.838319063 -5.17440 -4.98715 0.05118 0.37108 -0.73717 0.24358 0.50945
1403637167.938318968 -5.03791 -5.04797 0.04575 -0.38321 0.73708 -0.24494 -0.49987
1403637168.038319111 -4.90956 -5.10489 0.03473 -0.39719 0.73085 -0.24120 -0.49992
1403637168.138319016 -4.78128 -5.16758 0.03089 -0.40214 0.72910 -0.24688 -0.49573
1403637168.238318920 -4.65352 -5.23407 0.01334 -0.40295 0.72655 -0.25435 -0.49504
1403637168.338319063 -4.52551 -5.30761 -0.02716 0.40387 -0.71969 0.25873 0.50199
1403637168.438318968 -4.40606 -5.37136 -0.06976 0.40331 -0.70942 0.26358 0.51438
1403637168.538319111 -4.28117 -5.43852 -0.12602 0.39910 -0.70464 0.27227 0.51969
1403637168.638319016 -4.15787 -5.50467 -0.18021 0.39902 -0.70812 0.27386 0.51415
1403637168.738318920 -4.03190 -5.57093 -0.22730 0.40187 -0.71156 0.26953 0.50945
1403637168.838319063 -3.90605 -5.63836 -0.26464 0.40304 -0.71373 0.26604 0.50732
1403637168.938318968 -3.77670 -5.70670 -0.29606 0.40648 -0.71352 0.25979 0.50811
1403637169.038319111 -3.65526 -5.78075 -0.33458 0.40878 -0.71246 0.25436 0.51049
1403637169.138319016 -3.52672 -5.85556 -0.37071 0.41412 -0.70840 0.25051 0.51373
1403637169.238318920 -3.39048 -5.93607 -0.39887 0.42248 -0.70057 0.25585 0.51503
1403637169.338319063 -3.24663 -6.01988 -0.41707 0.43350 -0.69039 0.26962 0.51258
1403637169.438318968 -3.09636 -6.10407 -0.42785 0.44963 -0.67767 0.28474 0.50746
1403637169.538319111 -2.93869 -6.18775 -0.43292 0.46956 -0.66069 0.30084 0.50250
1403637169.638319016 -2.77325 -6.26980 -0.43326 -0.49330 0.63838 -0.31726 -0.49847
1403637169.738318920 -2.60013 -6.34694 -0.43260 -0.51576 0.61794 -0.33635 -0.48890
1403637169.838319063 -2.42158 -6.41789 -0.43810 -0.53674 0.59938 -0.35337 -0.47727
1403637169.938318968 -2.23781 -6.48217 -0.45048 -0.55731 0.57912 -0.36486 -0.47000
1403637170.038319111 -2.04833 -6.53986 -0.46958 0.57531 -0.56013 0.37548 0.46292
1403637170.138319016 -1.84784 -6.58679 -0.49430 0.59145 -0.54311 0.38722 0.45307
1403637170.238318920 -1.64799 -6.63720 -0.52200 0.60603 -0.52488 0.40006 0.44405
1403637170.338319063 -1.43446 -6.67571 -0.55428 0.61970 -0.50573 0.41410 0.43443
1403637170.438318968 -1.21057 -6.70722 -0.58836 0.62641 -0.49052 0.44111 0.41525
1403637170.538319111 -0.99005 -6.73165 -0.62493 0.62968 -0.47291 0.47338 0.39467
1403637170.638319016 -0.75536 -6.74350 -0.66417 0.63316 -0.45145 0.50308 0.37711
1403637170.738318920 -0.53410 -6.74111 -0.70750 0.64013 -0.42676 0.52649 0.36181
1403637170.838319063 -0.31988 -6.72356 -0.75038 0.65537 -0.40554 0.53932 0.33935
1403637170.938318968 -0.11702 -6.68937 -0.78541 0.67496 -0.38206 0.54655 0.31581
1403637171.038319111 0.07454 -6.64070 -0.81147 0.69349 -0.35958 0.55236 0.29099
1403637171.138319016 0.25466 -6.58179 -0.82978 0.70947 -0.33972 0.55714 0.26614
1403637171.238318920 0.42219 -6.51512 -0.83813 0.71796 -0.32344 0.56401 0.24861
1403637171.338319063 0.57888 -6.44359 -0.83832 0.72174 -0.30822 0.57092 0.24112
1403637171.438318968 0.72532 -6.36587 -0.83207 0.72611 -0.29291 0.57179 0.24500
1403637171.538319111 0.86737 -6.27920 -0.82211 0.72999 -0.28493 0.56996 0.24713
1403637171.638319016 1.00348 -6.18298 -0.81216 0.73208 -0.28033 0.56756 0.25170
1403637171.738318920 1.13686 -6.07700 -0.80745 0.73145 -0.27965 0.56624 0.25720
1403637171.838319063 1.26881 -5.96076 -0.80679 0.72960 -0.28011 0.56483 0.26492
1403637171.938318968 1.39556 -5.83164 -0.81299 0.72717 -0.28267 0.56414 0.27031
1403637172.038319111 1.51623 -5.68828 -0.82422 0.72433 -0.28535 0.56399 0.27537
1403637172.138319016 1.63097 -5.53063 -0.83952 0.72205 -0.29068 0.56413 0.27551
1403637172.238318920 1.74102 -5.36060 -0.85569 0.72322 -0.30574 0.56184 0.26040
1403637172.338319063 1.84382 -5.18288 -0.86290 0.72567 -0.32366 0.55743 0.24067
1403637172.438318968 1.93803 -5.00256 -0.85831 0.72566 -0.33807 0.55517 0.22563
1403637172.538319111 2.02085 -4.82212 -0.84282 0.72407 -0.34947 0.55453 0.21467
1403637172.638319016 2.08657 -4.64692 -0.81579 0.72244 -0.35633 0.55423 0.20963
1403637172.738318920 2.13508 -4.48186 -0.77973 0.72276 -0.36242 0.55158 0.20502
1403637172.838319063 2.16472 -4.32748 -0.73919 0.72674 -0.37347 0.54041 0.20081
1403637172.938318968 2.18544 -4.17962 -0.70422 0.73554 -0.38980 0.51804 0.19667
1403637173.038319111 2.20264 -4.04079 -0.68485 0.74223 -0.40541 0.49779 0.19221
1403637173.138319016 2.21980 -3.91874 -0.68277 0.74216 -0.42079 0.48472 0.19283
1403637173.238318920 2.23436 -3.81481 -0.69329 0.73375 -0.43887 0.47854 0.20003
1403637173.338319063 2.24720 -3.73299 -0.70591 0.71817 -0.45530 0.47948 0.21687
1403637173.438318968 2.25548 -3.67162 -0.72057 0.70132 -0.47190 0.48047 0.23369
1403637173.538319111 2.25760 -3.62808 -0.73944 0.68512 -0.48918 0.47906 0.24862
1403637173.638319016 2.25153 -3.60042 -0.76366 0.66830 -0.51032 0.47739 0.25507
1403637173.738318920 2.23645 -3.58816 -0.79410 0.65325 -0.53291 0.47291 0.25618
1403637173.838319063 2.21040 -3.59119 -0.83017 0.64280 -0.55560 0.46190 0.25448
1403637173.938318968 2.17348 -3.60823 -0.86503 0.64106 -0.57095 0.44345 0.25768
1403637174.038319111 2.12298 -3.64333 -0.88563 0.64378 -0.56571 0.42984 0.28419
1403637174.138319016 2.06543 -3.69400 -0.88738 0.63713 -0.54959 0.43545 0.32000
1403637174.238318920 2.00372 -3.74963 -0.87914 0.62359 -0.53559 0.45263 0.34554
1403637174.338319063 1.93499 -3.80375 -0.87021 0.61360 -0.53136 0.46588 0.35229
1403637174.438318968 1.85899 -3.85426 -0.85469 0.60545 -0.53542 0.47668 0.34573
1403637174.538319111 1.77932 -3.90538 -0.82783 0.59387 -0.54376 0.48635 0.33928
1403637174.638319016 1.68760 -3.95395 -0.79593 0.58638 -0.55093 0.48271 0.34587
1403637174.738318920 1.58322 -4.00210 -0.76656 0.57649 -0.55569 0.47270 0.36800
1403637174.838319063 1.47022 -4.04654 -0.74232 -0.56526 0.56549 -0.45786 -0.38868
1403637174.938318968 1.35377 -4.08402 -0.72409 -0.55285 0.58771 -0.44004 -0.39411
1403637175.038319111 1.23539 -4.11788 -0.70767 -0.53938 0.60585 -0.42506 -0.40168
1403637175.138319016 1.11410 -4.15142 -0.69265 -0.52349 0.61448 -0.42072 -0.41397
1403637175.238318920 0.99012 -4.17925 -0.68228 -0.50501 0.61816 -0.42571 -0.42618
1403637175.338319063 0.86173 -4.20041 -0.67789 -0.49097 0.61659 -0.42987 -0.44043
1403637175.438318968 0.72945 -4.21148 -0.67994 -0.48341 0.61744 -0.43188 -0.44559
1403637175.538319111 0.59319 -4.21003 -0.68757 -0.48183 0.62604 -0.43044 -0.43662
1403637175.638319016 0.45186 -4.19662 -0.69693 -0.48602 0.63525 -0.42511 -0.42369
1403637175.738318920 0.30358 -4.17376 -0.70046 -0.48993 0.64050 -0.42125 -0.41506
1403637175.838319063 0.14714 -4.14317 -0.69441 -0.49569 0.63897 -0.41587 -0.41602
1403637175.938318968 -0.01679 -4.10633 -0.67993 -0.50286 0.63153 -0.40858 -0.42586
1403637176.038319111 -0.18477 -4.06353 -0.65572 -0.50248 0.62342 -0.41186 -0.43500
1403637176.138319016 -0.35569 -4.01490 -0.62778 -0.50153 0.61496 -0.41684 -0.44331
1403637176.238318920 -0.52701 -3.95771 -0.60407 -0.50073 0.60866 -0.42024 -0.44966
1403637176.338319063 -0.70033 -3.89148 -0.58852 -0.49791 0.60877 -0.42025 -0.45263
1403637176.438318968 -0.87289 -3.81602 -0.57920 -0.49797 0.61135 -0.41590 -0.45311
1403637176.538319111 -1.04684 -3.73287 -0.57547 -0.49839 0.61756 -0.40470 -0.45436
1403637176.638319016 -1.21527 -3.64083 -0.56984 -0.49270 0.62884 -0.39614 -0.45263
1403637176.738318920 -1.40066 -3.55529 -0.57735 -0.48815 0.63991 -0.38714 -0.44982
1403637176.838319063 -1.57382 -3.46231 -0.58220 -0.48500 0.64799 -0.37923 -0.44840
1403637176.938318968 -1.74876 -3.36654 -0.58845 -0.48548 0.65623 -0.36988 -0.44369
1403637177.038319111 -1.92436 -3.27306 -0.60115 -0.48912 0.66500 -0.35908 -0.43543
1403637177.138319016 -2.10181 -3.18394 -0.62021 -0.49613 0.67670 -0.34489 -0.42068
1403637177.238318920 -2.27959 -3.10093 -0.64282 -0.50083 0.68562 -0.33444 -0.40895
1403637177.338319063 -2.45975 -3.02954 -0.66883 -0.50331 0.69016 -0.32892 -0.40270
1403637177.438318968 -2.64261 -2.96929 -0.69883 -0.50819 0.68949 -0.32124 -0.40392
1403637177.538319111 -2.82805 -2.92186 -0.73251 -0.51316 0.68699 -0.30939 -0.41108
1403637177.638319016 -3.01313 -2.89070 -0.76260 -0.51857 0.67989 -0.29734 -0.42476
1403637177.738318920 -3.19228 -2.88434 -0.78026 -0.52082 0.67102 -0.29095 -0.44026
1403637177.838319063 -3.36590 -2.87918 -0.79464 -0.51272 0.67130 -0.29238 -0.44833
1403637177.938318968 -3.52779 -2.89389 -0.80927 -0.49950 0.67890 -0.28953 -0.45362
1403637178.038319111 -3.68081 -2.91909 -0.82866 -0.49023 0.68376 -0.27275 -0.46663
1403637178.138319016 -3.82321 -2.95402 -0.85315 -0.48226 0.68585 -0.25070 -0.48393
1403637178.238318920 -3.94992 -3.00161 -0.87683 -0.47394 0.68786 -0.23405 -0.49745
1403637178.338319063 -4.05488 -3.06748 -0.89353 0.46781 -0.68316 0.22349 0.51430
1403637178.438318968 -4.14562 -3.14777 -0.90281 0.46535 -0.67880 0.21316 0.52654
1403637178.538319111 -4.21145 -3.23976 -0.90383 0.46118 -0.68018 0.20999 0.52969
1403637178.638319016 -4.26008 -3.34126 -0.90024 0.45386 -0.68370 0.21682 0.52873
1403637178.738318920 -4.29641 -3.45073 -0.89902 0.44127 -0.68642 0.23595 0.52767
1403637178.838319063 -4.32244 -3.56583 -0.90116 0.42916 -0.68599 0.25516 0.52927
1403637178.938318968 -4.34002 -3.68195 -0.90683 0.41800 -0.68825 0.27314 0.52629
1403637179.038319111 -4.35058 -3.79494 -0.91502 0.41151 -0.68749 0.28488 0.52618
1403637179.138319016 -4.35344 -3.90083 -0.92970 0.41273 -0.69080 0.28542 0.52056
1403637179.238318920 -4.34879 -4.00107 -0.94647 0.41702 -0.69341 0.28251 0.51524
1403637179.338319063 -4.33673 -4.09621 -0.94978 0.42183 -0.69339 0.27808 0.51376
1403637179.438318968 -4.31760 -4.18952 -0.93466 0.42541 -0.69325 0.27562 0.51230
1403637179.538319111 -4.29282 -4.28432 -0.91540 0.42568 -0.69365 0.27669 0.51098
1403637179.638319016 -4.26320 -4.37868 -0.90472 0.42487 -0.69308 0.27753 0.51196
1403637179.738318920 -4.22901 -4.47342 -0.91325 0.42533 -0.69104 0.27478 0.51580
1403637179.838319063 -4.18991 -4.56764 -0.95031 0.43124 -0.68554 0.26289 0.52436
1403637179.938318968 -4.14242 -4.66424 -1.00690 0.43595 -0.67778 0.25296 0.53533
1403637180.038319111 -4.08041 -4.76492 -1.07124 0.43399 -0.67935 0.25488 0.53401
1403637180.138319016 -4.00474 -4.86788 -1.13269 0.42797 -0.68600 0.26484 0.52546
1403637180.238318920 -3.91757 -4.96900 -1.18654 0.42223 -0.69260 0.27489 0.51619
1403637180.338319063 -3.82430 -5.07105 -1.22800 0.41903 -0.69727 0.28132 0.50901
1403637180.438318968 -3.72745 -5.17426 -1.26139 -0.42077 0.70704 -0.27917 -0.49510
1403637180.538319111 -3.63015 -5.28005 -1.28519 -0.42434 0.71737 -0.27239 -0.48075
1403637180.638319016 -3.53639 -5.38953 -1.29599 -0.42893 0.71453 -0.26431 -0.48539
1403637180.738318920 -3.44070 -5.50234 -1.29916 -0.42765 0.70610 -0.26433 -0.49866
1403637180.838319063 -3.34108 -5.61936 -1.29588 0.42658 -0.70002 0.26155 0.50951
1403637180.938318968 -3.23564 -5.73917 -1.28836 0.42932 -0.69412 0.25129 0.52032
1403637181.038319111 -3.11995 -5.86113 -1.27652 0.43217 -0.69028 0.23960 0.52852
1403637181.138319016 -2.99328 -5.98319 -1.25724 0.42644 -0.69323 0.24259 0.52796
1403637181.238318920 -2.85694 -6.10517 -1.22881 0.41430 -0.69912 0.25655 0.52323
1403637181.338319063 -2.71510 -6.22699 -1.19182 0.40403 -0.70033 0.26775 0.52403
1403637181.438318968 -2.56863 -6.34565 -1.14652 0.40097 -0.69712 0.26866 0.53016
1403637181.538319111 -2.41777 -6.45849 -1.09308 0.40203 -0.69953 0.26323 0.52890
1403637181.638319016 -2.26180 -6.56592 -1.03240 0.40139 -0.70440 0.25945 0.52478
1403637181.738318920 -2.10067 -6.67017 -0.96654 0.39755 -0.70858 0.26042 0.52158
1403637181.838319063 -1.93761 -6.77391 -0.90256 0.39107 -0.71020 0.26599 0.52147
1403637181.938318968 -1.77389 -6.87401 -0.84492 0.38787 -0.71143 0.26854 0.52088
1403637182.038319111 -1.60950 -6.97068 -0.79428 0.38639 -0.71014 0.27057 0.52269
1403637182.138319016 -1.44317 -7.06319 -0.74840 0.38359 -0.70593 0.27639 0.52738
1403637182.238318920 -1.27408 -7.15204 -0.70766 0.37791 -0.70341 0.28850 0.52836
1403637182.338319063 -1.10418 -7.23405 -0.67043 0.37274 -0.70121 0.30063 0.52819
1403637182.438318968 -0.93572 -7.30535 -0.63615 0.36943 -0.69720 0.30990 0.53048
1403637182.538319111 -0.76837 -7.36368 -0.59813 0.37275 -0.68914 0.30846 0.53945
1403637182.638319016 -0.59989 -7.40860 -0.55438 0.37702 -0.68521 0.30469 0.54361
1403637182.738318920 -0.42697 -7.44090 -0.50624 0.37689 -0.68559 0.30705 0.54188
1403637182.838319063 -0.25154 -7.46104 -0.46135 0.37311 -0.68882 0.31232 0.53737
1403637182.938318968 -0.07532 -7.46905 -0.42238 0.36816 -0.69095 0.31806 0.53468
1403637183.038319111 0.10060 -7.46416 -0.39492 0.36129 -0.69422 0.32651 0.53002
1403637183.138319016 0.27457 -7.44587 -0.38428 0.35523 -0.69687 0.33450 0.52563
1403637183.238318920 0.44503 -7.41293 -0.39000 0.35221 -0.69917 0.33886 0.52181
1403637183.338319063 0.61025 -7.36555 -0.40299 0.35011 -0.70168 0.34175 0.51796
1403637183.438318968 0.76777 -7.30290 -0.41920 0.34840 -0.70302 0.34369 0.51601
1403637183.538319111 0.91611 -7.22555 -0.43876 0.34699 -0.70422 0.34550 0.51411
1403637183.638319016 1.05471 -7.13286 -0.46250 0.34457 -0.70537 0.34903 0.51176
1403637183.738318920 1.18579 -7.02655 -0.49031 0.34204 -0.70795 0.35223 0.50769
1403637183.938318968 1.41152 -6.77520 -0.53751 -0.33765 0.72237 -0.35905 -0.48504
1403637184.038319111 1.49750 -6.63070 -0.54895 -0.33559 0.72847 -0.36105 -0.47577
1403637184.138319016 1.56516 -6.47210 -0.54932 -0.33616 0.73088 -0.35861 -0.47351
1403637184.238318920 1.61471 -6.30202 -0.54172 -0.34207 0.73014 -0.34972 -0.47705
1403637184.438318968 1.68637 -5.94281 -0.55949 -0.36951 0.72653 -0.31217 -0.48802
1403637184.538319111 1.71235 -5.75891 -0.58493 -0.37917 0.72992 -0.29991 -0.48322
1403637184.638319016 1.73416 -5.57663 -0.61583 -0.38664 0.73501 -0.29053 -0.47524
1403637184.738318920 1.75253 -5.39743 -0.64820 -0.39106 0.73999 -0.28528 -0.46701
1403637184.838319063 1.76284 -5.22478 -0.67590 -0.39466 0.74314 -0.28089 -0.46161
1403637184.938318968 1.76448 -5.05952 -0.69222 -0.39777 0.74423 -0.27706 -0.45950
1403637185.038319111 1.75569 -4.90535 -0.69960 -0.39971 0.74607 -0.27457 -0.45630
1403637185.138319016 1.73763 -4.76011 -0.69826 -0.39950 0.74780 -0.27409 -0.45395
1403637185.238318920 1.71370 -4.61689 -0.68864 -0.40095 0.74838 -0.27184 -0.45306
1403637185.338319063 1.68089 -4.47952 -0.67283 -0.40491 0.75011 -0.26598 -0.45015
1403637185.438318968 1.64164 -4.34553 -0.64916 -0.41105 0.75121 -0.25680 -0.44808
1403637185.538319111 1.59576 -4.21396 -0.62036 -0.41380 0.74972 -0.25288 -0.45027
1403637185.638319016 1.53924 -4.11503 -0.58000 -0.40961 0.74447 -0.25847 -0.45954
1403637185.738318920 1.47829 -4.03256 -0.53877 -0.40382 0.73553 -0.26618 -0.47443
1403637185.838319063 1.41448 -3.95762 -0.50503 -0.40341 0.72881 -0.26591 -0.48517
1403637185.938318968 1.34927 -3.88945 -0.47899 -0.40234 0.72434 -0.26689 -0.49217
1403637186.038319111 1.28525 -3.82615 -0.45809 -0.39933 0.72036 -0.27133 -0.49799
1403637186.138319016 1.22254 -3.76742 -0.43601 0.39779 -0.71800 0.27367 0.50134
1403637186.238318920 1.16186 -3.71334 -0.40846 0.39783 -0.71793 0.27369 0.50140
1403637186.338319063 1.10139 -3.66870 -0.37168 0.39776 -0.71636 0.27392 0.50357
1403637186.438318968 1.04418 -3.62596 -0.32695 0.39449 -0.71625 0.27773 0.50421
1403637186.538319111 0.98779 -3.58160 -0.27570 0.38921 -0.71746 0.28428 0.50294
1403637186.638319016 0.93202 -3.53477 -0.22373 0.38667 -0.71832 0.28645 0.50245
1403637186.738318920 0.87726 -3.48616 -0.17862 -0.38446 0.72260 -0.28768 -0.49728
1403637186.838319063 0.82238 -3.43540 -0.14170 -0.37903 0.72992 -0.29394 -0.48698
1403637186.938318968 0.76332 -3.38334 -0.11198 -0.37110 0.73624 -0.30383 -0.47741
1403637187.038319111 0.69766 -3.32853 -0.08808 -0.36461 0.73881 -0.31204 -0.47313
1403637187.138319016 0.62334 -3.26949 -0.07029 -0.36299 0.73597 -0.31435 -0.47725
1403637187.238318920 0.54292 -3.20698 -0.06024 -0.36486 0.73559 -0.30590 -0.48188
1403637187.338319063 0.45654 -3.14222 -0.05780 -0.36996 0.74129 -0.28822 -0.48016
1403637187.438318968 0.36576 -3.07991 -0.05928 -0.37576 0.74506 -0.27139 -0.47963
1403637187.538319111 0.27114 -3.02177 -0.06275 -0.37721 0.74888 -0.26199 -0.47775
1403637187.638319016 0.17153 -2.96954 -0.06859 -0.37576 0.75207 -0.25831 -0.47589
1403637187.738318920 0.06777 -2.92296 -0.07767 -0.37302 0.75501 -0.25798 -0.47356
1403637187.838319063 -0.04062 -2.88191 -0.09021 -0.37180 0.75767 -0.25710 -0.47075
1403637187.938318968 -0.15483 -2.84713 -0.10469 -0.37403 0.75762 -0.25258 -0.47151
1403637188.138319016 -0.39514 -2.79834 -0.13664 -0.37711 0.75081 -0.24779 -0.48235
1403637188.238318920 -0.52238 -2.78312 -0.15525 -0.38101 0.74139 -0.24223 -0.49649
1403637188.338319063 -0.64781 -2.77509 -0.17760 0.38060 -0.73530 0.24234 0.50571
1403637188.438318968 -0.77115 -2.77207 -0.20455 0.37576 -0.73107 0.24880 0.51229
1403637188.638319016 -1.00246 -2.76850 -0.26288 0.35626 -0.73327 0.25645 0.51925
1403637188.738318920 -1.12291 -2.76650 -0.29921 0.33697 -0.74067 0.26134 0.51919
1403637188.838319063 -1.24182 -2.76038 -0.33699 0.31607 -0.75029 0.26353 0.51741
1403637188.938318968 -1.37012 -2.75509 -0.37581 0.30275 -0.75752 0.25879 0.51724
1403637189.038319111 -1.48534 -2.73619 -0.39908 0.30129 -0.76288 0.24396 0.51742
1403637189.138319016 -1.61245 -2.71602 -0.41882 0.30398 -0.76996 0.22827 0.51250
1403637189.238318920 -1.73188 -2.70413 -0.43955 0.30340 -0.77735 0.22101 0.50481
1403637189.338319063 -1.85804 -2.69023 -0.47265 0.29745 -0.77952 0.22570 0.50293
1403637189.538319111 -2.11115 -2.66310 -0.54994 0.29322 -0.76555 0.23344 0.52294
1403637189.638319016 -2.24814 -2.65329 -0.57770 0.29768 -0.76042 0.23013 0.52932
1403637189.738318920 -2.37725 -2.63437 -0.59793 0.30198 -0.75808 0.22771 0.53128
1403637189.838319063 -2.50557 -2.61234 -0.61169 0.30602 -0.75900 0.22453 0.52901
1403637189.938318968 -2.63289 -2.58846 -0.61318 0.30606 -0.75736 0.22594 0.53074
1403637190.038319111 -2.75767 -2.56222 -0.60662 0.30629 -0.75480 0.22549 0.53443
1403637190.138319016 -2.87875 -2.53506 -0.59479 0.30573 -0.75302 0.22516 0.53739
1403637190.238318920 -2.99696 -2.51072 -0.57815 0.30405 -0.75211 0.22619 0.53919
1403637190.338319063 -3.10873 -2.48464 -0.55485 0.30272 -0.75200 0.22589 0.54021
1403637190.438318968 -3.21467 -2.45760 -0.52418 0.30003 -0.75301 0.22780 0.53950
1403637190.538319111 -3.31646 -2.43077 -0.49249 0.29954 -0.75264 0.22565 0.54119
1403637190.638319016 -3.41462 -2.40342 -0.46626 0.30476 -0.75039 0.21992 0.54375
1403637190.738318920 -3.50847 -2.37612 -0.44714 0.31441 -0.74715 0.22159 0.54204
1403637190.838319063 -3.59715 -2.34930 -0.43298 0.32166 -0.74424 0.23133 0.53771
1403637190.938318968 -3.68280 -2.32146 -0.42380 0.32620 -0.74166 0.24218 0.53374
1403637191.038319111 -3.76610 -2.29051 -0.42007 0.33036 -0.73892 0.24953 0.53160
1403637191.138319016 -3.84809 -2.25665 -0.42109 0.33336 -0.73645 0.25450 0.53079
1403637191.238318920 -3.92885 -2.21984 -0.42673 0.33627 -0.73461 0.25557 0.53099
1403637191.338319063 -4.00724 -2.18078 -0.43769 0.33845 -0.73313 0.25569 0.53159
1403637191.438318968 -4.08195 -2.13984 -0.44956 0.34107 -0.73103 0.25268 0.53424
1403637191.538319111 -4.14959 -2.09660 -0.45537 0.34221 -0.73027 0.24961 0.53599
1403637191.638319016 -4.21226 -2.05300 -0.45205 0.34564 -0.73243 0.24168 0.53448
1403637191.738318920 -4.26909 -2.00936 -0.44253 0.34767 -0.73905 0.23516 0.52690
1403637191.838319063 -4.32345 -1.96839 -0.42667 0.35167 -0.74186 0.22626 0.52419
1403637191.938318968 -4.37544 -1.93098 -0.40437 0.35791 -0.73971 0.21466 0.52788
1403637192.038319111 -4.42403 -1.89787 -0.37530 0.36103 -0.74057 0.20775 0.52731
1403637192.138319016 -4.46618 -1.87042 -0.34073 0.36090 -0.74730 0.20542 0.51874
1403637192.238318920 -4.50276 -1.85267 -0.29908 0.36273 -0.75011 0.20104 0.51512
1403637192.338319063 -4.53404 -1.84669 -0.25136 0.36787 -0.74747 0.19249 0.51856
1403637192.438318968 -4.56053 -1.85254 -0.20613 0.36677 -0.74681 0.19324 0.52002
1403637192.538319111 -4.58160 -1.86787 -0.16822 0.35946 -0.75440 0.20225 0.51065
1403637192.638319016 -4.60154 -1.89114 -0.13570 0.35358 -0.76140 0.20985 0.50121
1403637192.738318920 -4.62329 -1.92245 -0.10801 -0.35104 0.76426 -0.21344 -0.49711
1403637192.838319063 -4.64683 -1.96073 -0.08384 -0.35064 0.76248 -0.21538 -0.49928
1403637192.938318968 -4.67261 -2.00626 -0.05630 0.34947 -0.75798 0.21893 0.50538
1403637193.038319111 -4.70044 -2.05691 -0.02140 0.34810 -0.75535 0.22303 0.50845
1403637193.138319016 -4.72884 -2.11168 0.01847 -0.34025 0.76239 -0.23439 -0.49806
1403637193.238318920 -4.76101 -2.16836 0.06181 -0.33116 0.77164 -0.24677 -0.48375
1403637193.338319063 -4.80166 -2.22584 0.09705 -0.33205 0.77147 -0.24488 -0.48437
1403637193.438318968 -4.85019 -2.28632 0.11718 -0.33820 0.76333 -0.23608 -0.49720
1403637193.538319111 -4.90195 -2.34949 0.13185 0.34448 -0.75654 0.22803 0.50694
1403637193.638319016 -4.95478 -2.41694 0.14948 0.34935 -0.75332 0.22215 0.51099
1403637193.738318920 -5.00876 -2.49082 0.17249 0.35280 -0.75155 0.21796 0.51302
1403637193.838319063 -5.06100 -2.56897 0.20113 0.35482 -0.75080 0.21559 0.51373
1403637193.938318968 -5.11111 -2.65189 0.23238 0.35377 -0.74990 0.21706 0.51515
1403637194.038319111 -5.15974 -2.73905 0.25258 0.35130 -0.74543 0.22079 0.52170
1403637194.138319016 -5.20527 -2.82840 0.25700 0.34931 -0.74314 0.22281 0.52544
1403637194.238318920 -5.24907 -2.92121 0.25352 0.34826 -0.74487 0.22378 0.52327
1403637194.338319063 -5.28957 -3.01488 0.25388 0.34817 -0.74701 0.22294 0.52063
1403637194.438318968 -5.32584 -3.10952 0.26132 0.34927 -0.74834 0.22115 0.51874
1403637194.538319111 -5.36045 -3.20803 0.27641 0.34835 -0.74959 0.22203 0.51717
1403637194.638319016 -5.39320 -3.30934 0.29852 0.34840 -0.75050 0.22093 0.51629
1403637194.738318920 -5.42425 -3.41354 0.32466 0.34914 -0.75454 0.21807 0.51110
1403637194.838319063 -5.45522 -3.52226 0.34859 0.34860 -0.75745 0.21674 0.50771
1403637194.938318968 -5.48592 -3.63439 0.36641 0.34661 -0.75768 0.21867 0.50790
1403637195.038319111 -5.51754 -3.75073 0.37955 0.34332 -0.75267 0.22243 0.51589
1403637195.138319016 -5.54812 -3.86847 0.38655 0.34043 -0.74743 0.22574 0.52392
1403637195.238318920 -5.57607 -3.98545 0.38795 0.33831 -0.74299 0.22866 0.53031
1403637195.338319063 -5.60099 -4.10084 0.38374 0.33681 -0.74021 0.23112 0.53407
1403637195.438318968 -5.62243 -4.21499 0.37724 0.33777 -0.73847 0.23291 0.53510
1403637195.538319111 -5.63953 -4.32809 0.37602 0.34327 -0.73756 0.23774 0.53071
1403637195.638319016 -5.65209 -4.43775 0.38422 0.34947 -0.73466 0.24196 0.52878
1403637195.738318920 -5.66154 -4.54547 0.39906 0.35413 -0.73101 0.24548 0.52911
1403637195.838319063 -5.66722 -4.65030 0.41630 0.36128 -0.72689 0.24264 0.53125
1403637195.938318968 -5.66973 -4.75642 0.43485 0.36982 -0.72258 0.23495 0.53470
1403637196.038319111 -5.66557 -4.86236 0.44747 0.37868 -0.71598 0.22474 0.54173
1403637196.138319016 -5.65175 -4.96980 0.45420 0.38405 -0.70514 0.21777 0.55484
1403637196.238318920 -5.62603 -5.08009 0.45566 0.38606 -0.69279 0.21473 0.56999
1403637196.338319063 -5.58522 -5.19247 0.45093 0.38654 -0.68318 0.21259 0.58195
1403637196.438318968 -5.52622 -5.30469 0.44049 0.38604 -0.67804 0.21077 0.58891
1403637196.538319111 -5.44743 -5.41731 0.42580 0.38350 -0.67950 0.21220 0.58837
1403637196.638319016 -5.34997 -5.53205 0.40777 0.37937 -0.68332 0.21606 0.58521
1403637196.738318920 -5.23434 -5.64416 0.38583 0.37426 -0.68748 0.22156 0.58156
1403637196.838319063 -5.10275 -5.75115 0.35863 0.37113 -0.69082 0.22379 0.57874
1403637196.938318968 -4.95515 -5.85234 0.32986 0.36857 -0.68988 0.22493 0.58106
1403637197.038319111 -4.79193 -5.94919 0.30085 0.36202 -0.69472 0.23811 0.57412
1403637197.138319016 -4.61612 -6.04169 0.27780 0.36423 -0.69758 0.25034 0.56396
1403637197.238318920 -4.42901 -6.12704 0.26104 0.37484 -0.69736 0.26363 0.55107
1403637197.338319063 -4.23487 -6.20454 0.25252 0.39260 -0.69531 0.27857 0.53368
1403637197.438318968 -4.03666 -6.27425 0.25214 0.41567 -0.68673 0.29745 0.51686
1403637197.538319111 -3.83567 -6.33655 0.25849 0.44836 -0.67168 0.31177 0.50062
1403637197.638319016 -3.63189 -6.39368 0.27019 -0.48444 0.65104 -0.32713 -0.48420
1403637197.738318920 -3.42708 -6.44557 0.28834 -0.51651 0.62669 -0.34591 -0.46992
1403637197.838319063 -3.21976 -6.48970 0.31395 -0.54632 0.59732 -0.36275 -0.46168
1403637197.938318968 -3.00816 -6.52717 0.34511 0.57252 -0.57072 0.37750 0.45166
1403637198.038319111 -2.79151 -6.55940 0.38121 0.59391 -0.54726 0.39172 0.44082
1403637198.138319016 -2.57019 -6.58476 0.42493 0.61166 -0.52649 0.40583 0.42893
1403637198.238318920 -2.34263 -6.60681 0.47564 0.62859 -0.50835 0.41742 0.41498
1403637198.338319063 -2.11002 -6.62361 0.53305 0.64360 -0.48673 0.42874 0.40627
1403637198.438318968 -1.87311 -6.63194 0.58718 0.65527 -0.46437 0.43774 0.40418
1403637198.538319111 -1.63587 -6.63934 0.63095 0.66233 -0.44852 0.44244 0.40547
1403637198.638319016 -1.38920 -6.64606 0.66153 0.66638 -0.43764 0.44401 0.40899
1403637198.738318920 -1.13261 -6.64444 0.67990 0.66719 -0.43461 0.44698 0.40766
1403637198.838319063 -0.87447 -6.63238 0.66408 0.66307 -0.43254 0.45414 0.40866
1403637198.938318968 -0.60262 -6.61371 0.64640 0.65349 -0.43447 0.46733 0.40718
1403637199.038319111 -0.32165 -6.58239 0.63043 0.64470 -0.43737 0.48398 0.39854
1403637199.138319016 -0.03640 -6.53784 0.61983 0.64617 -0.43958 0.49205 0.38356
1403637199.238318920 0.24319 -6.47456 0.61473 0.65382 -0.43528 0.49733 0.36839
1403637199.338319063 0.51659 -6.39661 0.61913 0.66298 -0.42137 0.50451 0.35829
1403637199.438318968 0.78195 -6.30280 0.62842 0.67391 -0.40224 0.51310 0.34753
1403637199.538319111 1.04152 -6.19626 0.63816 0.68527 -0.38178 0.52240 0.33430
1403637199.638319016 1.29374 -6.07797 0.64004 0.69332 -0.36297 0.53549 0.31750
1403637199.738318920 1.53921 -5.94800 0.63481 0.69904 -0.34543 0.55197 0.29555
1403637199.838319063 1.77663 -5.80878 0.61424 0.70243 -0.32851 0.57302 0.26517
1403637199.938318968 2.00508 -5.66339 0.57051 0.70265 -0.30940 0.59765 0.23101
1403637200.038319111 2.21491 -5.51240 0.51839 0.69976 -0.28401 0.62471 0.19852
1403637200.138319016 2.39477 -5.35639 0.46229 0.70107 -0.25083 0.64471 0.17301
1403637200.238318920 2.54419 -5.19794 0.40118 0.71462 -0.21844 0.64688 0.15216
1403637200.338319063 2.66665 -5.03932 0.33745 0.73827 -0.18648 0.63124 0.14738
1403637200.438318968 2.76455 -4.87893 0.27849 0.76221 -0.16781 0.60961 0.13876
1403637200.538319111 2.84878 -4.71559 0.22836 0.77842 -0.16101 0.59334 0.12685
1403637200.638319016 2.92771 -4.55178 0.18780 0.78295 -0.16309 0.58961 0.11292
1403637200.738318920 3.00027 -4.39007 0.15528 0.78479 -0.16745 0.58721 0.10604
1403637200.938318968 3.12556 -4.08009 0.11244 0.77763 -0.18764 0.59097 0.10409
1403637201.138319016 3.21796 -3.78524 0.09795 0.77552 -0.20209 0.58619 0.11879
1403637201.238318920 3.26354 -3.64766 0.10610 0.77450 -0.21175 0.58367 0.12098
1403637201.438318968 3.30708 -3.38056 0.12838 0.76809 -0.25561 0.57820 0.10191
1403637201.638319016 3.31691 -3.16949 0.12669 0.76150 -0.29760 0.56874 0.08988
1403637201.738318920 3.30484 -3.07664 0.12046 0.75636 -0.30432 0.57098 0.09643
1403637201.938318968 3.24497 -2.95021 0.10771 0.75248 -0.30123 0.57391 0.11687
1403637202.138319016 3.13813 -2.87791 0.11222 0.76259 -0.30869 0.55944 0.10099
1403637202.238318920 3.06781 -2.87049 0.11886 0.77418 -0.30094 0.54610 0.10885
1403637202.438318968 2.91933 -2.87830 0.12253 0.79228 -0.27658 0.52604 0.13812
1403637202.638319016 2.79168 -2.93262 0.12211 0.78470 -0.26760 0.53913 0.14825
1403637202.838319063 2.66194 -2.99481 0.15051 0.78024 -0.25561 0.54685 0.16380
1403637202.938318968 2.60710 -3.05015 0.16095 0.78131 -0.24931 0.54538 0.17308
1403637203.138319016 2.49732 -3.13232 0.16727 0.78105 -0.24745 0.54519 0.17748
1403637203.338319063 2.39633 -3.20598 0.16978 0.78052 -0.24620 0.54511 0.18175
1403637203.538319111 2.31052 -3.27504 0.15223 0.78010 -0.24684 0.54497 0.18307
1403637203.738318920 2.23515 -3.33557 0.11733 0.77879 -0.24638 0.54574 0.18693
1403637203.838319063 2.19627 -3.36703 0.09403 0.77829 -0.24743 0.54605 0.18675
1403637204.038319111 2.13793 -3.39553 0.04682 0.77788 -0.24723 0.54594 0.18903
1403637204.138319016 2.10770 -3.40979 0.02382 0.77755 -0.24790 0.54612 0.18898
1403637204.338319063 2.05475 -3.42584 0.00517 0.77764 -0.25025 0.54543 0.18747
1403637204.438318968 2.03146 -3.42934 0.00872 0.77469 -0.25247 0.54885 0.18675
1403637204.538319111 2.00725 -3.42712 0.02216 0.77064 -0.25525 0.55363 0.18562
1403637204.738318920 1.96124 -3.42339 0.05903 0.77154 -0.25937 0.54967 0.18795
1403637204.838319063 1.93849 -3.42376 0.07451 0.77296 -0.26187 0.54645 0.18799
1403637204.938318968 1.91415 -3.40839 0.08324 0.77437 -0.26273 0.54371 0.18897
1403637205.138319016 1.87004 -3.39091 0.08520 0.77923 -0.26494 0.53624 0.18721
1403637205.238318920 1.85732 -3.38758 0.06315 0.78032 -0.26327 0.53572 0.18653
1403637205.338319063 1.84051 -3.38169 0.05844 0.78204 -0.25740 0.53710 0.18351
1403637205.438318968 1.83700 -3.35487 0.05854 0.78349 -0.25036 0.53904 0.18138
1403637205.638319016 1.80967 -3.33540 0.06530 0.78172 -0.23840 0.54805 0.17808
1403637205.738318920 1.80367 -3.31904 0.06058 0.78238 -0.23597 0.54877 0.17624
1403637205.838319063 1.79551 -3.29909 0.05459 0.78290 -0.23424 0.54890 0.17581
1403637205.938318968 1.79138 -3.27682 0.04137 0.78281 -0.23405 0.54948 0.17466
1403637206.038319111 1.78862 -3.25780 0.02940 0.78246 -0.23355 0.55042 0.17389
1403637206.238318920 1.78469 -3.20293 0.03132 0.78078 -0.23941 0.55355 0.16322
1403637206.338319063 1.78402 -3.18896 0.04469 0.77915 -0.24176 0.55569 0.16026
1403637206.438318968 1.78277 -3.16790 0.06391 0.77913 -0.24206 0.55557 0.16034
1403637206.638319016 1.77058 -3.12782 0.09924 0.77866 -0.24179 0.55538 0.16363
1403637206.738318920 1.76793 -3.10489 0.10717 0.77842 -0.24119 0.55517 0.16637
1403637206.838319063 1.76028 -3.08504 0.11129 0.77778 -0.24091 0.55558 0.16835
1403637207.038319111 1.73954 -3.04439 0.13232 0.77528 -0.24167 0.55818 0.17019
1403637207.138319016 1.72524 -3.02024 0.14151 0.77449 -0.24291 0.55858 0.17071
1403637207.238318920 1.71286 -2.99569 0.14754 0.77310 -0.24402 0.55982 0.17136
1403637207.438318968 1.68409 -2.94806 0.13903 0.77298 -0.24590 0.55887 0.17236
1403637207.538319111 1.66374 -2.92353 0.12562 0.77391 -0.24795 0.55698 0.17135
1403637207.638319016 1.64575 -2.89138 0.10035 0.77803 -0.25528 0.55060 0.16230
1403637207.738318920 1.62100 -2.87264 0.10190 0.78150 -0.25954 0.54517 0.15710
1403637207.838319063 1.59726 -2.85159 0.10478 0.78117 -0.25776 0.54541 0.16082
1403637208.038319111 1.55067 -2.81624 0.13712 0.77935 -0.25175 0.54756 0.17152
1403637208.138319016 1.53111 -2.79948 0.16455 0.77963 -0.25043 0.54684 0.17441
1403637208.238318920 1.51050 -2.78591 0.19945 0.77963 -0.25012 0.54636 0.17637
1403637208.338319063 1.49480 -2.77047 0.22768 0.77711 -0.25635 0.54928 0.16934
1403637208.538319111 1.45910 -2.74698 0.26084 0.77412 -0.25892 0.55233 0.16918
1403637208.638319016 1.43639 -2.73825 0.27019 0.77448 -0.25649 0.55152 0.17385
1403637208.738318920 1.41761 -2.72622 0.26962 0.77397 -0.25436 0.55202 0.17762
1403637208.838319063 1.39852 -2.71097 0.26599 0.77337 -0.25337 0.55275 0.17935
1403637208.938318968 1.38303 -2.70871 0.24444 0.77489 -0.24940 0.55043 0.18541
1403637209.138319016 1.34636 -2.67333 0.21674 0.77933 -0.23441 0.54497 0.20173
1403637209.238318920 1.33129 -2.64870 0.20090 0.78272 -0.23071 0.54692 0.18709
1403637209.338319063 1.31544 -2.62333 0.19497 0.78907 -0.22521 0.54581 0.16953
1403637209.438318968 1.30301 -2.59439 0.19479 0.79613 -0.21890 0.54150 0.15825
1403637209.538319111 1.29278 -2.56613 0.20452 0.80681 -0.21326 0.53025 0.14970
1403637209.638319016 1.29162 -2.54005 0.21719 0.81811 -0.20958 0.51620 0.14251
1403637209.738318920 1.29879 -2.51899 0.23858 0.82471 -0.20759 0.50793 0.13700
1403637209.938318968 1.35109 -2.49115 0.28125 0.83132 -0.20845 0.49820 0.13133
1403637210.038319111 1.39054 -2.48323 0.28413 0.83711 -0.20950 0.48842 0.12961
1403637210.138319016 1.44438 -2.48271 0.27319 0.84262 -0.21200 0.47843 0.12712
1403637210.338319063 1.59064 -2.49343 0.21668 0.85133 -0.21533 0.46225 0.12329
1403637210.438318968 1.69434 -2.51345 0.18941 0.85145 -0.21540 0.46201 0.12321
1403637210.638319016 1.95881 -2.58090 0.14009 0.83735 -0.21122 0.48776 0.12774
1403637210.738318920 2.10429 -2.62453 0.11714 0.83246 -0.21009 0.49658 0.12756
1403637210.938318968 2.44496 -2.72650 0.04457 0.81997 -0.21961 0.51654 0.11229
1403637211.138319016 2.79277 -2.85417 -0.03052 0.80377 -0.22427 0.54013 0.10920
1403637211.238318920 2.96676 -2.92794 -0.07257 0.80011 -0.21967 0.54527 0.11935
1403637211.438318968 3.30866 -3.08218 -0.16704 0.78987 -0.21482 0.55815 0.13573
1403637211.638319016 3.64054 -3.24407 -0.26770 0.79286 -0.21849 0.55305 0.13330
1403637211.838319063 3.94033 -3.39488 -0.34170 0.80082 -0.22988 0.54069 0.11618
1403637212.038319111 4.25422 -3.58416 -0.37922 0.80102 -0.22618 0.54031 0.12358
1403637212.238318920 4.55754 -3.78085 -0.38630 0.78567 -0.21731 0.56218 0.13949
1403637212.338319063 4.70456 -3.87844 -0.38089 0.78209 -0.21601 0.56672 0.14315
1403637212.538319111 4.97754 -4.06153 -0.35674 0.78406 -0.21794 0.56243 0.14635
1403637212.738318920 5.24265 -4.24163 -0.32264 0.79405 -0.22143 0.54699 0.14578
1403637212.938318968 5.50834 -4.42293 -0.27918 0.79807 -0.21744 0.54127 0.15113
1403637213.138319016 5.77118 -4.59697 -0.22933 0.79932 -0.21577 0.54106 0.14758
1403637213.238318920 5.90172 -4.68226 -0.21286 0.79904 -0.21615 0.54229 0.14403
1403637213.538319111 6.29540 -4.93721 -0.19419 0.79452 -0.21281 0.54956 0.14638
1403637213.638319016 6.42313 -5.01985 -0.19722 0.79475 -0.20473 0.54918 0.15766
1403637213.838319063 6.68052 -5.17293 -0.22174 0.79980 -0.19494 0.54201 0.16893
1403637214.038319111 6.95033 -5.30528 -0.25595 0.79828 -0.18989 0.54587 0.16945
1403637214.138319016 7.09034 -5.36067 -0.26475 0.79468 -0.18730 0.55525 0.15840
1403637214.338319063 7.36829 -5.45417 -0.25941 0.79167 -0.16420 0.57225 0.13722
1403637214.538319111 7.63145 -5.52116 -0.23307 0.79406 -0.10854 0.58434 0.12740
1403637214.738318920 7.87756 -5.54788 -0.18840 0.79371 -0.05674 0.59203 0.12769
1403637214.838319063 7.99066 -5.53767 -0.15942 0.79273 -0.04352 0.59497 0.12529
1403637215.038319111 8.19638 -5.46809 -0.10937 0.79101 -0.03633 0.59917 0.11823
1403637215.238318920 8.37630 -5.33824 -0.07809 0.78531 -0.03907 0.60733 0.11365
1403637215.438318968 8.52007 -5.15072 -0.06187 0.77772 -0.03774 0.62140 0.08709
1403637215.638319016 8.60805 -4.92118 -0.03871 0.77154 -0.01346 0.63409 0.04969
1403637215.738318920 8.62587 -4.79547 -0.01971 0.77776 0.00793 0.62768 0.03243
1403637215.838319063 8.62881 -4.66512 0.00350 0.78790 0.02907 0.61498 0.01272
1403637215.938318968 8.61944 -4.53178 0.03362 0.79426 0.04648 0.60576 -0.00710
1403637216.038319111 8.59865 -4.39787 0.07057 0.79789 0.05953 0.59929 -0.02621
1403637216.138319016 8.56987 -4.26447 0.11039 0.79925 0.07248 0.59498 -0.04407
1403637216.238318920 8.53498 -4.13347 0.14507 0.79849 0.08123 0.59364 -0.05835
1403637216.338319063 8.49559 -4.00652 0.17304 0.79597 0.08565 0.59539 -0.06786
1403637216.438318968 8.45240 -3.88367 0.19505 0.79042 0.08770 0.60187 -0.07284
1403637216.638319016 8.35098 -3.65137 0.22197 0.78225 0.08462 0.61214 -0.07876
1403637216.738318920 8.28881 -3.54043 0.22915 0.77666 0.07934 0.61949 -0.08207
1403637216.938318968 8.13560 -3.33811 0.24842 0.76758 0.07619 0.63206 -0.07426
1403637217.138319016 7.93064 -3.15821 0.28312 0.77959 0.06324 0.61773 -0.08148
1403637217.338319063 7.68812 -3.01127 0.30249 0.78599 0.04501 0.60902 -0.09637
1403637217.438318968 7.55676 -2.95578 0.30058 0.78725 0.03895 0.60733 -0.09937
1403637217.638319016 7.28361 -2.88457 0.27697 0.78290 0.05041 0.61255 -0.09648
1403637217.838319063 6.98648 -2.85645 0.25257 0.77061 0.10769 0.62225 -0.08585
1403637217.938318968 6.82211 -2.84925 0.24667 0.76859 0.13390 0.61866 -0.09274
1403637218.038319111 6.64704 -2.84502 0.24509 0.76901 0.15186 0.61226 -0.10344
1403637218.138319016 6.46367 -2.84322 0.24636 0.77122 0.16353 0.60471 -0.11317
1403637218.238318920 6.27339 -2.84354 0.24374 0.77248 0.17183 0.59974 -0.11856
1403637218.338319063 6.07908 -2.84476 0.23534 0.77190 0.17782 0.59837 -0.12039
1403637218.438318968 5.87830 -2.84723 0.22167 0.77152 0.17918 0.59789 -0.12320
1403637218.538319111 5.67046 -2.85106 0.20794 0.77082 0.18044 0.59849 -0.12283
1403637218.638319016 5.45901 -2.85477 0.19971 0.77278 0.17986 0.59642 -0.12140
1403637218.738318920 5.24306 -2.85771 0.19774 0.77718 0.17880 0.59140 -0.11941
1403637218.838319063 5.02146 -2.85995 0.19191 0.77965 0.17895 0.58908 -0.11448
1403637218.938318968 4.79818 -2.86094 0.16835 0.78027 0.18269 0.58886 -0.10507
1403637219.038319111 4.57219 -2.85987 0.13045 0.78042 0.18649 0.58894 -0.09651
1403637219.138319016 4.34214 -2.85436 0.08803 0.78012 0.18717 0.58953 -0.09399
1403637219.338319063 3.86788 -2.83245 0.01802 0.78285 0.18281 0.58689 -0.09632
1403637219.538319111 3.38067 -2.79313 -0.02620 0.79547 0.17938 0.57056 -0.09750
1403637219.638319016 3.13724 -2.76610 -0.03639 0.80463 0.17731 0.55818 -0.09783
1403637219.738318920 2.89946 -2.73559 -0.03934 0.80947 0.17604 0.55163 -0.09735
1403637219.838319063 2.67425 -2.69921 -0.03152 0.81276 0.17552 0.54712 -0.09627
1403637220.038319111 2.26415 -2.61263 0.01360 0.81533 0.17475 0.54333 -0.09743
1403637220.138319016 2.06912 -2.56217 0.04777 0.81578 0.17530 0.54276 -0.09584
1403637220.338319063 1.69252 -2.45139 0.13176 0.81499 0.16646 0.54444 -0.10798
1403637220.538319111 1.34234 -2.34226 0.22882 0.81109 0.15374 0.55076 -0.12310
1403637220.738318920 1.01464 -2.24704 0.30066 0.81054 0.15210 0.55191 -0.12365
1403637220.938318968 0.71114 -2.16200 0.34998 0.81271 0.15250 0.54899 -0.12185
1403637221.138319016 0.43544 -2.08859 0.37415 0.81929 0.14375 0.54370 -0.11175
1403637221.338319063 0.18985 -2.02526 0.37507 0.82516 0.12140 0.54408 -0.09142
1403637221.538319111 -0.02847 -1.96289 0.35433 0.82809 0.10214 0.54516 -0.08143
1403637221.738318920 -0.21973 -1.90295 0.31607 0.83063 0.09118 0.54424 -0.07449
1403637221.938318968 -0.38072 -1.84934 0.26266 0.83355 0.07591 0.54283 -0.06898
1403637222.238318920 -0.54923 -1.80055 0.15403 0.83574 0.02315 0.54771 -0.03175
1403637222.438318968 -0.62110 -1.78008 0.07203 0.82363 -0.00352 0.56699 -0.01206
1403637222.738318920 -0.71479 -1.75542 -0.00963 0.81803 -0.01787 0.57490 0.00060
1403637222.938318968 -0.77571 -1.74552 -0.02791 0.82924 -0.01762 0.55862 0.00094
1403637223.238318920 -0.82975 -1.74406 0.01032 0.83444 -0.01161 0.55098 -0.00129
1403637223.538319111 -0.82820 -1.74901 0.11683 0.82135 -0.00164 0.57042 -0.00174
1403637223.838319063 -0.80862 -1.75236 0.20751 0.81713 0.00163 0.57645 -0.00124
1403637224.038319111 -0.79324 -1.75127 0.23421 0.81589 0.00228 0.57821 0.00014
1403637224.338319063 -0.77332 -1.74573 0.22693 0.81444 0.00338 0.58024 0.00230
1403637224.538319111 -0.76398 -1.73855 0.19367 0.81392 0.00526 0.58093 0.00502
1403637224.838319063 -0.75803 -1.72321 0.15070 0.81481 -0.00275 0.57968 -0.00711
1403637225.138319016 -0.76774 -1.71259 0.11593 0.81254 0.00483 0.58287 0.00350
1403637225.338319063 -0.77938 -1.69701 0.06787 0.81138 0.00633 0.58447 0.00318
1403637225.638319016 -0.81428 -1.65946 0.03217 0.81184 0.00969 0.58379 0.00332
1403637225.838319063 -0.84444 -1.62524 0.04912 0.81977 0.00973 0.57260 0.00294
1403637226.138319016 -0.88412 -1.55604 0.13362 0.81161 0.00997 0.58411 0.00190
1403637226.338319063 -0.91978 -1.50231 0.17480 0.81282 0.01045 0.58241 0.00347
1403637226.638319016 -0.98206 -1.41488 0.19688 0.82822 0.01256 0.56023 0.00663
1403637226.838319063 -1.01093 -1.34416 0.19229 0.82940 0.01137 0.55852 0.00457
1403637227.138319016 -1.01791 -1.22899 0.17124 0.82404 -0.01138 0.56596 -0.02301
1403637227.338319063 -1.01090 -1.17086 0.18189 0.82276 -0.00955 0.56808 -0.01629
1403637227.638319016 -0.98706 -1.11424 0.20096 0.82489 -0.00904 0.56515 -0.00902
1403637227.938318968 -0.94743 -1.08303 0.17620 0.81956 -0.00993 0.57286 -0.00730
1403637228.238318920 -0.90741 -1.07039 0.12458 0.80822 -0.00084 0.58889 -0.00051
1403637228.438318968 -0.89642 -1.05934 0.11349 0.80685 0.00311 0.59075 0.00166
1403637228.738318920 -0.91754 -1.03469 0.14707 0.81014 0.00736 0.58616 0.00582
1403637228.938318968 -0.94374 -1.00775 0.16684 0.81812 0.00073 0.57504 -0.00178
1403637229.138319016 -0.97283 -0.98179 0.17075 0.81275 0.00597 0.58255 0.00662
1403637229.338319063 -1.00779 -0.94933 0.15641 0.81156 0.00472 0.58409 0.01322
1403637229.638319016 -1.07490 -0.89419 0.10612 0.82814 -0.06942 0.55611 0.01089
1403637229.838319063 -1.10151 -0.88773 0.06708 0.82233 -0.11767 0.55416 0.05321
1403637229.938318968 -1.10771 -0.89465 0.04726 0.81339 -0.13476 0.55928 0.08622
1403637230.038319111 -1.10997 -0.90376 0.02504 0.80569 -0.15558 0.56038 0.11243
1403637230.138319016 -1.11217 -0.91083 0.00429 0.80371 -0.18269 0.55219 0.12553
1403637230.338319063 -1.10118 -0.92984 -0.01671 0.80023 -0.21549 0.53956 0.14856
1403637230.538319111 -1.07320 -0.94770 -0.00607 0.78474 -0.22409 0.55389 0.16482
1403637230.838319063 -1.04643 -0.95515 0.05416 0.76856 -0.27066 0.55116 0.17966
1403637231.138319016 -1.05379 -0.97439 0.09758 0.75197 -0.35803 0.50983 0.21550
1403637231.338319063 -1.06158 -1.01498 0.07184 0.71611 -0.42498 0.49237 0.25327
1403637231.438318968 -1.06756 -1.04339 0.03770 0.69247 -0.45782 0.48426 0.27638
1403637231.538319111 -1.07653 -1.07624 -0.01375 0.66755 -0.49512 0.47237 0.29342
1403637231.738318920 -1.10859 -1.15877 -0.14044 0.62000 -0.55775 0.43936 0.33387
1403637231.838319063 -1.13247 -1.21148 -0.19598 0.59661 -0.58228 0.42474 0.35300
1403637231.938318968 -1.15978 -1.27175 -0.24129 -0.57627 0.60522 -0.40989 -0.36553
1403637232.038319111 -1.19279 -1.34021 -0.27444 -0.55245 0.62236 -0.40292 -0.38095
1403637232.138319016 -1.23269 -1.41627 -0.29608 -0.52381 0.63480 -0.40289 -0.40043
1403637232.238318920 -1.28150 -1.48958 -0.31382 -0.49996 0.64696 -0.39775 -0.41626
1403637232.438318968 -1.40441 -1.62488 -0.33198 -0.46467 0.66509 -0.37226 -0.45073
1403637232.538319111 -1.47423 -1.68180 -0.33508 -0.44311 0.68243 -0.36198 -0.45487
1403637232.638319016 -1.55040 -1.73165 -0.33336 -0.42121 0.70509 -0.34925 -0.45106
1403637232.738318920 -1.63600 -1.77748 -0.32946 -0.39948 0.72626 -0.33552 -0.44764
1403637232.838319063 -1.73483 -1.81580 -0.30520 -0.38282 0.74432 -0.31965 -0.44414
1403637232.938318968 -1.83633 -1.85666 -0.28937 -0.37618 0.75667 -0.30077 -0.44213
1403637233.038319111 -1.96281 -1.89510 -0.26669 -0.37524 0.76318 -0.28452 -0.44249
1403637233.138319016 -2.09664 -1.93964 -0.23993 -0.37780 0.76712 -0.27122 -0.44184
1403637233.238318920 -2.23787 -1.99010 -0.21129 -0.38189 0.77108 -0.26169 -0.43716
1403637233.338319063 -2.38928 -2.04742 -0.19180 -0.38701 0.77383 -0.25504 -0.43170
1403637233.438318968 -2.55146 -2.11265 -0.18321 -0.39342 0.77533 -0.24938 -0.42648
1403637233.538319111 -2.72526 -2.19194 -0.18597 -0.40800 0.76525 -0.23686 -0.43799
1403637233.638319016 -2.90231 -2.28141 -0.19995 -0.42732 0.73975 -0.22054 -0.47067
1403637233.738318920 -3.07660 -2.38410 -0.22716 0.44179 -0.71304 0.20817 0.50306
1403637233.838319063 -3.23757 -2.49545 -0.26362 0.45033 -0.69312 0.19946 0.52631
1403637233.938318968 -3.37612 -2.62121 -0.30581 0.45511 -0.68245 0.19338 0.53828
1403637234.038319111 -3.48972 -2.76254 -0.35370 0.45954 -0.67478 0.18678 0.54645
1403637234.138319016 -3.58937 -2.91023 -0.40407 0.46362 -0.66450 0.18034 0.55766
1403637234.238318920 -3.65669 -3.07470 -0.45967 0.46438 -0.65797 0.17713 0.56574
1403637234.338319063 -3.70255 -3.25000 -0.51646 0.45837 -0.65750 0.18500 0.56866
1403637234.438318968 -3.72176 -3.43579 -0.57406 0.44932 -0.66147 0.20396 0.56477
1403637234.538319111 -3.71489 -3.62897 -0.62932 0.44406 -0.66166 0.22707 0.55987
1403637234.638319016 -3.68522 -3.82674 -0.68582 0.44204 -0.66027 0.25198 0.55240
1403637234.738318920 -3.63788 -4.02285 -0.74429 0.44447 -0.65687 0.27547 0.54322
1403637234.838319063 -3.57558 -4.21408 -0.80604 0.44855 -0.65359 0.30034 0.53048
1403637234.938318968 -3.50094 -4.39643 -0.86505 0.45392 -0.65048 0.32605 0.51431
1403637235.038319111 -3.41783 -4.56610 -0.91619 0.46584 -0.64193 0.34184 0.50405
1403637235.138319016 -3.32843 -4.72436 -0.95972 -0.48240 0.63001 -0.35240 -0.49618
1403637235.238318920 -3.23305 -4.87141 -0.99586 -0.49797 0.61815 -0.36229 -0.48852
1403637235.338319063 -3.13259 -5.00512 -1.02771 -0.51348 0.61213 -0.36383 -0.47881
1403637235.438318968 -3.02825 -5.13216 -1.05721 -0.52708 0.61582 -0.36065 -0.46139
1403637235.538319111 -2.91963 -5.25388 -1.08170 -0.54028 0.61796 -0.35883 -0.44438
1403637235.638319016 -2.80767 -5.37488 -1.09863 -0.55240 0.61294 -0.35985 -0.43551
1403637235.738318920 -2.69209 -5.49680 -1.10679 -0.56136 0.60042 -0.36787 -0.43479
1403637235.938318968 -2.44230 -5.73603 -1.10026 0.58720 -0.55053 0.37722 0.45805
1403637236.038319111 -2.30124 -5.84955 -1.09078 0.60298 -0.53047 0.37971 0.45918
1403637236.138319016 -2.14612 -5.95649 -1.07513 0.61771 -0.51378 0.38416 0.45485
1403637236.238318920 -1.97567 -6.05427 -1.05125 0.63186 -0.49815 0.38965 0.44808
1403637236.338319063 -1.78966 -6.14146 -1.01943 0.64325 -0.48470 0.40007 0.43731
1403637236.438318968 -1.58817 -6.21855 -0.98140 0.65209 -0.47395 0.41309 0.42368
1403637236.538319111 -1.37839 -6.29340 -0.93824 0.65667 -0.46661 0.42668 0.41110
1403637236.638319016 -1.15119 -6.35370 -0.89830 0.65745 -0.45981 0.43795 0.40563
1403637236.738318920 -0.92183 -6.41006 -0.86155 0.65674 -0.45090 0.44978 0.40382
1403637236.838319063 -0.68572 -6.45374 -0.82269 0.65544 -0.43968 0.46606 0.39983
1403637236.938318968 -0.43602 -6.48332 -0.77609 0.65131 -0.42512 0.48929 0.39455
1403637237.038319111 -0.20171 -6.49741 -0.72337 0.64359 -0.40977 0.51295 0.39341
1403637237.138319016 0.03702 -6.48953 -0.66212 0.63516 -0.39653 0.53654 0.38919
1403637237.238318920 0.26974 -6.45775 -0.59430 0.63410 -0.38721 0.55362 0.37615
1403637237.338319063 0.49061 -6.39931 -0.52043 0.64111 -0.37948 0.56085 0.36114
1403637237.438318968 0.69804 -6.31635 -0.44095 0.64663 -0.37435 0.56646 0.34764
1403637237.538319111 0.89226 -6.21104 -0.35611 0.65120 -0.37049 0.56980 0.33765
1403637237.638319016 1.07288 -6.08547 -0.26461 0.65252 -0.36995 0.57462 0.32736
1403637237.738318920 1.23810 -5.94209 -0.16987 0.65175 -0.37254 0.58018 0.31597
1403637237.838319063 1.38768 -5.78384 -0.07904 0.65189 -0.37998 0.58110 0.30493
1403637237.938318968 1.52310 -5.61518 0.00330 0.65201 -0.39486 0.57537 0.29650
1403637238.138319016 1.74725 -5.25425 0.14690 0.64471 -0.44615 0.55356 0.28084
1403637238.238318920 1.83540 -5.07170 0.21280 0.63176 -0.47904 0.54372 0.27526
1403637238.338319063 1.90121 -4.89038 0.27439 0.61309 -0.51398 0.53438 0.27273
1403637238.538319111 1.95426 -4.53929 0.38353 -0.56491 0.57750 -0.51532 -0.28604
1403637238.638319016 1.93822 -4.37044 0.42940 -0.54562 0.60714 -0.50022 -0.28890
1403637238.738318920 1.89464 -4.21062 0.47069 -0.53918 0.63573 -0.47646 -0.27950
1403637238.838319063 1.82372 -4.06304 0.50977 -0.53898 0.66114 -0.45008 -0.26423
1403637238.938318968 1.72366 -3.93312 0.54743 -0.54281 0.68163 -0.42348 -0.24780
1403637239.038319111 1.59293 -3.82611 0.58637 -0.54967 0.69210 -0.40002 -0.24257
1403637239.138319016 1.43176 -3.74802 0.62962 -0.55769 0.68833 -0.38389 -0.26040
1403637239.238318920 1.24516 -3.69785 0.67622 -0.55850 0.67728 -0.37802 -0.29407
1403637239.338319063 1.04167 -3.66781 0.71795 -0.55131 0.67266 -0.37558 -0.32019
1403637239.438318968 0.82441 -3.65148 0.74863 -0.53705 0.67819 -0.37214 -0.33637
1403637239.538319111 0.59657 -3.64538 0.76229 -0.51919 0.68697 -0.36579 -0.35314
1403637239.638319016 0.35911 -3.64873 0.75474 -0.49950 0.69707 -0.35638 -0.37093
1403637239.738318920 0.11316 -3.66379 0.73120 -0.47740 0.70366 -0.34751 -0.39521
1403637239.838319063 -0.13944 -3.68775 0.69526 -0.45446 0.70299 -0.33828 -0.42993
1403637239.938318968 -0.39489 -3.71550 0.64780 -0.43060 0.70378 -0.32744 -0.46050
1403637240.038319111 -0.65022 -3.74527 0.59644 -0.40718 0.70759 -0.31248 -0.48567
1403637240.138319016 -0.90208 -3.77357 0.54096 0.38279 -0.71720 0.29652 0.50117
1403637240.238318920 -1.14996 -3.79742 0.48255 0.36018 -0.72969 0.27870 0.51005
1403637240.338319063 -1.39365 -3.81994 0.41925 0.34547 -0.74594 0.25750 0.50786
1403637240.438318968 -1.63434 -3.84142 0.35905 0.34012 -0.76032 0.23402 0.50147
1403637240.538319111 -1.87339 -3.86614 0.30516 -0.33879 0.76913 -0.21596 -0.49702
1403637240.638319016 -2.11136 -3.89689 0.25984 -0.33666 0.77172 -0.20859 -0.49759
1403637240.738318920 -2.34831 -3.93449 0.22372 0.33598 -0.77057 0.20576 0.50100
1403637240.838319063 -2.58520 -3.98014 0.19709 0.33759 -0.76143 0.20513 0.51398
1403637240.938318968 -2.82006 -4.03334 0.17818 0.33737 -0.74826 0.20992 0.53125
1403637241.038319111 -3.04727 -4.08925 0.15603 0.33834 -0.74310 0.21342 0.53645
1403637241.138319016 -3.26646 -4.14731 0.12464 0.34049 -0.74438 0.21658 0.53203
1403637241.238318920 -3.47900 -4.20687 0.08667 0.34550 -0.74288 0.21553 0.53133
1403637241.338319063 -3.68498 -4.26870 0.04457 0.35204 -0.73916 0.21215 0.53357
1403637241.438318968 -3.88138 -4.33385 -0.00169 0.35937 -0.73429 0.20650 0.53761
1403637241.538319111 -4.06581 -4.40328 -0.04509 0.36582 -0.72682 0.20137 0.54530
1403637241.638319016 -4.23591 -4.47791 -0.08233 0.36946 -0.72041 0.20039 0.55168
1403637241.738318920 -4.39141 -4.55824 -0.11171 0.36948 -0.71224 0.20427 0.56078
1403637241.838319063 -4.52882 -4.64050 -0.13304 0.36656 -0.70538 0.21073 0.56891
1403637241.938318968 -4.64623 -4.72293 -0.14628 0.35541 -0.70335 0.22947 0.57125
1403637242.038319111 -4.74596 -4.80183 -0.15374 0.34654 -0.70064 0.24304 0.57441
1403637242.138319016 -4.83190 -4.87306 -0.15445 0.34746 -0.70088 0.23906 0.57523
1403637242.238318920 -4.89772 -4.94046 -0.14925 0.35264 -0.70174 0.22864 0.57526
1403637242.338319063 -4.95083 -5.00338 -0.14147 0.35731 -0.70006 0.21827 0.57845
1403637242.438318968 -4.98326 -5.06688 -0.13940 0.36187 -0.69444 0.20835 0.58599
1403637242.538319111 -4.99990 -5.12811 -0.14343 0.36413 -0.68951 0.20409 0.59189
1403637242.638319016 -4.99488 -5.19056 -0.14703 0.36807 -0.68572 0.21097 0.59145
1403637242.738318920 -4.96581 -5.25164 -0.15383 0.37569 -0.68299 0.22617 0.58415
1403637242.838319063 -4.92765 -5.31405 -0.13788 0.38022 -0.67974 0.24748 0.57631
1403637242.938318968 -4.86268 -5.37118 -0.12502 0.38486 -0.67392 0.26273 0.57331
1403637243.038319111 -4.78811 -5.42083 -0.10608 0.39186 -0.66875 0.26797 0.57220
1403637243.138319016 -4.69973 -5.46315 -0.09077 0.40094 -0.66690 0.26410 0.56986
1403637243.238318920 -4.60034 -5.50150 -0.08228 0.40574 -0.67329 0.26334 0.55921
1403637243.338319063 -4.48591 -5.53445 -0.07956 0.40684 -0.67954 0.26540 0.54978
1403637243.438318968 -4.35837 -5.55479 -0.07847 0.40524 -0.68386 0.26850 0.54408
1403637243.538319111 -4.22499 -5.58767 -0.08621 0.40397 -0.68637 0.27021 0.54101
1403637243.638319016 -4.08224 -5.61195 -0.08615 0.40177 -0.69453 0.27271 0.53089
1403637243.738318920 -3.93605 -5.63634 -0.07568 0.39854 -0.70326 0.27498 0.52055
1403637243.838319063 -3.78538 -5.66017 -0.05817 0.39154 -0.71527 0.28240 0.50530
1403637243.938318968 -3.63884 -5.68240 -0.03013 -0.38559 0.72401 -0.28755 -0.49440
1403637244.038319111 -3.49968 -5.70534 0.00986 -0.38316 0.72657 -0.28757 -0.49253
1403637244.138319016 -3.36617 -5.72363 0.05781 -0.38210 0.72731 -0.28537 -0.49354
1403637244.238318920 -3.23551 -5.74392 0.11346 -0.38043 0.72655 -0.28411 -0.49668
1403637244.338319063 -3.11346 -5.76277 0.17193 -0.37965 0.72898 -0.28255 -0.49459
1403637244.438318968 -2.99577 -5.77741 0.23377 -0.38273 0.73126 -0.28187 -0.48921
1403637244.538319111 -2.88211 -5.79241 0.29890 -0.39436 0.72724 -0.27809 -0.48812
1403637244.638319016 -2.77296 -5.80910 0.36069 -0.41170 0.72009 -0.27313 -0.48720
1403637244.738318920 -2.66570 -5.82912 0.41430 -0.42800 0.71281 -0.27311 -0.48387
1403637244.838319063 -2.56029 -5.85353 0.46165 -0.43957 0.70726 -0.27553 -0.48027
1403637244.938318968 -2.45789 -5.88324 0.50458 -0.44716 0.70414 -0.27987 -0.47529
1403637245.038319111 -2.35808 -5.91863 0.54304 -0.44949 0.70691 -0.28576 -0.46539
1403637245.138319016 -2.26196 -5.95955 0.57542 -0.44652 0.71709 -0.29441 -0.44690
1403637245.238318920 -2.17388 -6.00783 0.60423 -0.44800 0.72010 -0.29424 -0.44066
1403637245.338319063 -2.09360 -6.06314 0.63052 -0.45256 0.71279 -0.28893 -0.45126
1403637245.438318968 -2.01853 -6.12468 0.65135 -0.45652 0.70601 -0.28644 -0.45945
1403637245.538319111 -1.94649 -6.19359 0.66623 -0.46273 0.70039 -0.28807 -0.46082
1403637245.638319016 -1.87563 -6.26841 0.67419 -0.47229 0.69439 -0.29199 -0.45772
1403637245.738318920 -1.80543 -6.34866 0.67617 -0.48372 0.68564 -0.30057 -0.45340
1403637245.838319063 -1.73543 -6.43532 0.67388 -0.49505 0.66752 -0.31959 -0.45520
1403637245.938318968 -1.66366 -6.52354 0.66466 -0.51029 0.64622 -0.34110 -0.45350
1403637246.038319111 -1.58820 -6.61087 0.64857 -0.53134 0.62276 -0.36126 -0.44648
1403637246.138319016 -1.51022 -6.69720 0.62776 -0.55571 0.59681 -0.38293 -0.43401
1403637246.238318920 -1.43035 -6.77908 0.60292 0.58189 -0.56864 0.40517 0.41700
1403637246.338319063 -1.34826 -6.85709 0.57409 0.60983 -0.53694 0.42554 0.39839
1403637246.438318968 -1.26518 -6.92977 0.54203 0.63874 -0.50002 0.44203 0.38289
1403637246.538319111 -1.18061 -7.00068 0.50537 0.66206 -0.46196 0.46051 0.36905
1403637246.638319016 -1.09168 -7.05414 0.46340 0.68009 -0.42505 0.47987 0.35571
1403637246.738318920 -1.00143 -7.09885 0.42139 0.69404 -0.39037 0.49947 0.34124
1403637246.838319063 -0.90979 -7.13281 0.38194 0.70795 -0.35933 0.51505 0.32311
1403637246.938318968 -0.81614 -7.14666 0.34781 0.72419 -0.33448 0.52242 0.30125
1403637247.038319111 -0.72087 -7.15379 0.32200 0.74080 -0.31887 0.52086 0.27970
1403637247.138319016 -0.62500 -7.15163 0.29814 0.75303 -0.31327 0.51677 0.26029
1403637247.238318920 -0.52614 -7.14604 0.27170 0.75978 -0.31191 0.51423 0.24703
1403637247.338319063 -0.41682 -7.13474 0.23595 0.75745 -0.30993 0.52082 0.24281
1403637247.438318968 -0.31737 -7.13341 0.21951 0.74259 -0.30267 0.54226 0.25083
1403637247.538319111 -0.21714 -7.11144 0.17921 0.73664 -0.30074 0.55006 0.25368
1403637247.638319016 -0.10153 -7.09105 0.14627 0.73869 -0.29542 0.55037 0.25330
1403637247.838319063 0.09573 -7.01010 0.07108 0.74833 -0.26443 0.55063 0.25862
1403637247.938318968 0.19160 -6.94824 0.04632 0.74980 -0.25346 0.55897 0.24719
1403637248.038319111 0.28380 -6.87157 0.02650 0.75303 -0.24584 0.56577 0.22894
1403637248.138319016 0.37081 -6.78504 0.01385 0.76470 -0.23724 0.56078 0.21090
1403637248.338319063 0.52413 -6.59461 -0.01282 0.78151 -0.22411 0.55172 0.18608
1403637248.438318968 0.59720 -6.49346 -0.03001 0.78214 -0.22124 0.55411 0.17965
1403637248.538319111 0.66790 -6.39021 -0.04809 0.77819 -0.21787 0.56122 0.17885
1403637248.638319016 0.73687 -6.28429 -0.06180 0.77570 -0.21560 0.56482 0.18107
1403637248.738318920 0.80304 -6.17407 -0.07009 0.77999 -0.21771 0.55795 0.18141
1403637248.838319063 0.87000 -6.05937 -0.07058 0.78415 -0.22149 0.55032 0.18221
1403637248.938318968 0.94232 -5.94017 -0.06607 0.78522 -0.22708 0.54676 0.18145
1403637249.038319111 1.01573 -5.81985 -0.05491 0.78473 -0.23079 0.54549 0.18269
1403637249.138319016 1.09140 -5.70037 -0.03620 0.78393 -0.23320 0.54491 0.18479
1403637249.238318920 1.16704 -5.58006 -0.01146 0.78333 -0.23502 0.54458 0.18601
1403637249.338319063 1.24404 -5.45898 0.01832 0.78141 -0.23603 0.54618 0.18808
1403637249.438318968 1.32150 -5.33548 0.03933 0.78085 -0.23798 0.54639 0.18733
1403637249.538319111 1.40014 -5.21134 0.04375 0.78040 -0.23869 0.54676 0.18725
1403637249.638319016 1.47816 -5.08337 0.02985 0.77993 -0.23858 0.54769 0.18659
1403637249.738318920 1.55586 -4.95248 0.01013 0.77595 -0.23688 0.55386 0.18715
1403637249.838319063 1.63134 -4.82058 -0.00642 0.77190 -0.23188 0.56145 0.18754
1403637249.938318968 1.70645 -4.69105 -0.01544 0.77301 -0.22411 0.56485 0.18216
1403637250.038319111 1.77172 -4.54273 -0.02195 0.77785 -0.21973 0.56458 0.16709
1403637250.138319016 1.83617 -4.39046 -0.01911 0.78332 -0.21614 0.56275 0.15167
1403637250.238318920 1.89409 -4.25967 -0.01310 0.78666 -0.20930 0.56411 0.13833
1403637250.338319063 1.94953 -4.12164 -0.01282 0.78815 -0.20505 0.56677 0.12469
1403637250.438318968 2.00075 -3.98534 -0.01919 0.78973 -0.20306 0.56750 0.11416
1403637250.538319111 2.04877 -3.85867 -0.02762 0.79233 -0.20333 0.56556 0.10496
1403637250.638319016 2.09292 -3.73458 -0.03462 0.79559 -0.20044 0.56276 0.10079
1403637250.738318920 2.13522 -3.61743 -0.03500 0.79791 -0.19615 0.56147 0.09809
1403637250.838319063 2.17904 -3.49838 -0.02353 0.79884 -0.19210 0.56158 0.09785
1403637251.038319111 2.25182 -3.31394 0.00452 0.79784 -0.19125 0.56427 0.09200
1403637251.238318920 2.32072 -3.14860 0.06332 0.80250 -0.18713 0.56160 0.07474
1403637251.438318968 2.38120 -3.01157 0.15001 0.80272 -0.16401 0.56825 0.07636
1403637251.638319016 2.43395 -2.89698 0.23295 0.80403 -0.13413 0.57506 0.06968
1403637251.838319063 2.47615 -2.80627 0.28723 0.80561 -0.11738 0.57773 0.05862
1403637252.038319111 2.50721 -2.72810 0.32645 0.79927 -0.09997 0.58863 0.06850
1403637252.338319063 2.52385 -2.61767 0.35427 0.79407 -0.09947 0.59644 0.06173
1403637252.538319111 2.50584 -2.54342 0.34178 0.80293 -0.10432 0.58417 0.05621
1403637252.738318920 2.47845 -2.48164 0.30533 0.81167 -0.11146 0.57138 0.04786
1403637252.938318968 2.44407 -2.43621 0.28437 0.81334 -0.11131 0.56876 0.05088
1403637253.138319016 2.41367 -2.40421 0.28998 0.80706 -0.10531 0.57764 0.06247
1403637253.338319063 2.38200 -2.38462 0.29365 0.80581 -0.10658 0.57904 0.06351
1403637253.538319111 2.34216 -2.36391 0.27506 0.80569 -0.10715 0.57898 0.06449
1403637253.738318920 2.29296 -2.34959 0.25728 0.80536 -0.10308 0.57948 0.07051
1403637253.938318968 2.23479 -2.33283 0.26884 0.80385 -0.10011 0.58148 0.07533
1403637254.238318920 2.13753 -2.29103 0.32368 0.80482 -0.08993 0.58224 0.07189
1403637254.438318968 2.05856 -2.24456 0.37824 0.81320 -0.07428 0.57396 0.06130
1403637254.638319016 1.98372 -2.19582 0.41829 0.81575 -0.06487 0.57218 0.05445
1403637254.738318920 1.94910 -2.16862 0.42925 0.81377 -0.06141 0.57547 0.05334
1403637254.938318968 1.88169 -2.11371 0.43420 0.80864 -0.06127 0.58314 0.04804
1403637255.238318920 1.77221 -2.02388 0.41896 0.80770 -0.04844 0.58642 0.03706
1403637255.438318968 1.68833 -1.95787 0.42972 0.80866 -0.03405 0.58687 0.02235
1403637255.538319111 1.64414 -1.92294 0.42981 0.80992 -0.02217 0.58592 0.01532
1403637255.738318920 1.54825 -1.85429 0.41752 0.81251 0.01088 0.58285 -0.00024
1403637255.938318968 1.43960 -1.77997 0.42740 0.81605 0.04795 0.57556 -0.02242
1403637256.138319016 1.34202 -1.70824 0.45383 0.81543 0.07280 0.57302 -0.03766
1403637256.238318920 1.29183 -1.66885 0.47105 0.81131 0.07880 0.57780 -0.04144
1403637256.438318968 1.18910 -1.58818 0.48825 0.80732 0.08368 0.58261 -0.04248
1403637256.638319016 1.08257 -1.49292 0.48236 0.80828 0.07982 0.58187 -0.04166
1403637256.838319063 0.96593 -1.38896 0.45721 0.82027 0.06186 0.56571 -0.05746
1403637257.038319111 0.86475 -1.28480 0.42992 0.81466 0.07135 0.57257 -0.05827
1403637257.238318920 0.75960 -1.19637 0.43472 0.81105 0.08922 0.57498 -0.06037
1403637257.538319111 0.60966 -1.05215 0.46156 0.81234 0.10754 0.56992 -0.06110
1403637257.738318920 0.50969 -0.95706 0.46625 0.81892 0.10923 0.55944 -0.06674
1403637258.038319111 0.38349 -0.79462 0.43273 0.82261 0.12938 0.54655 -0.08861
1403637258.238318920 0.32384 -0.67982 0.42079 0.81036 0.16208 0.55236 -0.10929
1403637258.438318968 0.26693 -0.55828 0.40960 0.79846 0.18322 0.55932 -0.12671
1403637258.538319111 0.24585 -0.50097 0.39441 0.80025 0.18470 0.55350 -0.13831
1403637258.638319016 0.22316 -0.44207 0.37561 0.79928 0.18601 0.55306 -0.14379
1403637258.738318920 0.20722 -0.38701 0.35462 0.79619 0.18706 0.55661 -0.14584
1403637258.938318968 0.17731 -0.28430 0.31155 0.79332 0.18504 0.56070 -0.14840
1403637259.038319111 0.16534 -0.23848 0.30086 0.79408 0.18244 0.55999 -0.15024
1403637259.238318920 0.14273 -0.15299 0.31418 0.79368 0.18045 0.56156 -0.14887
1403637259.338319063 0.13286 -0.12116 0.33072 0.79397 0.17843 0.56159 -0.14963
1403637259.538319111 0.11696 -0.07211 0.35304 0.79404 0.16883 0.56151 -0.16035
1403637259.638319016 0.10826 -0.05694 0.35962 0.79357 0.16766 0.56228 -0.16118
1403637259.938318968 0.08045 -0.03991 0.35817 0.79569 0.17206 0.56008 -0.15357
1403637260.138319016 0.07193 -0.04378 0.33249 0.79261 0.17689 0.56450 -0.14774
1403637260.338319063 0.06084 -0.05703 0.29223 0.79261 0.18838 0.56441 -0.13315
1403637260.538319111 0.04325 -0.06761 0.24631 0.79448 0.19746 0.56120 -0.12190
1403637260.738318920 0.02417 -0.06334 0.19979 0.80208 0.19455 0.55038 -0.12609
1403637260.938318968 0.01006 -0.04735 0.15601 0.79279 0.19213 0.56307 -0.13239
1403637261.138319016 -0.00765 -0.02804 0.10984 0.79570 0.19235 0.55876 -0.13284
1403637261.338319063 -0.02158 -0.00444 0.07121 0.80383 0.19472 0.54715 -0.12870
1403637261.438318968 -0.02690 0.01104 0.06360 0.79885 0.19065 0.55452 -0.13418
1403637261.638319016 -0.03400 0.04203 0.05165 0.80568 0.19002 0.54477 -0.13416
1403637261.738318920 -0.03356 0.05871 0.05180 0.80822 0.19174 0.54125 -0.13065
1403637261.938318968 -0.01995 0.09668 0.06399 0.79583 0.18862 0.55961 -0.13386
1403637262.138319016 -0.00600 0.13207 0.04706 0.79159 0.18205 0.56643 -0.13928
1403637262.338319063 -0.00034 0.15167 0.01247 0.77932 0.15495 0.58139 -0.17504
1403637262.438318968 -0.00262 0.14300 0.01027 0.78841 0.16271 0.57759 -0.13536
1403637262.538319111 -0.00713 0.13651 0.00256 0.78479 0.13498 0.58644 -0.14823
1403637262.638319016 -0.00774 0.13139 0.00503 0.77745 0.13273 0.59763 -0.14421
1403637262.738318920 -0.00547 0.13537 0.00420 0.79055 0.13582 0.58088 -0.13842
1403637262.838319063 -0.00867 0.13383 0.00684 0.78618 0.13475 0.58634 -0.14131
1403637262.938318968 -0.00807 0.13444 0.00728 0.78636 0.13518 0.58609 -0.14094
1403637263.138319016 -0.00725 0.13502 0.00786 0.78682 0.13473 0.58531 -0.14205
1403637263.338319063 -0.00692 0.13476 0.00795 0.78690 0.13469 0.58529 -0.14174
1403637263.538319111 -0.00679 0.13499 0.00800 0.78706 0.13444 0.58507 -0.14198
1403637263.638319016 -0.00683 0.13480 0.00816 0.78706 0.13447 0.58510 -0.14181
1403637263.938318968 -0.00667 0.13485 0.00801 0.78709 0.13452 0.58512 -0.14155
1403637264.138319016 -0.00678 0.13482 0.00807 0.78712 0.13435 0.58503 -0.14187
1403637264.238318920 -0.00675 0.13484 0.00808 0.78715 0.13436 0.58499 -0.14187
1403637264.438318968 -0.00675 0.13481 0.00799 0.78710 0.13448 0.58506 -0.14174
1403637264.638319016 -0.00672 0.13480 0.00808 0.78714 0.13445 0.58504 -0.14165
1403637264.838319063 -0.00679 0.13477 0.00814 0.78721 0.13440 0.58499 -0.14150
1403637264.938318968 -0.00667 0.13480 0.00822 0.78726 0.13434 0.58491 -0.14165
1403637265.138319016 -0.00660 0.13475 0.00836 0.78733 0.13442 0.58481 -0.14156
1403637265.338319063 -0.00668 0.13475 0.00846 0.78735 0.13440 0.58478 -0.14162
