1403636911.451667 17.6347027 1.6340780 -10.7289066 -0.8171226 -0.0325085 0.0078124 0.5754935
1403636911.601666 17.6539974 1.7224712 -10.7064085 -0.8181331 -0.0326200 0.0069821 0.5740606
1403636911.851666 17.6841965 1.8623114 -10.6935749 -0.8185629 -0.0264261 0.0141168 0.5736350
1403636912.101666 17.7219276 2.0012321 -10.7190247 -0.8220443 -0.0203267 0.0189937 0.5687436
1403636912.351666 17.7726021 2.1465902 -10.7313385 -0.8189241 -0.0246932 0.0112523 0.5732599
1403636913.601666 18.1961250 2.8257351 -10.8675737 -0.8165579 -0.0187525 0.0134036 0.5768032
1403636913.751667 18.2617950 2.8943663 -10.8813314 -0.8166047 -0.0206896 0.0090224 0.5767558
1403636913.901666 18.3277359 2.9616156 -10.8935385 -0.8160228 -0.0215863 0.0076115 0.5775664
1403636914.301666 18.5027447 3.1320486 -10.8746214 -0.8166225 -0.0198285 0.0100462 0.5767440
1403636914.751667 18.7002029 3.3036423 -10.8461132 -0.8141896 -0.0238930 0.0007908 0.5801068
1403636914.901666 18.7610092 3.3553104 -10.8257523 -0.8149576 -0.0231793 -0.0002828 0.5790569
1403636915.251667 18.8922024 3.4657202 -10.8325920 -0.8234701 -0.0216624 -0.0027519 0.5669393
1403636915.701667 19.0311928 3.6439133 -10.8662081 -0.8180529 -0.0092688 0.0158337 0.5748502
1403636916.351666 19.2832088 3.8981237 -10.7787266 -0.8154810 -0.0240933 0.0015878 0.5782800
1403636919.101666 19.6181965 4.5336180 -10.7888947 -0.8009229 0.1385690 -0.0709788 0.5781724
1403636921.151666 19.9552956 4.3230457 -10.5844994 -0.8085654 0.1391452 -0.1163926 0.5597441
1403636921.401666 19.9701099 4.2668657 -10.5815954 -0.7966611 0.1416190 -0.1146690 0.5763040
1403636922.951667 20.1156445 4.0108280 -10.7944880 -0.7818288 0.2022632 -0.1481489 0.5708637
1403636924.001667 20.2221870 3.9092693 -10.8820848 -0.8008885 0.2427630 -0.1816489 0.5163792
1403636924.451667 20.3173256 4.0256872 -10.9070797 -0.7934235 0.2441484 -0.1735439 0.5298617
1403636924.951667 20.4845142 4.2089443 -10.8890171 -0.7683616 0.2549746 -0.1546724 0.5662905
1403636926.201667 21.0960960 4.6186914 -11.0848312 -0.7643371 0.2629377 -0.2019306 0.5530611
1403636926.501667 21.2291088 4.7692823 -11.1375418 -0.7572054 0.2691148 -0.1857475 0.5654336
1403636927.001667 21.4402504 4.9068632 -11.1721077 -0.7634861 0.2930965 -0.1934784 0.5419866
1403636929.301666 22.9461040 5.5509443 -11.2865124 -0.7184076 0.3742210 -0.2575528 0.5267975
1403636930.751667 23.6775169 5.7118216 -11.1340523 -0.7253434 0.3658205 -0.2630197 0.5204545
1403636931.001667 23.7759762 5.7008057 -11.1405849 -0.7158949 0.3836747 -0.2510437 0.5265599
1403636932.001667 24.0078564 5.3985415 -11.0949879 -0.7085770 0.3966207 -0.2980442 0.5017772
1403636932.251667 23.9928226 5.3189354 -11.1214314 -0.7019444 0.3934374 -0.3059042 0.5088260
1403636932.501667 23.9522057 5.2355118 -11.1187382 -0.6994405 0.3880330 -0.3258517 0.5040178
1403636932.751667 23.8698406 5.1566744 -11.0674820 -0.6841493 0.4204249 -0.3312361 0.4954446
1403636934.201667 23.2240219 4.8187237 -11.0355701 -0.6432731 0.4963725 -0.3612583 0.4575005
1403636934.451667 23.1221142 4.7586632 -11.0869770 -0.6047328 0.5433872 -0.3844164 0.4373244
1403636934.701667 23.0142632 4.6827459 -11.1054325 0.5667559 -0.5867865 0.4088323 -0.4090545
1403636935.151666 22.8141003 4.5336456 -11.0079575 0.5564842 -0.6020011 0.4294490 -0.3788054
1403636935.551666 22.6590500 4.4150972 -10.9100304 0.5545772 -0.5971022 0.4229979 -0.3962145
1403636936.451667 22.3940868 4.0648346 -11.0166149 0.5669162 -0.5974786 0.4170469 -0.3843141
1403636936.851666 22.3697796 3.8979673 -11.0368118 0.5596072 -0.5956150 0.4290834 -0.3846688
1403636937.301666 22.3494148 3.7301407 -11.0235825 0.5563744 -0.5993475 0.4298064 -0.3827489
1403636937.551666 22.3404617 3.6461563 -11.0296059 0.5540250 -0.6001688 0.4317645 -0.3826661
1403636938.401666 22.2595463 3.4720917 -11.2322025 0.5174361 -0.6094425 0.4463445 -0.4020155
1403636938.651666 22.1663799 3.4312878 -11.2538567 0.5105039 -0.6327876 0.4218613 -0.4012465
1403636938.951667 22.0376701 3.3133326 -11.2421856 0.5243501 -0.6275130 0.4339681 -0.3780955
1403636939.551666 21.7843628 3.0189028 -11.2729187 0.5312136 -0.6106413 0.4467252 -0.3812689
1403636939.801666 21.6651936 2.8963976 -11.2541256 0.5274149 -0.6039658 0.4525352 -0.3902190
1403636940.001667 21.5519028 2.7982655 -11.2577686 0.5234820 -0.6113693 0.4484267 -0.3887258
1403636940.251667 21.3939228 2.6687403 -11.2946033 0.5134982 -0.6277499 0.4463593 -0.3781706
1403636940.501667 21.2261658 2.5320807 -11.3504505 0.5052958 -0.6346415 0.4501196 -0.3732274
1403636940.901666 20.9487114 2.2875042 -11.3760891 0.5165295 -0.6444210 0.4440843 -0.3474305
1403636941.151666 20.7985706 2.1286812 -11.3345947 0.5150170 -0.6392551 0.4507194 -0.3506600
1403636941.851666 20.4157753 1.7193050 -11.2683182 0.5229009 -0.6251649 0.4526781 -0.3616989
1403636942.151666 20.2565289 1.5623732 -11.2247524 0.5215291 -0.6284992 0.4458817 -0.3663137
1403636942.401666 20.1249352 1.4294548 -11.2013226 0.5145776 -0.6325850 0.4434107 -0.3720660
1403636942.851666 19.8904572 1.1584539 -11.2437363 0.5163914 -0.6396204 0.4417035 -0.3593379
1403636943.101666 19.7756004 0.9931965 -11.2357979 0.5133931 -0.6332242 0.4545440 -0.3589489
1403636943.301666 19.6857948 0.8642845 -11.2179718 0.5099638 -0.6330127 0.4583266 -0.3594003
1403636943.501667 19.5916767 0.7410765 -11.2227287 0.5073314 -0.6331530 0.4625189 -0.3575031
1403636943.651666 19.5177994 0.6533947 -11.2411594 0.5069618 -0.6321067 0.4662066 -0.3550808
1403636943.901666 19.3859367 0.5203695 -11.2987499 0.5106285 -0.6326453 0.4619287 -0.3544579
1403636944.101666 19.2765961 0.4259567 -11.3641434 0.5347065 -0.6380355 0.4336610 -0.3448738
1403636944.301666 19.1920433 0.3339005 -11.4030247 0.5461953 -0.6357120 0.4234777 -0.3438134
1403636945.151666 19.0012360 0.0560884 -11.3290443 0.5500219 -0.5953335 0.4460114 -0.3796417
1403636945.351666 18.9448586 0.0284061 -11.3379784 0.5511277 -0.5939941 0.4453558 -0.3809034
1403636945.751667 18.8118935 0.0021896 -11.3344746 0.5598606 -0.6092491 0.4297661 -0.3614869
1403636946.151666 18.7275085 0.0083694 -11.4047222 0.5513832 -0.6074099 0.4402974 -0.3649219
1403636946.551666 18.6728439 0.0477991 -11.5639973 0.5404325 -0.6064368 0.4512052 -0.3695688
1403636946.951667 18.5996094 0.1100559 -11.7034321 0.5189141 -0.6344407 0.4169766 -0.3928660
1403636947.201667 18.5502987 0.0988665 -11.7901363 0.5273967 -0.6361333 0.4161312 -0.3795024
1403636947.651666 18.5299911 0.0080414 -11.8434963 0.5439530 -0.6313771 0.4253390 -0.3529374
1403636948.451667 18.7678623 -0.0906906 -11.9359169 0.5611044 -0.6102939 0.4428387 -0.3414632
1403636948.701667 18.8876457 -0.0582638 -11.9975243 0.5709175 -0.5875642 0.4662018 -0.3338824
1403636948.951667 19.0140438 0.0450602 -12.0150089 0.5491672 -0.6003121 0.4454186 -0.3736887
1403636949.201667 19.1295033 0.1601801 -12.0330219 0.5439442 -0.6000161 0.4409854 -0.3868300
1403636949.701667 19.3009071 0.3650637 -12.1295719 0.5429211 -0.6058245 0.4285732 -0.3931138
1403636949.951667 19.3592491 0.4430141 -12.1405830 0.5542221 -0.6136222 0.4169317 -0.3774568
1403636950.201667 19.4349899 0.5036049 -12.1337662 0.5584852 -0.6176852 0.4126058 -0.3692096
1403636950.451667 19.5360947 0.5509367 -12.1532974 0.5579298 -0.6079070 0.4279833 -0.3687735
1403636950.701667 19.6486168 0.6044436 -12.1879864 0.5590342 -0.5955130 0.4446469 -0.3676062
1403636950.951667 19.7557945 0.6810274 -12.1872730 0.5525778 -0.5974806 0.4396712 -0.3799527
1403636951.201667 19.8485527 0.7637281 -12.1513290 0.5493003 -0.6070923 0.4251857 -0.3859083
1403636951.751667 20.0750465 0.9103804 -12.1731281 0.5625499 -0.6083208 0.4248922 -0.3646232
1403636952.001667 20.2158813 0.9766130 -12.1642647 0.5624950 -0.5979367 0.4397072 -0.3643194
1403636952.751667 20.6126957 1.2423344 -12.2642517 0.5506760 -0.5945903 0.4429937 -0.3833732
1403636953.051666 20.7298813 1.3551502 -12.3102608 0.5536734 -0.6110332 0.4209153 -0.3780403
1403636953.301666 20.8369179 1.4366655 -12.3789253 0.5520915 -0.6151571 0.4152554 -0.3799207
1403636953.601666 20.9775200 1.5081434 -12.4310455 0.5582502 -0.6027481 0.4301250 -0.3742245
1403636954.151666 21.2614002 1.6773605 -12.3862381 0.5662522 -0.5982125 0.4298929 -0.3697195
1403636954.701667 21.6063461 1.9224854 -12.3231735 0.5624945 -0.6053921 0.4304957 -0.3630065
1403636955.001667 21.8224411 2.0751524 -12.3695068 0.5462531 -0.6056629 0.4439280 -0.3710903
1403636955.351666 22.0601788 2.2670107 -12.4213943 0.5389562 -0.6119109 0.4525336 -0.3609774
1403636955.851666 22.3786697 2.5793819 -12.4664364 0.5315613 -0.6190835 0.4562339 -0.3550054
1403636956.201667 22.5892906 2.8110428 -12.4355259 0.5112744 -0.6365157 0.4375629 -0.3768090
1403636956.501667 22.7466774 2.9674358 -12.4398670 0.5225396 -0.6257566 0.4555143 -0.3576140
1403636956.801666 22.8785667 3.1271725 -12.4791241 0.5349559 -0.6070439 0.4306389 -0.3998376
1403636957.101666 22.9667301 3.2561159 -12.4832706 -0.5955588 0.5518810 -0.3989204 0.4261453
1403636957.401666 23.0324364 3.3615398 -12.4485493 -0.6385626 0.5052627 -0.3727049 0.4450151
1403636957.751667 23.0978622 3.4830589 -12.4779568 -0.6560651 0.4826126 -0.3475009 0.4646577
1403636959.901666 23.4579372 3.9641991 -12.6553783 -0.7390468 0.3494318 -0.2616311 0.5130852
1403636962.001667 23.2598171 4.6711693 -12.5843000 -0.8032191 0.1315831 -0.1118300 0.5701044
1403636962.301666 23.1834583 4.7421865 -12.5208912 -0.8109759 0.0717995 -0.0721317 0.5761597
1403636962.601666 23.0950546 4.8010197 -12.4118910 -0.8142602 0.0009142 -0.0364847 0.5793517
1403636962.851666 23.0052509 4.8412733 -12.3331594 -0.8125829 -0.0462429 -0.0230456 0.5805510
1403636963.451667 22.7067547 4.8793287 -12.2859011 -0.8104122 -0.0282095 0.0062071 0.5851476
1403636964.001667 22.4281979 4.8295631 -12.2199764 -0.8103694 -0.0182449 -0.0109789 0.5855323
1403636964.301666 22.2671928 4.7733002 -12.1308613 -0.8086022 -0.0208462 -0.0136340 0.5878282
1403636964.601666 22.0921497 4.6953449 -12.0919304 -0.8069091 -0.0351037 -0.0177395 0.5893646
1403636964.901666 21.8805408 4.5874815 -12.0894489 -0.8022649 -0.0795819 0.0065715 0.5916033
1403636965.201667 21.6280212 4.4377689 -12.0505915 -0.7993948 -0.1303206 0.0519695 0.5841948
1403636965.451667 21.4025249 4.3014812 -11.9781303 -0.8248000 -0.1506297 0.0622160 0.5414286
1403636965.751667 21.1058064 4.2009497 -11.8166428 -0.8080193 -0.1277763 0.0949362 0.5672433
1403636966.101666 20.7895813 4.1086750 -11.6866255 -0.7969747 -0.1349564 0.0713773 0.5844002
1403636966.351666 20.5685387 4.0232458 -11.6462269 -0.7955101 -0.1303077 0.0697789 0.5876347
1403636966.651666 20.3171730 3.8987045 -11.6453133 -0.7972746 -0.1079661 0.0909222 0.5868813
1403636967.151666 19.9992714 3.6498032 -11.6479092 -0.7968370 -0.1123824 0.0709442 0.5893964
1403636967.401666 19.8669605 3.5030346 -11.6693497 -0.7959040 -0.1144146 0.0644843 0.5910059
1403636967.701667 19.7158279 3.3017139 -11.6627178 -0.7953886 -0.1136999 0.0600744 0.5923010
1403636968.001667 19.5649433 3.0724268 -11.7361946 -0.7941067 -0.1127620 0.0602504 0.5941795
1403636968.301666 19.4181099 2.8128262 -11.8463955 -0.7950642 -0.1104955 0.0651307 0.5928084
1403636968.601666 19.2854538 2.5207253 -11.8909245 -0.7965350 -0.1110394 0.0637435 0.5908798
1403636968.851666 19.1799946 2.2628632 -11.8990936 -0.7957253 -0.1180137 0.0531318 0.5916681
1403636969.151666 19.0416298 1.9353027 -11.8773041 -0.7996660 -0.1099953 0.0639872 0.5868058
1403636969.451667 18.9075184 1.5995960 -11.8056173 -0.8148580 -0.1107547 0.0607018 0.5657342
1403636969.701667 18.7934933 1.3454123 -11.7541904 -0.8176035 -0.1098197 0.0577236 0.5622565
1403636969.951667 18.6742420 1.1188011 -11.7364187 -0.8172269 -0.1092488 0.0571301 0.5629752
1403636970.201667 18.5515327 0.9177446 -11.7449665 -0.8047000 -0.1084227 0.0603814 0.5805659
1403636970.451667 18.4316139 0.7178688 -11.7617207 -0.8109106 -0.1106041 0.0602141 0.5714588
1403636970.951667 18.1787090 0.3793459 -11.7374487 -0.8330148 -0.1171488 0.0594821 0.5374238
1403636971.151666 18.0647411 0.2982235 -11.7315807 -0.8279442 -0.1054313 0.0771892 0.5453755
1403636971.901666 17.8126392 0.1730900 -11.8830271 -0.8015352 -0.1072329 0.0806770 0.5826952
1403636972.301666 17.7723064 0.1078005 -11.9373837 -0.8106806 -0.1059875 0.0835287 0.5697250
1403636972.551666 17.7683678 0.0727320 -11.9146042 -0.8111590 -0.1095332 0.0764852 0.5693623
1403636972.801666 17.7727642 0.0469885 -11.8709059 -0.8082567 -0.1116336 0.0704102 0.5738480
1403636973.551666 17.8000546 -0.0118284 -11.9447823 -0.8167452 -0.0726915 0.0366187 0.5712287
1403636973.801666 17.8023434 -0.0237379 -12.0032444 -0.8109543 -0.0708037 0.0328889 0.5798779
1403636974.051666 17.7985859 -0.0435572 -12.0215721 -0.8131336 -0.0651987 0.0351858 0.5773429
1403636974.301666 17.8037357 -0.0571604 -12.0337667 -0.8203422 -0.0288612 0.0081555 0.5710860
1403636975.451667 17.8668728 -0.0676308 -12.1436100 -0.7952942 0.1782442 -0.1410396 0.5620000
1403636978.051666 18.4948101 -0.1073818 -12.4739103 -0.7440625 0.3351451 -0.2335550 0.5286783
1403636978.351666 18.6310349 -0.1575890 -12.4899368 -0.7495458 0.3349188 -0.2418344 0.5172300
1403636978.701667 18.7893963 -0.2018547 -12.4648285 -0.7646292 0.3414072 -0.2379879 0.4920823
1403636979.051666 18.9855061 -0.1847916 -12.4883451 -0.7517465 0.3356573 -0.2480172 0.5105867
1403636979.401666 19.1819706 -0.1354713 -12.5678453 -0.7566643 0.3358551 -0.2461419 0.5040581
1403636979.751667 19.3807888 -0.0451851 -12.5824499 -0.7633213 0.3405327 -0.2432923 0.4921249
1403636980.151666 19.6321964 0.1260033 -12.5619068 -0.7489663 0.3400346 -0.2569732 0.5073370
1403636980.501667 19.8309345 0.2955132 -12.6076860 -0.7368291 0.3437420 -0.2563764 0.5226811
1403636981.051666 20.1001282 0.5370979 -12.6680126 -0.7474346 0.3370937 -0.2556186 0.5122194
1403636981.551666 20.3101406 0.7486305 -12.7318735 -0.7375940 0.3506931 -0.2475142 0.5212545
1403636981.951667 20.4734936 0.8903465 -12.7436285 -0.7540996 0.3519942 -0.2603667 0.4895336
1403636982.301666 20.6302052 1.0675344 -12.7283554 -0.7574808 0.3680716 -0.2426233 0.4815395
1403636982.701667 20.8820782 1.3125267 -12.7134142 -0.7393977 0.3613901 -0.2452086 0.5124071
1403636983.101666 21.1739025 1.5419979 -12.7023211 -0.7439727 0.3525154 -0.2516644 0.5088249
1403636983.501667 21.4783707 1.7757740 -12.7707863 -0.7404733 0.3467053 -0.2632063 0.5120715
1403636985.901666 22.8376865 3.6479225 -12.7778091 -0.7383101 0.3142388 -0.2710475 0.5316818
1403636988.251667 22.4674511 5.1356068 -12.6015844 -0.7413391 0.3295430 -0.2193071 0.5419615
1403636989.501667 22.0006275 4.7113476 -12.4551382 -0.7402245 0.3246187 -0.2356905 0.5395745
1403636989.901666 21.8213615 4.3554745 -12.3826923 -0.7476017 0.3204088 -0.2430944 0.5285217
1403636990.251667 21.6518536 4.0495529 -12.3441792 -0.7405993 0.3166877 -0.2467246 0.5388401
1403636990.651666 21.4273720 3.6934471 -12.2642126 -0.7520244 0.3151444 -0.2394771 0.5270617
1403636991.051666 21.1987648 3.3658848 -12.2801085 -0.7543305 0.3108735 -0.2403554 0.5259016
1403636991.451667 20.9638233 3.0692501 -12.3154440 -0.7552280 0.3135524 -0.2420132 0.5222501
1403636991.851666 20.7349701 2.8091812 -12.2270374 -0.7487929 0.3335675 -0.2282801 0.5252906
1403636992.301666 20.5329838 2.5198421 -12.1664171 -0.7429226 0.3285689 -0.2503270 0.5267305
1403636992.751667 20.3373356 2.2439594 -12.1311102 -0.7495882 0.3352852 -0.2543955 0.5108663
1403636993.151666 20.1677303 2.0517979 -12.1034908 -0.7420396 0.3366602 -0.2559739 0.5201102
1403636993.651666 19.9271431 1.8440971 -12.0066442 -0.7648013 0.2757223 -0.2074540 0.5440763
1403636994.101666 19.7071934 1.6445274 -11.9391613 -0.7699104 0.2416882 -0.1950021 0.5574934
1403636994.551666 19.4469833 1.4177380 -11.9564438 -0.7596950 0.2388517 -0.1965616 0.5719938
1403636995.051666 19.0980053 1.0853462 -11.9205952 -0.7696060 0.2593685 -0.1738047 0.5569800
1403636996.001667 18.4769440 0.3306293 -11.7567234 -0.7747589 0.2584713 -0.1693253 0.5516070
1403636996.451667 18.2362385 -0.0379791 -11.7010136 -0.7825880 0.2404789 -0.1789380 0.5456256
1403636996.901666 18.0033245 -0.3735466 -11.6037226 -0.8034798 0.1722634 -0.1325742 0.5542289
1403636997.401666 17.7749805 -0.6937065 -11.6494713 -0.8183458 0.1070007 -0.0851104 0.5582267
1403636997.901666 17.6072159 -0.9153242 -11.5763397 -0.8205604 0.1065227 -0.0899930 0.5542878
1403636998.351666 17.4823265 -1.0208626 -11.4084911 -0.8186167 0.1160641 -0.0921643 0.5548889
1403636998.801666 17.3876038 -1.0654020 -11.2594948 -0.8016618 0.1145431 -0.1019171 0.5777814
1403636999.251667 17.2746563 -1.1316004 -11.1352015 -0.8034995 0.1077432 -0.1155557 0.5739573
1403636999.701667 17.1077785 -1.2081900 -11.1130047 -0.7997546 0.1174022 -0.1050750 0.5792829
1403637000.101666 16.9396057 -1.3083563 -11.1329918 -0.8006151 0.1135624 -0.1129568 0.5773732
1403637000.551666 16.7106190 -1.4600544 -11.1076097 -0.8029023 0.1147148 -0.1108648 0.5743669
1403637000.951667 16.4827881 -1.6095219 -11.0638103 -0.8013386 0.1182755 -0.1083540 0.5763045
1403637001.351666 16.2410164 -1.7829828 -11.0419064 -0.8001058 0.1228258 -0.1049894 0.5776867
1403637001.751667 16.0031567 -1.9798832 -10.9747496 -0.8050382 0.1275143 -0.1041035 0.5699264
1403637002.151666 15.7787886 -2.1802998 -10.9803619 -0.8070382 0.1288490 -0.1047472 0.5666702
1403637002.651666 15.5127134 -2.4115934 -10.9990797 -0.8075501 0.1231876 -0.1128077 0.5656518
1403637003.101666 15.2616129 -2.6009617 -10.9758263 -0.8067424 0.1311035 -0.1106469 0.5654520
1403637003.501667 15.0413933 -2.7562847 -11.0055876 -0.8020525 0.1361992 -0.1114848 0.5707301
1403637003.901666 14.8273439 -2.9153299 -10.9707088 -0.8047977 0.1369220 -0.1102517 0.5669194
1403637004.301666 14.6250315 -3.0668917 -11.0006866 -0.8116338 0.1304026 -0.1087777 0.5589393
1403637004.701667 14.4381609 -3.1815491 -10.9328499 -0.8018257 0.1449275 -0.0992248 0.5711620
1403637005.101666 14.2958355 -3.3089514 -10.9345121 -0.8073452 0.1532162 -0.1019218 0.5606520
1403637005.451667 14.2178364 -3.4076014 -11.0106268 -0.8085841 0.1435540 -0.1140539 0.5590847
1403637005.801666 14.1402645 -3.4845591 -11.0374813 -0.8122204 0.1437426 -0.1031497 0.5558743
1403637006.351666 14.0450897 -3.5663671 -11.0070820 -0.8141305 0.1429279 -0.1018117 0.5535319
1403637006.801666 14.0064411 -3.5976276 -11.0232029 -0.8088509 0.1205571 -0.0846990 0.5692559
1403637007.101666 13.9995604 -3.6120806 -11.0524807 -0.8154786 0.0639613 -0.0552839 0.5725797
1403637007.401666 14.0005445 -3.6259270 -11.0805254 -0.8083660 0.0303062 -0.0477113 0.5859604
1403637007.701667 13.9871883 -3.6570368 -11.1195698 -0.8228110 0.0291037 -0.0428026 0.5659531
1403637007.951667 13.9646158 -3.6717491 -11.1435547 -0.8171520 0.0379093 -0.0382983 0.5738978
1403637008.251667 13.9382439 -3.6884737 -11.1674900 -0.8283972 0.0427464 -0.0450671 0.5566866
1403637008.601666 13.9070005 -3.6746902 -11.1596527 -0.8167539 0.0506268 -0.0466258 0.5728664
1403637008.901666 13.8831043 -3.6571865 -11.1662045 -0.8204878 0.0732976 -0.0213875 0.5665421
1403637009.151666 13.9021463 -3.6418056 -11.2009506 -0.8199499 0.0619117 -0.0425516 0.5674843
1403637009.401666 13.9351139 -3.6230259 -11.2405262 -0.8169724 0.0456636 -0.0517325 0.5725335
1403637009.651666 13.9499283 -3.6258574 -11.2452908 -0.7846369 0.0428214 -0.0067010 0.6184387
1403637009.901666 13.9526405 -3.6264849 -11.2505274 -0.7900863 0.0557881 -0.0105395 0.6103608
1403637010.151666 13.9509935 -3.6284790 -11.2505932 -0.7900407 0.0564635 -0.0090481 0.6103815
1403637010.401666 13.9522123 -3.6352720 -11.2503681 -0.7900911 0.0564136 -0.0090539 0.6103208
