1311868164.399026 -0.0000109 0.0000106 0.0000081 0.0000080 0.0000074 -0.0000137 1.0000000
1311868164.863058 0.0629125 -0.0020557 -0.0416539 0.0084520 -0.0042815 -0.0142444 0.9998537
1311868164.899132 0.0700700 -0.0030567 -0.0429411 0.0116684 -0.0029793 -0.0145316 0.9998219
1311868166.263177 0.3203813 0.1051752 -0.1837362 -0.0320462 -0.0099352 -0.0238778 0.9991517
1311868166.999289 0.4423056 0.1483327 -0.2486901 -0.0371638 -0.0172396 -0.0308322 0.9986846
1311868167.699226 0.6488942 0.1369169 -0.2489030 -0.0331778 -0.0821838 -0.0630293 0.9940686
1311868168.731207 0.6857136 0.0307613 -0.1076989 -0.0229378 -0.1018309 -0.0663377 0.9923223
1311868169.199452 0.7036051 -0.0356995 -0.0329821 -0.0059623 -0.1486503 -0.0867691 0.9850577
1311868169.963415 0.8112472 -0.1811232 0.0835658 0.0388651 -0.2490293 -0.1406509 0.9574400
1311868170.299432 0.8719382 -0.1981823 0.0704267 0.0421050 -0.2576919 -0.1159845 0.9583160
1311868171.431618 1.0909305 -0.1525395 0.0168454 0.0239486 -0.2896923 -0.1543410 0.9442900
1311868171.799464 1.1930611 -0.1454032 0.0519480 0.0175228 -0.3115410 -0.1793558 0.9329880
1311868172.263475 1.2979161 -0.1343499 0.1160591 -0.0128164 -0.3184973 -0.1946290 0.9276393
1311868172.631587 1.3543015 -0.1183496 0.1727907 -0.0400545 -0.3069799 -0.2113475 0.9270875
1311868173.767623 1.4108062 -0.2116839 0.4232418 -0.0759251 -0.3175511 -0.2251077 0.9179996
1311868174.099508 1.4525075 -0.2716405 0.4798774 -0.0502670 -0.3680107 -0.2564605 0.8923393
1311868174.467566 1.5060925 -0.3191843 0.5461550 -0.0392617 -0.3961544 -0.2715207 0.8762401
1311868174.831815 1.5149194 -0.3647414 0.5955625 -0.0312297 -0.4204337 -0.2617137 0.8681970
1311868175.099631 1.4922211 -0.4101170 0.6242722 -0.0067179 -0.4214961 -0.2549835 0.8702180
1311868175.299978 1.4627054 -0.4559043 0.6412047 0.0386480 -0.4295819 -0.2422890 0.8690580
1311868175.799815 1.4335480 -0.5260674 0.7314402 0.0673985 -0.4701177 -0.2001546 0.8569626
1311868176.032043 1.4557874 -0.5623473 0.7807868 0.0741692 -0.4997343 -0.2074096 0.8377026
1311868176.699787 1.5496545 -0.6258178 0.9715861 0.0400272 -0.5386813 -0.2553922 0.8018698
1311868177.299871 1.5227417 -0.6723526 1.0851204 0.0365751 -0.5318043 -0.2721950 0.8010970
1311868177.632083 1.4956281 -0.6970177 1.1610274 0.0228959 -0.5305519 -0.2819554 0.7990567
1311868177.867810 1.4971277 -0.7043220 1.2104636 0.0145555 -0.5438873 -0.2913563 0.7868204
1311868178.131987 1.5262542 -0.7210575 1.2733402 0.0104316 -0.5782080 -0.3183095 0.7511629
1311868178.567928 1.5908440 -0.7387868 1.3547652 0.0004951 -0.6065614 -0.3332509 0.7218219
1311868178.831967 1.6497687 -0.7353130 1.3604416 -0.0057173 -0.6153375 -0.3324477 0.7147067
1311868179.232011 1.7845185 -0.7257041 1.3433256 -0.0089294 -0.6109130 -0.3380757 0.7158284
1311868179.600201 1.8939241 -0.7195712 1.3559535 -0.0345331 -0.5912781 -0.3446127 0.7283130
1311868180.031945 1.9902610 -0.7457029 1.4130459 -0.0382559 -0.5970516 -0.3574857 0.7171261
1311868180.432000 2.0676448 -0.7716965 1.4941473 -0.0572750 -0.6165327 -0.3672592 0.6940660
1311868181.168020 2.1105525 -0.8147516 1.5897347 -0.0616672 -0.6135404 -0.3633873 0.6983660
1311868181.968208 1.9556330 -0.8507519 1.6476943 -0.0605226 -0.6006137 -0.3685635 0.7069379
1311868182.268066 1.8570857 -0.8693415 1.6647806 -0.0573229 -0.6019155 -0.3609254 0.7100314
1311868182.568033 1.7661064 -0.8925033 1.6948497 -0.0530034 -0.6056747 -0.3536319 0.7108398
1311868182.868215 1.6649451 -0.9396841 1.7357348 -0.0297160 -0.6435701 -0.3450276 0.6825617
1311868183.136176 1.5590231 -1.0029222 1.7825564 -0.0083229 -0.6760699 -0.3612057 0.6421765
1311868183.436153 1.4545481 -1.0516922 1.8119842 0.0145159 -0.7046527 -0.3822355 0.5976201
1311868183.700230 1.3686354 -1.0775161 1.8294759 -0.0294323 -0.7282454 -0.3752841 0.5726728
1311868183.968498 1.2814288 -1.1042664 1.8314255 -0.0297264 -0.7246650 -0.3843836 0.5711622
1311868184.200464 1.2067881 -1.1290032 1.8301486 -0.0151668 -0.7263730 -0.3659255 0.5815933
1311868184.468412 1.1304808 -1.1444939 1.8472440 -0.0133559 -0.7286738 -0.3646104 0.5795822
1311868184.700710 1.0632451 -1.1589557 1.8700905 -0.0129201 -0.7507812 -0.3575384 0.5552720
1311868185.000422 0.9680666 -1.2118053 1.9039131 0.0094437 -0.7781789 -0.3589580 0.5152646
1311868185.236390 0.9058752 -1.2307888 1.9197106 -0.0144563 0.7896037 0.3629853 -0.4945289
1311868185.600364 0.8199375 -1.2463285 1.9365398 0.0385425 -0.7927291 -0.3372841 0.5062948
1311868185.868447 0.7747384 -1.2491068 1.9506769 0.0369677 -0.7990789 -0.3143622 0.5111582
1311868186.136633 0.7270520 -1.2514846 1.9782274 -0.0349018 0.8107590 0.3315381 -0.4811800
1311868186.869317 0.7148878 -1.2605604 2.0888801 -0.0026534 0.8433880 0.3761163 -0.3837007
1311868187.400493 0.8201448 -1.2853943 2.1602635 0.0078063 0.8244266 0.4036208 -0.3966739
1311868187.868577 0.8533649 -1.3143753 2.2477887 0.0097612 0.8182145 0.4101548 -0.4027441
1311868188.136705 0.8404000 -1.3298494 2.3333130 0.0114425 0.8312172 0.4167507 -0.3677852
1311868188.400512 0.8143688 -1.3205309 2.4345436 0.0089850 0.8270824 0.4492351 -0.3377008
1311868188.836521 0.8723391 -1.3298795 2.5224433 0.0401950 0.8236253 0.4673814 -0.3187168
1311868189.268669 0.9999549 -1.3484697 2.6037555 0.0627085 0.8027369 0.4922290 -0.3307441
1311868189.802939 1.0710521 -1.3833568 2.7096112 0.0674883 0.7879875 0.5110850 -0.3366202
1311868190.369230 1.0480783 -1.4585717 2.8592966 0.0653355 0.7846987 0.5069586 -0.3506739
1311868191.505579 1.0043111 -1.5221856 2.9918597 0.0651326 0.7876874 0.5004713 -0.3533197
1311868192.904715 0.8468322 -1.5142967 2.8754132 0.0544694 0.7884933 0.4903640 -0.3672256
1311868193.710143 0.7620606 -1.5681716 2.8069749 0.0347847 0.8169665 0.4960477 -0.2920488
1311868194.508854 0.7024384 -1.6357124 2.7629576 0.0275809 0.8301272 0.4793214 -0.2835119
1311868195.269090 0.6630837 -1.6889852 2.7925708 0.0244118 0.8419059 0.4543530 -0.2901067
1311868195.808835 0.6412079 -1.7069345 2.9065356 0.0177242 0.8287446 0.4682205 -0.3060031
1311868196.208314 0.6751174 -1.7099085 2.9808254 0.0301844 0.8125945 0.4754593 -0.3357344
1311868196.837005 0.7420247 -1.7176039 3.0851128 0.0718310 0.7824099 0.4834518 -0.3859397
1311868197.469173 0.6888305 -1.7584571 3.2327032 0.0551635 0.7869554 0.5110117 -0.3413579
1311868198.005244 0.6300730 -1.7664874 3.3372393 0.0754923 0.7779419 0.5321811 -0.3254084
1311868199.269349 0.4374588 -1.7454650 3.3613715 0.0749740 0.7791404 0.5449814 -0.3005238
1311868200.205451 0.2840614 -1.7624936 3.3965287 0.0605508 0.8033856 0.5550457 -0.2069530
1311868201.005304 0.1474478 -1.8045599 3.5013580 0.0640851 0.8063717 0.5655515 -0.1606528
1311868202.305308 0.0101524 -1.7885412 3.5146866 0.0527333 0.7995128 0.5841753 -0.1293742
1311868203.137538 -0.1202090 -1.8078519 3.5001752 0.0398346 0.8162583 0.5664842 -0.1059779
1311868203.773697 -0.1713082 -1.8704195 3.3891926 0.0350943 0.8356066 0.5470033 -0.0362964
1311868204.273553 -0.2695197 -1.9338295 3.2910373 0.0277177 0.8338470 0.5512446 0.0077595
1311868204.873553 -0.3643658 -1.9974284 3.2216110 0.0239543 0.8246136 0.5635977 0.0423807
1311868205.573643 -0.4347154 -2.0889530 3.1437974 0.0254855 0.8528163 0.5198502 0.0425509
1311868206.273560 -0.4622316 -2.1364789 3.0880859 0.0221691 0.8778397 0.4782560 0.0133116
1311868207.273845 -0.5235980 -2.0224469 3.1622496 -0.0078199 0.8635702 0.5005317 0.0604434
1311868207.605696 -0.5933877 -1.9902776 3.2000546 0.0039880 0.8584756 0.5079558 0.0706021
1311868208.005771 -0.6579657 -1.9493163 3.2449689 -0.0030625 0.8518195 0.5198055 0.0647806
1311868208.537898 -0.7269036 -1.9077644 3.3278785 -0.0095439 0.8411863 0.5363526 0.0681201
1311868209.137783 -0.7913220 -1.8302126 3.3841391 -0.0007606 0.8224336 0.5656377 0.0604684
1311868210.141864 -0.8519260 -1.6831999 3.3360755 0.0031838 0.8176761 0.5707539 0.0750703
1311868211.573950 -1.0408002 -1.6322031 3.3204670 -0.0102385 0.8099455 0.5690828 0.1415211
1311868212.406130 -1.2174366 -1.6226158 3.3362756 -0.0137641 0.8041495 0.5771188 0.1417322
1311868213.506347 -1.3216028 -1.5862203 3.2246418 -0.0183612 0.8110820 0.5637206 0.1550094
1311868214.474262 -1.3842175 -1.5487316 3.1286383 0.0020122 0.8114139 0.5505839 0.1961142
1311868215.106202 -1.4444101 -1.5319033 3.0543966 -0.0208505 0.8046292 0.5281168 0.2706099
1311868215.642404 -1.4619873 -1.5541626 2.9705644 -0.0301091 0.7997695 0.5129660 0.3103676
1311868216.074212 -1.4455867 -1.5902747 2.9018271 -0.0277576 0.7946850 0.5017514 0.3405154
1311868216.542390 -1.4498374 -1.6230201 2.8238792 -0.0201407 0.7972531 0.4970278 0.3419727
1311868216.874405 -1.4661772 -1.6480371 2.7760825 -0.0032335 0.8024688 0.4852946 0.3471636
1311868217.174613 -1.4733140 -1.6670272 2.7376938 -0.0088979 0.8064846 0.4848926 0.3382048
1311868218.874697 -1.5054284 -1.5926164 2.7509875 0.0104634 0.8168741 0.4542919 0.3552829
1311868219.210391 -1.5470438 -1.5311873 2.7664590 -0.0021075 0.8143071 0.4518630 0.3643067
1311868219.474442 -1.5746439 -1.4606419 2.7984259 0.0097731 0.8051764 0.4624435 0.3711353
1311868219.810409 -1.5967729 -1.3931731 2.8270729 0.0231124 0.7856842 0.4767380 0.3935568
1311868220.174706 -1.6106899 -1.3418515 2.8754475 0.0314110 0.7713277 0.4849212 0.4109968
1311868220.510865 -1.6350747 -1.2986566 2.9141116 0.0166946 0.7561740 0.4944867 0.4282582
1311868221.074778 -1.6965191 -1.2527597 2.9452662 0.0028687 0.7372324 0.5159031 0.4362616
1311868222.610667 -1.7891692 -1.2129753 2.8908439 0.0001376 0.7379926 0.5192089 0.4310325
1311868223.710948 -1.8391278 -1.1628788 2.7786820 -0.0022104 0.7178147 0.5115992 0.4722323
1311868224.374897 -1.9000669 -1.1299732 2.7171233 0.0088255 0.7109118 0.5005575 0.4939319
1311868224.775598 -1.9668468 -1.1008598 2.6581030 0.0013261 0.7037598 0.4936656 0.5108958
1311868225.111236 -2.0065019 -1.0815878 2.6079683 -0.0028904 0.7024372 0.4865057 0.5195054
1311868225.576439 -2.0634227 -1.0586857 2.5740097 -0.0048728 0.6960430 0.4823841 0.5317951
1311868226.178896 -2.1150918 -1.0341415 2.5451739 -0.0057492 0.6853577 0.4777526 0.5495491
1311868226.444052 -2.1267455 -1.0205064 2.5075371 -0.0026331 0.6894983 0.4807761 0.5417005
1311868226.711126 -2.1340711 -1.0035217 2.4515567 -0.0030483 0.6902792 0.4822433 0.5393947
1311868226.976309 -2.1311946 -0.9813104 2.3783462 0.0011293 0.6832750 0.4769392 0.5528679
1311868227.247413 -2.1246448 -0.9602603 2.3052676 0.0042226 0.6834246 0.4697758 0.5587699
1311868227.547438 -2.1183252 -0.9366562 2.2487464 0.0151712 0.6758953 0.4648908 0.5716746
1311868227.813722 -2.1224024 -0.9207163 2.2061408 0.0153606 0.6600797 0.4546208 0.5978117
1311868228.112684 -2.1375089 -0.8963957 2.1531768 0.0083747 0.6349477 0.4383994 0.6360638
1311868228.412437 -2.1706347 -0.8755738 2.0982504 0.0059638 0.6209008 0.4237134 0.6594799
1311868228.714922 -2.2054036 -0.8541189 2.0404460 -0.0072876 0.6144350 0.4131169 0.6721242
1311868229.044504 -2.2351265 -0.8209254 1.9844738 -0.0067800 0.6108657 0.4112728 0.6764997
1311868229.413148 -2.2095256 -0.8314677 1.9232758 -0.0067199 0.6045105 0.4295418 0.6708322
1311868229.748721 -2.1323798 -0.8428738 1.8656180 -0.0154891 0.6007271 0.4318025 0.6726319
1311868230.083190 -2.0477247 -0.8780083 1.8101661 -0.0112480 0.5988751 0.4371341 0.6709216
1311868230.414198 -1.9786749 -0.9139706 1.7505168 -0.0153382 0.6013899 0.4430476 0.6646831
1311868230.613609 -1.9364741 -0.9140305 1.7165960 -0.0036741 0.6015047 0.4674498 0.6478188
1311868230.884514 -1.8953921 -0.9254435 1.6603520 0.0020974 0.6092470 0.4489148 0.6536736
1311868231.284432 -1.8336287 -0.9396281 1.5816426 -0.0404834 0.6108375 0.4339603 0.6609971
1311868231.743341 -1.7404989 -0.9829102 1.5353141 -0.0739015 0.6051913 0.4334764 0.6636115
1311868232.180728 -1.6630838 -1.0525138 1.5189489 -0.0887173 0.5948341 0.4376772 0.6683863
1311868232.611461 -1.5884442 -1.1104727 1.5141020 -0.0860498 0.6055180 0.4481479 0.6520022
1311868234.043413 -1.6707766 -1.0449996 1.4626391 -0.0489527 0.5887431 0.4117929 0.6938384
1311868234.479529 -1.7711529 -0.9950233 1.4105568 -0.0489626 0.5872271 0.3686256 0.7189451
1311868234.843512 -1.8523122 -0.9353448 1.3742391 -0.0512825 0.5826296 0.3637035 0.7250053
1311868235.211489 -1.9240776 -0.8653997 1.3399575 -0.0529668 0.5736552 0.3694985 0.7290987
1311868235.579657 -1.9593966 -0.7973146 1.3015673 -0.0430513 0.5793177 0.3713064 0.7243404
1311868236.011678 -1.9716194 -0.7173539 1.2693551 -0.0372154 0.5813026 0.3659332 0.7258066
1311868236.379539 -1.9646980 -0.6522387 1.2319980 -0.0383983 0.5565599 0.3600075 0.7477709
1311868236.779605 -1.9588748 -0.5894426 1.2026963 -0.0202372 0.5433922 0.3518604 0.7619119
1311868237.147698 -1.9692667 -0.5263647 1.1801574 -0.0056686 0.5237693 0.3543009 0.7746641
1311868237.547675 -1.9810112 -0.4526970 1.1001024 -0.0043083 0.5001670 0.3373877 0.7974861
1311868237.911846 -1.9999822 -0.3893027 1.0097668 -0.0175565 0.4752557 0.3138523 0.8217789
1311868238.311749 -2.0085678 -0.3191441 0.9371153 -0.0219171 0.4546292 0.3188546 0.8313625
1311868238.979698 -1.9532413 -0.2429501 0.8566458 -0.0276275 0.4491744 0.3361062 0.8273522
1311868239.611936 -1.8891937 -0.1812282 0.8099574 -0.0240316 0.4070185 0.3106789 0.8586251
1311868240.279833 -1.8598098 -0.0904304 0.6937781 -0.0373089 0.3551742 0.2790363 0.8914023
1311868240.848064 -1.8724021 -0.0132823 0.6028865 -0.0554623 0.3437064 0.2628664 0.8998284
1311868241.579911 -1.7553788 -0.1235796 0.5475619 -0.0621998 0.3450636 0.2881457 0.8910861
1311868241.911969 -1.6832939 -0.1748828 0.5167480 -0.0615812 0.3350854 0.2676802 0.9012618
1311868242.312146 -1.6300366 -0.2080430 0.4518199 -0.0659441 0.3026619 0.2325848 0.9219282
1311868242.679930 -1.6020288 -0.2006471 0.4190814 -0.0551949 0.2647308 0.2187051 0.9375709
1311868243.180098 -1.5524441 -0.1697922 0.3946509 -0.0359550 0.2850665 0.2214678 0.9318779
1311868243.580031 -1.5141503 -0.1494223 0.3407610 -0.0340161 0.2692933 0.1933912 0.9428276
1311868243.880069 -1.4752387 -0.1044744 0.2755993 -0.0577887 0.2363071 0.1726766 0.9544643
1311868244.180196 -1.4449139 -0.0567143 0.2251649 -0.0517787 0.1997631 0.1516732 0.9666483
1311868244.512251 -1.4226918 0.0104023 0.1822137 -0.0564104 0.1885476 0.1385498 0.9706038
1311868244.880436 -1.3810632 0.0723887 0.1541848 -0.0604418 0.1943491 0.1508872 0.9673718
1311868245.248256 -1.3174257 0.1090913 0.1465958 -0.0678395 0.2048379 0.1414826 0.9661376
1311868245.580262 -1.2403189 0.1344700 0.1272377 -0.0477498 0.1651334 0.1314594 0.9763039
1311868246.180201 -1.1351403 0.2171915 0.0585662 -0.0776527 0.1312444 0.1368005 0.9787904
1311868246.748855 -1.1004609 0.3036653 -0.0533710 -0.0964920 0.1340323 0.1363408 0.9767988
1311868247.980227 -0.8993020 0.2191741 -0.0336988 -0.0886222 0.1409214 0.1286049 0.9776237
1311868248.616364 -0.7425296 0.1433380 0.0227240 -0.0993101 0.0913174 0.1082867 0.9849226
1311868248.948257 -0.6515771 0.0974348 0.0364620 -0.1210170 0.0712762 0.0830800 0.9865963
1311868249.248249 -0.5698071 0.0636676 0.0504460 -0.1266833 0.0859005 0.0787808 0.9850716
1311868249.480373 -0.5349655 0.0333265 0.0699804 -0.1182414 0.0847232 0.0784233 0.9862508
1311868249.780683 -0.5041236 -0.0174549 0.1117838 -0.1136463 0.0886057 0.0769559 0.9865654
1311868250.048559 -0.4814230 -0.0753025 0.1579943 -0.1036469 0.1014324 0.0760168 0.9865040
1311868250.316452 -0.4688000 -0.1317951 0.2020406 -0.0962630 0.0965130 0.0786416 0.9875395
1311868250.580440 -0.4638401 -0.1786300 0.2344963 -0.0905912 0.0879719 0.0774668 0.9889657
1311868250.980502 -0.4576230 -0.2342161 0.2510405 -0.0698812 0.0875090 0.0667455 0.9914655
1311868251.780606 -0.3823006 -0.1591419 0.1947992 -0.0720672 0.0752606 0.0483487 0.9933804
1311868252.016633 -0.3326569 -0.1366867 0.1611943 -0.0750041 0.0707504 0.0439967 0.9936967
1311868252.280693 -0.2662574 -0.1095776 0.1095137 -0.0716213 0.0610042 0.0183892 0.9953948
1311868252.848740 -0.1202484 -0.0251126 0.0277614 -0.0961454 0.0374142 0.0122279 0.9945887
1311868253.516704 0.0316418 0.0176279 0.0249424 -0.1117666 0.0468175 0.0236893 0.9923483
1311868253.880980 0.1146556 0.0241752 0.0400616 -0.1023493 0.0325997 0.0291832 0.9937858
1311868254.481183 0.2721766 0.0546542 0.0361086 -0.1155455 -0.0223621 -0.0069929 0.9930258
1311868255.016920 0.4127887 0.1012423 0.0018301 -0.1420926 -0.0668313 -0.0285134 0.9871830
1311868255.884951 0.5523999 0.1196819 0.0037179 -0.1424241 -0.0821145 -0.0338155 0.9858139
1311868256.484903 0.6919507 0.0557389 0.0714042 -0.1328243 -0.0990473 -0.0552099 0.9846315
1311868257.017144 0.8030303 -0.0047053 0.1311258 -0.1173772 -0.1308218 -0.0709148 0.9818754
1311868257.549492 0.9138329 -0.0869807 0.1730179 -0.1252537 -0.1798520 -0.1210315 0.9681509
1311868258.149278 0.9670771 -0.1927824 0.2205044 -0.1368036 -0.2429294 -0.1634913 0.9463301
1311868258.716929 0.9576384 -0.3360201 0.3280665 -0.1317598 -0.2437207 -0.1748510 0.9448104
1311868259.248996 0.9681401 -0.4340979 0.4313384 -0.1090341 -0.2788087 -0.1960505 0.9337780
1311868259.885215 1.0522327 -0.4991760 0.5313217 -0.0842109 -0.3011259 -0.2314180 0.9212369
