1311868164.363181 0.0000072 -0.0000012 0.0000001 -0.0000172 -0.0000095 0.0000103 1.0000000
1311868164.963119 0.0842650 0.0038351 -0.0506308 0.0136062 -0.0037240 -0.0188248 0.9997233
1311868165.331226 0.2103484 0.0187591 -0.0730870 0.0104187 -0.0438853 -0.0350192 0.9983683
1311868165.763100 0.3147900 0.0480155 -0.0968963 -0.0023312 -0.0503195 -0.0366998 0.9980559
1311868166.463018 0.3300717 0.1386121 -0.2100034 -0.0531508 -0.0013083 -0.0235272 0.9983084
1311868168.499268 0.6778396 0.0614928 -0.1444316 -0.0312633 -0.0929078 -0.0679109 0.9928640
1311868169.399437 0.7165779 -0.0774613 0.0053138 0.0080812 -0.1853267 -0.1111997 0.9763315
1311868170.199317 0.8466147 -0.1965505 0.0815338 0.0440336 -0.2564634 -0.1207114 0.9579751
1311868171.599490 1.1240345 -0.1483957 0.0305237 0.0218045 -0.2995743 -0.1664401 0.9391898
1311868172.531606 1.3283682 -0.1225957 0.1500347 -0.0330464 -0.3081786 -0.2110521 0.9270334
1311868172.963571 1.3673048 -0.1125103 0.2619108 -0.0787521 -0.2953235 -0.2172783 0.9270234
1311868174.131747 1.4483145 -0.2722618 0.4849398 -0.0503916 -0.3700326 -0.2589446 0.8907773
1311868175.367738 1.4461846 -0.4597884 0.6507540 0.0375065 -0.4372956 -0.2320656 0.8680503
1311868175.767584 1.4255726 -0.5206250 0.7268573 0.0642120 -0.4659829 -0.2014084 0.8591691
1311868176.067949 1.4507511 -0.5668171 0.7920331 0.0740331 -0.5035195 -0.2127981 0.8340888
1311868176.531915 1.5279490 -0.6176842 0.9353435 0.0504254 -0.5334118 -0.2518378 0.8059199
1311868177.267807 1.5195603 -0.6692686 1.0805417 0.0376531 -0.5306330 -0.2727842 0.8016231
1311868177.967919 1.4994417 -0.7082312 1.2370164 0.0141774 -0.5536955 -0.3007702 0.7763746
1311868178.299815 1.5452409 -0.7363557 1.3185527 0.0202002 -0.5836897 -0.3311223 0.7411183
1311868178.632030 1.5971310 -0.7383667 1.3605864 -0.0019380 -0.6084862 -0.3333253 0.7201632
1311868179.567958 1.8794767 -0.7202275 1.3541794 -0.0330161 -0.5914503 -0.3441650 0.7284551
1311868180.632105 2.0839248 -0.7818225 1.5292997 -0.0668636 -0.6210789 -0.3749444 0.6849868
1311868182.300234 1.8398821 -0.8750681 1.6731429 -0.0595711 -0.6011837 -0.3621252 0.7098555
1311868182.900229 1.6473850 -0.9434856 1.7486906 -0.0289773 -0.6487545 -0.3468297 0.6767474
1311868183.400232 1.4548165 -1.0475290 1.8152786 0.0131021 -0.7016442 -0.3823654 0.6010994
1311868184.000440 1.2634052 -1.1071024 1.8362571 -0.0248514 -0.7240158 -0.3839777 0.5724899
1311868184.236434 1.1937306 -1.1285915 1.8385170 -0.0159488 -0.7256683 -0.3646341 0.5832608
1311868184.636350 1.0771062 -1.1465133 1.8689085 -0.0150447 -0.7414403 -0.3570861 0.5679168
1311868184.836324 1.0097750 -1.1808801 1.8910309 -0.0012646 -0.7649601 -0.3574192 0.5358040
1311868185.136538 0.9258353 -1.2184570 1.9211667 0.0154718 -0.7838103 -0.3647147 0.5023795
1311868185.300484 0.8758416 -1.2335415 1.9287264 -0.0160176 0.7927366 0.3577121 -0.4933094
1311868185.436438 0.8455279 -1.2361894 1.9408777 -0.0188557 0.7956458 0.3464870 -0.4965270
1311868185.500443 0.8322470 -1.2436049 1.9435081 0.0248139 -0.7936383 -0.3438457 0.5012909
1311868185.668624 0.8003347 -1.2484053 1.9469373 0.0432572 -0.7939144 -0.3335050 0.5065600
1311868185.768630 0.7821843 -1.2513692 1.9500681 0.0434779 -0.7948829 -0.3213168 0.5128609
1311868185.868447 0.7693514 -1.2470840 1.9574437 0.0353597 -0.7987188 -0.3142024 0.5119326
1311868185.936471 0.7553116 -1.2470597 1.9633424 0.0316225 -0.8013834 -0.3184174 0.5053661
1311868186.036453 0.7373483 -1.2465287 1.9715362 -0.0321354 0.8054815 0.3234116 -0.4955520
1311868186.103248 0.7265778 -1.2473125 1.9799950 -0.0337434 0.8086817 0.3290887 -0.4864112
1311868186.136633 0.7230349 -1.2500412 1.9850733 -0.0333841 0.8104869 0.3313267 -0.4818912
1311868186.168524 0.7185184 -1.2494811 1.9890249 -0.0317785 0.8125835 0.3332408 -0.4771255
1311868186.200391 0.7114721 -1.2468477 1.9936552 -0.0290849 0.8151109 0.3355209 -0.4713533
1311868186.268650 0.7010224 -1.2484747 2.0028644 -0.0265224 0.8209455 0.3430193 -0.4557223
1311868186.368410 0.6905178 -1.2482593 2.0204782 -0.0236290 0.8303446 0.3517871 -0.4315268
1311868186.436523 0.6834919 -1.2507316 2.0342717 -0.0208776 0.8345829 0.3577812 -0.4183637
1311868186.537052 0.6785738 -1.2487444 2.0499065 -0.0129820 0.8377479 0.3629913 -0.4077342
1311868186.600576 0.6760045 -1.2504919 2.0583351 -0.0053206 0.8400152 0.3666037 -0.3999348
1311868186.668623 0.6774123 -1.2540685 2.0697398 -0.0051947 0.8412390 0.3686560 -0.3954525
1311868187.036707 0.7374045 -1.2673328 2.1150386 -0.0004096 0.8416668 0.3776305 -0.3859947
1311868187.169000 0.7661860 -1.2746037 2.1298146 0.0053422 0.8372138 0.3802289 -0.3930274
1311868187.268822 0.7935632 -1.2728276 2.1458182 0.0066164 0.8313414 0.3882349 -0.3976195
1311868187.436706 0.8147166 -1.2829807 2.1719651 0.0080862 0.8217555 0.4045942 -0.4011934
1311868187.968459 0.8437943 -1.3155044 2.2820728 0.0064439 0.8227786 0.4114247 -0.3920759
1311868188.136705 0.8315493 -1.3237114 2.3407559 0.0129418 0.8312140 0.4164480 -0.3680855
1311868188.268577 0.8176364 -1.3246207 2.3943114 0.0163085 0.8329988 0.4289928 -0.3490161
1311868188.437067 0.8067958 -1.3126307 2.4479406 0.0119915 0.8258250 0.4517873 -0.3372796
1311868188.668666 0.8271354 -1.3199556 2.4939287 0.0361174 0.8289773 0.4570014 -0.3203779
1311868188.936521 0.8956034 -1.3284811 2.5456610 0.0526794 0.8203332 0.4712575 -0.3196789
1311868189.436651 1.0264831 -1.3574275 2.6381750 0.0634464 0.7950481 0.5016649 -0.3349707
1311868190.202446 1.0457473 -1.4337204 2.8232839 0.0721493 0.7850677 0.5093422 -0.3450126
1311868192.404725 0.9013036 -1.5179964 2.9655690 0.0592845 0.7795979 0.5009974 -0.3710983
1311868194.538360 0.6946495 -1.6379908 2.7695513 0.0278482 0.8309075 0.4768814 -0.2853091
1311868196.909608 0.7322080 -1.7154119 3.1117153 0.0732509 0.7817518 0.4814433 -0.3895007
1311868198.005244 0.6196936 -1.7567723 3.3603766 0.0784381 0.7806252 0.5287606 -0.3238581
1311868199.869232 0.3456757 -1.7268285 3.3833861 0.0779068 0.7955371 0.5478152 -0.2468802
1311868201.237377 0.1217301 -1.7913089 3.5249164 0.0651489 0.8103889 0.5603386 -0.1582597
1311868202.973443 -0.1177812 -1.7928841 3.5240171 0.0319032 0.8103724 0.5735636 -0.1153411
1311868203.773697 -0.1780150 -1.8610522 3.4025121 0.0350844 0.8367014 0.5453435 -0.0360599
1311868204.837551 -0.3695799 -1.9848096 3.2376919 0.0201803 0.8272843 0.5602240 0.0366397
1311868205.373547 -0.4308683 -2.0572379 3.1722112 0.0126587 0.8392648 0.5425109 0.0340046
1311868206.437725 -0.4662943 -2.1153510 3.0938368 0.0180224 0.8790857 0.4762493 0.0083799
1311868207.373739 -0.5501375 -2.0091043 3.1798005 -0.0034623 0.8616588 0.5026135 0.0700847
1311868207.873905 -0.6442713 -1.9558966 3.2313690 -0.0019982 0.8530678 0.5171059 0.0698049
1311868208.637812 -0.7525132 -1.8937356 3.3524811 -0.0064979 0.8412618 0.5359313 0.0708098
1311868209.541800 -0.8278294 -1.7444088 3.3795657 0.0082331 0.8142939 0.5771725 0.0610708
1311868211.842132 -1.1131378 -1.6223617 3.3305101 -0.0147187 0.8065603 0.5722767 0.1474561
1311868213.674238 -1.3359734 -1.5722891 3.1996424 -0.0305745 0.8090463 0.5634302 0.1644863
1311868215.206366 -1.4695669 -1.5268296 3.0455749 -0.0247534 0.8032423 0.5226752 0.2846045
1311868216.542390 -1.4619613 -1.6178370 2.8253579 -0.0209413 0.7966242 0.4969679 0.3434737
1311868217.374311 -1.4905810 -1.6789327 2.7272444 -0.0036426 0.8161114 0.4704960 0.3355329
1311868219.174460 -1.5541821 -1.5337561 2.7661169 -0.0041918 0.8137717 0.4516082 0.3657978
1311868219.642931 -1.6006327 -1.4125097 2.8106761 0.0150080 0.7920678 0.4739572 0.3844060
1311868220.510865 -1.6452099 -1.2892001 2.9171667 0.0159439 0.7558042 0.4939828 0.4295192
1311868222.510786 -1.7964209 -1.2047663 2.9046638 0.0034982 0.7401329 0.5221185 0.4237728
1311868224.943076 -1.9932259 -1.0811071 2.6275544 -0.0066725 0.7008697 0.4920264 0.5163788
1311868226.676348 -2.1433129 -0.9859449 2.4648778 -0.0030609 0.6909074 0.4792002 0.5412992
1311868227.510861 -2.1230183 -0.9292053 2.2535760 0.0123572 0.6761981 0.4655350 0.5708595
1311868228.178968 -2.1468811 -0.8787761 2.1394582 0.0056393 0.6305516 0.4337431 0.6436146
1311868228.944678 -2.2347951 -0.8191459 2.0037777 -0.0121319 0.6104230 0.4062979 0.6798224
1311868229.712459 -2.1483517 -0.8312514 1.8764626 -0.0175838 0.6018178 0.4296338 0.6729940
1311868230.180570 -2.0282986 -0.8733820 1.7991605 -0.0137143 0.6041520 0.4362037 0.6667373
1311868230.582035 -1.9496000 -0.8986840 1.7255379 -0.0020375 0.5980402 0.4633910 0.6539209
1311868230.743239 -1.9177332 -0.9091297 1.6898882 0.0102574 0.6073110 0.4534626 0.6522574
1311868231.043362 -1.8726158 -0.9198450 1.6358734 -0.0137789 0.6136974 0.4345097 0.6590804
1311868231.313322 -1.8382630 -0.9394432 1.5881140 -0.0490256 0.6107550 0.4315663 0.6620615
1311868231.643249 -1.7682830 -0.9679427 1.5497875 -0.0704723 0.6028800 0.4320104 0.6670356
1311868231.943245 -1.7133236 -1.0091310 1.5351210 -0.0782453 0.6004987 0.4393426 0.6635187
1311868232.211380 -1.6617943 -1.0529978 1.5287567 -0.0917024 0.5950506 0.4362955 0.6686940
1311868232.643442 -1.5923727 -1.1105442 1.5236164 -0.0864360 0.6069023 0.4454996 0.6524788
1311868233.143478 -1.5634668 -1.1513268 1.5348792 -0.0724910 0.6085594 0.4247745 0.6663085
1311868233.811509 -1.6392207 -1.0826454 1.5107188 -0.0536638 0.5949153 0.4091429 0.6897812
1311868234.279402 -1.7280614 -1.0164926 1.4392569 -0.0501008 0.5905774 0.3853633 0.7072506
1311868234.679531 -1.8259264 -0.9598556 1.4015572 -0.0528143 0.5866680 0.3606971 0.7231382
1311868235.111629 -1.9193311 -0.8759749 1.3565085 -0.0549841 0.5776820 0.3607695 0.7301408
1311868235.443732 -1.9652154 -0.8170933 1.3205312 -0.0454625 0.5774716 0.3695236 0.7265756
1311868235.743898 -1.9834957 -0.7624696 1.2954738 -0.0432510 0.5940389 0.3613839 0.7173903
1311868236.111800 -1.9830613 -0.6947191 1.2644837 -0.0343717 0.5740224 0.3604826 0.7344176
1311868236.412852 -1.9764845 -0.6406021 1.2342633 -0.0413857 0.5580895 0.3547401 0.7489879
1311868236.879498 -1.9746614 -0.5649067 1.2019080 -0.0181496 0.5393785 0.3456179 0.7676521
1311868237.211747 -1.9763331 -0.5041578 1.1734486 -0.0019937 0.5190804 0.3504898 0.7795566
1311868237.579714 -1.9914886 -0.4366220 1.0930676 -0.0090831 0.4972034 0.3300221 0.8023663
1311868237.911846 -2.0100904 -0.3792215 1.0088508 -0.0186353 0.4748596 0.3094830 0.8236391
1311868238.211730 -2.0226469 -0.3245455 0.9543911 -0.0224827 0.4583547 0.3132485 0.8314331
1311868238.847715 -1.9794550 -0.2474657 0.8766242 -0.0296142 0.4549745 0.3246538 0.8286864
1311868239.479757 -1.9056326 -0.1924828 0.8188975 -0.0223590 0.4132587 0.3178256 0.8530558
1311868240.012203 -1.8756094 -0.1339335 0.7658167 -0.0317912 0.3685293 0.2931302 0.8816179
1311868240.547745 -1.8682281 -0.0437130 0.6394697 -0.0596899 0.3520797 0.2530062 0.8991468
1311868241.747996 -1.7203408 -0.1457702 0.5305130 -0.0613445 0.3379215 0.2888435 0.8936528
1311868242.447942 -1.6220117 -0.1987227 0.4331163 -0.0601233 0.2863417 0.2287017 0.9284876
1311868243.480135 -1.5271442 -0.1478752 0.3570636 -0.0332291 0.2766003 0.1999954 0.9393561
1311868243.912060 -1.4788712 -0.0994585 0.2651153 -0.0607052 0.2314420 0.1691613 0.9561035
1311868244.648157 -1.4183849 0.0362859 0.1615176 -0.0565681 0.1839757 0.1363410 0.9717840
1311868245.112252 -1.3430867 0.1099530 0.1486712 -0.0745956 0.1999563 0.1388436 0.9670447
1311868245.716121 -1.2187812 0.1568093 0.1175471 -0.0520894 0.1729819 0.1411866 0.9733603
1311868245.980265 -1.1663233 0.1994376 0.0876093 -0.0610004 0.1488803 0.1513930 0.9752917
1311868246.380220 -1.1226552 0.2544446 0.0132576 -0.0812217 0.1311068 0.1306278 0.9793622
1311868246.780364 -1.1043925 0.3156086 -0.0594493 -0.0975059 0.1356645 0.1337566 0.9768301
1311868247.780427 -0.9510493 0.2625296 -0.0604452 -0.0898657 0.1382448 0.1363567 0.9768416
1311868248.116239 -0.8741834 0.2081709 -0.0190446 -0.0849923 0.1313857 0.1278908 0.9793661
1311868248.580330 -0.7528707 0.1500431 0.0261216 -0.1002414 0.0943009 0.1125000 0.9840745
1311868248.948257 -0.6479357 0.1000624 0.0386696 -0.1226771 0.0698050 0.0822988 0.9865620
1311868249.316586 -0.5592168 0.0612406 0.0585911 -0.1263566 0.0849465 0.0785052 0.9852183
1311868249.980348 -0.4880116 -0.0553754 0.1519716 -0.1076603 0.0979328 0.0775243 0.9863105
1311868250.648757 -0.4649315 -0.1794874 0.2407626 -0.0886013 0.0838551 0.0782810 0.9894393
1311868252.380676 -0.2426969 -0.0922686 0.0922972 -0.0739136 0.0584639 0.0040843 0.9955411
1311868253.181948 -0.0485283 0.0134860 0.0144594 -0.1006720 0.0363305 0.0254154 0.9939312
1311868254.716785 0.3372508 0.0731993 0.0215703 -0.1321089 -0.0490046 -0.0272208 0.9896488
1311868255.049320 0.4159736 0.1075121 0.0010329 -0.1432715 -0.0685829 -0.0301077 0.9868451
1311868256.316827 0.6527231 0.0769041 0.0555828 -0.1442504 -0.0945419 -0.0538165 0.9835433
1311868256.916906 0.7787178 0.0097948 0.1194381 -0.1200982 -0.1254175 -0.0652941 0.9826411
1311868257.416835 0.8800230 -0.0647864 0.1665175 -0.1304310 -0.1659594 -0.1121062 0.9710187
1311868257.985217 0.9560488 -0.1572001 0.2017762 -0.1206467 -0.2086357 -0.1567484 0.9577815
1311868258.449148 0.9599270 -0.2612609 0.2800910 -0.1458760 -0.2387321 -0.1845696 0.9421577
1311868258.685108 0.9480676 -0.3286077 0.3205736 -0.1338454 -0.2374632 -0.1795875 0.9452222
1311868259.350162 0.9717920 -0.4392532 0.4510742 -0.1063216 -0.2846936 -0.2028424 0.9308599
