1403638518.327830 -0.0000611 -0.0001034 0.0002161 -0.0000528 0.0000118 -0.0000157 1.0000000
1403638522.127830 -0.0024855 -0.0056458 -0.0011005 -0.0053352 -0.0046930 -0.0029518 0.9999704
1403638522.177830 -0.0036120 -0.0122709 -0.0035903 -0.0049723 -0.0068642 -0.0014132 0.9999630
1403638522.227829 -0.0041554 -0.0218894 -0.0070296 -0.0016344 -0.0091867 -0.0003192 0.9999564
1403638522.327830 -0.0053485 -0.0504877 -0.0164020 0.0089943 -0.0154873 0.0015656 0.9998384
1403638522.377830 -0.0053166 -0.0694337 -0.0225376 0.0120118 -0.0185346 0.0026418 0.9997526
1403638522.577830 -0.0050158 -0.1561293 -0.0530028 0.0037114 -0.0357701 0.0144735 0.9992483
1403638522.877830 -0.0073845 -0.2993977 -0.0923632 0.0269896 -0.0582385 0.0183710 0.9977687
1403638523.277829 0.0128489 -0.3871709 -0.1240485 0.0460092 -0.0544989 0.0231594 0.9971843
1403638523.827830 0.0458318 -0.1024560 -0.0378447 0.0033664 -0.0405046 -0.0028836 0.9991695
1403638523.927830 0.0505821 -0.1074147 -0.0393899 0.0019124 -0.0367146 -0.0107303 0.9992663
1403638524.027829 0.0530502 -0.0807189 -0.0360757 -0.0005753 -0.0336177 -0.0220908 0.9991904
1403638524.127830 0.0536745 -0.0783398 -0.0398919 -0.0088332 -0.0346877 -0.0305667 0.9988916
1403638524.427830 0.0564904 -0.2101392 -0.0879201 -0.0052322 -0.0515656 -0.0180107 0.9984935
1403638524.677830 0.0554790 -0.3538135 -0.1257179 0.0285754 -0.0479272 -0.0109533 0.9983819
1403638525.027829 0.0438884 -0.4288274 -0.1381492 0.0428791 -0.0368047 -0.0128540 0.9983194
1403638525.577830 0.0388392 -0.2019666 -0.0531854 -0.0124463 -0.0571131 -0.0212215 0.9980645
1403638525.627830 0.0388241 -0.1819843 -0.0465178 -0.0162279 -0.0572299 -0.0195098 0.9980385
1403638525.727829 0.0393966 -0.1487211 -0.0346247 -0.0169628 -0.0535764 -0.0168708 0.9982771
1403638525.777829 0.0392556 -0.1352573 -0.0292741 -0.0144219 -0.0504868 -0.0149984 0.9985080
1403638525.877830 0.0399301 -0.1149633 -0.0211985 -0.0073346 -0.0420264 -0.0153160 0.9989722
1403638526.177830 0.0973684 -0.1057935 -0.0271413 -0.0115331 -0.0227613 -0.0134352 0.9995841
1403638526.277829 0.1336520 -0.1163309 -0.0354860 -0.0097234 -0.0148200 -0.0076010 0.9998140
1403638526.327830 0.1539206 -0.1220249 -0.0412768 -0.0063462 -0.0115866 -0.0047949 0.9999012
1403638526.477829 0.2218525 -0.1361358 -0.0590782 0.0067061 -0.0005512 0.0069373 0.9999533
1403638526.827830 0.4316818 -0.1377680 -0.1005203 0.0307371 0.0304479 0.0180582 0.9989004
1403638527.077830 0.5823683 -0.1280091 -0.1312108 0.0153437 0.0547576 0.0266867 0.9980251
1403638527.377830 0.6943690 -0.1375092 -0.1456926 0.0196975 0.1055223 0.0385037 0.9934760
1403638529.927830 0.0732528 -0.0815395 0.0076912 -0.0132951 0.0647614 0.0161379 0.9976817
1403638530.077830 0.0701938 -0.0691248 0.0243761 -0.0144005 0.0657095 0.0162170 0.9976031
1403638530.127830 0.0703501 -0.0668096 0.0324030 -0.0164429 0.0669357 0.0176402 0.9974658
1403638530.177830 0.0710377 -0.0651186 0.0407943 -0.0176882 0.0690608 0.0193816 0.9972673
1403638530.427830 0.0793339 -0.0567884 0.0836170 -0.0164397 0.0815790 0.0268288 0.9961701
1403638530.477829 0.0812044 -0.0558857 0.0899916 -0.0166366 0.0821262 0.0288175 0.9960663
1403638530.577830 0.0857228 -0.0538024 0.0998264 -0.0169698 0.0835564 0.0322050 0.9958379
1403638530.677830 0.0892401 -0.0503153 0.1063221 -0.0227734 0.0855632 0.0334462 0.9955108
1403638532.027829 0.0895225 -0.0366180 0.1201959 -0.0093290 0.0847238 0.0294321 0.9959260
1403638535.227829 0.0896181 -0.0366420 0.1201456 -0.0094991 0.0847663 0.0292527 0.9959261
1403638538.527829 0.0896239 -0.0369038 0.1201570 -0.0090910 0.0847658 0.0293810 0.9959261
1403638538.927830 0.0891546 -0.0401351 0.1221493 -0.0020876 0.0837738 0.0284904 0.9960753
1403638539.027829 0.0896000 -0.0443052 0.1264233 0.0061783 0.0851286 0.0282755 0.9959495
1403638539.077830 0.0899265 -0.0473930 0.1291654 0.0125022 0.0860333 0.0288883 0.9957949
1403638539.127830 0.0901791 -0.0515137 0.1321286 0.0177389 0.0858889 0.0297163 0.9957035
1403638540.877830 0.0923802 -0.4389635 0.4329780 0.0151470 -0.0021061 -0.0280640 0.9994891
1403638541.727829 -0.1472137 -0.6630465 0.8138863 0.0242562 -0.0899905 -0.0626726 0.9936727
1403638542.227829 -0.4293328 -0.8879043 0.9690639 0.0183091 -0.1863077 -0.0861546 0.9785354
1403638542.727829 -0.7452552 -1.0075152 1.1471041 0.0505066 -0.2549948 -0.1394975 0.9554932
1403638543.127830 -1.0469948 -1.1367846 1.1818136 0.0229413 -0.2662064 -0.1174681 0.9564565
1403638543.577830 -1.4107300 -1.2215755 1.2244304 0.0204371 -0.2794433 -0.1228867 0.9520466
1403638543.927830 -1.7190081 -1.2651397 1.2567073 0.0264363 -0.3496714 -0.1619100 0.9223970
1403638544.277829 -2.0556798 -1.3614255 1.2649319 0.0199853 -0.3985404 -0.1641306 0.9021237
1403638544.577830 -2.3456855 -1.4112808 1.3032492 0.0222414 -0.4023543 -0.1650500 0.9002082
1403638544.877830 -2.6301427 -1.4824219 1.3400397 0.0255752 -0.4074281 -0.1648277 0.8978753
1403638545.327830 -3.0453146 -1.5193595 1.4354821 0.0275714 -0.4102156 -0.1668465 0.8961725
1403638545.627830 -3.3142066 -1.5038625 1.5040064 0.0256756 -0.4268580 -0.1696302 0.8878956
1403638545.877830 -3.5345221 -1.5300393 1.5411325 0.0230502 -0.4708463 -0.1915431 0.8608622
1403638546.077830 -3.7089622 -1.5705438 1.5577062 0.0257389 -0.5077932 -0.2160046 0.8335620
1403638546.377830 -3.9825463 -1.6124837 1.5892582 0.0220205 -0.5363204 -0.2235060 0.8135850
1403638546.677830 -4.2658844 -1.6264518 1.6315254 0.0207802 -0.5483396 -0.2280000 0.8043058
1403638546.927830 -4.5053988 -1.6696819 1.6505320 0.0238090 -0.5578936 -0.2369533 0.7950101
1403638547.327830 -4.9127827 -1.7010471 1.6650143 0.0319583 -0.5563296 -0.2506627 0.7916086
1403638547.827830 -5.4711556 -1.6252830 1.6613737 0.0239191 -0.5563253 -0.2398015 0.7952517
1403638548.177830 -5.8823385 -1.5682634 1.6421112 0.0206049 -0.5671844 -0.2424011 0.7868411
1403638548.477829 -6.2508492 -1.5789704 1.5661892 0.0178739 -0.6031929 -0.2550903 0.7554917
1403638548.727829 -6.5718651 -1.5944375 1.4969730 0.0180143 -0.6225328 -0.2615935 0.7373583
1403638549.077830 -7.0432358 -1.6218234 1.3957456 0.0168526 -0.6294644 -0.2636107 0.7307529
1403638549.427830 -7.5318999 -1.7240177 1.2616701 0.0139310 -0.6306219 -0.2560865 0.7324901
1403638549.677830 -7.8832922 -1.7879183 1.1808459 0.0153394 -0.6310622 -0.2511087 0.7338049
1403638549.927830 -8.2415581 -1.8528780 1.1044368 0.0135078 -0.6288406 -0.2541939 0.7346853
1403638550.177830 -8.5898685 -1.9639525 1.0264740 0.0100491 -0.6301682 -0.2524782 0.7341947
1403638550.477829 -9.0221481 -2.1199367 0.9277966 0.0101757 -0.6317955 -0.2510524 0.7332827
1403638550.777829 -9.4511309 -2.2487464 0.8622658 0.0131421 -0.6367491 -0.2382233 0.7332309
1403638551.027829 -9.7968988 -2.3333774 0.8458277 0.0300820 -0.6421701 -0.2221870 0.7330386
1403638551.277829 -10.1011829 -2.4290373 0.8414046 0.0284794 -0.6448874 -0.2144200 0.7330301
1403638551.577830 -10.4120865 -2.5633326 0.8811037 0.0117578 -0.6135150 -0.2004398 0.7637309
1403638551.827830 -10.6337738 -2.6632807 0.9726745 0.0044613 -0.5703634 -0.1741297 0.8027107
1403638552.177830 -10.8751221 -2.8425415 1.1615157 0.0212547 -0.5300319 -0.1746372 0.8295277
1403638552.527829 -11.0515471 -3.0686388 1.3759869 0.0260196 -0.5304147 -0.1605373 0.8319922
1403638552.877830 -11.1473789 -3.2425253 1.6511582 0.0321313 -0.5336211 -0.1652834 0.8287928
1403638553.327830 -11.1480236 -3.4231141 2.0601294 0.0515793 -0.5423266 -0.1674785 0.8216888
1403638553.677830 -11.0264702 -3.5995295 2.3459024 0.0704314 -0.5399349 -0.1807906 0.8190387
1403638554.027829 -10.7965078 -3.8096774 2.5465107 0.0579123 -0.5374123 -0.1864823 0.8204014
1403638554.327830 -10.5459433 -3.9451427 2.7075872 0.0378365 -0.5303102 -0.2070378 0.8212642
1403638554.527829 -10.3733368 -4.0107012 2.8056462 0.0314555 -0.5280036 -0.2136374 0.8213293
1403638554.877830 -10.0852480 -4.1289124 2.9675097 0.0244733 -0.5349558 -0.1973696 0.8211386
1403638554.977829 -10.0052214 -4.1702433 3.0152471 0.0246303 -0.5353065 -0.1935137 0.8218228
1403638555.177830 -9.8439283 -4.2394533 3.1184697 0.0237239 -0.5202536 -0.1902375 0.8322158
1403638555.227829 -9.8033314 -4.2556219 3.1420441 0.0232178 -0.5148753 -0.1882261 0.8360235
1403638555.377830 -9.6761093 -4.2906871 3.2317009 0.0252878 -0.5014236 -0.1867702 0.8444239
1403638555.427830 -9.6351013 -4.3037481 3.2580667 0.0257700 -0.4973447 -0.1875661 0.8466423
1403638555.677830 -9.4260416 -4.3582492 3.4164393 0.0262267 -0.4896988 -0.1854159 0.8515446
1403638555.727829 -9.3843994 -4.3708448 3.4459534 0.0253338 -0.4896509 -0.1847228 0.8517498
1403638555.827830 -9.3029747 -4.4059043 3.4968050 0.0242322 -0.4887222 -0.1865317 0.8519210
1403638555.977829 -9.1806479 -4.4697771 3.5747550 0.0254548 -0.4884772 -0.1895221 0.8513656
1403638556.127830 -9.0591764 -4.5409589 3.6533835 0.0222452 -0.4881481 -0.1919218 0.8511066
1403638556.377830 -8.8728094 -4.6423721 3.7922049 0.0074780 -0.4868058 -0.1950388 0.8514248
1403638556.527829 -8.7718725 -4.6925702 3.8843076 -0.0000433 -0.4849700 -0.1982236 0.8517696
1403638556.627830 -8.7087088 -4.7333159 3.9483407 -0.0050456 -0.4865536 -0.1926525 0.8521298
1403638556.777829 -8.6251278 -4.8026023 4.0503225 -0.0004857 -0.4906704 -0.1800978 0.8525298
1403638556.827830 -8.5999546 -4.8300905 4.0856805 0.0015448 -0.4918582 -0.1764596 0.8526049
1403638557.077830 -8.4691858 -4.9826169 4.2807393 0.0072575 -0.4941588 -0.1713751 0.8522822
1403638557.327830 -8.3314085 -5.1065850 4.5139303 0.0125875 -0.4934622 -0.1762677 0.8516257
1403638557.427830 -8.2775469 -5.1516261 4.6145449 0.0158580 -0.4923562 -0.1805605 0.8513119
1403638557.477829 -8.2509661 -5.1771021 4.6670680 0.0187179 -0.4912553 -0.1847328 0.8509945
1403638557.577830 -8.1955900 -5.2331996 4.7629514 0.0230684 -0.4892752 -0.1898825 0.8508950
1403638557.677830 -8.1429176 -5.2937183 4.8599153 0.0252360 -0.4885453 -0.1927107 0.8506169
1403638558.227829 -7.8855114 -5.5700541 5.3647008 0.0019453 -0.4818839 -0.2028091 0.8524392
1403638558.427830 -7.8226366 -5.6721067 5.5512533 -0.0050880 -0.4767050 -0.2132327 0.8527943
1403638558.477829 -7.8095822 -5.7032743 5.5947556 -0.0079592 -0.4751830 -0.2165047 0.8527974
1403638558.627830 -7.7913218 -5.8074284 5.7272234 -0.0120030 -0.4766119 -0.2103658 0.8534889
1403638558.727829 -7.7897606 -5.8882990 5.8160763 -0.0120120 -0.4807607 -0.1979614 0.8541289
1403638558.877830 -7.7975969 -6.0008607 5.9583502 -0.0084366 -0.4823715 -0.1920230 0.8546190
1403638558.977829 -7.8110628 -6.0682721 6.0616374 0.0004666 -0.4829202 -0.1900980 0.8547810
1403638559.077830 -7.8204050 -6.1342092 6.1694126 0.0081593 -0.4833297 -0.1898431 0.8545674
1403638559.277829 -7.8479257 -6.2477365 6.3918376 0.0175737 -0.4832853 -0.1932259 0.8536921
1403638559.577830 -7.9069085 -6.3615184 6.7423019 0.0281091 -0.4817220 -0.2025210 0.8521379
1403638559.977829 -8.0059757 -6.4966526 7.1708112 0.0276139 -0.4797070 -0.1973516 0.8545004
1403638560.127830 -8.0471201 -6.5420914 7.3162131 0.0260829 -0.4590702 -0.1847820 0.8685792
1403638560.377830 -8.1072454 -6.5853944 7.5768881 0.0345035 -0.4036167 -0.1553820 0.9009770
1403638560.427830 -8.1241703 -6.5909486 7.6401997 0.0371606 -0.3911540 -0.1483716 0.9075261
1403638560.577830 -8.1600742 -6.6002960 7.7965937 0.0427459 -0.3538408 -0.1252266 0.9258984
1403638560.777829 -8.1948824 -6.6035929 7.9954796 0.0395447 -0.3091315 -0.0908176 0.9458467
1403638560.827830 -8.1986141 -6.6080327 8.0431890 0.0399250 -0.2978617 -0.0850098 0.9499778
1403638560.877830 -8.2001858 -6.6144972 8.0901241 0.0407008 -0.2873240 -0.0778465 0.9537967
1403638560.927830 -8.1988573 -6.6206779 8.1328621 0.0418015 -0.2764089 -0.0716371 0.9574544
1403638561.077830 -8.1882601 -6.6526752 8.2556696 0.0496238 -0.2433885 -0.0572560 0.9669650
1403638561.127830 -8.1804123 -6.6659551 8.2942934 0.0526982 -0.2330278 -0.0531173 0.9695873
1403638561.527829 -8.0442772 -6.7819247 8.5399952 0.0440339 -0.1878402 -0.0584434 0.9794700
1403638561.827830 -7.9030337 -6.8022032 8.6996326 0.0384730 -0.1841861 -0.0701996 0.9796261
1403638562.127830 -7.7503562 -6.7900004 8.8536692 0.0403799 -0.1594431 -0.0644589 0.9842725
1403638562.377830 -7.6283121 -6.8057160 8.9465847 0.0430441 -0.1317163 -0.0534799 0.9889075
1403638562.627830 -7.4963694 -6.8434644 9.0136366 0.0433768 -0.0872633 -0.0257090 0.9949083
1403638563.177830 -7.1560245 -6.8806753 9.0919046 0.0426245 0.0345386 0.0465151 0.9974099
1403638563.427830 -6.9653425 -6.8441634 9.1130934 0.0649739 0.0650600 0.0581136 0.9940666
1403638563.777829 -6.6556377 -6.7606492 9.0703201 0.0568134 0.0683210 0.0589138 0.9943006
1403638564.177830 -6.2437453 -6.6958690 8.8884592 0.0588248 0.0527893 0.0585738 0.9951493
1403638564.377830 -6.0022912 -6.6398945 8.7683458 0.0647460 0.0473526 0.0491337 0.9955660
1403638564.577830 -5.7512188 -6.5967202 8.6112156 0.0643684 0.0430194 0.0460838 0.9959329
1403638564.827830 -5.4127040 -6.5226750 8.3900127 0.0601183 0.0385931 0.0576170 0.9957794
1403638565.077830 -5.0463471 -6.3628049 8.1697979 0.0606380 0.0370649 0.0629578 0.9954826
1403638565.527829 -4.3227687 -5.9120603 7.7700620 0.0596413 0.0443085 0.0533238 0.9958093
1403638565.627830 -4.1457219 -5.8154302 7.6686959 0.0623728 0.0493774 0.0458722 0.9957747
1403638565.727829 -3.9704297 -5.7255712 7.5606737 0.0604263 0.0559018 0.0341309 0.9960214
1403638565.977829 -3.5410657 -5.5057287 7.2730145 0.0509311 0.0644498 0.0234583 0.9963443
1403638566.177830 -3.2059705 -5.3274202 7.0260296 0.0479655 0.0647153 0.0252793 0.9964297
1403638566.377830 -2.8936601 -5.1046715 6.7979670 0.0473727 0.0647348 0.0234948 0.9965005
1403638566.577830 -2.5982363 -4.8577275 6.5763431 0.0423805 0.0605731 0.0248958 0.9969528
1403638566.827830 -2.2492566 -4.5201616 6.3175273 -0.0015634 0.0561132 0.0224431 0.9981709
1403638567.027829 -1.9748210 -4.2491193 6.1438160 -0.0115198 0.0526533 0.0201787 0.9983425
1403638567.277829 -1.6392747 -3.9328735 5.9754839 0.0375416 0.0550419 0.0127898 0.9976960
1403638567.427830 -1.4465249 -3.7327542 5.8827248 0.0415172 0.0579880 0.0101107 0.9974024
1403638567.577830 -1.2671884 -3.5490947 5.7887778 0.0329157 0.0606118 0.0108289 0.9975598
1403638567.727829 -1.0985379 -3.3826113 5.6849790 0.0243088 0.0646310 0.0091888 0.9975708
1403638568.527829 -0.3666142 -2.7927692 5.1862898 0.0130122 0.0709696 0.0057302 0.9973772
1403638569.027829 -0.0757613 -2.5502198 4.9862127 0.0083311 0.0719352 0.0039760 0.9973666
1403638570.677830 0.1059329 -2.2954361 4.9072633 0.0288917 0.0981866 0.0887339 0.9907830
1403638571.027829 0.1998039 -2.1762590 4.9357963 0.0646834 0.1795001 0.1343345 0.9723940
1403638571.527829 0.4989302 -1.9761559 4.8006415 0.0434487 0.2605625 0.1257502 0.9562459
1403638571.777829 0.6747050 -1.8859009 4.6825895 0.0331865 0.2895837 0.1373457 0.9466658
1403638572.027829 0.8744019 -1.7884089 4.5527158 0.0285593 0.3323050 0.1650779 0.9281740
1403638572.277829 1.1011373 -1.7067474 4.3817883 0.0235598 0.3832081 0.1801596 0.9056153
1403638572.527829 1.3596337 -1.6189208 4.1966019 0.0088298 0.4290826 0.1921611 0.8825442
1403638572.777829 1.6319990 -1.5317019 4.0221758 0.0002267 0.4494801 0.1883514 0.8732075
1403638573.027829 1.9196227 -1.4914442 3.8502638 -0.0098103 0.4513539 0.1845623 0.8729950
1403638573.327830 2.2829835 -1.4460802 3.6905549 -0.0120217 0.4452588 0.1825234 0.8765188
1403638573.527829 2.5400450 -1.4305871 3.6066682 -0.0156840 0.4489790 0.1805950 0.8749614
1403638573.777829 2.8791273 -1.4663616 3.5201521 -0.0172938 0.4598092 0.1782125 0.8697797
1403638573.827830 2.9472306 -1.4774930 3.5049753 -0.0134230 0.4665148 0.1765933 0.8666018
1403638573.927830 3.0882590 -1.4964741 3.4811542 -0.0036009 0.4832696 0.1755391 0.8576850
1403638574.027829 3.2327456 -1.5116559 3.4639950 0.0121814 0.4999192 0.1862369 0.8457235
1403638574.077830 3.3020377 -1.5186366 3.4576299 0.0209071 0.5085518 0.1940877 0.8386107
1403638574.127830 3.3726902 -1.5240258 3.4475472 0.0298187 0.5173343 0.2020061 0.8310654
1403638574.177830 3.4420071 -1.5279496 3.4410610 0.0377989 0.5266464 0.2107898 0.8226680
1403638574.277829 3.5775235 -1.5293446 3.4256990 0.0466845 0.5465233 0.2239713 0.8055865
1403638574.327830 3.6450083 -1.5262870 3.4162090 0.0469371 0.5569595 0.2291098 0.7969327
1403638574.377830 3.7084327 -1.5232149 3.4049973 0.0452797 0.5674445 0.2334709 0.7883196
1403638574.427830 3.7705534 -1.5169470 3.3891602 0.0432217 0.5780212 0.2368173 0.7797056
1403638574.477829 3.8372321 -1.5071361 3.3771031 0.0410583 0.5879073 0.2410841 0.7710757
1403638574.527829 3.8963046 -1.5032772 3.3641779 0.0395864 0.5967224 0.2444972 0.7632670
1403638574.677830 4.0823870 -1.4879363 3.3115969 0.0353938 0.6174860 0.2463584 0.7461674
1403638575.027829 4.4749389 -1.4744966 3.1640065 0.0108264 0.6296816 0.2527719 0.7345000
1403638575.577830 5.0866313 -1.3608468 2.9448004 0.0060495 0.6154487 0.2661746 0.7418473
1403638575.927830 5.5234289 -1.3115686 2.7704690 -0.0167343 0.6127009 0.2555687 0.7476645
1403638576.227829 5.9465446 -1.3462250 2.6205854 -0.0140419 0.6139882 0.2504289 0.7484027
1403638576.577830 6.4739447 -1.3748494 2.4931107 -0.0306444 0.6209766 0.2333364 0.7476651
1403638576.827830 6.8732548 -1.3857707 2.4604123 -0.0242912 0.6254069 0.2215011 0.7478057
1403638577.027829 7.1912994 -1.3923057 2.4763248 -0.0055365 0.6247064 0.2260267 0.7474110
1403638577.177830 7.4239540 -1.4071201 2.4942405 0.0028014 0.6230143 0.2315689 0.7471420
1403638577.327830 7.6534700 -1.4342245 2.5128858 -0.0007588 0.6242878 0.2281525 0.7471350
1403638577.477829 7.8779559 -1.4791811 2.5344381 -0.0102314 0.6275854 0.2183389 0.7472349
1403638577.627830 8.0945587 -1.5281618 2.5672293 -0.0081942 0.6253622 0.2234144 0.7476236
1403638577.777829 8.3075438 -1.5655886 2.6171885 -0.0063592 0.6232783 0.2280517 0.7479814
1403638577.877830 8.4511452 -1.5824479 2.6590245 -0.0060688 0.6227796 0.2281345 0.7483738
1403638578.077830 8.7328663 -1.6283590 2.7480879 -0.0042583 0.6218708 0.2270215 0.7494798
1403638578.427830 9.2134209 -1.7509950 2.9034913 0.0151499 0.6146557 0.2439663 0.7499662
1403638578.477829 9.2804985 -1.7660717 2.9278531 0.0154728 0.6149563 0.2437684 0.7497775
1403638578.677830 9.5461636 -1.8103471 3.0196443 0.0155272 0.6167948 0.2420377 0.7488263
1403638578.777829 9.6726542 -1.8259853 3.0635118 0.0106861 0.6191767 0.2363354 0.7487668
1403638578.977829 9.9281893 -1.8514341 3.1561034 0.0034385 0.6220919 0.2273266 0.7492079
1403638579.327830 10.3509321 -1.9603306 3.3178124 0.0072188 0.6201189 0.2281193 0.7505745
1403638579.977829 11.0692186 -2.0973988 3.6464825 0.0241181 0.5487046 0.1896884 0.8138550
1403638580.477829 11.3983355 -2.1032188 3.9251490 0.0428342 0.3718750 0.1320640 0.9178417
1403638580.927830 11.5804377 -2.0774724 4.0909042 0.0202663 0.2996705 0.1127035 0.9471456
1403638582.377830 12.1038628 -2.4163733 4.3837743 0.0343657 0.3182348 0.1026792 0.9418082
1403638583.727829 11.9636669 -2.9874928 4.4019938 0.0173885 0.3198960 0.1057506 0.9413719
1403638584.227829 11.8298368 -3.1389308 4.4956651 0.0495255 0.3240535 0.0922690 0.9402249
1403638584.827830 11.5067987 -3.2049801 4.5741134 0.0412090 0.3201380 0.0985397 0.9413307
1403638585.427830 11.0506020 -3.2395425 4.5680580 0.0330721 0.3166888 0.1077087 0.9418138
1403638585.877830 10.6926384 -3.2915421 4.5620198 0.0094966 0.3133288 0.1152605 0.9425762
1403638586.927830 9.9147530 -3.4396179 4.6510735 0.0358829 0.3206474 0.1046879 0.9407115
1403638587.427830 9.4824352 -3.4237201 4.7111297 0.0278839 0.3183539 0.1077422 0.9414164
1403638588.027829 8.9570084 -3.3866522 4.7831702 0.0313108 0.3178091 0.1130377 0.9408717
1403638588.527829 8.5117722 -3.3192980 4.8571706 0.0282095 0.3209102 0.1028179 0.9410895
1403638589.027829 8.0328922 -3.3591323 4.8836164 0.0336869 0.3183964 0.1118279 0.9407356
1403638589.527829 7.5504060 -3.3193605 4.9195657 0.0331854 0.3189303 0.1109286 0.9406791
1403638590.077830 7.0164661 -3.3225667 4.8988934 0.0281143 0.3201929 0.1132407 0.9401397
1403638590.727829 6.4046898 -3.2309501 4.8996077 0.0237874 0.3199536 0.1177050 0.9397922
1403638591.377830 5.8576341 -3.2640393 4.8556294 -0.0083404 0.3159865 0.1296950 0.9398203
1403638591.927830 5.5660796 -3.2520375 4.9836230 -0.0085083 0.3147497 0.1348249 0.9395118
1403638592.577830 5.4544559 -3.4938290 5.1864676 0.0261119 0.2623412 0.1155513 0.9576759
1403638593.177830 5.5039086 -3.8109744 5.3158998 0.0020433 0.2317628 0.1011762 0.9674943
1403638593.477829 5.5849385 -3.9874501 5.4123912 0.0206240 0.2444453 0.0767187 0.9664033
1403638593.827830 5.6557097 -4.1687098 5.5534163 0.0388750 0.2499593 0.0722850 0.9647714
1403638594.027829 5.6719928 -4.2515473 5.6155176 0.0550424 0.2360222 0.0752655 0.9672636
1403638594.377830 5.6637502 -4.4126291 5.6761422 0.0416637 0.2251188 0.0644599 0.9713035
1403638594.727829 5.6205068 -4.5822301 5.6834631 0.0433077 0.2180204 0.0701745 0.9724541
1403638595.077830 5.5491109 -4.7109957 5.6762047 0.0364056 0.2183561 0.0756540 0.9722509
1403638595.877830 5.3594632 -4.7521768 5.6759658 0.0306996 0.2229162 0.0684213 0.9719487
1403638596.377830 5.1873541 -4.6844478 5.6939378 0.0209665 0.2399765 0.0202345 0.9703413
1403638596.727829 4.9198294 -4.7461891 5.7119770 0.0165846 0.2478770 -0.0074918 0.9686206
1403638596.977829 4.6100135 -4.8566623 5.7425137 0.0192887 0.2505048 -0.0159418 0.9677919
1403638597.227829 4.2012558 -4.9562550 5.8007231 0.0254514 0.2537752 -0.0186623 0.9667482
1403638597.477829 3.6906245 -5.0358982 5.9029574 0.0387537 0.2492497 0.0012516 0.9676628
1403638597.727829 3.1160910 -5.0883727 6.0294466 0.0524481 0.2431700 0.0207956 0.9683414
1403638597.927830 2.6125257 -5.1096406 6.1238813 0.0442336 0.2392756 -0.0013811 0.9699426
1403638598.177830 1.9710319 -5.1392131 6.1927180 0.0473119 0.2139255 0.0160687 0.9755712
1403638598.377830 1.3865119 -5.1766567 6.2599883 0.0442572 0.1982803 0.0435675 0.9781759
1403638598.577830 0.8188872 -5.1929450 6.3211656 0.0377633 0.1902602 0.0482579 0.9798195
1403638598.727829 0.3987998 -5.1904745 6.3674560 0.0352293 0.1756948 0.0416038 0.9829341
1403638598.877830 -0.0222622 -5.1913986 6.4075575 0.0364510 0.1532668 0.0325003 0.9869774
1403638599.027829 -0.4328290 -5.1925602 6.4462605 0.0361216 0.1260347 0.0220213 0.9911234
1403638599.177830 -0.8350080 -5.2147136 6.4659200 0.0365913 0.0968607 0.0093639 0.9945810
1403638599.377830 -1.3566527 -5.2389054 6.5108275 0.0323368 0.0571166 -0.0079924 0.9978117
1403638600.277829 -3.7667522 -5.3654089 6.7788744 0.0104487 0.0234004 0.0338522 0.9990982
1403638600.377830 -3.9934161 -5.3613954 6.8148751 0.0072294 0.0213991 0.0451459 0.9987250
1403638600.527829 -4.3143482 -5.3665137 6.8697720 0.0037659 0.0204378 0.0539994 0.9983247
1403638600.577830 -4.4112940 -5.3713789 6.8895054 0.0035443 0.0212396 0.0536118 0.9983296
1403638600.627830 -4.5069265 -5.3802428 6.9082036 0.0012476 0.0210609 0.0550601 0.9982601
1403638600.677830 -4.5993214 -5.3913794 6.9266686 0.0004839 0.0204274 0.0576005 0.9981306
1403638600.727829 -4.6881404 -5.4038472 6.9462481 -0.0029239 0.0211767 0.0562874 0.9981858
1403638600.777829 -4.7728033 -5.4192014 6.9659986 -0.0063581 0.0203431 0.0573299 0.9981278
1403638600.877830 -4.9289007 -5.4533286 7.0074821 -0.0127639 0.0242917 0.0437713 0.9986646
1403638600.927830 -5.0034037 -5.4699183 7.0332403 -0.0153107 0.0277100 0.0329193 0.9989565
1403638600.977829 -5.0759850 -5.4881034 7.0600619 -0.0160522 0.0306028 0.0233918 0.9991289
1403638601.027829 -5.1463680 -5.5056868 7.0859442 -0.0169288 0.0326427 0.0161083 0.9991938
1403638601.077830 -5.2160749 -5.5227885 7.1164551 -0.0168620 0.0337287 0.0116673 0.9992207
1403638601.127830 -5.2850771 -5.5381894 7.1488118 -0.0148315 0.0349169 0.0074756 0.9992522
1403638601.277829 -5.4883685 -5.5849795 7.2637768 -0.0029504 0.0407697 -0.0099696 0.9991145
1403638601.377830 -5.6256824 -5.6223650 7.3390203 0.0060914 0.0366107 -0.0119406 0.9992397
1403638601.777829 -6.1383128 -5.8155179 7.6449299 0.0289898 -0.0401012 -0.0399155 0.9979771
1403638601.827830 -6.2022858 -5.8415742 7.6903758 0.0314925 -0.0546666 -0.0468903 0.9969057
1403638601.927830 -6.3318915 -5.9060998 7.7566833 0.0342136 -0.0819843 -0.0618798 0.9941222
1403638602.677830 -7.4622450 -6.2765908 8.1378307 0.1191256 -0.2539983 -0.0639274 0.9577094
1403638602.827830 -7.6301551 -6.3341990 8.1275816 0.1156705 -0.2834329 -0.0802250 0.9486043
1403638604.177830 -8.0444717 -6.2383323 7.4867039 0.0928615 -0.3711576 -0.1641597 0.9092141
1403638605.477829 -7.8910532 -5.7646270 6.1758876 0.0323283 -0.3676375 -0.1762613 0.9125401
1403638605.827830 -7.9080873 -5.6422052 5.8490243 0.0560448 -0.3620172 -0.1916788 0.9105283
1403638606.027829 -7.9469290 -5.5844250 5.6200380 0.0584156 -0.3582174 -0.1979879 0.9105321
1403638606.177830 -7.9969501 -5.5315185 5.4344020 0.0586565 -0.3551188 -0.2024541 0.9107483
1403638606.427830 -8.1094732 -5.3941231 5.1139445 0.0364991 -0.3572604 -0.1918812 0.9133534
1403638606.827830 -8.3533535 -5.1090665 4.6159172 -0.0068794 -0.3844212 -0.1852992 0.9043435
1403638607.127830 -8.6154642 -4.9157348 4.2948432 -0.0123626 -0.4396851 -0.1949334 0.8766557
1403638607.177830 -8.7465849 -4.8710856 4.2211990 -0.0060467 -0.4458129 -0.1968500 0.8731921
1403638607.227829 -8.8006849 -4.8555551 4.1743751 -0.0009763 -0.4532559 -0.1940260 0.8700069
1403638607.327830 -8.8923645 -4.8119683 4.0799165 0.0119113 -0.4647153 -0.1884022 0.8651026
1403638607.527829 -9.0512152 -4.7092524 3.9225030 0.0178254 -0.4770271 -0.1811553 0.8598315
1403638607.727829 -9.2270641 -4.5969281 3.8011308 0.0228057 -0.4791200 -0.1821066 0.8583479
1403638607.877830 -9.3615589 -4.5056033 3.7285447 0.0203896 -0.4788778 -0.1803000 0.8589251
1403638608.277829 -9.6934004 -4.2290936 3.6005473 0.0343463 -0.4745966 -0.1764260 0.8616567
1403638608.477829 -9.8416328 -4.0695529 3.5469441 0.0456243 -0.4736937 -0.1749949 0.8619220
1403638608.627830 -9.9404726 -3.9437482 3.5176177 0.0452731 -0.4740035 -0.1729043 0.8621920
1403638608.727829 -9.9974098 -3.8618877 3.4923415 0.0495796 -0.4759085 -0.1690325 0.8616734
1403638608.827830 -10.0504980 -3.7858946 3.4672227 0.0447154 -0.4754552 -0.1710754 0.8617866
1403638608.927830 -10.0962772 -3.7133887 3.4347126 0.0377925 -0.4747594 -0.1729196 0.8621334
1403638609.027829 -10.1390924 -3.6491246 3.4094980 0.0312525 -0.4755044 -0.1726272 0.8620433
1403638609.077830 -10.1576357 -3.6196420 3.3954098 0.0293472 -0.4752833 -0.1733163 0.8620940
1403638609.277829 -10.2252855 -3.5092561 3.3282824 0.0284935 -0.4790767 -0.1614728 0.8623225
1403638609.327830 -10.2413054 -3.4834154 3.3207760 0.0283079 -0.4793811 -0.1610019 0.8622475
1403638609.427830 -10.2670336 -3.4250016 3.3047056 0.0285806 -0.4781247 -0.1643021 0.8623136
1403638609.527829 -10.2891264 -3.3615224 3.2944303 0.0289124 -0.4763830 -0.1682986 0.8624958
1403638609.577830 -10.2975140 -3.3263834 3.2888360 0.0291164 -0.4754468 -0.1701795 0.8626364
1403638609.627830 -10.3053370 -3.2898180 3.2854943 0.0293111 -0.4753956 -0.1700454 0.8626845
1403638609.727829 -10.3228903 -3.2205122 3.2843788 0.0311233 -0.4742126 -0.1736450 0.8625550
1403638609.827830 -10.3319674 -3.1499693 3.2776561 0.0295411 -0.4744233 -0.1729695 0.8626305
1403638609.977829 -10.3480320 -3.0637646 3.2653866 0.0312569 -0.4743675 -0.1721429 0.8627660
1403638610.077830 -10.3513269 -3.0185719 3.2625325 0.0353170 -0.4760462 -0.1684009 0.8624232
1403638610.227829 -10.3522654 -2.9509885 3.2500758 0.0422236 -0.4767278 -0.1651695 0.8623611
1403638610.327830 -10.3434944 -2.9003611 3.2487445 0.0440820 -0.4772503 -0.1636139 0.8622757
1403638610.427830 -10.3336439 -2.8445287 3.2466569 0.0447723 -0.4774307 -0.1618128 0.8624801
1403638610.577830 -10.3079634 -2.7581003 3.2552063 0.0553258 -0.4783213 -0.1592955 0.8618426
1403638610.727829 -10.2655668 -2.6661379 3.2522881 0.0601777 -0.4796056 -0.1560380 0.8613996
1403638610.877830 -10.2066879 -2.5842385 3.2484512 0.0425599 -0.4789741 -0.1626173 0.8615846
1403638611.027829 -10.1294832 -2.5110862 3.2417412 0.0430560 -0.4810268 -0.1599543 0.8609146
1403638611.427830 -9.8711958 -2.3204641 3.2467508 0.0566144 -0.4779325 -0.1745491 0.8590157
1403638611.627830 -9.7186308 -2.2496173 3.2188418 0.0589043 -0.4697967 -0.1913036 0.8597815
1403638611.927830 -9.4859362 -2.1379197 3.1412079 0.0350283 -0.4738004 -0.1757070 0.8622141
1403638612.127830 -9.3235569 -2.0463243 3.1074169 0.0280527 -0.4749732 -0.1708111 0.8628076
1403638613.477829 -8.1967621 -1.6893474 2.8376245 0.0397475 -0.4615827 -0.1771596 0.8683180
1403638614.377830 -7.3560867 -1.3149529 2.5759945 0.0395723 -0.3705393 -0.1350616 0.9180921
1403638614.927830 -6.7427669 -1.2342696 2.3449285 0.0134267 -0.3080813 -0.0897799 0.9470191
1403638614.977829 -6.6853490 -1.2381542 2.3241889 0.0111651 -0.2966743 -0.0848456 0.9511366
1403638615.127830 -6.6850362 -1.2263339 2.0928481 0.0128005 -0.2432752 -0.0723530 0.9671703
1403638615.227829 -6.4273882 -1.3761536 2.2022870 0.0190603 -0.2197193 -0.0733605 0.9726142
1403638615.277829 -6.1620927 -1.3309963 2.0597267 0.0251415 -0.2039215 -0.0661152 0.9764286
1403638615.327830 -5.9416227 -1.2236974 1.8944178 0.0348662 -0.1866176 -0.0599804 0.9799799
1403638615.377830 -5.8811722 -1.2372632 1.8804226 0.0363539 -0.1702061 -0.0547855 0.9832125
1403638615.527829 -5.6975822 -1.2586325 1.8429183 0.0404452 -0.1226909 -0.0395064 0.9908332
1403638615.627830 -5.5749269 -1.2696608 1.8248495 0.0415897 -0.0982854 -0.0303418 0.9938257
1403638624.427830 0.4698147 -1.5416822 2.7266321 0.0359182 0.2186419 0.0847848 0.9714510
1403638625.477829 0.3057400 -1.0929873 1.7443051 0.0359055 0.1897079 0.0789572 0.9780018
1403638626.577830 0.2387999 -0.6765430 0.7250357 0.0189512 0.1968415 0.0658752 0.9780362
1403638628.227829 0.2204366 -0.2050906 0.0413590 0.0074155 0.1989603 0.0605585 0.9781066
1403638628.427830 0.2027996 -0.1808636 0.0251491 0.0068222 0.1982481 0.0647175 0.9779891
1403638628.977829 0.1657826 -0.1422236 -0.0026317 0.0262258 0.1969131 0.0730570 0.9773434
1403638629.077830 0.1632954 -0.1298862 -0.0086373 0.0241493 0.1989076 0.0676696 0.9773809
1403638629.277829 0.1552669 -0.1141208 -0.0220271 0.0214870 0.1995789 0.0639923 0.9775538
1403638629.377830 0.1488952 -0.1095006 -0.0280710 0.0158170 0.2002503 0.0634136 0.9775624
1403638629.477829 0.1412020 -0.1061484 -0.0327673 0.0078305 0.1997862 0.0657909 0.9775969
1403638629.677830 0.1240987 -0.1099574 -0.0325559 0.0061218 0.1941038 0.0834566 0.9774053
1403638629.727829 0.1213096 -0.1131285 -0.0304934 0.0104955 0.1924129 0.0889497 0.9772180
1403638630.127830 0.1284782 -0.0833116 0.0025694 0.0405139 0.2019887 0.0685382 0.9761463
1403638630.177830 0.1306350 -0.0682739 0.0074865 0.0375577 0.2026104 0.0661721 0.9762990
1403638630.277829 0.1311734 -0.0366741 0.0214919 0.0295432 0.2029168 0.0652180 0.9765749
1403638630.377830 0.1294783 -0.0156093 0.0330586 -0.0039034 0.1990095 0.0697691 0.9775031
1403638630.427830 0.1290946 -0.0259494 0.0278256 0.0134576 0.1944167 0.0792601 0.9776190
1403638630.477829 0.1266095 -0.0358315 0.0321835 0.0281962 0.1986516 0.0668834 0.9773787
1403638630.527829 0.1295249 -0.0422406 0.0463596 0.0288176 0.1992042 0.0657111 0.9773276
1403638630.627830 0.1285463 -0.0391290 0.0647156 0.0299383 0.2000447 0.0660500 0.9770994
1403638630.677830 0.1552130 -0.0379864 0.1013091 -0.0045378 0.1939643 0.0662032 0.9787617
1403638630.727829 0.1716018 -0.0286896 0.1326974 -0.0140141 0.1882054 0.0654834 0.9798440
1403638630.827830 0.1954661 -0.0158232 0.1727698 -0.0081600 0.1912970 0.0654457 0.9793139
1403638630.877830 0.1969569 -0.0143654 0.1777713 -0.0094540 0.1890462 0.0647132 0.9797879
1403638630.927830 0.1969993 -0.0146969 0.1778448 -0.0090002 0.1897241 0.0645464 0.9796721
1403638630.977829 0.1970612 -0.0147176 0.1779523 -0.0091256 0.1894687 0.0653018 0.9796703
1403638631.027829 0.1970100 -0.0145870 0.1779324 -0.0093924 0.1892793 0.0652390 0.9797086
1403638631.277829 0.1971356 -0.0145205 0.1776758 -0.0095789 0.1896041 0.0640801 0.9797205
1403638631.327830 0.1970021 -0.0146500 0.1780140 -0.0090167 0.1892981 0.0652303 0.9797090
1403638631.577830 0.1970472 -0.0145068 0.1779396 -0.0093892 0.1894239 0.0646812 0.9797177
