1311868164.399026 -0.0000056 0.0000289 -0.0000240 -0.0000174 -0.0000383 -0.0000163 1.0000000
1311868164.831006 0.0551455 0.0004213 -0.0374405 0.0058810 -0.0049265 -0.0131154 0.9998845
1311868164.863058 0.0631468 0.0009279 -0.0398445 0.0092881 -0.0042752 -0.0144699 0.9998430
1311868165.063108 0.1165005 0.0027675 -0.0525774 0.0130292 -0.0147742 -0.0188289 0.9996287
1311868166.099206 0.3249674 0.0793617 -0.1556172 -0.0168044 -0.0186022 -0.0241393 0.9993942
1311868167.099303 0.4809909 0.1519744 -0.2498477 -0.0363561 -0.0309860 -0.0390515 0.9980947
1311868168.799362 0.6899930 0.0320256 -0.0945507 -0.0234898 -0.1059609 -0.0636410 0.9920536
1311868169.563501 0.7516822 -0.1193904 0.0393996 0.0244351 -0.2148080 -0.1309108 0.9675344
1311868170.199317 0.8560789 -0.1943011 0.0828637 0.0464328 -0.2567494 -0.1204628 0.9578165
1311868170.999483 1.0068762 -0.1567208 0.0093603 0.0295672 -0.2616271 -0.1328884 0.9555196
1311868171.763455 1.1841078 -0.1411980 0.0484080 0.0200530 -0.3095974 -0.1769027 0.9340518
1311868172.363479 1.3183861 -0.1206863 0.1297501 -0.0180270 -0.3180355 -0.1991547 0.9267501
1311868172.963571 1.3798170 -0.1077156 0.2650093 -0.0759107 -0.2959992 -0.2168410 0.9271473
1311868173.931642 1.4271750 -0.2368889 0.4526659 -0.0633169 -0.3421649 -0.2394452 0.9064106
1311868174.631772 1.5207715 -0.3267619 0.5703782 -0.0377842 -0.4100148 -0.2707932 0.8701329
1311868175.267750 1.4683543 -0.4503369 0.6387566 0.0343723 -0.4264369 -0.2502124 0.8685412
1311868175.767584 1.4356418 -0.5170893 0.7308075 0.0666845 -0.4669456 -0.2010987 0.8585303
1311868176.399921 1.5214566 -0.6071451 0.8951471 0.0682302 -0.5316120 -0.2450890 0.8078766
1311868176.699787 1.5531619 -0.6211056 0.9753135 0.0416424 -0.5386044 -0.2561733 0.8015899
1311868177.199869 1.5379291 -0.6636228 1.0709902 0.0379610 -0.5341473 -0.2703133 0.8001103
1311868177.599732 1.5028640 -0.6918901 1.1553338 0.0255437 -0.5308996 -0.2794941 0.7996100
1311868177.967919 1.5090730 -0.7055586 1.2370121 0.0166168 -0.5542341 -0.3006952 0.7759709
1311868178.199855 1.5382460 -0.7267275 1.2963517 0.0143540 -0.5841354 -0.3254198 0.7434257
1311868178.500102 1.5834068 -0.7327834 1.3515348 0.0063734 -0.6020741 -0.3354751 0.7245154
1311868179.067847 1.7295122 -0.7276457 1.3561834 -0.0090574 -0.6117852 -0.3305934 0.7185714
1311868179.567958 1.8905966 -0.7151989 1.3561029 -0.0297271 -0.5921764 -0.3440894 0.7280425
1311868180.268004 2.0388703 -0.7638876 1.4645594 -0.0477777 -0.6073238 -0.3636431 0.7047260
1311868181.268006 2.1096172 -0.8162697 1.6006978 -0.0609489 -0.6112552 -0.3659649 0.6990865
1311868182.168077 1.8898424 -0.8632794 1.6593677 -0.0567007 -0.6021934 -0.3639362 0.7083068
1311868182.600295 1.7580426 -0.8972991 1.7010154 -0.0497234 -0.6086169 -0.3521487 0.7092984
1311868182.836155 1.6778923 -0.9343668 1.7318504 -0.0299276 -0.6388305 -0.3454105 0.6867980
1311868182.968092 1.6272311 -0.9579185 1.7570963 -0.0208065 -0.6579401 -0.3529783 0.6648971
1311868183.200276 1.5344799 -1.0181873 1.7935891 0.0017635 -0.6831021 -0.3684311 0.6305766
1311868183.436153 1.4559264 -1.0491121 1.8137454 0.0157236 -0.7045162 -0.3831488 0.5971655
1311868183.736414 1.3605189 -1.0778214 1.8332925 -0.0276732 -0.7272691 -0.3765244 0.5731868
1311868183.968498 1.2830994 -1.1020582 1.8322341 -0.0280760 -0.7243552 -0.3858127 0.5706749
1311868184.200464 1.2097355 -1.1262463 1.8316058 -0.0135759 -0.7262488 -0.3670421 0.5810839
1311868184.536326 1.1156421 -1.1450653 1.8554407 -0.0085524 -0.7327996 -0.3608308 0.5768299
1311868184.768456 1.0410682 -1.1691796 1.8801613 -0.0056707 -0.7581081 -0.3601069 0.5436570
1311868184.968436 0.9810239 -1.2064146 1.9001800 0.0086461 -0.7758802 -0.3592381 0.5185394
1311868185.268543 0.8977594 -1.2328132 1.9213655 -0.0170283 0.7907522 0.3625135 -0.4929553
1311868185.436438 0.8560668 -1.2398565 1.9337089 -0.0219417 0.7955193 0.3479822 -0.4955562
1311868185.568460 0.8276438 -1.2425376 1.9377625 0.0364284 -0.7918285 -0.3412052 0.5052322
1311868185.701972 0.8036281 -1.2528218 1.9412810 0.0468896 -0.7941082 -0.3306295 0.5078166
1311868185.836824 0.7829549 -1.2520374 1.9475970 0.0420870 -0.7971704 -0.3166158 0.5123499
1311868185.968391 0.7599875 -1.2485759 1.9578605 0.0349000 -0.8025070 -0.3212387 0.5015677
1311868186.200391 0.7218651 -1.2516606 1.9865105 -0.0320921 0.8149878 0.3370482 -0.4702802
1311868186.600576 0.6876386 -1.2563806 2.0518494 -0.0082117 0.8397041 0.3683386 -0.3989439
1311868186.936400 0.7276767 -1.2638657 2.0961640 -0.0026299 0.8428449 0.3795978 -0.3814591
1311868187.400493 0.8224102 -1.2856656 2.1603794 0.0064484 0.8239223 0.4051465 -0.3961902
1311868188.036686 0.8512477 -1.3262824 2.2977977 0.0034374 0.8264062 0.4148465 -0.3807142
1311868188.236529 0.8317735 -1.3344481 2.3741441 0.0162309 0.8327595 0.4265496 -0.3525672
1311868188.468574 0.8186243 -1.3211467 2.4478631 0.0131214 0.8244857 0.4561227 -0.3346689
1311868188.800670 0.8691584 -1.3340499 2.5152049 0.0383011 0.8241778 0.4666113 -0.3186500
1311868189.036870 0.9383292 -1.3398674 2.5620718 0.0699213 0.8157187 0.4788402 -0.3169008
1311868189.636729 1.0682771 -1.3768523 2.6670923 0.0622215 0.7896149 0.5102992 -0.3350099
1311868190.536577 1.0422800 -1.4796840 2.9034753 0.0653644 0.7853468 0.5042381 -0.3531314
1311868192.970299 0.8437963 -1.5175846 2.8695605 0.0532721 0.7903158 0.4890876 -0.3651799
1311868194.942724 0.6845090 -1.6699202 2.7569485 0.0318669 0.8396583 0.4641187 -0.2802720
1311868195.641375 0.6491946 -1.7126415 2.8701026 0.0196873 0.8351794 0.4586005 -0.3029411
1311868196.208314 0.6745165 -1.7148191 2.9802494 0.0302091 0.8118842 0.4768298 -0.3355069
1311868197.005107 0.7389331 -1.7352090 3.1243186 0.0699203 0.7816955 0.4819340 -0.3896191
1311868197.705186 0.6611428 -1.7740446 3.2915587 0.0642438 0.7841905 0.5229153 -0.3278376
1311868199.205167 0.4488311 -1.7523538 3.3644068 0.0718157 0.7785912 0.5452477 -0.3022304
1311868200.373427 0.2469700 -1.7801460 3.4227109 0.0591208 0.8038613 0.5602930 -0.1907446
1311868202.205344 0.0280055 -1.7937746 3.5133448 0.0556285 0.8015983 0.5786488 -0.1396824
1311868203.505522 -0.1397468 -1.8486077 3.4384494 0.0375995 0.8325269 0.5490401 -0.0635619
1311868204.437659 -0.2991268 -1.9559402 3.2743320 0.0292014 0.8281081 0.5592546 0.0248690
1311868205.573643 -0.4359548 -2.0935841 3.1504111 0.0261236 0.8531692 0.5192749 0.0421127
1311868207.905716 -0.6423194 -1.9668590 3.2345240 -0.0011595 0.8522848 0.5188881 0.0660637
1311868209.073793 -0.7836814 -1.8453810 3.3824379 -0.0010878 0.8239198 0.5633131 0.0619130
1311868211.541927 -1.0291092 -1.6376396 3.3195786 -0.0094294 0.8088007 0.5712378 0.1394271
1311868213.706267 -1.3312014 -1.5781324 3.1979363 -0.0286866 0.8097474 0.5627588 0.1636727
1311868214.974404 -1.4344603 -1.5376315 3.0735579 -0.0088813 0.8043500 0.5347655 0.2587818
1311868216.006524 -1.4498494 -1.5867523 2.9151499 -0.0282227 0.7946364 0.5029714 0.3387865
1311868216.842459 -1.4734929 -1.6465526 2.7736721 -0.0010347 0.8003840 0.4881992 0.3479166
1311868219.210391 -1.5549747 -1.5306602 2.7662981 -0.0003366 0.8136304 0.4524094 0.3651454
1311868219.710785 -1.5980330 -1.4070053 2.8166461 0.0241903 0.7880788 0.4789591 0.3859336
1311868220.542610 -1.6452351 -1.2945459 2.9236362 0.0170214 0.7539489 0.4965906 0.4297316
1311868222.810880 -1.8013079 -1.1978908 2.8675959 -0.0030235 0.7273082 0.5217323 0.4458800
1311868224.775598 -1.9712884 -1.0994552 2.6582665 0.0029050 0.7030064 0.4948704 0.5107610
1311868226.444052 -2.1320460 -1.0162292 2.5099912 -0.0007665 0.6891739 0.4810664 0.5418615
1311868227.110902 -2.1369145 -0.9644201 2.3468425 0.0013748 0.6853015 0.4714265 0.5550829
1311868227.779154 -2.1206174 -0.9169816 2.2127485 0.0163414 0.6624715 0.4560489 0.5940403
1311868228.378967 -2.1694603 -0.8700740 2.1042447 0.0080740 0.6207862 0.4241295 0.6592976
1311868229.249047 -2.2294183 -0.8097013 1.9498509 0.0030810 0.6155947 0.4092213 0.6734772
1311868230.012490 -2.0677409 -0.8658956 1.8209450 -0.0089266 0.5992061 0.4348830 0.6721228
1311868230.414198 -1.9815526 -0.9029058 1.7517937 -0.0130681 0.6011096 0.4424567 0.6653785
1311868230.743239 -1.9107251 -0.9146802 1.6816965 0.0125205 0.6056696 0.4575611 0.6508804
1311868231.115505 -1.8552117 -0.9244692 1.6087499 -0.0108370 0.6161160 0.4326170 0.6581232
1311868231.643249 -1.7668289 -0.9603156 1.5419757 -0.0654105 0.6016636 0.4345202 0.6670191
1311868232.084470 -1.6892565 -1.0259019 1.5233409 -0.0821424 0.5980597 0.4378303 0.6662446
1311868232.943301 -1.5699022 -1.1372548 1.5177109 -0.0725478 0.6114745 0.4361991 0.6561753
1311868234.379573 -1.7517639 -0.9986290 1.4230583 -0.0460505 0.5900242 0.3747487 0.7136625
1311868235.011644 -1.8937063 -0.8938060 1.3617617 -0.0497264 0.5790927 0.3626021 0.7284907
1311868235.511713 -1.9667290 -0.8001209 1.3132057 -0.0402909 0.5779924 0.3721581 0.7251205
1311868235.911551 -1.9794898 -0.7268927 1.2810966 -0.0378526 0.5846837 0.3648217 0.7236140
1311868236.412852 -1.9712251 -0.6401705 1.2345144 -0.0384282 0.5578558 0.3577428 0.7478905
1311868237.047783 -1.9732220 -0.5353624 1.1931278 -0.0088290 0.5291815 0.3538480 0.7711554
1311868237.547675 -1.9877089 -0.4468572 1.1046680 -0.0028953 0.5006176 0.3366670 0.7975143
1311868238.047724 -2.0176058 -0.3519346 0.9856209 -0.0163831 0.4680319 0.3156519 0.8252525
1311868238.747681 -1.9955037 -0.2628903 0.8905196 -0.0242067 0.4552002 0.3189688 0.8309426
1311868239.211956 -1.9368250 -0.2159240 0.8421378 -0.0239604 0.4439304 0.3133555 0.8391424
1311868239.811866 -1.8835642 -0.1518890 0.8013433 -0.0297576 0.3922997 0.3000361 0.8690189
1311868240.279833 -1.8681499 -0.0858356 0.6985186 -0.0359032 0.3563064 0.2786586 0.8911263
1311868240.679815 -1.8804826 -0.0181283 0.6259846 -0.0543571 0.3460853 0.2573609 0.9005752
1311868241.579911 -1.7659346 -0.1184175 0.5514511 -0.0606212 0.3463939 0.2871341 0.8910053
1311868241.947838 -1.6870799 -0.1730226 0.5141609 -0.0585363 0.3348368 0.2617827 0.9032872
1311868242.379943 -1.6339900 -0.2031786 0.4448333 -0.0613224 0.2946654 0.2332085 0.9246760
1311868243.180098 -1.5597658 -0.1639827 0.3954477 -0.0342455 0.2852777 0.2213702 0.9319008
1311868243.611954 -1.5222288 -0.1368579 0.3332287 -0.0330861 0.2628694 0.1881896 0.9457217
1311868244.012101 -1.4689733 -0.0760515 0.2490745 -0.0585190 0.2137196 0.1618016 0.9616235
1311868244.312192 -1.4480286 -0.0227096 0.1999056 -0.0514578 0.1845507 0.1387910 0.9716122
1311868244.680312 -1.4189498 0.0478430 0.1624466 -0.0549873 0.1807716 0.1350793 0.9726518
1311868245.080152 -1.3563049 0.1086184 0.1558661 -0.0716960 0.2005859 0.1407323 0.9668606
1311868245.648241 -1.2355887 0.1550586 0.1239805 -0.0472608 0.1675754 0.1328313 0.9757258
1311868245.980265 -1.1660732 0.2027142 0.0920617 -0.0582082 0.1489008 0.1521759 0.9753373
1311868246.416139 -1.1211050 0.2645616 0.0105868 -0.0795410 0.1288362 0.1295618 0.9799430
1311868247.048425 -1.0808550 0.3363439 -0.0906827 -0.0946983 0.1473564 0.1393092 0.9746339
1311868247.948167 -0.9125578 0.2321700 -0.0369445 -0.0874308 0.1424402 0.1264280 0.9777948
1311868248.380451 -0.8124224 0.1711213 0.0052356 -0.0918200 0.1157965 0.1225671 0.9813957
1311868248.816469 -0.6880571 0.1139076 0.0340933 -0.1152844 0.0802329 0.0812396 0.9867483
1311868248.980371 -0.6424087 0.0986971 0.0377133 -0.1194798 0.0754305 0.0821499 0.9865527
1311868249.080657 -0.6103194 0.0806794 0.0401671 -0.1219420 0.0828969 0.0793092 0.9858845
1311868249.316586 -0.5590648 0.0600596 0.0575402 -0.1248168 0.0854155 0.0781566 0.9854017
1311868249.516272 -0.5355918 0.0318747 0.0769487 -0.1159910 0.0876159 0.0765411 0.9864132
1311868249.880507 -0.4951217 -0.0351772 0.1312690 -0.1105544 0.0930714 0.0755114 0.9866172
1311868250.216361 -0.4736949 -0.1088212 0.1883343 -0.0985075 0.1011808 0.0757456 0.9870772
1311868250.580440 -0.4644976 -0.1777231 0.2346211 -0.0903669 0.0876721 0.0779770 0.9889727
1311868251.816706 -0.3781090 -0.1485666 0.1904547 -0.0705383 0.0764527 0.0474240 0.9934437
1311868252.316579 -0.2580848 -0.1064869 0.1038503 -0.0715478 0.0607350 0.0120333 0.9955136
1311868252.780724 -0.1361100 -0.0292498 0.0349694 -0.0916180 0.0393608 0.0115987 0.9949484
1311868253.348831 -0.0084579 0.0181014 0.0204049 -0.1064110 0.0448273 0.0216446 0.9930754
1311868253.448691 0.0152340 0.0199715 0.0248706 -0.1082799 0.0466398 0.0227488 0.9927652
1311868254.049168 0.1544042 0.0319188 0.0476914 -0.1044259 0.0264510 0.0238968 0.9938936
1311868254.580918 0.3023867 0.0628185 0.0300947 -0.1226673 -0.0383982 -0.0159025 0.9915773
1311868254.816878 0.3677317 0.0844351 0.0164591 -0.1360091 -0.0580278 -0.0275644 0.9886225
1311868255.116728 0.4355862 0.1091656 -0.0011853 -0.1420034 -0.0720591 -0.0287592 0.9868209
1311868255.716862 0.5262176 0.1227286 -0.0062493 -0.1409302 -0.0828524 -0.0305151 0.9860746
1311868256.248884 0.6442337 0.0812379 0.0465423 -0.1453713 -0.0950223 -0.0478902 0.9836384
1311868256.517192 0.7042829 0.0541569 0.0779840 -0.1308013 -0.1023163 -0.0539239 0.9846393
1311868256.848894 0.7751275 0.0160538 0.1161054 -0.1194793 -0.1199606 -0.0580944 0.9838492
1311868257.449069 0.8975405 -0.0667926 0.1689867 -0.1275836 -0.1715219 -0.1135498 0.9702624
1311868257.985217 0.9688101 -0.1564476 0.2022639 -0.1188812 -0.2099907 -0.1563194 0.9577763
1311868258.251845 0.9723464 -0.2091753 0.2408904 -0.1386097 -0.2432090 -0.1711970 0.9446313
1311868258.517262 0.9655048 -0.2766039 0.2915497 -0.1371357 -0.2345605 -0.1899014 0.9434578
1311868258.848932 0.9609803 -0.3607032 0.3515717 -0.1301568 -0.2554606 -0.1700028 0.9428139
1311868259.449140 0.9972000 -0.4674722 0.4733996 -0.1006613 -0.2903820 -0.2129814 0.9274613
1311868259.818043 1.0455052 -0.4935393 0.5293261 -0.0888787 -0.2993742 -0.2279595 0.9222311
