1311868164.363181 -0.0000195 0.0000261 -0.0000116 -0.0000503 -0.0000176 -0.0000260 1.0000000
1311868165.031122 0.1022724 0.0016968 -0.0497068 0.0107575 -0.0106514 -0.0186973 0.9997106
1311868165.231193 0.1735197 0.0088813 -0.0644518 0.0161682 -0.0301119 -0.0320484 0.9989018
1311868165.399160 0.2320787 0.0227138 -0.0705586 0.0087487 -0.0498649 -0.0374398 0.9980156
1311868165.863220 0.3195976 0.0533691 -0.1099386 -0.0093675 -0.0413812 -0.0357218 0.9984607
1311868166.263177 0.3168854 0.1083672 -0.1804346 -0.0333504 -0.0101294 -0.0246409 0.9990886
1311868167.363275 0.5693979 0.1425814 -0.2495793 -0.0329512 -0.0640378 -0.0614745 0.9955071
1311868168.931215 0.6805048 0.0128032 -0.0714503 -0.0241048 -0.1140237 -0.0716121 0.9906005
1311868169.463229 0.7263605 -0.0951841 0.0241222 0.0127981 -0.2007481 -0.1184644 0.9723696
1311868169.863396 0.7887876 -0.1638505 0.0802821 0.0389582 -0.2473369 -0.1443836 0.9573192
1311868170.763453 0.9555432 -0.1576684 0.0212426 0.0249046 -0.2618110 -0.1314111 0.9558064
1311868171.699419 1.1563717 -0.1473045 0.0434515 0.0189160 -0.3069336 -0.1733337 0.9356225
1311868172.363479 1.3078321 -0.1255519 0.1324582 -0.0211623 -0.3183158 -0.1999582 0.9264145
1311868173.067546 1.3713150 -0.1202684 0.2919756 -0.0793529 -0.2937672 -0.2224461 0.9262406
1311868173.931642 1.4150730 -0.2382019 0.4530310 -0.0656075 -0.3421605 -0.2400329 0.9060938
1311868174.467566 1.4988590 -0.3136976 0.5493292 -0.0402270 -0.3962035 -0.2713403 0.8762300
1311868174.967694 1.4992149 -0.3826779 0.6144556 -0.0202650 -0.4209852 -0.2560805 0.8699331
1311868175.267750 1.4560047 -0.4484085 0.6419269 0.0317918 -0.4269386 -0.2494830 0.8686029
1311868175.699784 1.4231133 -0.5087340 0.7203602 0.0582793 -0.4630216 -0.2025364 0.8609260
1311868175.999870 1.4406438 -0.5516055 0.7775941 0.0729419 -0.4944344 -0.2049572 0.8415501
1311868176.199892 1.4696952 -0.5841455 0.8306245 0.0774027 -0.5198266 -0.2297111 0.8191593
1311868176.431678 1.5117128 -0.6056100 0.9041904 0.0617494 -0.5321815 -0.2471221 0.8074036
1311868176.799720 1.5404516 -0.6284821 0.9931226 0.0376252 -0.5399672 -0.2571808 0.8005484
1311868177.567851 1.4888591 -0.6823481 1.1466238 0.0267580 -0.5302979 -0.2763160 0.8010728
1311868178.100039 1.5103936 -0.7086813 1.2663718 0.0087122 -0.5733760 -0.3133177 0.7569650
1311868178.432167 1.5580460 -0.7281899 1.3389304 0.0107636 -0.5952540 -0.3353463 0.7301368
1311868178.867919 1.6465744 -0.7264249 1.3597867 -0.0091532 -0.6148997 -0.3323729 0.7150823
1311868179.300467 1.7954285 -0.7128205 1.3445064 -0.0171549 -0.6042674 -0.3372545 0.7216828
1311868179.832089 1.9358294 -0.7246836 1.3820368 -0.0404536 -0.5848730 -0.3501244 0.7305477
1311868180.668185 2.0789857 -0.7737957 1.5295531 -0.0674902 -0.6206788 -0.3753470 0.6850675
1311868182.500921 1.7731323 -0.8807860 1.6860368 -0.0594432 -0.5999435 -0.3588098 0.7125938
1311868182.868215 1.6529921 -0.9313351 1.7345078 -0.0307571 -0.6429303 -0.3458279 0.6827135
1311868183.136176 1.5457166 -0.9940606 1.7795981 -0.0091711 -0.6752196 -0.3623917 0.6423913
1311868183.436153 1.4437640 -1.0409453 1.8091856 0.0137398 -0.7038184 -0.3829854 0.5981413
1311868183.736414 1.3474829 -1.0694836 1.8288219 -0.0299894 -0.7264994 -0.3762218 0.5742441
1311868183.968498 1.2711958 -1.0934107 1.8284708 -0.0299245 -0.7237257 -0.3855886 0.5715305
1311868184.200464 1.1977676 -1.1179284 1.8279761 -0.0155192 -0.7255535 -0.3670520 0.5818970
1311868184.568437 1.0952104 -1.1372178 1.8560219 -0.0115356 -0.7345991 -0.3586595 0.5758423
1311868184.700710 1.0541148 -1.1478000 1.8687216 -0.0136066 -0.7499784 -0.3583600 0.5558105
1311868184.900445 0.9907262 -1.1866193 1.8909471 0.0029764 -0.7708819 -0.3574359 0.5272303
1311868185.068440 0.9431689 -1.2086012 1.9060321 0.0152299 -0.7800961 -0.3627826 0.5095164
1311868185.300484 0.8770603 -1.2279854 1.9195509 -0.0165903 0.7921106 0.3586582 -0.4936090
1311868185.468575 0.8384518 -1.2316532 1.9340029 -0.0217776 0.7940578 0.3463460 -0.4990414
1311868185.668624 0.7984330 -1.2393874 1.9376136 0.0445515 -0.7933360 -0.3346287 0.5066130
1311868185.836824 0.7723223 -1.2422901 1.9458258 0.0400955 -0.7966539 -0.3164581 0.5134094
1311868185.868447 0.7687944 -1.2399833 1.9481399 0.0366346 -0.7981521 -0.3155318 0.5119089
1311868186.068672 0.7325677 -1.2415216 1.9663711 -0.0334451 0.8063889 0.3273756 -0.4913691
1311868186.237659 0.7059488 -1.2423962 1.9896445 -0.0277627 0.8173442 0.3405751 -0.4638818
1311868186.636497 0.6774995 -1.2480693 2.0555615 -0.0056998 0.8403333 0.3692106 -0.3968514
1311868187.169000 0.7647576 -1.2677596 2.1207511 0.0049418 0.8366531 0.3812913 -0.3931974
1311868187.436706 0.8154417 -1.2765942 2.1624508 0.0069132 0.8211080 0.4057364 -0.4013873
1311868188.000735 0.8438621 -1.3116628 2.2831955 0.0051558 0.8244100 0.4128807 -0.3871061
1311868188.169752 0.8299369 -1.3206270 2.3437541 0.0157400 0.8317096 0.4194598 -0.3634073
1311868188.336811 0.8123345 -1.3164990 2.4120502 0.0114449 0.8297957 0.4406848 -0.3422061
1311868188.468574 0.8075099 -1.3082778 2.4446135 0.0156128 0.8244035 0.4554464 -0.3356840
1311868188.768663 0.8465233 -1.3199358 2.5044026 0.0411228 0.8253547 0.4638667 -0.3192589
1311868189.036870 0.9258588 -1.3280245 2.5589511 0.0727774 0.8156443 0.4782552 -0.3173323
1311868189.400547 1.0212215 -1.3497498 2.6257591 0.0626810 0.7963662 0.5005019 -0.3337211
1311868190.002005 1.0577632 -1.3959965 2.7621448 0.0697953 0.7841995 0.5109088 -0.3451551
1311868191.036646 1.0157905 -1.4946221 2.9681313 0.0732418 0.7853292 0.5017867 -0.3551110
1311868193.238476 0.8127676 -1.5176749 2.8423698 0.0592943 0.8001105 0.4884815 -0.3430644
1311868193.640297 0.7578217 -1.5533966 2.8116770 0.0408807 0.8136657 0.4982688 -0.2966564
1311868194.868966 0.6820462 -1.6525815 2.7515264 0.0346856 0.8384220 0.4658425 -0.2807780
1311868195.669012 0.6391600 -1.6987858 2.8770728 0.0221645 0.8336290 0.4608958 -0.3035564
1311868196.269144 0.6786396 -1.7007790 2.9901226 0.0324642 0.8091108 0.4762179 -0.3427860
1311868197.005107 0.7316341 -1.7216485 3.1192007 0.0704216 0.7810073 0.4823002 -0.3904548
1311868197.905203 0.6356134 -1.7584456 3.3226643 0.0748296 0.7805364 0.5285413 -0.3252807
1311868199.669160 0.3815875 -1.7288302 3.3623984 0.0818469 0.7877538 0.5455487 -0.2740833
1311868200.573293 0.2010063 -1.7765132 3.4465032 0.0580579 0.8019881 0.5682511 -0.1747429
1311868202.305308 0.0072144 -1.7779952 3.5114856 0.0539573 0.7984429 0.5851441 -0.1310874
1311868203.137538 -0.1235539 -1.7985516 3.4992440 0.0411945 0.8155490 0.5671596 -0.1072982
1311868204.137666 -0.2420857 -1.9052861 3.3159423 0.0267654 0.8321138 0.5539560 -0.0017141
1311868204.905660 -0.3712317 -1.9917666 3.2180381 0.0275972 0.8237445 0.5643271 0.0471001
1311868205.573643 -0.4387639 -2.0774789 3.1466980 0.0267103 0.8530039 0.5196280 0.0407135
1311868206.237864 -0.4639925 -2.1244650 3.0908570 0.0260553 0.8766755 0.4801537 0.0146187
1311868207.105726 -0.5033962 -2.0282345 3.1416993 -0.0046423 0.8655524 0.4989699 0.0427377
1311868207.405766 -0.5546798 -2.0033240 3.1777263 0.0024141 0.8604047 0.5048648 0.0693508
1311868207.805764 -0.6314741 -1.9592371 3.2238023 0.0026382 0.8543825 0.5150551 0.0688607
1311868208.237842 -0.6886277 -1.9225982 3.2834578 -0.0142766 0.8469794 0.5276831 0.0630291
1311868208.737756 -0.7621634 -1.8814034 3.3552821 0.0002157 0.8355309 0.5451133 0.0688438
1311868209.441953 -0.8130686 -1.7633047 3.3812428 0.0076965 0.8130980 0.5793267 0.0565066
1311868211.374052 -0.9885918 -1.6292384 3.3193133 -0.0043491 0.8100366 0.5714756 0.1312916
1311868212.142105 -1.1811168 -1.6183840 3.3377135 -0.0117341 0.8021286 0.5790555 0.1454192
1311868213.374390 -1.3114681 -1.5890965 3.2426021 -0.0159378 0.8125830 0.5641916 0.1454051
1311868214.574356 -1.3947314 -1.5394893 3.1224227 -0.0013950 0.8110059 0.5494980 0.2007967
1311868215.342475 -1.4699686 -1.5307592 3.0198364 -0.0280545 0.8009415 0.5224476 0.2911257
1311868215.974271 -1.4560556 -1.5714085 2.9243622 -0.0277613 0.7958658 0.5022202 0.3370486
1311868216.774257 -1.4712191 -1.6307700 2.7886782 -0.0032614 0.7991890 0.4916182 0.3458291
1311868217.307288 -1.4860305 -1.6701845 2.7308686 -0.0032929 0.8140272 0.4748628 0.3344460
1311868218.942390 -1.5283279 -1.5720339 2.7583411 0.0055228 0.8156545 0.4554714 0.3566833
1311868219.410427 -1.5785930 -1.4656928 2.7933671 0.0069788 0.8100603 0.4586357 0.3652490
1311868219.974873 -1.6099261 -1.3613005 2.8512168 0.0314822 0.7823375 0.4755335 0.4010295
1311868220.442609 -1.6403604 -1.2905550 2.9157193 0.0230620 0.7605982 0.4906927 0.4244751
1311868221.174633 -1.7115755 -1.2339220 2.9558594 0.0041989 0.7373094 0.5160837 0.4359070
1311868222.842888 -1.8055581 -1.1851387 2.8679807 -0.0044651 0.7272970 0.5204473 0.4473854
1311868224.374897 -1.9046788 -1.1178987 2.7215753 0.0099345 0.7110597 0.5012177 0.4930276
1311868225.111236 -2.0115228 -1.0694069 2.6143928 -0.0020720 0.7029455 0.4867376 0.5186037
1311868226.277609 -2.1222606 -1.0200524 2.5359609 -0.0052660 0.6868668 0.4768279 0.5484720
1311868226.976309 -2.1381764 -0.9672043 2.3868682 0.0027620 0.6842121 0.4766183 0.5519793
1311868227.411422 -2.1242244 -0.9368086 2.2772286 0.0115279 0.6812953 0.4680246 0.5627227
1311868227.912471 -2.1296725 -0.8982895 2.1977844 0.0135143 0.6530258 0.4482302 0.6102986
1311868228.378967 -2.1732311 -0.8641005 2.1117003 0.0075172 0.6221876 0.4239925 0.6580703
1311868228.979108 -2.2402925 -0.8153608 2.0057280 -0.0083014 0.6119156 0.4088259 0.6770167
1311868229.413148 -2.2132044 -0.8184859 1.9325266 -0.0055837 0.6054066 0.4304521 0.6694496
1311868229.748721 -2.1392403 -0.8292797 1.8729979 -0.0142035 0.6016250 0.4320019 0.6717292
1311868229.982424 -2.0765965 -0.8548518 1.8321199 -0.0093402 0.6006730 0.4347284 0.6709067
1311868230.180570 -2.0321186 -0.8701000 1.8018329 -0.0111133 0.6045830 0.4378764 0.6652970
1311868230.343265 -1.9942814 -0.8896174 1.7685286 -0.0131939 0.6085892 0.4374297 0.6618915
1311868230.543330 -1.9528441 -0.8981777 1.7328860 -0.0023523 0.5937298 0.4661534 0.6558815
1311868230.682847 -1.9264828 -0.9019396 1.7016921 0.0039175 0.6050605 0.4637197 0.6471866
1311868230.884514 -1.9025190 -0.9116514 1.6692485 0.0035811 0.6105388 0.4483894 0.6528220
1311868231.043362 -1.8724028 -0.9119529 1.6336126 -0.0104919 0.6134158 0.4373955 0.6574923
1311868231.284432 -1.8444725 -0.9253899 1.5900791 -0.0386251 0.6122602 0.4332067 0.6602859
1311868231.481615 -1.8051860 -0.9348344 1.5652611 -0.0628277 0.6046982 0.4391394 0.6614751
1311868231.782700 -1.7471917 -0.9729236 1.5410092 -0.0732410 0.6071929 0.4330883 0.6621081
1311868232.043334 -1.6974862 -1.0155933 1.5296553 -0.0811410 0.5999606 0.4382347 0.6643898
1311868232.343193 -1.6434454 -1.0589712 1.5235016 -0.0877548 0.5930647 0.4427697 0.6667295
1311868232.711301 -1.5864580 -1.1105926 1.5176945 -0.0791177 0.6064808 0.4495977 0.6509864
1311868234.411591 -1.7652788 -0.9901141 1.4241658 -0.0464943 0.5904177 0.3719392 0.7147772
1311868235.211489 -1.9357685 -0.8510656 1.3456571 -0.0515448 0.5746600 0.3692388 0.7285408
1311868235.743898 -1.9830163 -0.7516460 1.2946030 -0.0401023 0.5937832 0.3643789 0.7162690
1311868236.243642 -1.9832623 -0.6607243 1.2500221 -0.0270789 0.5638808 0.3663650 0.7396498
1311868236.779605 -1.9703877 -0.5708150 1.2103033 -0.0178119 0.5447338 0.3504773 0.7616519
1311868237.211747 -1.9809768 -0.4933892 1.1784759 0.0020740 0.5201507 0.3526235 0.7778789
1311868237.647688 -1.9957633 -0.4149657 1.0805532 -0.0114764 0.4970888 0.3239029 0.8048962
1311868238.011682 -2.0175419 -0.3538912 0.9930288 -0.0167490 0.4705071 0.3150596 0.8240631
1311868238.647718 -2.0039358 -0.2689140 0.9027575 -0.0176065 0.4511934 0.3184757 0.8334793
1311868239.511807 -1.9093738 -0.1741142 0.8206853 -0.0181858 0.4120201 0.3189461 0.8533359
1311868239.947914 -1.8838811 -0.1311927 0.7819898 -0.0266501 0.3761792 0.2982487 0.8768276
1311868240.311899 -1.8700945 -0.0706924 0.6866620 -0.0396641 0.3541161 0.2742920 0.8931922
1311868240.711873 -1.8798392 -0.0090683 0.6214776 -0.0549091 0.3445958 0.2598856 0.9003878
1311868241.411927 -1.8016219 -0.0726537 0.5561884 -0.0683407 0.3483507 0.2792891 0.8921765
1311868242.047949 -1.6726948 -0.1750694 0.4951160 -0.0577530 0.3237971 0.2552066 0.9092247
1311868242.712253 -1.6012778 -0.1793120 0.4245154 -0.0526406 0.2630588 0.2137640 0.9393263
1311868243.580031 -1.5214958 -0.1361175 0.3412338 -0.0333924 0.2690101 0.1920930 0.9431961
1311868244.080141 -1.4580762 -0.0606224 0.2397696 -0.0580839 0.2048259 0.1589610 0.9640560
1311868244.548269 -1.4242641 0.0298692 0.1785573 -0.0552175 0.1890070 0.1361182 0.9709270
1311868245.212180 -1.3263308 0.1261665 0.1521042 -0.0680851 0.2075206 0.1388278 0.9659330
1311868245.780177 -1.2067523 0.1766776 0.1141669 -0.0492056 0.1680042 0.1516757 0.9728041
1311868246.080289 -1.1528577 0.2214994 0.0768829 -0.0683960 0.1416936 0.1390952 0.9777001
1311868246.716264 -1.1068796 0.3203250 -0.0462233 -0.0934540 0.1324656 0.1334837 0.9777021
1311868248.148302 -0.8715540 0.2135016 -0.0170090 -0.0835688 0.1281400 0.1271371 0.9800166
1311868249.048258 -0.6217023 0.0943081 0.0408948 -0.1205906 0.0812524 0.0781106 0.9862833
1311868249.748334 -0.5112263 -0.0029566 0.1062669 -0.1140069 0.0879234 0.0748059 0.9867502
1311868250.080466 -0.4872575 -0.0694362 0.1646116 -0.1008439 0.1037397 0.0743431 0.9866822
1311868250.880463 -0.4621324 -0.2166858 0.2512962 -0.0777956 0.0843300 0.0723381 0.9907591
1311868252.416673 -0.2353684 -0.0891757 0.0855296 -0.0763862 0.0567464 0.0033464 0.9954566
1311868253.116735 -0.0636906 0.0097569 0.0162516 -0.0982858 0.0351876 0.0212307 0.9943093
1311868255.016920 0.4085501 0.1014521 0.0056242 -0.1441394 -0.0669079 -0.0297524 0.9868444
1311868256.616929 0.7165650 0.0415202 0.0903510 -0.1277552 -0.1052166 -0.0532252 0.9847716
1311868257.549492 0.9062714 -0.0855081 0.1774717 -0.1269955 -0.1793754 -0.1219341 0.9678991
1311868258.016837 0.9578776 -0.1665650 0.2085463 -0.1277583 -0.2148517 -0.1579298 0.9552878
1311868258.449148 0.9553953 -0.2586488 0.2817650 -0.1456265 -0.2374313 -0.1856266 0.9423174
1311868258.685108 0.9494628 -0.3219006 0.3279402 -0.1326084 -0.2388395 -0.1783367 0.9452866
1311868259.316960 0.9680709 -0.4360568 0.4472614 -0.1070106 -0.2821871 -0.2010105 0.9319410
1311868260.149117 1.0577348 -0.4881364 0.5466272 -0.0876666 -0.3047531 -0.2276279 0.9206659
