1.317354641184519529e+09 -5.551114999999999755e-17 0.000000000000000000e+00 2.220445999999999902e-16 0.000000000000000000e+00 0.000000000000000000e+00 0.000000000000000000e+00 1.000000000000000000e+00
1.317354641294511795e+09 1.289128000000000062e-03 -1.821615999999999860e-02 1.310643000000000002e+00 -6.628702209195374119e-04 -1.047590825317902443e-04 4.518288688445607350e-04 9.999996727395854546e-01
1.317354641394494534e+09 4.448325999999999734e-04 -4.203318000000000332e-02 2.625299000000000049e+00 -9.300872675355461401e-04 -2.761446996322597641e-04 8.234311686707294128e-04 9.999991903211176147e-01
1.317354641494875908e+09 2.037581000000000114e-03 -6.302800999999999543e-02 3.941730000000000178e+00 -2.687194463182981832e-04 -3.651518682849685298e-04 1.706827942129238943e-03 9.999984405949585708e-01
1.317354641604481459e+09 2.777892000000000122e-03 -8.483760999999999386e-02 5.261016999999999832e+00 -4.076433574278279085e-04 -3.209597896164514898e-04 1.817808287884066379e-03 9.999982131907715344e-01
1.317354641704506874e+09 4.157927999999999971e-03 -1.014677999999999969e-01 6.581637999999999877e+00 -8.208986625468191927e-04 -2.565013866121492120e-04 1.962824766627236251e-03 9.999977038230438708e-01
1.317354641814532995e+09 7.571022000000000168e-03 -1.165873999999999938e-01 7.908775000000000333e+00 -1.347796606865461809e-03 -2.047845852995783180e-04 2.752315457442944605e-03 9.999952831224769856e-01
1.317354641914494276e+09 8.323818000000000189e-03 -1.328034999999999910e-01 9.238962000000000785e+00 -1.792290259642506049e-03 -2.941342710603207138e-04 2.592816506754834667e-03 9.999949892290554976e-01
1.317354642024698019e+09 7.728338999999999868e-03 -1.497649000000000064e-01 1.056963000000000008e+01 -9.345467561906051083e-04 -4.280724979670643836e-04 2.315842973101342808e-03 9.999967901186588293e-01
1.317354642124492407e+09 6.780918000000000362e-03 -1.634547000000000083e-01 1.190426000000000073e+01 3.916548307818307141e-04 -4.804248744034920701e-04 9.502161209708995682e-04 9.999993564436712168e-01
1.317354642224508762e+09 3.419394999999999987e-03 -1.767479999999999885e-01 1.324207999999999963e+01 8.627266361012635339e-04 -3.102677532029259489e-04 -7.720623178239685407e-04 9.999992816779669225e-01
1.317354642334495068e+09 -1.862181999999999987e-03 -1.959201999999999888e-01 1.458047999999999966e+01 7.900938295041929401e-04 -2.636749870389636205e-04 -1.981490084436557820e-03 9.999976899594753554e-01
1.317354642434482098e+09 -5.851755000000000151e-03 -2.177601999999999871e-01 1.593065999999999960e+01 4.369435695386992093e-04 -1.923385855467458160e-04 -2.594999793593214758e-03 9.999965190250700298e-01
1.317354642544550657e+09 -4.267715000000000050e-03 -2.364140000000000130e-01 1.728221999999999881e+01 -8.845523768631531353e-04 1.305995770287154734e-05 -1.496559068490921438e-03 9.999984888526005644e-01
1.317354642644533634e+09 4.827890000000000154e-04 -2.537475000000000147e-01 1.863468999999999909e+01 -1.999054691157579628e-03 1.271438390576801593e-04 4.494396395819805754e-04 9.999978928071782125e-01
1.317354642754615307e+09 5.006085999999999869e-03 -2.699100999999999861e-01 1.998669999999999902e+01 -9.157306609690574976e-04 -1.813017233223899847e-05 1.819341007863399095e-03 9.999979255513237186e-01
1.317354642854474783e+09 4.134686000000000264e-03 -2.931092000000000142e-01 2.134127000000000152e+01 2.766663527494575298e-04 -1.167264365442212431e-04 2.559607517191760107e-03 9.999966791144989653e-01
1.317354642954666853e+09 -7.654744999999999909e-04 -3.222297000000000078e-01 2.270574999999999832e+01 1.033704112763598245e-03 2.116583748083704689e-04 1.424608206885805530e-03 9.999984285727636646e-01
1.317354643064553738e+09 -7.369324000000000013e-03 -3.468119000000000063e-01 2.407209999999999894e+01 3.829925085992613612e-04 6.227399320944638703e-04 -7.100416945722655751e-05 9.999997302350255302e-01
1.317354643164463282e+09 -9.719264000000000028e-03 -3.687424000000000257e-01 2.544867999999999952e+01 -2.714333991400800627e-03 9.690707601513895778e-04 -7.229506900328276251e-04 9.999955853078275059e-01
1.317354643274466753e+09 -5.061180999999999666e-03 -3.871398999999999813e-01 2.682029999999999959e+01 -2.732037719648009681e-03 1.186051172079571978e-03 5.222076556897595504e-04 9.999954282653895632e-01
1.317354643374607801e+09 1.962273000000000055e-03 -4.099384999999999835e-01 2.819472000000000023e+01 -1.941348065434803701e-03 9.808420516510148440e-04 2.667615516895087847e-03 9.999940764544621441e-01
1.317354643474592209e+09 5.281593000000000225e-03 -4.328976999999999964e-01 2.957011999999999929e+01 -6.556503517021531040e-04 9.943958248406945758e-04 2.965978260534122245e-03 9.999948921232141297e-01
1.317354643584435940e+09 7.939023999999999387e-03 -4.591179000000000232e-01 3.094983999999999824e+01 4.914302526304403871e-04 1.196836403644005974e-03 3.089250293367367273e-03 9.999943912900484122e-01
1.317354643684447050e+09 6.827075999999999631e-03 -4.850132999999999805e-01 3.233530999999999977e+01 6.951310162844886054e-04 1.585645230044363226e-03 1.433237361974908997e-03 9.999974741731798566e-01
1.317354643794451952e+09 8.305167000000000452e-03 -5.122366999999999893e-01 3.371779999999999688e+01 1.751469299441675955e-03 1.783238391722615206e-03 9.614289514662968748e-04 9.999964140288217784e-01
1.317354643894447803e+09 1.017340000000000085e-02 -5.431160000000000432e-01 3.511082999999999998e+01 1.982452225098723080e-03 1.748200575862619626e-03 5.141921062999559380e-04 9.999963746356285155e-01
1.317354644004559994e+09 1.211940000000000066e-02 -5.746232999999999480e-01 3.650789000000000328e+01 8.304398683049124368e-04 1.704086046331473869e-03 4.795644391645383173e-04 9.999980882373323832e-01
1.317354644104450464e+09 1.511477999999999954e-02 -5.999006000000000061e-01 3.790588999999999942e+01 3.036809682597887326e-05 1.493070718812867072e-03 9.452380626954753494e-05 9.999988804408020959e-01
1.317354644204504728e+09 1.696850999999999915e-02 -6.238525999999999794e-01 3.930156000000000205e+01 1.876133172435101018e-04 1.481574064423231332e-03 -1.256992656643859691e-03 9.999980948526834279e-01
1.317354644314455986e+09 1.942949000000000065e-02 -6.437119999999999509e-01 4.070436999999999728e+01 2.767350787523929659e-04 1.551410672953333495e-03 -2.525357717689156577e-03 9.999955695456945737e-01
1.317354644414449453e+09 1.916344000000000034e-02 -6.707246000000000041e-01 4.211099999999999710e+01 1.956541962498977826e-05 1.555605701729138174e-03 -3.601823592488655017e-03 9.999923032578316162e-01
1.317354644524631977e+09 2.134430999999999828e-02 -6.941319999999999713e-01 4.351858000000000004e+01 -1.201750149901158183e-04 1.421324941103501837e-03 -4.154366816904652045e-03 9.999903532683344087e-01
1.317354644624450684e+09 2.622363999999999945e-02 -7.178581000000000545e-01 4.492820999999999998e+01 8.714868744472488340e-05 1.206454586985258176e-03 -3.629779948677169452e-03 9.999926807581943633e-01
1.317354644724425793e+09 3.086035999999999987e-02 -7.390250000000000430e-01 4.634127000000000152e+01 4.009702298498269476e-04 8.617593206273703845e-04 -3.212792040469693907e-03 9.999943872647748533e-01
1.317354644834451437e+09 3.408031000000000255e-02 -7.610314999999999719e-01 4.775704000000000349e+01 3.188650081339789951e-05 3.809035784671756719e-04 -2.900085107821892636e-03 9.999957216918893277e-01
1.317354644934414625e+09 3.359220999999999735e-02 -7.839855999999999492e-01 4.917963000000000306e+01 -3.959616683229373146e-04 -1.217882086316798780e-04 -3.005248625059287176e-03 9.999953984207583524e-01
1.317354645044514894e+09 3.175531999999999661e-02 -8.056349999999999900e-01 5.060217999999999705e+01 -5.242300929120285351e-04 -6.536550722389525064e-04 -3.324132026782319893e-03 9.999941240147985910e-01
1.317354645144418955e+09 2.895794999999999966e-02 -8.265407999999999644e-01 5.202830999999999761e+01 -3.328820912615745799e-04 -1.240852852696201162e-03 -3.318734086801204079e-03 9.999936677188371315e-01
1.317354645244387865e+09 2.536976999999999982e-02 -8.453836000000000128e-01 5.345716000000000179e+01 -9.708862710107170292e-04 -1.797504320055048769e-03 -3.439670823406835911e-03 9.999919974793274324e-01
1.317354645354372740e+09 2.082938000000000150e-02 -8.668316000000000354e-01 5.488463999999999743e+01 -1.454524285063369402e-03 -2.197712137174908254e-03 -2.745369326659368066e-03 9.999927586576448091e-01
1.317354645454485178e+09 1.680869999999999934e-02 -8.868800000000000017e-01 5.631660000000000110e+01 -1.411498176917711130e-03 -2.517124614636856526e-03 -1.998017034070192783e-03 9.999938398232777192e-01
1.317354645564594269e+09 1.322910000000000058e-02 -9.072441999999999451e-01 5.774549999999999983e+01 -1.196008085971424998e-03 -2.828260088354327302e-03 -8.563101479561295451e-04 9.999949186083205710e-01
1.317354645664424181e+09 1.007535000000000028e-02 -9.249469000000000163e-01 5.917365000000000208e+01 -1.416684248752990948e-03 -2.865659148429702992e-03 -1.834110191407847378e-04 9.999948736687518380e-01
1.317354645774403095e+09 6.524254999999999638e-03 -9.446035000000000403e-01 6.060318000000000183e+01 -1.737149900609378638e-03 -2.649673817847598631e-03 4.228503852257870389e-04 9.999948913551675034e-01
1.317354645874578238e+09 2.764210000000000018e-03 -9.647483999999999504e-01 6.202794999999999703e+01 -2.053400187319873085e-03 -2.457060635007930413e-03 9.344459475373040466e-04 9.999944365902631027e-01
1.317354645974638224e+09 -1.308242999999999949e-03 -9.878099999999999659e-01 6.345197999999999894e+01 -1.838834054703350918e-03 -2.240913992973530416e-03 1.900406961331977881e-03 9.999939927055445654e-01
1.317354646084434986e+09 -2.873604000000000089e-03 -1.008175000000000043e+00 6.487187000000000126e+01 -1.415775743961699947e-03 -2.000358965819033080e-03 2.650947745650106616e-03 9.999934832883163871e-01
1.317354646184411526e+09 -5.953934000000000136e-03 -1.029700000000000060e+00 6.628940000000000055e+01 -1.130247428327555955e-03 -1.676854441461909755e-03 2.612141788704378399e-03 9.999945436927188958e-01
1.317354646294415951e+09 -1.002030999999999929e-02 -1.050202999999999998e+00 6.770310999999999524e+01 -1.160276230849355706e-03 -1.274549286958964875e-03 1.742715243357615676e-03 9.999969961088701620e-01
1.317354646394398451e+09 -1.936440000000000036e-02 -1.076074999999999893e+00 6.911593000000000586e+01 -1.825555382222620714e-03 -1.033793302712192851e-03 3.259560548008519202e-04 9.999977461832622039e-01
1.317354646494572639e+09 -2.702275000000000163e-02 -1.097831000000000001e+00 7.053000000000000114e+01 -2.479488125749624867e-03 -6.477198595212880702e-04 -1.504833401698070115e-03 9.999955840272753971e-01
1.317354646604463816e+09 -3.513441999999999954e-02 -1.118230999999999975e+00 7.193977999999999895e+01 -2.754526864028696009e-03 -2.735437836000559429e-04 -3.329244522296916520e-03 9.999906268993046243e-01
1.317354646704382658e+09 -4.214650000000000341e-02 -1.135987000000000080e+00 7.333986000000000161e+01 -2.556753438781195556e-03 5.368619074248894289e-05 -5.575977568033092108e-03 9.999811841248849031e-01
1.317354646814388514e+09 -4.677589000000000052e-02 -1.153310999999999975e+00 7.474245000000000516e+01 -2.313495814596968052e-03 4.087253212670685317e-04 -7.109601718757601295e-03 9.999719667291320224e-01
1.317354646914357901e+09 -5.327678000000000275e-02 -1.177226000000000106e+00 7.614449999999999363e+01 -2.178505755457806840e-03 7.546752622804875918e-04 -8.184930912098717717e-03 9.999638450883542307e-01
1.317354647014477491e+09 -5.458510999999999919e-02 -1.197942000000000062e+00 7.754079000000000121e+01 -2.243938375538812296e-03 9.231726946275687793e-04 -8.321215319676021627e-03 9.999624342285795553e-01
1.317354647124385595e+09 -5.287324999999999664e-02 -1.218034999999999979e+00 7.893496000000000379e+01 -2.325590179581323545e-03 1.002372443727293479e-03 -7.703545769804138847e-03 9.999671205906587312e-01
1.317354647224361420e+09 -4.954250000000000320e-02 -1.236655000000000060e+00 8.032545000000000357e+01 -1.849233958400641007e-03 9.665441169054488166e-04 -7.120133866051107409e-03 9.999724745311580065e-01
1.317354647334371328e+09 -4.883211999999999969e-02 -1.258286999999999933e+00 8.171094999999999686e+01 -1.785982803776900267e-03 8.265786437076078465e-04 -6.746579068184530882e-03 9.999753050471033022e-01
1.317354647434383392e+09 -4.838806999999999831e-02 -1.278675999999999924e+00 8.309721000000000402e+01 -1.921457542420755994e-03 7.112435236265849834e-04 -6.768616581041947931e-03 9.999749936689126262e-01
1.317354647544408083e+09 -5.269072999999999812e-02 -1.300030999999999937e+00 8.448367000000000360e+01 -1.661843502949136202e-03 4.434072453764888134e-04 -6.540937256769695923e-03 9.999771286414450566e-01
1.317354647644361019e+09 -6.072004000000000290e-02 -1.320244999999999891e+00 8.586562000000000694e+01 -1.841190738436116001e-03 8.115697501760314779e-05 -6.717705811951824382e-03 9.999757376350857374e-01
1.317354647744381428e+09 -7.518041999999999780e-02 -1.343695000000000084e+00 8.725015000000000498e+01 -2.196160256306384922e-03 -3.870668268165359562e-04 -6.526350483768852441e-03 9.999762166215571124e-01
1.317354647854412317e+09 -8.437619999999999842e-02 -1.362981999999999916e+00 8.862909000000000503e+01 -2.724135898680132405e-03 -9.538872285739653616e-04 -5.462824455588989082e-03 9.999809131837105181e-01
1.317354647954573631e+09 -9.813228999999999702e-02 -1.382640000000000091e+00 9.000633999999999446e+01 -3.081304341798744677e-03 -1.556876754504002685e-03 -4.390637352418573676e-03 9.999844018793314637e-01
1.317354648064433098e+09 -1.110474999999999934e-01 -1.399780999999999942e+00 9.137524000000000513e+01 -3.164763118315298655e-03 -1.866588583780903147e-03 -3.395765459090181043e-03 9.999874843708852490e-01
1.317354648164424181e+09 -1.283351000000000075e-01 -1.418058999999999958e+00 9.274128000000000327e+01 -2.826078460118432601e-03 -2.102179916449357835e-03 -2.748962636461635325e-03 9.999900186124658363e-01
1.317354648264321804e+09 -1.454602999999999868e-01 -1.435964000000000018e+00 9.410339000000000453e+01 -2.567232482687040965e-03 -2.239746280799475176e-03 -2.135375955968214865e-03 9.999919164790804782e-01
1.317354648374516487e+09 -1.697047999999999890e-01 -1.456190000000000095e+00 9.546075999999999340e+01 -2.375661518107854194e-03 -2.308260364288250953e-03 -2.465265073557103021e-03 9.999914752809443419e-01
1.317354648474440336e+09 -1.913409000000000082e-01 -1.476212999999999997e+00 9.681382000000000687e+01 -2.029916011123628159e-03 -2.248521799203478423e-03 -2.364741056205540721e-03 9.999926157679580596e-01
1.317354648584370136e+09 -2.120314000000000088e-01 -1.496477999999999975e+00 9.816545000000000698e+01 -1.691906809165007316e-03 -2.127760513754805433e-03 -2.727435925255058610e-03 9.999925855624226534e-01
1.317354648684354782e+09 -2.344055999999999917e-01 -1.517682999999999893e+00 9.951512999999999920e+01 -1.755612969290334556e-03 -1.944685451758183196e-03 -3.527040315522791871e-03 9.999903479575230625e-01
1.317354648784332752e+09 -2.485715000000000008e-01 -1.534999000000000002e+00 1.008602999999999952e+02 -2.443245622287965220e-03 -1.822812098733869431e-03 -3.760220727129228238e-03 9.999882842548529771e-01
1.317354648894330740e+09 -2.694020999999999777e-01 -1.556017999999999901e+00 1.022053999999999974e+02 -3.222173179376595226e-03 -1.743391876718063983e-03 -4.411361063942690480e-03 9.999835589040098061e-01
1.317354648994545221e+09 -2.867601000000000178e-01 -1.575247000000000064e+00 1.035459000000000032e+02 -2.567891625710759778e-03 -1.717316230947664186e-03 -4.146773005528611722e-03 9.999866304262283734e-01
1.317354649104343414e+09 -3.053255999999999748e-01 -1.596046000000000076e+00 1.048845000000000027e+02 -1.246721869621021141e-03 -1.674212871950506165e-03 -4.084891812976182250e-03 9.999894781220026729e-01
1.317354649204333067e+09 -3.153954999999999953e-01 -1.613299000000000039e+00 1.062207999999999970e+02 -6.587571337714375527e-04 -1.696206911777498787e-03 -3.815554175859124653e-03 9.999910651938257455e-01
1.317354649314336061e+09 -3.343086000000000113e-01 -1.638432000000000111e+00 1.075652999999999935e+02 -1.312952831301133876e-03 -1.623144914483986992e-03 -2.750349681715489637e-03 9.999940385482692928e-01
1.317354649414358616e+09 -3.508130999999999888e-01 -1.661275000000000057e+00 1.089064000000000050e+02 -2.370338926514127184e-03 -1.316664466332425742e-03 -1.567939490108414971e-03 9.999950947148750213e-01
1.317354649514365673e+09 -3.737761000000000000e-01 -1.686738999999999988e+00 1.102446000000000055e+02 -2.702605935528741565e-03 -8.568669720753002098e-04 -7.784201144722944273e-04 9.999956778717969952e-01
1.317354649624320030e+09 -3.943149000000000237e-01 -1.710102000000000011e+00 1.115765999999999991e+02 -1.980069480999748811e-03 -5.007625550704880276e-04 -3.370916479629121418e-04 9.999978574631719352e-01
1.317354649724388599e+09 -4.137128999999999945e-01 -1.733997000000000011e+00 1.129050000000000011e+02 -7.781999299181231169e-04 -1.678815721457259933e-04 -1.290471029508167677e-03 9.999988504519238264e-01
1.317354649834326506e+09 -4.219683000000000184e-01 -1.753986000000000045e+00 1.142286000000000001e+02 3.219389460888482887e-04 3.748718752853888014e-04 -2.266220560433643717e-03 9.999973100317639529e-01
1.317354649934333801e+09 -4.295899000000000245e-01 -1.775004000000000026e+00 1.155601000000000056e+02 4.336162151606718891e-04 1.082290481376567155e-03 -3.784659402148918446e-03 9.999921584580058198e-01
1.317354650034590960e+09 -4.334779000000000271e-01 -1.794229999999999992e+00 1.168930000000000007e+02 -6.541363339972374596e-04 1.795550414838297752e-03 -4.499591040675979779e-03 9.999880508210239327e-01
1.317354650144336462e+09 -4.334150999999999976e-01 -1.811793999999999905e+00 1.182274000000000029e+02 -1.874171742652900761e-03 2.325174065042237385e-03 -4.544369567504058863e-03 9.999852147662384727e-01
1.317354650244319677e+09 -4.306136999999999881e-01 -1.825846999999999998e+00 1.195613000000000028e+02 -2.223373581010080601e-03 2.715815177085435621e-03 -4.045036033970096818e-03 9.999856592178347769e-01
1.317354650354498386e+09 -4.334145999999999832e-01 -1.846322000000000019e+00 1.209044999999999987e+02 -1.848391810459847464e-03 3.226574050898400794e-03 -4.299614964968420487e-03 9.999838428588544437e-01
1.317354650454494715e+09 -4.472932000000000019e-01 -1.880929000000000073e+00 1.222683999999999997e+02 -1.611804424538154515e-03 3.846357140037674500e-03 -5.181469677398905377e-03 9.999778797529622620e-01
1.317354650554461241e+09 -4.560743999999999909e-01 -1.910029999999999895e+00 1.236242000000000019e+02 -1.426057280873343353e-03 4.416155649639294349e-03 -6.196603308051699781e-03 9.999700325696527781e-01
1.317354650664276361e+09 -4.622549000000000241e-01 -1.940325000000000077e+00 1.249835000000000065e+02 -8.909598858286342732e-04 4.975873974227911466e-03 -6.573300868242842876e-03 9.999656187011480846e-01
1.317354650764440060e+09 -4.641329000000000149e-01 -1.966294999999999904e+00 1.263371000000000066e+02 -6.092573356959913883e-04 5.521357452492844584e-03 -7.119660040950599560e-03 9.999592260978854563e-01
1.317354650874408960e+09 -4.708494999999999764e-01 -2.006025999999999865e+00 1.276924999999999955e+02 -4.738967250440253242e-04 5.975836567317675471e-03 -6.700508453826877105e-03 9.999595831760774711e-01
1.317354650974370718e+09 -4.718093999999999899e-01 -2.038342999999999794e+00 1.290495999999999981e+02 -8.658057972046737842e-04 6.359662868350816033e-03 -6.438048587710045595e-03 9.999586774456759031e-01
1.317354651084338427e+09 -4.742799999999999794e-01 -2.073189000000000171e+00 1.304070000000000107e+02 -1.623817982195995381e-03 6.779315112273836229e-03 -5.956047895570077202e-03 9.999579639141010778e-01
1.317354651184294939e+09 -4.701254000000000266e-01 -2.099489000000000161e+00 1.317556999999999903e+02 -1.655630353352917621e-03 6.939357542112068941e-03 -5.457560351340663349e-03 9.999596588063175417e-01
1.317354651284350634e+09 -4.656936999999999882e-01 -2.127702000000000204e+00 1.331097000000000037e+02 -1.843293914188977745e-03 6.928385840932341569e-03 -4.419200905732189634e-03 9.999645345713713551e-01
1.317354651394300938e+09 -4.651027999999999829e-01 -2.162932000000000077e+00 1.344613999999999976e+02 -2.101361057627838640e-03 6.766848349076275485e-03 -3.585719668877790194e-03 9.999684678326522524e-01
1.317354651494521141e+09 -4.661197000000000257e-01 -2.198388000000000009e+00 1.358146000000000129e+02 -1.915220435573336110e-03 6.497247523840909283e-03 -2.830827258637536037e-03 9.999730516980586126e-01
1.317354651604318142e+09 -4.644952999999999999e-01 -2.226309000000000093e+00 1.371605999999999881e+02 -1.873314148049806194e-03 5.870985916817941450e-03 -2.035362836167713390e-03 9.999789395365247247e-01
1.317354651704271555e+09 -4.645722999999999936e-01 -2.254853999999999914e+00 1.385124000000000137e+02 -2.375752648265854264e-03 5.335933694841882985e-03 -1.408565948176661612e-03 9.999819496135557984e-01
1.317354651804289818e+09 -4.641807000000000016e-01 -2.281749000000000027e+00 1.398625999999999863e+02 -2.529316589116183123e-03 4.826779184513116383e-03 -6.262474327358587799e-04 9.999849561740661308e-01
1.317354651914304256e+09 -4.674418000000000184e-01 -2.314865999999999868e+00 1.412128999999999905e+02 -2.483852909058639931e-03 4.177016089217500117e-03 -2.530707207228679841e-04 9.999881594131637685e-01
1.317354652014384747e+09 -4.704574000000000256e-01 -2.341886000000000134e+00 1.425621999999999900e+02 -2.252955494186936660e-03 3.550827146594027605e-03 -1.226382567880956976e-04 9.999911503498288834e-01
1.317354652124331713e+09 -4.747020000000000128e-01 -2.367455000000000087e+00 1.439098999999999933e+02 -2.002929294537597518e-03 3.030710795404911468e-03 6.702147151049755102e-05 9.999933992654342907e-01
1.317354652224284649e+09 -4.789012999999999742e-01 -2.395023999999999820e+00 1.452578000000000031e+02 -1.114027762957777975e-03 2.538423970102365347e-03 8.842994955680188703e-04 9.999957666711861703e-01
1.317354652324270725e+09 -4.813925000000000010e-01 -2.426593000000000000e+00 1.466011000000000024e+02 -3.890827900544450014e-04 1.975138618241752044e-03 3.648570763594009489e-03 9.999913176490107247e-01
1.317354652434253693e+09 -4.844149999999999845e-01 -2.462969000000000186e+00 1.479538000000000011e+02 -1.794212415036482069e-03 1.414100779133629525e-03 7.045495775091142887e-03 9.999725706788556989e-01
1.317354652534372091e+09 -4.832843000000000000e-01 -2.489365999999999968e+00 1.493029999999999973e+02 -2.264638580675330977e-03 6.847370774821127807e-04 1.086452193212828106e-02 9.999381804443809862e-01
1.317354652644263744e+09 -4.887986000000000275e-01 -2.518616999999999884e+00 1.506480999999999995e+02 -1.055768885660996696e-03 7.985225940107027907e-05 1.252564208883300695e-02 9.999209905117198982e-01
1.317354652744279861e+09 -4.979854000000000225e-01 -2.545627999999999780e+00 1.519917000000000087e+02 9.446700352431217822e-04 1.785130988906732550e-04 1.256742823898404984e-02 9.999205645845353763e-01
1.317354652854291677e+09 -5.139896999999999938e-01 -2.581792000000000087e+00 1.533372999999999990e+02 1.829202489164617708e-03 6.047000999390918403e-04 1.079550165203479496e-02 9.999398709423100717e-01
1.317354652954472065e+09 -5.203404999999999836e-01 -2.611885000000000012e+00 1.546843000000000075e+02 1.825609827965458520e-03 9.815511947610098317e-04 1.066835728318430397e-02 9.999409431855894592e-01
1.317354653054465055e+09 -5.188374000000000041e-01 -2.641449000000000158e+00 1.560329000000000121e+02 2.554410115657525563e-04 1.301666609147481956e-03 1.203090637035099733e-02 9.999267461698562176e-01
1.317354653164288759e+09 -5.104870000000000241e-01 -2.666163000000000061e+00 1.573829000000000065e+02 -1.365403093015257231e-03 1.561223053214548474e-03 1.475559307763001787e-02 9.998889792021410372e-01
1.317354653264283657e+09 -4.996047000000000127e-01 -2.689150000000000151e+00 1.587318999999999960e+02 -1.721067290600474409e-03 1.564555887483150363e-03 1.683323603464592297e-02 9.998556057035727918e-01
1.317354653374420404e+09 -4.908893999999999758e-01 -2.711383000000000099e+00 1.600785999999999945e+02 -1.905426568111951140e-03 1.537433557480417890e-03 1.773112349715239705e-02 9.998397936205475345e-01
1.317354653474315166e+09 -4.848759000000000263e-01 -2.736779999999999990e+00 1.614290000000000020e+02 -2.091651713491000583e-03 1.946705920510062235e-03 1.695399117154724675e-02 9.998521878320433265e-01
1.317354653574285984e+09 -4.836516000000000148e-01 -2.760603999999999836e+00 1.627787999999999897e+02 -1.916851803570713674e-03 2.550872169474025560e-03 1.498539138619232707e-02 9.998826214988143501e-01
1.317354653684300423e+09 -4.767802999999999902e-01 -2.787253999999999898e+00 1.641295000000000073e+02 -7.195675622453293454e-04 3.005991313112698921e-03 1.327080477542634182e-02 9.999071616802042151e-01
1.317354653784233809e+09 -4.687839999999999785e-01 -2.810667000000000026e+00 1.654807000000000130e+02 -2.987814703056661269e-04 3.378911145355512850e-03 1.185142779696036347e-02 9.999240157873386936e-01
1.317354653894286156e+09 -4.599264000000000130e-01 -2.835557999999999801e+00 1.668389999999999986e+02 -9.726779756120291229e-04 3.583497296774679642e-03 1.084771822628125340e-02 9.999342675666051949e-01
1.317354653994425297e+09 -4.494839999999999947e-01 -2.861985999999999919e+00 1.681999999999999886e+02 -8.779352658647603721e-04 3.468695617647443545e-03 1.002847106479358777e-02 9.999433119674748793e-01
1.317354654104256153e+09 -4.424437999999999982e-01 -2.886559999999999793e+00 1.695602000000000089e+02 3.263348080958947345e-04 3.214395691722028280e-03 9.067965206983769413e-03 9.999536655130247809e-01
1.317354654204277515e+09 -4.389717000000000202e-01 -2.914239999999999942e+00 1.709198000000000093e+02 1.776912270865194489e-03 2.953629306238528610e-03 7.322820000795117294e-03 9.999672469455881396e-01
1.317354654304224491e+09 -4.111542999999999726e-01 -2.932730999999999977e+00 1.722840999999999951e+02 2.424331127132014607e-03 2.858363966990935725e-03 4.873669349965492961e-03 9.999810996819319397e-01
1.317354654414211750e+09 -3.881120000000000125e-01 -2.960770999999999820e+00 1.736528000000000134e+02 1.998054680777432233e-03 3.013382815850098196e-03 2.577619633633872545e-03 9.999901415406664551e-01
1.317354654514281034e+09 -3.779300999999999910e-01 -2.986448000000000214e+00 1.750290999999999997e+02 7.559003494431921523e-04 3.282944203208685435e-03 9.165413101058787933e-04 9.999939054034515662e-01
1.317354654624227762e+09 -3.588781999999999806e-01 -3.008538999999999852e+00 1.764086000000000070e+02 -2.325993452402401506e-04 3.348201954094815608e-03 7.380306055877606901e-04 9.999940953585897407e-01
1.317354654724237919e+09 -3.405308000000000224e-01 -3.013913000000000064e+00 1.777852000000000032e+02 -9.020544123185085528e-04 2.956720836640226637e-03 2.167145196823833803e-03 9.999928737653221988e-01
1.317354654824281693e+09 -3.214041999999999732e-01 -3.022952999999999779e+00 1.791606999999999914e+02 -8.286520362803668745e-04 2.118859488295129004e-03 3.444673575912539105e-03 9.999914789608094212e-01
1.317354654934261560e+09 -3.136545000000000027e-01 -3.041122999999999799e+00 1.805420000000000016e+02 1.222935521154475992e-03 1.080611164518770336e-03 3.655999817014545916e-03 9.999919851546614780e-01
1.317354655034436226e+09 -3.089994999999999825e-01 -3.062100000000000044e+00 1.819214000000000055e+02 3.475003467965140976e-03 3.272777140420101479e-04 3.125750737185333233e-03 9.999890234010196943e-01
1.317354655144214153e+09 -3.140564000000000133e-01 -3.088157999999999959e+00 1.833097999999999956e+02 3.934415207601221938e-03 3.522959626232563079e-05 7.361496739476991501e-04 9.999919885776624717e-01
1.317354655244252443e+09 -3.186557999999999891e-01 -3.114466000000000179e+00 1.847039000000000044e+02 3.238206100520912758e-03 -2.072911950964547364e-05 -1.296690704523289399e-03 9.999939160738783306e-01
1.317354655354248762e+09 -3.141304999999999792e-01 -3.137554999999999872e+00 1.860994000000000028e+02 1.702540435685531489e-03 1.203765028057392515e-04 -2.151569924875853732e-03 9.999962287990995513e-01
1.317354655454311609e+09 -3.087276999999999938e-01 -3.164477999999999902e+00 1.874987999999999886e+02 6.149178958050724626e-04 3.272103984426990068e-04 -2.545321881611899931e-03 9.999965180668658471e-01
1.317354655554276466e+09 -3.089327000000000045e-01 -3.193944999999999812e+00 1.889002999999999872e+02 2.077796033370825281e-04 3.670061614407621421e-04 -2.224290760541688949e-03 9.999974373290795304e-01
1.317354655664214849e+09 -3.070210999999999912e-01 -3.221858000000000111e+00 1.903048000000000002e+02 -1.822148942955959785e-04 3.375057702039543678e-04 -1.477068528114434346e-03 9.999988355773972160e-01
1.317354655764224768e+09 -3.030042000000000013e-01 -3.250529999999999919e+00 1.917127999999999872e+02 -4.002577302062314182e-04 3.315780207692935817e-04 -1.834954551296347897e-04 9.999998480895800901e-01
1.317354655874341249e+09 -3.007558000000000176e-01 -3.281162000000000134e+00 1.931212999999999909e+02 -4.045390929012829500e-04 5.202297200505468389e-04 1.148183539539291169e-03 9.999991236914763659e-01
1.317354655974470139e+09 -2.979338000000000264e-01 -3.314134999999999831e+00 1.945397000000000105e+02 -8.845539094594373920e-04 6.871220664884708420e-04 2.646564893874369176e-03 9.999958705524286673e-01
1.317354656074277401e+09 -2.945301000000000169e-01 -3.344374999999999876e+00 1.959592000000000098e+02 -1.785975219851624295e-03 8.941683227790927146e-04 4.682767702861924917e-03 9.999870411371166723e-01
1.317354656184191942e+09 -2.955048000000000119e-01 -3.384557000000000038e+00 1.973808999999999969e+02 -1.802236539785263608e-03 1.010237093699762560e-03 6.400760050433040686e-03 9.999773805618032974e-01
1.317354656284184933e+09 -2.998637000000000108e-01 -3.419364999999999988e+00 1.988010999999999910e+02 3.081208524661870475e-04 1.115009468476686185e-03 5.472165716890064861e-03 9.999843584865678592e-01
1.317354656394158602e+09 -3.150033999999999890e-01 -3.471363000000000198e+00 2.002241999999999962e+02 3.113364436991752655e-03 1.346029539895811106e-03 2.206589081012374880e-03 9.999918130319805920e-01
1.317354656494419098e+09 -3.321987000000000134e-01 -3.515079000000000065e+00 2.016572999999999922e+02 3.363154705407221060e-03 1.941804096281426291e-03 -2.462335386494125290e-03 9.999894276899748968e-01
1.317354656594187975e+09 -3.485808000000000240e-01 -3.555575999999999848e+00 2.030947999999999922e+02 1.246145965692196933e-03 2.659844739291313681e-03 -6.592502030264219166e-03 9.999739552924249431e-01
1.317354656704180717e+09 -3.518432000000000226e-01 -3.580327000000000037e+00 2.045324999999999989e+02 4.702333890606572080e-05 3.045056577544162646e-03 -7.330833431952624851e-03 9.999684916538310597e-01
1.317354656804213762e+09 -3.481358999999999981e-01 -3.604083000000000148e+00 2.059704000000000121e+02 7.007755905797923165e-05 2.778762461013939856e-03 -6.313097462585025993e-03 9.999762089013660704e-01
1.317354656914179325e+09 -3.438313000000000064e-01 -3.628674000000000177e+00 2.074182999999999879e+02 4.565371692922124200e-05 2.195383695183434659e-03 -4.767632512995991119e-03 9.999862238483036014e-01
1.317354657014387369e+09 -3.421980000000000022e-01 -3.650885999999999854e+00 2.088678999999999917e+02 8.382223073659104593e-05 1.632986533149723054e-03 -3.528244604185723412e-03 9.999924388808296705e-01
1.317354657124202251e+09 -3.429637999999999853e-01 -3.674360000000000070e+00 2.103232000000000141e+02 5.223886594729445013e-04 1.375132925280536482e-03 -3.709915078549934180e-03 9.999920362931078444e-01
1.317354657224185228e+09 -3.479510000000000103e-01 -3.708944999999999936e+00 2.117848999999999933e+02 4.531545910711971326e-04 1.321956780096636809e-03 -4.432433137367581232e-03 9.999892002505181843e-01
1.317354657324139595e+09 -3.533161000000000218e-01 -3.741769000000000123e+00 2.132452999999999861e+02 -3.677864299680808660e-05 1.262079872672051744e-03 -5.058151167490065533e-03 9.999864103619076072e-01
1.317354657434167385e+09 -3.575808999999999793e-01 -3.778064999999999785e+00 2.147142000000000053e+02 3.124355126282190209e-05 1.143980963362483056e-03 -4.764119919144754918e-03 9.999879966743562276e-01
1.317354657534210205e+09 -3.574839000000000211e-01 -3.809987000000000013e+00 2.161863999999999919e+02 7.320398605213609576e-04 9.443932075643818834e-04 -4.554109420306374535e-03 9.999889161018238326e-01
1.317354657644232988e+09 -3.559811999999999976e-01 -3.837086999999999914e+00 2.176614999999999895e+02 7.801458303394085509e-04 8.471062016359926557e-04 -4.178986453987088359e-03 9.999906048837577943e-01
1.317354657744153261e+09 -3.604881999999999809e-01 -3.867618999999999918e+00 2.191418999999999926e+02 6.078652479150420873e-04 6.230163858824445955e-04 -4.355119237681248992e-03 9.999901375947907178e-01
1.317354657844196558e+09 -3.669046999999999725e-01 -3.899694000000000216e+00 2.206192000000000064e+02 8.813641321185643933e-04 4.508182061445173828e-04 -4.371464663380098502e-03 9.999899550780040336e-01
1.317354657954363585e+09 -3.711882000000000237e-01 -3.933170000000000055e+00 2.221052999999999997e+02 1.016741943273256855e-03 3.513334683630944615e-04 -4.396790921579758933e-03 9.999897554626282492e-01
1.317354658054379702e+09 -3.755067999999999739e-01 -3.961695999999999884e+00 2.235894000000000119e+02 9.874408283240643062e-04 1.789038513937879135e-04 -4.946237557781260445e-03 9.999872637629164673e-01
1.317354658164138794e+09 -3.771502999999999939e-01 -3.990502999999999911e+00 2.250789000000000044e+02 1.190014601682381741e-03 7.203996108208480052e-06 -4.767685168613890016e-03 9.999879264228563880e-01
1.317354658264153957e+09 -3.787707000000000157e-01 -4.017066999999999943e+00 2.265690999999999917e+02 1.133098785644321435e-03 -1.245410981804660755e-04 -5.019266559530960285e-03 9.999867536821984704e-01
1.317354658364209175e+09 -3.785265999999999909e-01 -4.048136000000000401e+00 2.280602000000000089e+02 1.064629401008535068e-03 -1.777062874246253558e-04 -4.547542533404073418e-03 9.999890773611582739e-01
1.317354658474368334e+09 -3.786613999999999813e-01 -4.075078000000000422e+00 2.295510999999999910e+02 1.382897946781072498e-03 -1.234227419027350049e-04 -3.920366037737764951e-03 9.999913515077147874e-01
1.317354658574193478e+09 -3.766086000000000156e-01 -4.099044000000000132e+00 2.310454000000000008e+02 1.207601900209096923e-03 -4.045271719685366175e-05 -3.354542519767138471e-03 9.999936435326532980e-01
1.317354658684177637e+09 -3.745701000000000169e-01 -4.124994000000000050e+00 2.325421000000000049e+02 8.330125238556087934e-04 5.855538701918149095e-05 -2.560121767577654920e-03 9.999963742123954002e-01
1.317354658784118176e+09 -3.739625999999999784e-01 -4.153623999999999761e+00 2.340378000000000043e+02 6.156457829737254110e-04 5.396852646099661887e-05 -2.480892129319269435e-03 9.999967316156145314e-01
1.317354658884125233e+09 -3.764692000000000038e-01 -4.186333000000000304e+00 2.355389999999999873e+02 6.948626499315971230e-04 1.196533788207160352e-05 -2.668989570734982796e-03 9.999961967514677808e-01
1.317354658994356394e+09 -3.784077000000000135e-01 -4.220226000000000255e+00 2.370446000000000026e+02 1.312294358968299404e-03 1.221280126378422365e-04 -3.013949792286487860e-03 9.999945895228203874e-01
1.317354659094157934e+09 -3.814943000000000084e-01 -4.253314999999999735e+00 2.385499000000000080e+02 9.151767997021673009e-04 3.873569668872562364e-04 -3.650052245195439023e-03 9.999928447367075757e-01
1.317354659204208612e+09 -3.829064999999999830e-01 -4.285388000000000197e+00 2.400603000000000122e+02 -2.973425001888768356e-04 7.096916081388017191e-04 -3.807768268869414149e-03 9.999924543845662983e-01
1.317354659304121971e+09 -3.820923999999999987e-01 -4.315102999999999689e+00 2.415712000000000046e+02 -4.898144900564581784e-04 9.656887847961311043e-04 -3.673091660340716425e-03 9.999926679354156356e-01
1.317354659414139748e+09 -3.818796999999999886e-01 -4.347138000000000169e+00 2.430872999999999990e+02 3.068067852339246117e-04 1.203292588683404227e-03 -3.797847108028001503e-03 9.999920171250800127e-01
1.317354659514188766e+09 -3.796393000000000129e-01 -4.377646000000000370e+00 2.446020000000000039e+02 9.892046453016624039e-04 1.478952163071013031e-03 -3.781066169132805011e-03 9.999912688185301768e-01
1.317354659614166021e+09 -3.770780000000000243e-01 -4.404696000000000389e+00 2.461230999999999938e+02 7.615695256296121278e-04 1.633507689959603744e-03 -4.295915082651334538e-03 9.999891483301641681e-01
1.317354659724133253e+09 -3.721572000000000213e-01 -4.432021999999999906e+00 2.476476999999999862e+02 2.917026342837252808e-04 1.664617476630816809e-03 -4.050397438044407890e-03 9.999903690730346240e-01
1.317354659824115515e+09 -3.683885000000000076e-01 -4.458218999999999710e+00 2.491682000000000130e+02 -7.818237137850611801e-05 1.510976616391520319e-03 -4.089973660252771946e-03 9.999904914311132931e-01
1.317354659934103251e+09 -3.658944000000000085e-01 -4.487063000000000024e+00 2.506964000000000112e+02 -2.432359686001761242e-04 1.398038290454854064e-03 -4.253295526992672410e-03 9.999899478506585337e-01
1.317354660034239292e+09 -3.629857000000000222e-01 -4.511300999999999561e+00 2.522240999999999929e+02 -2.911157265019957089e-04 1.418333588511280427e-03 -4.986214606028912914e-03 9.999865205318355654e-01
1.317354660134134293e+09 -3.598898999999999848e-01 -4.535745000000000360e+00 2.537570000000000050e+02 -3.064991668644601909e-04 1.520480117060245880e-03 -5.476158794321545238e-03 9.999838028104925947e-01
1.317354660244128466e+09 -3.565283000000000202e-01 -4.558441000000000187e+00 2.552884999999999991e+02 -3.187927394371222432e-04 1.464151561790466268e-03 -5.776355480867575304e-03 9.999821940158494238e-01
1.317354660344136953e+09 -3.518993999999999733e-01 -4.584939999999999571e+00 2.568229999999999791e+02 -4.776560672044861391e-04 1.469889826390368076e-03 -4.987222311077955418e-03 9.999863693482023974e-01
1.317354660454287529e+09 -3.474488000000000021e-01 -4.611577999999999733e+00 2.583611999999999966e+02 -9.291134724988975042e-04 1.420889109108194100e-03 -4.238281850523537009e-03 9.999895773403089105e-01
1.317354660554294348e+09 -3.407994999999999775e-01 -4.637603999999999616e+00 2.599003000000000156e+02 -1.436945949810987475e-03 1.451756048924982131e-03 -2.826617933089826343e-03 9.999939188923963052e-01
1.317354660654115438e+09 -3.346776000000000195e-01 -4.662237000000000187e+00 2.614352000000000089e+02 -1.046978919219378624e-03 1.292831998077118927e-03 -2.057028238673055953e-03 9.999965005215731839e-01
1.317354660764157057e+09 -3.291337999999999764e-01 -4.686550999999999689e+00 2.629730999999999881e+02 -3.399565766519613524e-04 1.153257023076149695e-03 -1.444130275463770350e-03 9.999982344561972880e-01
1.317354660864085436e+09 -3.253737999999999908e-01 -4.715745000000000076e+00 2.645113000000000056e+02 -1.242717904257977912e-03 1.441250240875475855e-03 -4.695745941945565142e-04 9.999980789729816522e-01
1.317354660974310398e+09 -3.249045999999999879e-01 -4.748173000000000421e+00 2.660572000000000230e+02 -2.505664388618435937e-03 1.664733244896991196e-03 5.753596064785521303e-05 9.999954734891594033e-01
1.317354661074129581e+09 -3.208178999999999892e-01 -4.788371999999999851e+00 2.675980999999999881e+02 -2.002454121103900645e-03 1.731775456073326742e-03 1.029588925918636152e-03 9.999959655308148232e-01
1.317354661174100637e+09 -3.173943000000000181e-01 -4.824678999999999718e+00 2.691376999999999953e+02 -1.233505942172883306e-03 1.877235756372253126e-03 1.452034748797941671e-03 9.999964230156495049e-01
1.317354661284085989e+09 -3.166024000000000060e-01 -4.866051999999999822e+00 2.706770999999999958e+02 -1.193112270672479734e-03 2.199157844181498338e-03 9.663951997936774717e-04 9.999964031276331600e-01
1.317354661384117365e+09 -3.155942999999999943e-01 -4.906588000000000171e+00 2.722185000000000059e+02 -1.384854567690896061e-03 2.740231883253037640e-03 2.292724914820388875e-04 9.999952603593563749e-01
1.317354661494348764e+09 -3.140400999999999887e-01 -4.950218999999999703e+00 2.737649000000000115e+02 -1.177593928243726674e-03 3.219390533972647274e-03 -6.202615316709709104e-04 9.999939320179710434e-01
1.317354661594086170e+09 -3.112308999999999770e-01 -4.987625999999999671e+00 2.753072000000000230e+02 -1.135360096714060994e-03 3.699970018973518411e-03 -1.216505524010028615e-03 9.999917706129483053e-01
1.317354661694103479e+09 -3.114205999999999919e-01 -5.039836000000000205e+00 2.768534999999999968e+02 -9.560646772894424794e-04 4.095090674935578795e-03 -1.595295846107574241e-03 9.999898855507793893e-01
1.317354661804101706e+09 -3.062025999999999915e-01 -5.082754999999999690e+00 2.783951999999999884e+02 -6.546743560983989780e-04 4.513704704482498706e-03 -1.773097496262810747e-03 9.999880269266210320e-01
1.317354661904088497e+09 -3.011291999999999858e-01 -5.134135999999999811e+00 2.799451000000000249e+02 -4.244493079912775297e-04 4.967137910699289359e-03 -1.503291919584560758e-03 9.999864436566958670e-01
1.317354662014257193e+09 -2.897536000000000000e-01 -5.172037999999999691e+00 2.814957999999999743e+02 -5.052287197754322173e-04 5.386742505299728194e-03 -1.208781329493203039e-03 9.999846331803406985e-01
1.317354662114108562e+09 -2.764899000000000107e-01 -5.210036999999999807e+00 2.830498000000000047e+02 -1.160058062910654603e-03 5.760013460770241865e-03 -7.520026886888741451e-04 9.999824553471821087e-01
1.317354662214072943e+09 -2.599233000000000238e-01 -5.241690000000000182e+00 2.846005000000000109e+02 -1.367882869906452163e-03 5.932254902261539439e-03 -4.309036073287723332e-05 9.999814675239983019e-01
1.317354662324135065e+09 -2.447295999999999916e-01 -5.277598000000000233e+00 2.861453999999999951e+02 -1.886372964584203836e-04 5.963561418533830025e-03 2.880329500018966168e-04 9.999821585349401021e-01
1.317354662424068689e+09 -2.301583000000000101e-01 -5.316244000000000192e+00 2.876999000000000137e+02 1.096288325714544478e-03 5.785461874633903920e-03 7.525032918453693383e-04 9.999823800055678280e-01
1.317354662534136295e+09 -2.170805000000000096e-01 -5.355147999999999797e+00 2.892536000000000058e+02 1.246436830610069295e-03 5.364082004272761883e-03 5.926015742699592770e-04 9.999846608037810114e-01
1.317354662634066343e+09 -2.045250999999999875e-01 -5.390475000000000350e+00 2.908102999999999838e+02 9.104984359690766315e-04 5.009484724285481229e-03 1.396274746708620800e-03 9.999860631389954069e-01
1.317354662734059572e+09 -1.926926999999999945e-01 -5.424877999999999645e+00 2.923691999999999780e+02 1.216073838652080531e-03 4.502351367112019526e-03 1.346384895733895642e-03 9.999882185527481093e-01
1.317354662844028950e+09 -1.828270999999999924e-01 -5.462577999999999712e+00 2.939316000000000031e+02 1.350674272978199131e-03 4.222024358126544481e-03 1.211732561570635566e-03 9.999894408910159349e-01
1.317354662944038153e+09 -1.753107000000000137e-01 -5.502144000000000368e+00 2.955006999999999948e+02 1.096387408716247795e-03 3.867510603842929436e-03 1.190994472011385179e-03 9.999912108756489060e-01
1.317354663054257631e+09 -1.681708000000000092e-01 -5.542653999999999748e+00 2.970722999999999843e+02 9.425572203757833856e-04 3.442297915890409933e-03 1.413061187222131639e-03 9.999926326873739280e-01
1.317354663154107809e+09 -1.571664000000000116e-01 -5.573209000000000302e+00 2.986501999999999839e+02 5.535665488740617798e-04 2.924746286815564558e-03 1.735048081251834356e-03 9.999940644980792603e-01
1.317354663254225492e+09 -1.498300999999999938e-01 -5.605661999999999701e+00 3.002366999999999848e+02 -2.305801166388861357e-04 2.645972276397022798e-03 9.417677605351049835e-04 9.999960293606204864e-01
1.317354663364063978e+09 -1.436566999999999983e-01 -5.638055999999999734e+00 3.018211000000000013e+02 -5.177679755376283577e-04 2.961941398657944816e-03 6.775372464570677275e-04 9.999952498700952486e-01
1.317354663464188099e+09 -1.362308000000000130e-01 -5.674044999999999561e+00 3.034130000000000109e+02 -2.537911690092738170e-04 3.447553903696065798e-03 3.899952284240137219e-04 9.999939489146147942e-01
1.317354663574115515e+09 -1.245795999999999987e-01 -5.704926999999999637e+00 3.050095000000000027e+02 -2.720254828264011935e-05 3.638248053108058926e-03 1.032993918165270439e-03 9.999928476417664358e-01
1.317354663674041986e+09 -1.113075000000000037e-01 -5.740562999999999860e+00 3.066086000000000240e+02 4.109934732523275853e-04 3.725787288333667208e-03 1.893701656917836772e-03 9.999911817048597884e-01
1.317354663784044504e+09 -1.009904999999999969e-01 -5.775938000000000017e+00 3.082115999999999758e+02 1.380626002269703554e-03 3.875422471767463097e-03 2.719722274278677833e-03 9.999878389676835067e-01
1.317354663884063959e+09 -9.649989999999999957e-02 -5.821106000000000336e+00 3.098188999999999851e+02 1.873900028485926683e-03 3.876453712276533951e-03 2.850965028331550223e-03 9.999866667129655440e-01
1.317354663984204531e+09 -9.324941000000000479e-02 -5.863045999999999758e+00 3.114331000000000245e+02 2.328160592112001048e-03 2.816219704622436801e-03 2.580129901440485641e-03 9.999899957022193586e-01
1.317354664094033003e+09 -9.658434000000000463e-02 -5.907765999999999629e+00 3.130445000000000277e+02 2.119690584243120925e-03 1.743863725510932591e-03 2.114367493570539717e-03 9.999939976326041036e-01
1.317354664194035053e+09 -1.065230000000000066e-01 -5.952028999999999570e+00 3.146682000000000130e+02 5.417353874682159353e-04 1.541394685535818617e-03 1.243221856860314773e-03 9.999978925100833083e-01
1.317354664304062843e+09 -1.079810999999999965e-01 -5.990687999999999569e+00 3.162952999999999975e+02 -1.099988292050716387e-03 1.794040486116521603e-03 1.856514520113418994e-03 9.999960623914115887e-01
1.317354664404016972e+09 -1.086696000000000051e-01 -6.032426000000000066e+00 3.179241000000000099e+02 -1.521414810177736544e-03 1.898756169643632400e-03 2.380672280807138302e-03 9.999942061939537385e-01
1.317354664504168034e+09 -1.058419000000000026e-01 -6.068361999999999590e+00 3.195525000000000091e+02 -8.643087743075807735e-04 2.038882031324187709e-03 3.095669516257949696e-03 9.999927563540904618e-01
1.317354664614033461e+09 -1.039698000000000011e-01 -6.106844999999999857e+00 3.211822999999999979e+02 -8.818373355144946664e-04 2.209170376586752117e-03 3.480513727715349535e-03 9.999911139371948643e-01
1.317354664714005232e+09 -1.009179000000000048e-01 -6.143404000000000309e+00 3.228138999999999896e+02 -1.091279437807725957e-03 2.308396436966807675e-03 3.418102406655094700e-03 9.999908984540890611e-01
1.317354664824021578e+09 -9.883113000000000314e-02 -6.185281999999999947e+00 3.244397000000000162e+02 -9.901232484850212758e-04 2.552842793521088293e-03 3.485584005320092361e-03 9.999901766286338756e-01
1.317354664924011707e+09 -9.648437999999999459e-02 -6.224088000000000065e+00 3.260681999999999903e+02 -6.898177439952682920e-04 2.793207426273889692e-03 2.764024616712510828e-03 9.999920411241646212e-01
1.317354665024405003e+09 -9.411052000000000306e-02 -6.268818999999999697e+00 3.276976000000000226e+02 -3.110847617041964533e-04 3.128172798007299374e-03 2.369002088271021829e-03 9.999922527651515791e-01
1.317354665133991003e+09 -8.496955999999999953e-02 -6.305428000000000033e+00 3.293242000000000189e+02 -1.207544663557908122e-03 3.551596667514626653e-03 2.929351226578443684e-03 9.999886733850480436e-01
1.317354665233983517e+09 -7.442717999999999556e-02 -6.342113000000000334e+00 3.309508000000000152e+02 -1.762481558654362991e-03 3.618030463679591628e-03 3.377059338335148490e-03 9.999861993970439178e-01
1.317354665343992949e+09 -6.421230999999999467e-02 -6.372244000000000241e+00 3.325693999999999733e+02 -1.030725931869444804e-03 3.465463970665583291e-03 3.990755466195587686e-03 9.999855009120536264e-01
1.317354665444092989e+09 -5.844894999999999952e-02 -6.413496999999999559e+00 3.341893000000000029e+02 -1.083525113222696739e-03 3.471297629644719968e-03 3.588195488838470757e-03 9.999869503744687194e-01
1.317354665544029474e+09 -5.434960999999999959e-02 -6.450779999999999959e+00 3.358023999999999774e+02 -4.084558180248238821e-04 3.417665272241396379e-03 2.392342282875450053e-03 9.999912146745756347e-01
1.317354665654038906e+09 -4.949748000000000342e-02 -6.492550999999999739e+00 3.374096999999999866e+02 1.747335309575698443e-03 3.051543153157177356e-03 1.791325640058499553e-03 9.999922129977572016e-01
1.317354665754143476e+09 -4.548042000000000057e-02 -6.532187999999999661e+00 3.390210999999999899e+02 1.181212976416531673e-03 2.615890632659015509e-03 1.000186381638415228e-03 9.999953807289833074e-01
1.317354665863995075e+09 -4.257007000000000152e-02 -6.571397000000000155e+00 3.406286999999999807e+02 -5.322985053182532292e-04 2.181536615238285209e-03 7.299915654288238092e-04 9.999972123304201599e-01
1.317354665964064598e+09 -3.930295999999999790e-02 -6.601810999999999652e+00 3.422461999999999875e+02 -2.156575235756672416e-03 1.650016074153234577e-03 1.377741649997267037e-04 9.999963038174130014e-01
1.317354666064059019e+09 -3.681003000000000053e-02 -6.628917999999999644e+00 3.438528000000000020e+02 -1.528133340196675179e-03 1.045691513748841714e-03 -1.047189801141360058e-04 9.999982801843647628e-01
1.317354666173969269e+09 -3.514658999999999839e-02 -6.652782000000000195e+00 3.454524999999999864e+02 -5.087148150610129940e-04 1.359412660751301005e-04 2.219862054819175584e-04 9.999998367256535126e-01
1.317354666273993254e+09 -3.454789999999999944e-02 -6.677643999999999913e+00 3.470554000000000201e+02 -1.291406819479109071e-03 -8.119728602220589470e-04 7.208787637396521335e-04 9.999985766501414686e-01
1.317354666383994818e+09 -3.707175000000000054e-02 -6.708152000000000115e+00 3.486551000000000045e+02 -1.725044377766752788e-03 -1.310103850480726822e-03 1.533568656752234971e-03 9.999964780022837507e-01
1.317354666484156132e+09 -4.156332000000000082e-02 -6.737238999999999756e+00 3.502531999999999925e+02 -1.247658430101636177e-03 -1.526673654381694323e-03 1.672904117668938193e-03 9.999966569983161913e-01
1.317354666583985090e+09 -5.261017999999999945e-02 -6.773058999999999941e+00 3.518478000000000065e+02 -7.976714115605273167e-04 -1.635240237947936572e-03 2.004447102086404781e-03 9.999963359440362520e-01
1.317354666694003582e+09 -6.277075000000000016e-02 -6.805862000000000300e+00 3.534463999999999828e+02 -8.263096374037231249e-04 -1.645466706817036700e-03 2.037041450269439641e-03 9.999962300498083101e-01
1.317354666793980360e+09 -7.506606000000000389e-02 -6.843563999999999758e+00 3.550378999999999792e+02 -7.390351362056427672e-04 -1.629976317874021587e-03 2.284176394205823975e-03 9.999957897623719116e-01
1.317354666903970003e+09 -8.570355999999999808e-02 -6.882551999999999559e+00 3.566308000000000220e+02 -4.382668775878444979e-04 -1.645664463151919185e-03 2.608648631376522982e-03 9.999951473196941887e-01
1.317354667004214048e+09 -9.729988999999999999e-02 -6.921763000000000332e+00 3.582217999999999734e+02 -1.077342771591441550e-04 -1.708719992607203282e-03 2.701066749979865768e-03 9.999948864407881555e-01
1.317354667113986492e+09 -1.091014000000000012e-01 -6.958714999999999762e+00 3.598125000000000000e+02 -2.863580552311039903e-04 -1.672053891700552540e-03 2.949148398677693683e-03 9.999942123625363832e-01
1.317354667213972092e+09 -1.223014000000000046e-01 -6.995935000000000237e+00 3.614037000000000148e+02 2.152900994005781620e-04 -1.635483553126975504e-03 2.734034017208799693e-03 9.999949019378614468e-01
1.317354667313946486e+09 -1.322205999999999937e-01 -7.034017000000000408e+00 3.629889999999999759e+02 8.263126430637664612e-04 -1.602595841775250910e-03 3.494198191578389446e-03 9.999922697066122579e-01
1.317354667423952103e+09 -1.419951999999999881e-01 -7.072716999999999921e+00 3.645867000000000075e+02 8.511596726742883283e-05 -1.542456058975500257e-03 4.171844052761867865e-03 9.999901046019293860e-01
1.317354667524134636e+09 -1.552998999999999907e-01 -7.112397999999999776e+00 3.661838000000000193e+02 -4.920984269740221687e-04 -1.605401299074148700e-03 5.004454679107728579e-03 9.999860678825339688e-01
1.317354667633952618e+09 -1.668614999999999959e-01 -7.146884000000000015e+00 3.677810999999999808e+02 -1.429506736873504039e-04 -1.580821709570348925e-03 5.279112672828184527e-03 9.999848056531736029e-01
1.317354667733939648e+09 -1.858911000000000036e-01 -7.188290000000000290e+00 3.693865999999999872e+02 2.950820247867738753e-04 -1.394448999712596298e-03 4.721895558999406051e-03 9.999878359964762264e-01
1.317354667833971262e+09 -2.029185000000000016e-01 -7.225081000000000309e+00 3.709753000000000043e+02 -3.316114401337083898e-04 -1.152511056112079119e-03 3.717883680067542596e-03 9.999923695174179894e-01
1.317354667943934917e+09 -2.229981000000000047e-01 -7.268839999999999968e+00 3.726154000000000224e+02 -4.797812428840943807e-04 -9.013061534001361738e-04 3.050506521954278547e-03 9.999948259201829615e-01
1.317354668044028044e+09 -2.378134000000000081e-01 -7.306808000000000192e+00 3.742253000000000043e+02 -3.543727576119313485e-04 -7.166544078759542026e-04 2.849484290663452293e-03 9.999956206232536449e-01
1.317354668153977871e+09 -2.519893000000000272e-01 -7.344935999999999687e+00 3.757810999999999808e+02 4.429396156432276497e-05 -6.001164427263861898e-04 2.939702496733865179e-03 9.999954980136317451e-01
1.317354668254086494e+09 -2.625877999999999823e-01 -7.379336000000000340e+00 3.773872999999999820e+02 1.670954796636009920e-04 -4.594133191289119771e-04 2.858910565880372606e-03 9.999957938155935588e-01
1.317354668354079247e+09 -2.704012000000000082e-01 -7.414418000000000397e+00 3.789929000000000201e+02 1.941062036343220931e-04 -3.469821381886115607e-04 2.667857223706715953e-03 9.999963622253889017e-01
1.317354668464010715e+09 -2.783585000000000087e-01 -7.448411000000000115e+00 3.806071000000000026e+02 1.348947742226852434e-04 -1.909611195356092654e-04 2.091631623091435698e-03 9.999977852047494675e-01
1.317354668564020872e+09 -2.877925000000000066e-01 -7.485057000000000293e+00 3.822201999999999771e+02 -2.259778184830110845e-04 -2.810315754264846731e-05 1.445689574396129187e-03 9.999989290623727545e-01
1.317354668673920631e+09 -2.960865999999999776e-01 -7.522078999999999738e+00 3.838408000000000015e+02 8.139082908479236132e-05 1.056553123347281126e-04 8.692613109431790528e-04 9.999996132985564667e-01
1.317354668773936272e+09 -3.039651999999999910e-01 -7.558709000000000344e+00 3.854511999999999716e+02 3.739416307168488417e-04 2.404848476297881735e-04 4.372817187933751115e-04 9.999998055596779345e-01
1.317354668883928299e+09 -3.110173999999999994e-01 -7.596747999999999834e+00 3.870677999999999770e+02 3.262807098425486458e-04 4.036686404914188384e-04 6.410785708242215262e-05 9.999998632413458211e-01
1.317354668984113932e+09 -3.164538000000000073e-01 -7.631598000000000326e+00 3.886856999999999971e+02 -1.332792436387259839e-04 5.303851660641639102e-04 -5.583424357536798588e-04 9.999996945909248591e-01
1.317354669083901405e+09 -3.206582000000000043e-01 -7.664429000000000158e+00 3.903059000000000083e+02 -4.920893647107363539e-04 7.256467333204615761e-04 -1.120977405244716471e-03 9.999989873467535206e-01
1.317354669193939924e+09 -3.238002999999999854e-01 -7.696195000000000341e+00 3.919359000000000037e+02 -1.585640855693472165e-04 9.195500970185373994e-04 -1.451831431828739648e-03 9.999985107341627932e-01
1.317354669293915033e+09 -3.237896000000000107e-01 -7.731690999999999647e+00 3.935579000000000178e+02 -2.307596320122130493e-04 1.045534989050319382e-03 -1.462969937709703233e-03 9.999983566614198960e-01
