1403638130.645097017 0.01403 0.03650 0.34277 0.81942 0.02733 0.57013 -0.05246
1403638130.745096922 0.02117 0.03216 0.37142 0.81148 0.01494 0.58045 -0.06602
1403638130.845097065 0.03089 0.03228 0.40387 0.80828 0.00834 0.58346 -0.07868
1403638130.945096970 0.01700 0.02987 0.41655 0.80338 0.00533 0.58982 -0.08169
1403638131.045097113 0.01418 0.02549 0.42754 0.79225 -0.00269 0.60485 -0.08061
1403638131.145097017 0.01534 0.02225 0.41509 0.79336 0.00005 0.60412 -0.07499
1403638131.245096922 0.01709 0.03046 0.39046 0.80506 0.01473 0.58979 -0.06169
1403638131.345097065 0.01265 0.02140 0.35322 0.81193 0.02288 0.58067 -0.05539
1403638131.445096970 0.01491 0.01554 0.32375 0.81157 0.02057 0.58137 -0.05413
1403638131.545097113 0.01273 0.00055 0.28572 0.81360 0.02335 0.57905 -0.04692
1403638131.645097017 0.01088 0.00626 0.23267 0.81692 0.02648 0.57445 -0.04401
1403638131.745096922 0.00945 0.00132 0.20587 0.81696 0.02898 0.57460 -0.03963
1403638131.845097065 0.00304 0.00047 0.15773 0.81827 0.03433 0.57311 -0.02817
1403638131.945096970 -0.00109 -0.00127 0.11866 0.81896 0.03631 0.57231 -0.02141
1403638132.045097113 -0.00324 -0.00091 0.09380 0.82272 0.04906 0.56619 -0.01236
1403638132.145097017 -0.00405 0.00193 0.09321 0.82747 0.06208 0.55804 -0.00559
1403638132.245096922 -0.00572 0.00021 0.11920 0.82290 0.05990 0.56487 -0.01283
1403638132.345097065 -0.00785 0.00148 0.16824 0.81547 0.05320 0.57586 -0.02385
1403638132.445096970 -0.00894 0.00666 0.22578 0.81136 0.04576 0.58134 -0.04055
1403638132.545097113 -0.00991 0.01126 0.28477 0.79900 0.03041 0.59741 -0.06140
1403638132.645097017 -0.01002 0.01779 0.33369 0.78975 0.02009 0.60856 -0.07448
1403638132.745096922 -0.00933 0.02876 0.36609 0.79649 0.01949 0.59941 -0.07695
1403638132.845097065 -0.01058 0.03922 0.38525 0.79550 0.01463 0.60054 -0.07942
1403638132.945096970 -0.01330 0.04531 0.39508 0.78660 0.00610 0.61131 -0.08673
1403638133.045097113 -0.01161 0.04131 0.37730 0.78598 0.01476 0.61214 -0.08553
1403638133.145097017 -0.00888 0.02806 0.35532 0.79208 0.02469 0.60543 -0.07382
1403638133.245096922 -0.00814 0.00345 0.33142 0.79406 0.01840 0.60455 -0.06041
1403638133.345097065 -0.00359 -0.03072 0.30609 0.79818 0.00923 0.60094 -0.04105
1403638133.445096970 -0.00565 -0.07216 0.28203 0.80371 -0.00025 0.59467 -0.02046
1403638133.545097113 -0.01313 -0.11790 0.26302 0.80475 -0.02063 0.59322 -0.00566
1403638133.645097017 -0.02446 -0.16101 0.24560 0.80795 -0.04121 0.58779 -0.00387
1403638133.745096922 -0.03766 -0.19853 0.22932 0.81117 -0.05741 0.58197 0.00443
1403638133.845097065 -0.04640 -0.22816 0.21275 0.81269 -0.06817 0.57825 0.02281
1403638133.945096970 -0.04488 -0.24586 0.19966 0.81387 -0.07610 0.57503 0.03416
1403638134.045097113 -0.02845 -0.24385 0.19381 0.81340 -0.07752 0.57522 0.03864
1403638134.145097017 0.00030 -0.22533 0.18948 0.81811 -0.06849 0.56942 0.04209
1403638134.245096922 0.03627 -0.19829 0.19202 0.81238 -0.07098 0.57730 0.04147
1403638134.345097065 0.07592 -0.16419 0.19549 0.80838 -0.07803 0.58241 0.03505
1403638134.445096970 0.11087 -0.11951 0.19531 0.81154 -0.08138 0.57800 0.02641
1403638134.545097113 0.14356 -0.08411 0.19686 0.81038 -0.08693 0.57912 0.01850
1403638134.645097017 0.16581 -0.04020 0.19999 0.81060 -0.08909 0.57870 0.00958
1403638134.745096922 0.18024 0.00577 0.20276 0.81624 -0.08549 0.57133 0.00556
1403638134.845097065 0.19163 0.04953 0.20933 0.82215 -0.07947 0.56365 0.00741
1403638134.945096970 0.19922 0.08737 0.21514 0.81964 -0.07853 0.56741 0.00869
1403638135.045097113 0.20011 0.12056 0.22665 0.81897 -0.07607 0.56868 0.01034
1403638135.145097017 0.20600 0.14395 0.20781 0.82408 -0.06717 0.56233 0.01273
1403638135.245096922 0.19966 0.14949 0.20366 0.82784 -0.06273 0.55724 0.01515
1403638135.345097065 0.19625 0.14768 0.19009 0.82594 -0.06302 0.55994 0.01779
1403638135.445096970 0.18266 0.12729 0.17665 0.82554 -0.06417 0.56011 0.02557
1403638135.545097113 0.17495 0.10954 0.16464 0.82971 -0.06415 0.55355 0.03234
1403638135.645097017 0.17173 0.07977 0.15908 0.83029 -0.06673 0.55173 0.04191
1403638135.745096922 0.15122 0.03976 0.16182 0.82421 -0.08146 0.55885 0.04168
1403638135.845097065 0.13658 0.00486 0.15568 0.82533 -0.08580 0.55642 0.04316
1403638135.945096970 0.11289 -0.02628 0.15791 0.83278 -0.07872 0.54511 0.05605
1403638136.045097113 0.09673 -0.06363 0.16282 0.83187 -0.07896 0.54516 0.06749
1403638136.145097017 0.06846 -0.10337 0.19572 0.82134 -0.09057 0.55887 0.06980
1403638136.245096922 0.04629 -0.14903 0.20505 0.81467 -0.10059 0.56701 0.06857
1403638136.345097065 0.02338 -0.19073 0.20371 0.81444 -0.10226 0.56558 0.07965
1403638136.445096970 0.00481 -0.22086 0.19761 0.81717 -0.10259 0.56050 0.08682
1403638136.545097113 -0.00396 -0.22875 0.19955 0.81889 -0.11064 0.55650 0.08652
1403638136.645097017 -0.00931 -0.22264 0.21483 0.81777 -0.11731 0.55834 0.07584
1403638136.745096922 -0.00120 -0.19505 0.22529 0.81792 -0.11507 0.56036 0.06128
1403638136.845097065 0.00718 -0.15983 0.24389 0.81498 -0.11223 0.56717 0.03908
1403638136.945096970 0.01774 -0.11929 0.25130 0.80472 -0.11594 0.58204 0.01459
1403638137.045097113 0.02752 -0.08017 0.24084 0.79949 -0.11497 0.58957 0.00019
1403638137.145097017 0.03505 -0.04542 0.21123 0.80475 -0.10413 0.58441 0.00025
1403638137.245096922 0.03917 -0.02380 0.17172 0.81470 -0.08888 0.57302 0.00313
1403638137.345097065 0.03297 0.00029 0.13771 0.82116 -0.07845 0.56528 0.00335
1403638137.445096970 0.03234 0.01295 0.10532 0.82743 -0.07084 0.55698 0.01013
1403638137.545097113 0.03010 0.01784 0.07284 0.83650 -0.06014 0.54421 0.02214
1403638137.645097017 0.02976 0.01995 0.05615 0.84128 -0.05272 0.53693 0.03424
1403638137.745096922 0.03382 0.02491 0.03065 0.83949 -0.05673 0.53891 0.04017
1403638137.845097065 0.03837 0.02875 0.00740 0.84195 -0.05887 0.53462 0.04284
1403638137.945096970 0.03603 0.03038 -0.00821 0.85031 -0.05134 0.52137 0.05012
1403638138.045097113 0.03418 0.03149 -0.01495 0.85525 -0.04438 0.51359 0.05294
1403638138.145097017 0.03308 0.03059 -0.01358 0.84961 -0.04787 0.52275 0.05104
1403638138.245096922 0.03262 0.02962 -0.01894 0.84462 -0.05326 0.53058 0.04764
1403638138.345097065 0.03134 0.02887 -0.00935 0.84066 -0.05415 0.53672 0.04784
1403638138.445096970 0.03142 0.02847 -0.02882 0.83779 -0.05395 0.54120 0.04791
1403638138.545097113 0.03039 0.02958 -0.01878 0.83759 -0.05383 0.54158 0.04730
1403638138.645097017 0.03254 0.02724 -0.02947 0.83757 -0.05394 0.54165 0.04677
1403638138.745096922 0.03271 0.02757 -0.03253 0.83754 -0.05382 0.54174 0.04640
1403638138.845097065 0.03359 0.02706 -0.03768 0.83761 -0.05323 0.54169 0.04634
1403638138.945096970 0.03329 0.02587 -0.03958 0.83767 -0.05360 0.54160 0.04589
1403638139.045097113 0.03522 0.02027 -0.04660 0.83753 -0.05375 0.54185 0.04537
1403638139.145097017 0.03338 0.03388 -0.04935 0.83750 -0.05390 0.54190 0.04505
1403638139.245096922 0.04104 0.02438 -0.05650 0.83747 -0.05405 0.54196 0.04480
1403638139.345097065 0.02770 0.01777 -0.04647 0.83745 -0.05389 0.54201 0.04472
1403638139.445096970 0.03055 0.03331 -0.05385 0.83741 -0.05365 0.54210 0.04465
1403638139.545097113 0.03391 0.03350 -0.05852 0.83738 -0.05346 0.54218 0.04453
1403638139.645097017 0.02893 0.02270 -0.05477 0.83735 -0.05335 0.54224 0.04445
1403638139.745096922 0.02656 0.02480 -0.05662 0.83733 -0.05325 0.54230 0.04430
1403638139.845097065 0.02435 0.01971 -0.05572 0.83730 -0.05314 0.54237 0.04414
1403638139.945096970 0.02722 0.01416 -0.05351 0.83727 -0.05313 0.54242 0.04392
1403638140.045097113 0.02021 0.01419 -0.05659 0.83726 -0.05301 0.54247 0.04365
1403638140.145097017 0.01811 0.01241 -0.05753 0.83721 -0.05285 0.54258 0.04353
1403638140.245096922 0.00955 0.00268 -0.05414 0.83715 -0.05275 0.54269 0.04329
1403638140.345097065 0.01448 0.00889 -0.05955 0.83713 -0.05266 0.54275 0.04309
1403638140.445096970 0.01244 0.00808 -0.06111 0.83712 -0.05258 0.54278 0.04299
1403638140.545097113 0.01019 0.00668 -0.06297 0.83710 -0.05251 0.54284 0.04279
1403638140.645097017 0.00913 0.00619 -0.06430 0.83706 -0.05251 0.54290 0.04266
1403638140.745096922 0.00910 0.00681 -0.06614 0.83703 -0.05247 0.54297 0.04253
1403638140.845097065 0.00856 0.00688 -0.06747 0.83701 -0.05242 0.54301 0.04249
1403638140.945096970 0.00025 0.00156 -0.07347 0.83702 -0.05230 0.54301 0.04239
1403638141.045097113 0.00858 0.00783 -0.06966 0.83697 -0.05228 0.54310 0.04232
1403638141.145097017 0.00908 0.00862 -0.07060 0.83691 -0.05222 0.54320 0.04222
1403638141.245096922 0.00970 0.00950 -0.07136 0.83690 -0.05214 0.54324 0.04210
1403638141.345097065 0.01053 0.01053 -0.07202 0.83687 -0.05210 0.54329 0.04197
1403638141.445096970 0.01243 0.01226 -0.07201 0.83686 -0.05204 0.54333 0.04183
1403638141.545097113 0.01352 0.01351 -0.07248 0.83684 -0.05196 0.54338 0.04175
1403638141.645097017 0.01470 0.01475 -0.07292 0.83683 -0.05193 0.54340 0.04164
1403638141.745096922 0.01595 0.01601 -0.07334 0.83679 -0.05190 0.54347 0.04156
1403638141.845097065 0.01763 0.01751 -0.07346 0.83679 -0.05177 0.54349 0.04141
1403638141.945096970 0.01906 0.01848 -0.07386 0.83678 -0.05177 0.54351 0.04138
1403638142.045097113 0.02024 0.01960 -0.07433 0.83676 -0.05167 0.54356 0.04124
1403638142.145097017 0.02122 0.02041 -0.07504 0.83676 -0.05161 0.54359 0.04107
1403638142.245096922 0.02438 0.02481 -0.07350 0.83675 -0.05202 0.54352 0.04150
1403638142.345097065 0.02314 0.02159 -0.07687 0.83671 -0.05196 0.54360 0.04149
1403638142.445096970 0.02399 0.02189 -0.07806 0.83671 -0.05192 0.54360 0.04137
1403638142.545097113 0.02443 0.02309 -0.07887 0.83673 -0.05187 0.54360 0.04116
1403638142.645097017 0.02513 0.02395 -0.07980 0.83676 -0.05145 0.54362 0.04077
1403638142.745096922 0.02539 0.02381 -0.08105 0.83681 -0.05151 0.54354 0.04084
1403638142.845097065 0.02576 0.02383 -0.08190 0.83688 -0.05166 0.54340 0.04103
1403638142.945096970 0.02645 0.02399 -0.08291 0.83692 -0.05150 0.54335 0.04099
1403638143.045097113 0.02735 0.02385 -0.08417 0.83698 -0.05143 0.54327 0.04094
1403638143.145097017 0.02738 0.02418 -0.08536 0.83692 -0.05137 0.54336 0.04100
1403638143.245096922 0.02788 0.02442 -0.08621 0.83697 -0.05135 0.54329 0.04098
1403638143.345097065 0.02840 0.02463 -0.08818 0.83696 -0.05130 0.54331 0.04109
1403638143.445096970 0.02913 0.02444 -0.08951 0.83692 -0.05142 0.54335 0.04117
1403638143.545097113 0.02951 0.02468 -0.08885 0.83688 -0.05149 0.54340 0.04120
1403638143.645097017 0.02987 0.02493 -0.08861 0.83689 -0.05162 0.54337 0.04113
1403638143.745096922 0.03125 0.02555 -0.09875 0.83688 -0.05158 0.54340 0.04111
1403638143.845097065 0.03234 0.02404 -0.09420 0.83687 -0.05150 0.54343 0.04097
1403638143.945096970 0.03032 0.02636 -0.07955 0.83684 -0.05152 0.54348 0.04100
1403638144.045097113 0.03010 0.02599 -0.08346 0.83685 -0.05155 0.54346 0.04086
1403638144.145097017 0.03022 0.02594 -0.08153 0.83685 -0.05153 0.54347 0.04089
1403638144.245096922 0.03014 0.02592 -0.07820 0.83682 -0.05150 0.54353 0.04080
1403638144.345097065 0.02704 0.02934 -0.07296 0.83680 -0.05145 0.54357 0.04064
1403638144.445096970 0.03000 0.02568 -0.07369 0.83678 -0.05144 0.54360 0.04061
1403638144.545097113 0.03036 0.02521 -0.07131 0.83676 -0.05152 0.54362 0.04063
1403638144.645097017 0.03073 0.02470 -0.06892 0.83674 -0.05143 0.54367 0.04055
1403638144.745096922 0.03100 0.02402 -0.06669 0.83672 -0.05135 0.54371 0.04056
1403638144.845097065 0.03169 0.02298 -0.06488 0.83669 -0.05136 0.54375 0.04046
1403638144.945096970 0.03211 0.02134 -0.06134 0.83676 -0.05132 0.54366 0.04047
1403638145.045097113 0.03245 0.02141 -0.06069 0.83675 -0.05134 0.54368 0.04043
1403638145.145097017 0.03316 0.02119 -0.05854 0.83676 -0.05136 0.54365 0.04050
1403638145.245096922 0.03383 0.02057 -0.05641 0.83675 -0.05133 0.54367 0.04049
1403638145.345097065 0.03430 0.01993 -0.05438 0.83673 -0.05134 0.54371 0.04043
1403638145.445096970 0.03473 0.01588 -0.05063 0.83672 -0.05142 0.54370 0.04057
1403638145.545097113 0.03681 0.02138 -0.04945 0.83668 -0.05140 0.54377 0.04048
1403638145.645097017 0.03632 0.01753 -0.04792 0.83676 -0.05139 0.54366 0.04034
1403638145.745096922 0.03672 0.01622 -0.04706 0.83675 -0.05139 0.54367 0.04027
1403638145.845097065 0.03814 0.01762 -0.04474 0.83674 -0.05137 0.54370 0.04027
1403638145.945096970 0.03940 0.01515 -0.04230 0.83675 -0.05144 0.54367 0.04030
1403638146.045097113 0.03685 0.00971 -0.03825 0.83672 -0.05138 0.54373 0.04019
1403638146.145097017 0.04119 0.01965 -0.04203 0.83673 -0.05136 0.54372 0.04015
1403638146.245096922 0.04267 0.02150 -0.04123 0.83673 -0.05129 0.54372 0.04021
1403638146.345097065 0.04589 0.01758 -0.04180 0.83673 -0.05135 0.54372 0.04014
1403638146.445096970 0.04504 0.02522 -0.03980 0.83666 -0.05137 0.54382 0.04017
1403638146.545097113 0.04718 0.02903 -0.03961 0.83673 -0.05138 0.54371 0.04018
1403638146.645097017 0.04923 0.03248 -0.03970 0.83677 -0.05138 0.54365 0.04023
1403638146.745096922 0.04994 0.03569 -0.03959 0.83673 -0.05130 0.54372 0.04021
1403638146.845097065 0.05169 0.03310 -0.03697 0.83673 -0.05123 0.54372 0.04025
1403638146.945096970 0.05125 0.04279 -0.03984 0.83673 -0.05125 0.54374 0.04017
1403638147.045097113 0.05707 0.05378 -0.04550 0.83678 -0.05121 0.54365 0.04020
1403638147.145097017 0.04397 0.05621 -0.04750 0.83693 -0.05116 0.54345 0.03987
1403638147.245096922 0.05508 0.05585 -0.03945 0.83693 -0.05108 0.54347 0.03975
1403638147.345097065 0.04887 0.05842 -0.04920 0.83677 -0.05105 0.54371 0.03990
1403638147.445096970 0.03864 0.05076 -0.03350 0.83678 -0.05103 0.54370 0.03982
1403638147.545097113 0.04981 0.05615 -0.04152 0.83637 -0.05131 0.54430 0.03995
1403638147.645097017 0.05137 0.06172 -0.04642 0.83632 -0.05067 0.54445 0.03974
1403638147.745096922 0.04770 0.05885 -0.05032 0.83567 -0.05028 0.54555 0.03886
1403638147.845097065 0.05092 0.06095 -0.04611 0.83118 -0.05257 0.55200 0.04092
1403638147.945096970 0.05874 0.05865 -0.04002 0.82303 -0.05482 0.56371 0.04304
1403638148.045097113 0.06821 0.05697 -0.02628 0.81732 -0.05517 0.57185 0.04393
1403638148.145097017 0.07880 0.05436 -0.00417 0.81339 -0.05340 0.57757 0.04423
1403638148.245096922 0.08962 0.05272 0.03064 0.81187 -0.05101 0.58003 0.04283
1403638148.345097065 0.09578 0.05354 0.07549 0.81127 -0.04792 0.58124 0.04131
1403638148.445096970 0.10474 0.05367 0.12276 0.81260 -0.04489 0.57969 0.04035
1403638148.545097113 0.11401 0.04746 0.14955 0.81749 -0.04185 0.57294 0.04119
1403638148.645097017 0.12105 0.04864 0.15291 0.82171 -0.03956 0.56708 0.04053
1403638148.745096922 0.13557 0.04672 0.14816 0.82478 -0.03821 0.56283 0.03876
1403638148.845097065 0.15388 0.04621 0.15382 0.82639 -0.03714 0.56065 0.03697
1403638148.945096970 0.16939 0.05118 0.16180 0.82590 -0.03591 0.56151 0.03600
1403638149.045097113 0.19032 0.05590 0.18370 0.82281 -0.03438 0.56619 0.03519
1403638149.145097017 0.21366 0.05709 0.21647 0.81966 -0.03301 0.57081 0.03512
1403638149.245096922 0.23987 0.06339 0.24977 0.81800 -0.03314 0.57323 0.03424
1403638149.345097065 0.26899 0.06763 0.28064 0.81687 -0.03470 0.57489 0.03196
1403638149.445096970 0.29338 0.08050 0.30807 0.81592 -0.03454 0.57625 0.03193
1403638149.545097113 0.31334 0.07795 0.32890 0.81535 -0.03353 0.57704 0.03319
1403638149.645097017 0.32491 0.09044 0.33610 0.81563 -0.03054 0.57685 0.03271
1403638149.845097065 0.37796 0.10624 0.35583 0.81622 -0.02016 0.57680 0.02622
1403638150.045097113 0.42102 0.12761 0.35232 0.81624 -0.01158 0.57696 0.02716
1403638150.145097017 0.44179 0.12890 0.33852 0.81648 -0.00466 0.57635 0.03399
1403638150.345097065 0.48875 0.17985 0.30767 0.81923 0.00064 0.57204 0.04034
1403638150.445096970 0.51412 0.21081 0.29120 0.82538 -0.00077 0.56369 0.03170
1403638150.645097017 0.57363 0.28380 0.27702 0.83192 0.00622 0.55468 0.01430
1403638150.745096922 0.60901 0.32258 0.28368 0.83113 0.01115 0.55587 0.00974
1403638150.845097065 0.65044 0.36469 0.29777 0.82918 0.01965 0.55860 0.00590
1403638151.045097113 0.73735 0.45400 0.31853 0.82267 0.03794 0.56725 -0.00266
1403638151.145097017 0.78194 0.50423 0.32141 0.81930 0.05335 0.57080 -0.00955
1403638151.245096922 0.82733 0.55320 0.31632 0.81845 0.07166 0.56966 -0.02228
1403638151.345097065 0.87378 0.60638 0.30700 0.81768 0.09163 0.56715 -0.03654
1403638151.445096970 0.91292 0.67275 0.30241 0.81564 0.11104 0.56525 -0.05381
1403638151.645097017 0.99491 0.78223 0.30412 0.81040 0.14490 0.56209 -0.07946
1403638151.745096922 1.03374 0.84055 0.31582 0.80858 0.15571 0.56077 -0.08651
1403638151.845097065 1.07301 0.90209 0.33679 0.80799 0.16279 0.55886 -0.09122
1403638151.945096970 1.11229 0.96440 0.36417 0.80771 0.16741 0.55774 -0.09225
1403638152.145097017 1.19175 1.09783 0.41591 0.80763 0.17082 0.55676 -0.09260
1403638152.245096922 1.23174 1.16717 0.43298 0.80740 0.17153 0.55704 -0.09156
1403638152.345097065 1.27181 1.23916 0.44345 0.80677 0.17271 0.55808 -0.08856
1403638152.445096970 1.31037 1.31293 0.44480 0.80703 0.17350 0.55792 -0.08557
1403638152.545097113 1.34925 1.39065 0.43934 0.80695 0.17414 0.55817 -0.08342
1403638152.645097017 1.38765 1.47303 0.42980 0.80846 0.17239 0.55613 -0.08605
1403638152.845097065 1.46770 1.65619 0.42688 0.80604 0.17848 0.55483 -0.10299
1403638152.945096970 1.50883 1.74977 0.43801 0.80054 0.18708 0.55763 -0.11484
1403638153.045097113 1.54999 1.84501 0.45507 0.79883 0.19960 0.55359 -0.12477
1403638153.145097017 1.58959 1.93874 0.47612 0.79969 0.21074 0.54652 -0.13191
1403638153.245096922 1.62935 2.03241 0.49512 0.79942 0.21918 0.54250 -0.13632
1403638153.345097065 1.66942 2.12703 0.50918 0.79787 0.22883 0.53951 -0.14135
1403638153.445096970 1.70880 2.22346 0.52008 0.79464 0.24231 0.53683 -0.14711
1403638153.545097113 1.74707 2.31964 0.53342 0.78995 0.26154 0.53439 -0.14833
1403638153.645097017 1.78533 2.42047 0.55353 0.78439 0.27999 0.53148 -0.15451
1403638153.745096922 1.82498 2.52748 0.57539 0.77775 0.29427 0.52926 -0.16852
1403638153.845097065 1.86583 2.63921 0.59241 0.77140 0.30653 0.52779 -0.18005
1403638153.945096970 1.90596 2.75413 0.60436 0.76488 0.31315 0.52954 -0.19098
1403638154.045097113 1.94624 2.87216 0.60923 0.76125 0.31619 0.52996 -0.19913
1403638154.145097017 1.98677 2.99322 0.60899 0.75652 0.31870 0.53382 -0.20283
1403638154.245096922 2.02605 3.11559 0.60442 0.75158 0.32014 0.53953 -0.20385
1403638154.345097065 2.06370 3.24002 0.59675 0.74787 0.31890 0.54468 -0.20571
1403638154.445096970 2.09586 3.36190 0.58666 0.74274 0.31608 0.55217 -0.20867
1403638154.545097113 2.12143 3.48002 0.57369 0.74177 0.31426 0.55396 -0.21012
1403638154.645097017 2.13642 3.59034 0.56589 0.74345 0.31650 0.54929 -0.21304
1403638154.745096922 2.14643 3.70033 0.56447 0.74550 0.32441 0.54115 -0.21480
1403638154.845097065 2.15164 3.80858 0.57063 0.74498 0.33442 0.53619 -0.21371
1403638154.945096970 2.15039 3.91180 0.58401 0.74224 0.34412 0.53371 -0.21404
1403638155.045097113 2.14211 4.01362 0.60522 0.73697 0.35362 0.53258 -0.21953
1403638155.145097017 2.12798 4.11547 0.63004 0.73082 0.36332 0.53115 -0.22754
1403638155.245096922 2.11006 4.21751 0.65062 0.72508 0.36927 0.53095 -0.23662
1403638155.345097065 2.08734 4.31923 0.66443 0.71833 0.37515 0.53334 -0.24252
1403638155.445096970 2.05826 4.41913 0.67146 0.71045 0.38383 0.53508 -0.24823
1403638155.645097017 1.98189 4.61837 0.66806 0.69774 0.39941 0.52711 -0.27528
1403638155.745096922 1.93478 4.71105 0.65993 0.68864 0.40978 0.52177 -0.29259
1403638155.845097065 1.88363 4.79870 0.64707 0.68066 0.42407 0.51249 -0.30696
1403638155.945096970 1.82809 4.87974 0.63260 0.67523 0.44328 0.49639 -0.31808
1403638156.045097113 1.77016 4.95431 0.62315 0.66980 0.46583 0.47701 -0.32686
1403638156.145097017 1.71159 5.02543 0.62288 0.66231 0.48574 0.46015 -0.33714
1403638156.245096922 1.65461 5.09604 0.63108 0.65410 0.50102 0.44728 -0.34795
1403638156.345097065 1.59952 5.16565 0.64263 0.64793 0.51590 0.43411 -0.35437
1403638156.445096970 1.54713 5.23398 0.65013 0.64373 0.52531 0.42456 -0.35974
1403638156.545097113 1.49876 5.30518 0.65063 0.64063 0.53090 0.41927 -0.36324
1403638156.645097017 1.45427 5.38184 0.64428 0.63865 0.53368 0.41721 -0.36504
1403638156.845097065 1.37341 5.56219 0.61788 0.63881 0.53452 0.41685 -0.36394
1403638156.945096970 1.33799 5.65592 0.60104 0.64012 0.53372 0.41768 -0.36185
1403638157.145097017 1.27885 5.86089 0.58690 0.64618 0.53151 0.41609 -0.35612
1403638157.345097065 1.23235 6.08138 0.59894 0.64620 0.53181 0.41727 -0.35424
1403638157.445096970 1.21200 6.19512 0.60820 0.64123 0.53476 0.42179 -0.35348
1403638157.645097017 1.17103 6.43589 0.61166 0.62301 0.54424 0.42693 -0.36524
1403638157.745096922 1.14886 6.55704 0.61032 0.60803 0.55544 0.42779 -0.37253
1403638157.945096970 1.09621 6.80421 0.62955 0.58179 0.57977 0.41156 -0.39498
1403638158.045097113 1.06756 6.92355 0.64616 0.57326 0.59006 0.40058 -0.40340
1403638158.245096922 1.01386 7.15634 0.66595 0.56483 0.59898 0.38250 -0.41938
1403638158.345097065 0.98938 7.26837 0.66884 0.56014 0.60357 0.38183 -0.41971
1403638158.445096970 0.96571 7.37808 0.66832 0.55598 0.60671 0.38435 -0.41842
1403638158.645097017 0.91754 7.60415 0.65633 0.55087 0.60842 0.39173 -0.41583
1403638158.845097065 0.86131 7.83149 0.64355 0.56000 0.60439 0.38331 -0.41735
1403638159.045097113 0.80499 8.05904 0.65578 0.57127 0.60542 0.37172 -0.41102
1403638159.245096922 0.75479 8.29233 0.68414 0.58250 0.61314 0.35878 -0.39502
1403638159.345097065 0.73201 8.41692 0.69492 0.57925 0.60560 0.36588 -0.40479
1403638159.545097113 0.69505 8.68260 0.71749 0.56543 0.57929 0.38744 -0.44113
1403638159.645097017 0.68416 8.80376 0.73768 0.56521 0.56653 0.38616 -0.45877
1403638159.745096922 0.68218 8.91809 0.76487 0.56625 0.55990 0.38289 -0.46826
1403638159.845097065 0.69112 9.02192 0.79955 0.56140 0.56153 0.38939 -0.46679
1403638160.045097113 0.73230 9.20028 0.89278 0.55013 0.57692 0.40444 -0.44828
1403638160.145097017 0.75797 9.26833 0.94905 0.55100 0.58337 0.40189 -0.44109
1403638160.345097065 0.81115 9.39635 1.08773 0.56238 0.60170 0.38263 -0.41866
1403638160.445096970 0.83814 9.45737 1.16418 0.56491 0.60548 0.37801 -0.41397
1403638160.545097113 0.86596 9.51937 1.23616 0.56601 0.60680 0.37626 -0.41213
1403638160.745096922 0.92075 9.66007 1.36812 0.56634 0.60418 0.37573 -0.41600
1403638160.845097065 0.94895 9.73104 1.42927 0.56694 0.59331 0.38005 -0.42676
1403638161.045097113 1.01641 9.87261 1.54262 0.57687 0.56403 0.40103 -0.43390
1403638161.145097017 1.05611 9.93654 1.59413 0.58753 0.55241 0.41097 -0.42515
1403638161.245096922 1.09909 9.99671 1.64179 0.60248 0.54067 0.42023 -0.41001
1403638161.345097065 1.14535 10.05589 1.68892 0.61896 0.52653 0.42915 -0.39432
1403638161.445096970 1.19318 10.11141 1.73384 0.63495 0.51764 0.43167 -0.37755
1403638161.545097113 1.24093 10.16525 1.77456 0.64653 0.51230 0.43269 -0.36378
1403638161.645097017 1.28731 10.21735 1.80899 0.65494 0.50584 0.43335 -0.35692
1403638161.745096922 1.34301 10.27562 1.83927 0.66039 0.49851 0.43361 -0.35687
1403638161.845097065 1.39763 10.33011 1.86381 0.66242 0.49104 0.43911 -0.35673
1403638161.945096970 1.45264 10.38320 1.88402 0.66498 0.48228 0.44657 -0.35466
1403638162.045097113 1.51596 10.43634 1.90283 0.66874 0.47574 0.45054 -0.35138
1403638162.145097017 1.58357 10.48613 1.92902 0.67299 0.47171 0.45056 -0.34867
1403638162.345097065 1.71654 10.57987 1.98701 0.68180 0.46524 0.44447 -0.34805
1403638162.445096970 1.79187 10.62988 2.01381 0.68197 0.46195 0.44543 -0.35087
1403638162.545097113 1.87256 10.67426 2.03456 0.68004 0.46239 0.44870 -0.34986
1403638162.645097017 1.95720 10.71679 2.05865 0.67776 0.46601 0.45151 -0.34584
1403638162.845097065 2.13214 10.79640 2.12710 0.67989 0.46766 0.45015 -0.34118
1403638162.945096970 2.22541 10.83462 2.17311 0.68261 0.45847 0.45158 -0.34629
1403638163.045097113 2.32180 10.87249 2.22175 0.67993 0.44958 0.46081 -0.35103
1403638163.245096922 2.52764 10.94139 2.27283 0.68621 0.43622 0.47187 -0.34083
1403638163.345097065 2.63530 10.97077 2.28006 0.69191 0.42921 0.47895 -0.32810
1403638163.445096970 2.75070 10.99474 2.28115 0.69805 0.41896 0.48702 -0.31622
1403638163.545097113 2.85296 11.02224 2.28906 0.70401 0.40936 0.49198 -0.30783
1403638163.645097017 2.96155 11.04879 2.30480 0.70869 0.40337 0.49396 -0.30176
1403638163.745096922 3.06325 11.06355 2.32373 0.71109 0.39939 0.49621 -0.29768
1403638163.845097065 3.16612 11.07970 2.35039 0.71178 0.39616 0.49813 -0.29713
1403638163.945096970 3.27086 11.09361 2.39183 0.71347 0.39397 0.49675 -0.29831
1403638164.045097113 3.37175 11.10193 2.43444 0.71611 0.39121 0.49260 -0.30247
1403638164.245096922 3.57547 11.10623 2.53302 0.71519 0.38806 0.49095 -0.31124
1403638164.345097065 3.68084 11.10161 2.57839 0.71360 0.38689 0.49151 -0.31545
1403638164.445096970 3.78776 11.09157 2.61776 0.71200 0.38772 0.49206 -0.31719
1403638164.545097113 3.89436 11.07635 2.65132 0.71259 0.38660 0.49005 -0.32032
1403638164.645097017 4.00721 11.05539 2.68097 0.71431 0.38404 0.48867 -0.32169
1403638164.745096922 4.12090 11.02746 2.70509 0.71529 0.38102 0.49357 -0.31555
1403638164.845097065 4.23710 10.99415 2.72613 0.71051 0.38374 0.50664 -0.30204
1403638164.945096970 4.35161 10.95932 2.74262 0.70662 0.38515 0.51718 -0.29132
1403638165.045097113 4.46677 10.91777 2.75607 0.70636 0.37525 0.52215 -0.29597
1403638165.145097017 4.57794 10.87324 2.76314 0.71243 0.36374 0.52028 -0.29909
1403638165.245096922 4.68918 10.82327 2.76495 0.72216 0.36144 0.51258 -0.29172
1403638165.345097065 4.80237 10.76978 2.76272 0.73265 0.35815 0.50235 -0.28741
1403638165.445096970 4.91611 10.71394 2.75656 0.73576 0.35367 0.50132 -0.28681
1403638165.545097113 5.03073 10.65509 2.74704 0.72966 0.34989 0.51310 -0.28619
1403638165.645097017 5.14281 10.59153 2.73237 0.72008 0.34758 0.52849 -0.28526
1403638165.745096922 5.25008 10.52237 2.71269 0.71291 0.34687 0.53957 -0.28339
1403638165.845097065 5.35355 10.44682 2.68746 0.71526 0.35032 0.53695 -0.27814
1403638165.945096970 5.45272 10.36498 2.66476 0.72123 0.35475 0.52881 -0.27264
1403638166.045097113 5.54693 10.28020 2.64953 0.72836 0.35880 0.51840 -0.26836
1403638166.145097017 5.63810 10.19524 2.64515 0.73082 0.36542 0.51408 -0.26092
1403638166.245096922 5.72740 10.11122 2.65728 0.73113 0.36967 0.51172 -0.25871
1403638166.345097065 5.81115 10.03111 2.69107 0.72993 0.37351 0.51157 -0.25688
1403638166.445096970 5.88759 9.95544 2.74151 0.72961 0.37617 0.51091 -0.25522
1403638166.545097113 5.95874 9.88374 2.79336 0.72915 0.37696 0.51037 -0.25645
1403638166.645097017 6.02933 9.81354 2.83883 0.72883 0.37737 0.50985 -0.25779
1403638166.745096922 6.09925 9.74707 2.87580 0.73081 0.37492 0.50626 -0.26277
1403638166.845097065 6.16870 9.68218 2.90368 0.73906 0.37027 0.49344 -0.27057
1403638166.945096970 6.24229 9.61723 2.92296 0.74982 0.36889 0.47660 -0.27304
1403638167.045097113 6.32138 9.55784 2.93866 0.75534 0.37210 0.46810 -0.26811
1403638167.145097017 6.40813 9.50381 2.95835 0.75553 0.37655 0.46770 -0.26199
1403638167.245096922 6.50380 9.45560 2.98623 0.75294 0.38038 0.47161 -0.25684
1403638167.345097065 6.60807 9.41295 3.02116 0.75022 0.38164 0.47592 -0.25498
1403638167.445096970 6.71715 9.37537 3.05859 0.74889 0.38006 0.47863 -0.25618
1403638167.545097113 6.82944 9.34324 3.09070 0.74603 0.37639 0.48365 -0.26049
1403638167.645097017 6.94484 9.31412 3.11598 0.74505 0.36728 0.48704 -0.26981
1403638167.745096922 7.06338 9.28621 3.13441 0.74703 0.35566 0.49007 -0.27436
1403638167.845097065 7.18752 9.25780 3.14825 0.75230 0.34132 0.49147 -0.27569
1403638167.945096970 7.31691 9.22771 3.15945 0.75706 0.32712 0.49604 -0.27165
1403638168.045097113 7.45141 9.19515 3.16930 0.76170 0.31440 0.50118 -0.26416
1403638168.145097017 7.58943 9.16103 3.18593 0.76538 0.30393 0.50558 -0.25730
1403638168.245096922 7.73010 9.12053 3.21050 0.76906 0.29441 0.51110 -0.24627
1403638168.345097065 7.87535 9.07495 3.24096 0.77302 0.28397 0.51707 -0.23332
1403638168.445096970 8.02396 9.02682 3.27749 0.77617 0.27392 0.52364 -0.21982
1403638168.545097113 8.17359 8.97734 3.31013 0.78114 0.27262 0.52437 -0.20131
1403638168.645097017 8.32359 8.92935 3.33380 0.78618 0.27452 0.52223 -0.18393
1403638168.745096922 8.47452 8.88643 3.34876 0.78904 0.27587 0.52098 -0.17291
1403638168.845097065 8.62419 8.85121 3.35730 0.79107 0.27609 0.51927 -0.16836
1403638168.945096970 8.77504 8.82435 3.36022 0.79205 0.27689 0.51796 -0.16644
1403638169.045097113 8.92694 8.80533 3.35949 0.78876 0.27834 0.52168 -0.16801
1403638169.145097017 9.08052 8.79211 3.35507 0.78337 0.27504 0.52812 -0.17826
1403638169.245096922 9.23614 8.78105 3.34479 0.78105 0.26879 0.53019 -0.19135
1403638169.345097065 9.39190 8.77017 3.33103 0.77952 0.25309 0.53417 -0.20723
1403638169.445096970 9.54830 8.75581 3.31483 0.77824 0.23375 0.54074 -0.21751
1403638169.545097113 9.70531 8.73397 3.30159 0.77841 0.21694 0.54806 -0.21596
1403638169.645097017 9.86375 8.70073 3.29529 0.78113 0.20349 0.55427 -0.20301
1403638169.745096922 10.01911 8.65829 3.29394 0.78597 0.19249 0.55861 -0.18209
1403638169.845097065 10.17106 8.60817 3.30023 0.78971 0.18373 0.56486 -0.15341
1403638169.945096970 10.31917 8.55592 3.31471 0.79015 0.17239 0.57456 -0.12583
1403638170.045097113 10.46291 8.50520 3.33453 0.78706 0.15430 0.58747 -0.10777
1403638170.145097017 10.60134 8.45634 3.35084 0.78811 0.13097 0.59360 -0.09684
1403638170.245096922 10.73305 8.40808 3.35926 0.79194 0.10554 0.59491 -0.08816
1403638170.345097065 10.86015 8.35838 3.35957 0.79707 0.07979 0.59319 -0.08026
1403638170.445096970 10.97807 8.30512 3.35547 0.80300 0.05639 0.58928 -0.06902
1403638170.545097113 11.09092 8.24798 3.35146 0.80524 0.03056 0.58867 -0.06428
1403638170.645097017 11.19608 8.18516 3.35753 0.80296 0.00705 0.59326 -0.05693
1403638170.745096922 11.29190 8.11394 3.37262 0.80139 -0.01295 0.59622 -0.04615
1403638170.845097065 11.37702 8.03687 3.39295 0.80064 -0.03099 0.59742 -0.03326
1403638170.945096970 11.45082 7.95298 3.40966 0.80066 -0.04755 0.59695 -0.01805
1403638171.045097113 11.51234 7.86324 3.41990 0.79844 -0.06456 0.59858 -0.00430
1403638171.145097017 11.56061 7.77065 3.42359 0.79600 -0.07877 0.60012 0.00555
1403638171.245096922 11.59460 7.67643 3.42405 0.79357 -0.09039 0.60164 0.01070
1403638171.345097065 11.61777 7.57937 3.42274 0.79170 -0.09752 0.60289 0.01486
1403638171.445096970 11.63201 7.47804 3.41990 0.78930 -0.10432 0.60480 0.01857
1403638171.545097113 11.63818 7.37237 3.41479 0.78624 -0.11182 0.60741 0.01932
1403638171.645097017 11.63872 7.25977 3.40873 0.78316 -0.11974 0.60979 0.02192
1403638171.745096922 11.63205 7.13975 3.40141 0.77995 -0.13084 0.61152 0.02456
1403638171.845097065 11.61573 7.01301 3.39520 0.77658 -0.14119 0.61340 0.02701
1403638171.945096970 11.58717 6.87876 3.39463 0.77137 -0.14847 0.61802 0.03164
1403638172.045097113 11.54481 6.73792 3.39969 0.76969 -0.15111 0.61898 0.03999
1403638172.145097017 11.48844 6.59248 3.40762 0.76964 -0.15207 0.61836 0.04652
1403638172.245096922 11.42093 6.44370 3.40906 0.77067 -0.15291 0.61660 0.04984
1403638172.345097065 11.34139 6.29275 3.40091 0.77115 -0.15232 0.61593 0.05244
1403638172.445096970 11.25302 6.13868 3.38203 0.77022 -0.15176 0.61726 0.05206
1403638172.545097113 11.15709 5.98111 3.35348 0.76792 -0.15191 0.62034 0.04908
1403638172.645097017 11.05161 5.82011 3.31641 0.76627 -0.15161 0.62276 0.04491
1403638172.745096922 10.93302 5.65623 3.27300 0.76686 -0.15029 0.62256 0.04192
1403638172.845097065 10.80219 5.48713 3.22614 0.76658 -0.14973 0.62334 0.03710
1403638172.945096970 10.65851 5.31453 3.17577 0.76846 -0.14867 0.62155 0.03245
1403638173.045097113 10.50321 5.13538 3.12107 0.77231 -0.14829 0.61713 0.02638
1403638173.145097017 10.33836 4.95046 3.05984 0.77747 -0.14792 0.61092 0.02081
1403638173.245096922 10.16517 4.75977 2.99181 0.78175 -0.14337 0.60643 0.02355
1403638173.345097065 9.98505 4.56465 2.91827 0.78622 -0.13723 0.60174 0.03057
1403638173.445096970 9.80051 4.36624 2.83734 0.78887 -0.12682 0.59953 0.04650
1403638173.545097113 9.61458 4.16756 2.74615 0.79198 -0.11968 0.59590 0.05785
1403638173.645097017 9.42883 3.97034 2.65097 0.79288 -0.11741 0.59469 0.06239
1403638173.745096922 9.24005 3.77648 2.55102 0.79332 -0.11754 0.59396 0.06348
1403638173.845097065 9.05047 3.58529 2.45039 0.79427 -0.11939 0.59236 0.06321
1403638173.945096970 8.86066 3.39188 2.36498 0.79408 -0.11914 0.59250 0.06470
1403638174.045097113 8.65908 3.21462 2.26773 0.79559 -0.11964 0.59034 0.06487
1403638174.145097017 8.45617 3.03449 2.18516 0.79587 -0.11913 0.58997 0.06588
1403638174.245096922 8.25037 2.85725 2.10202 0.80034 -0.11867 0.58393 0.06632
1403638174.345097065 8.04454 2.68128 2.01307 0.80541 -0.11857 0.57704 0.06542
1403638174.445096970 7.84253 2.50803 1.91912 0.80914 -0.11815 0.57195 0.06482
1403638174.545097113 7.64586 2.33617 1.82956 0.81194 -0.11910 0.56808 0.06198
1403638174.645097017 7.45533 2.16583 1.74547 0.81635 -0.11627 0.56195 0.06532
1403638174.745096922 7.26915 1.99693 1.66707 0.82074 -0.11447 0.55565 0.06739
1403638174.845097065 7.08767 1.83052 1.59758 0.82387 -0.11360 0.55108 0.06813
1403638174.945096970 6.91437 1.66606 1.53304 0.82520 -0.11285 0.54905 0.06968
1403638175.045097113 6.74721 1.50471 1.47498 0.82442 -0.11218 0.55013 0.07142
1403638175.145097017 6.59015 1.34548 1.42289 0.82389 -0.11268 0.55055 0.07348
1403638175.245096922 6.44255 1.18830 1.37700 0.82432 -0.11255 0.54962 0.07579
1403638175.345097065 6.30071 1.03309 1.33718 0.82845 -0.11363 0.54301 0.07678
1403638175.445096970 6.16649 0.88023 1.30347 0.83400 -0.11207 0.53421 0.08064
1403638175.545097113 6.04857 0.73013 1.27907 0.84113 -0.10974 0.52280 0.08451
1403638175.645097017 5.94497 0.58503 1.26335 0.84854 -0.11120 0.51070 0.08248
1403638175.745096922 5.85838 0.44639 1.25454 0.85386 -0.11196 0.50199 0.07990
1403638175.845097065 5.78868 0.31171 1.24250 0.85746 -0.11067 0.49602 0.08048
1403638175.945096970 5.73311 0.17748 1.21921 0.85785 -0.10642 0.49559 0.08460
1403638176.045097113 5.69445 0.04510 1.19083 0.85288 -0.09946 0.50426 0.09183
1403638176.145097017 5.67265 -0.08235 1.16409 0.84061 -0.09221 0.52438 0.09948
1403638176.345097065 5.66308 -0.31009 1.12881 0.81650 -0.09469 0.56148 0.09542
1403638176.445096970 5.66508 -0.41034 1.11827 0.81425 -0.09437 0.56449 0.09716
1403638176.545097113 5.67029 -0.50318 1.11334 0.81443 -0.09446 0.56399 0.09843
1403638176.645097017 5.67741 -0.58930 1.11192 0.81598 -0.09441 0.56159 0.09944
1403638176.745096922 5.68825 -0.66931 1.11839 0.81637 -0.09452 0.56100 0.09947
1403638176.845097065 5.70216 -0.74168 1.13121 0.81643 -0.09725 0.56112 0.09550
1403638177.045097113 5.73588 -0.86951 1.15702 0.81839 -0.09771 0.55830 0.09484
1403638177.145097017 5.75562 -0.92649 1.15928 0.81888 -0.09576 0.55734 0.09818
1403638177.345097065 5.80311 -1.02163 1.14201 0.81907 -0.09344 0.55686 0.10145
1403638177.445096970 5.83045 -1.06020 1.12481 0.81967 -0.09454 0.55590 0.10089
1403638177.545097113 5.86141 -1.09352 1.10536 0.81868 -0.10168 0.55764 0.09204
1403638177.645097017 5.89522 -1.12273 1.08364 0.81751 -0.11087 0.55943 0.08014
1403638177.745096922 5.93144 -1.15123 1.05903 0.81559 -0.12041 0.56151 0.07087
1403638177.845097065 5.96901 -1.18067 1.03294 0.80911 -0.12829 0.56979 0.06500
1403638177.945096970 6.00444 -1.21111 1.00865 0.80218 -0.13238 0.57872 0.06378
1403638178.045097113 6.03503 -1.24396 0.99093 0.79747 -0.13320 0.58450 0.06829
1403638178.145097017 6.06121 -1.28044 0.98018 0.79491 -0.13718 0.58584 0.07810
1403638178.245096922 6.08117 -1.31910 0.97552 0.79046 -0.14866 0.58784 0.08674
1403638178.345097065 6.09552 -1.35951 0.98092 0.78587 -0.16473 0.58809 0.09707
1403638178.445096970 6.10206 -1.39995 0.98846 0.78210 -0.18497 0.58507 0.10864
1403638178.545097113 6.10245 -1.44096 0.99057 0.78109 -0.20821 0.57629 0.12019
1403638178.645097017 6.09834 -1.48374 0.98806 0.77953 -0.23243 0.56698 0.12977
1403638178.745096922 6.09106 -1.52972 0.98289 0.77473 -0.25431 0.56140 0.14122
1403638178.845097065 6.08153 -1.58005 0.97328 0.77137 -0.27288 0.55385 0.15419
1403638178.945096970 6.06930 -1.63253 0.96056 0.77092 -0.28698 0.54459 0.16355
1403638179.045097113 6.05495 -1.68581 0.94374 0.77343 -0.29648 0.53372 0.17040
1403638179.145097017 6.03973 -1.74193 0.92211 0.77547 -0.30219 0.52500 0.17807
1403638179.245096922 6.02578 -1.80270 0.89663 0.77659 -0.30725 0.51690 0.18793
1403638179.345097065 6.01458 -1.86820 0.86754 0.77601 -0.31514 0.50933 0.19768
1403638179.445096970 6.00678 -1.93809 0.83853 0.76649 -0.32765 0.51183 0.20780
1403638179.545097113 6.00097 -2.01044 0.80786 0.75207 -0.34318 0.51817 0.21933
1403638179.645097017 5.99448 -2.08360 0.77642 0.73998 -0.36059 0.51845 0.23155
1403638179.745096922 5.98529 -2.15649 0.75061 0.72865 -0.37800 0.51561 0.24565
1403638179.845097065 5.97362 -2.22898 0.73323 0.71795 -0.39524 0.51079 0.25967
1403638179.945096970 5.96165 -2.30229 0.72142 0.71109 -0.41268 0.50155 0.26924
1403638180.045097113 5.94949 -2.37664 0.71413 0.70867 -0.42764 0.49016 0.27322
1403638180.145097017 5.93700 -2.45354 0.71078 0.70444 -0.43822 0.48525 0.27614
1403638180.245096922 5.92379 -2.53356 0.70745 0.70179 -0.44274 0.48243 0.28059
1403638180.345097065 5.90982 -2.61656 0.69822 0.70093 -0.44671 0.48004 0.28057
1403638180.445096970 5.89465 -2.70200 0.68315 0.70232 -0.44646 0.47669 0.28317
1403638180.545097113 5.87904 -2.78954 0.66409 0.70318 -0.44349 0.47580 0.28718
1403638180.645097017 5.86232 -2.87800 0.64434 0.70605 -0.44110 0.47286 0.28865
1403638180.745096922 5.84649 -2.96796 0.62986 0.71078 -0.44003 0.46808 0.28646
1403638180.845097065 5.83263 -3.06233 0.62271 0.71358 -0.43942 0.46680 0.28251
1403638180.945096970 5.82223 -3.16148 0.62117 0.71422 -0.43801 0.46910 0.27925
1403638181.045097113 5.81495 -3.26513 0.61585 0.71293 -0.43670 0.47395 0.27639
1403638181.145097017 5.80970 -3.37269 0.60442 0.71197 -0.43655 0.47756 0.27286
1403638181.245096922 5.80565 -3.48429 0.58978 0.70740 -0.43554 0.48556 0.27227
1403638181.345097065 5.79979 -3.59982 0.57165 0.69751 -0.44006 0.49457 0.27428
1403638181.445096970 5.78980 -3.71870 0.54857 0.68524 -0.45170 0.49964 0.27708
1403638181.545097113 5.77365 -3.84088 0.52336 0.66644 -0.46538 0.50715 0.28650
1403638181.645097017 5.74893 -3.96479 0.49940 0.64991 -0.47721 0.50782 0.30331
1403638181.745096922 5.71561 -4.08821 0.48033 0.64224 -0.49015 0.49524 0.31939
1403638181.845097065 5.67678 -4.21415 0.47012 0.63655 -0.50326 0.47860 0.33538
1403638181.945096970 5.63481 -4.33961 0.46764 0.63196 -0.51681 0.46133 0.34743
1403638182.045097113 5.59200 -4.46295 0.47053 0.62875 -0.53000 0.44800 0.35080
1403638182.145097017 5.54761 -4.58082 0.48134 0.62602 -0.54033 0.43831 0.35217
1403638182.245096922 5.50266 -4.69524 0.49229 0.62289 -0.54961 0.43306 0.34986
1403638182.345097065 5.45653 -4.80756 0.49904 0.61985 -0.55688 0.43188 0.34518
1403638182.445096970 5.40733 -4.92197 0.50471 0.62140 -0.55911 0.42764 0.34408
1403638182.545097113 5.35521 -5.03835 0.51816 0.62758 -0.55540 0.41945 0.34889
1403638182.645097017 5.30299 -5.15933 0.53957 0.63298 -0.55109 0.41378 0.35274
1403638182.745096922 5.25258 -5.28410 0.56692 0.63503 -0.54887 0.41402 0.35223
1403638182.845097065 5.20468 -5.41066 0.59292 0.63517 -0.54668 0.41670 0.35222
1403638182.945096970 5.15817 -5.54141 0.61324 0.63311 -0.54384 0.42263 0.35326
1403638183.045097113 5.11131 -5.67801 0.62894 0.62970 -0.53907 0.43042 0.35723
1403638183.145097017 5.06531 -5.81466 0.63948 0.62929 -0.53271 0.43330 0.36394
1403638183.245096922 5.02026 -5.95285 0.64453 0.63212 -0.52973 0.43106 0.36607
1403638183.345097065 4.97697 -6.09169 0.64467 0.63659 -0.53184 0.42521 0.36207
1403638183.445096970 4.93701 -6.22987 0.64133 0.64162 -0.53472 0.41803 0.35727
1403638183.545097113 4.90122 -6.36860 0.63505 0.64590 -0.53518 0.41176 0.35616
1403638183.645097017 4.86951 -6.50952 0.62660 0.64478 -0.53524 0.41333 0.35628
1403638183.745096922 4.84205 -6.65618 0.62444 0.63988 -0.52988 0.42106 0.36399
1403638183.845097065 4.81860 -6.80249 0.62826 0.63581 -0.52317 0.42730 0.37343
1403638183.945096970 4.79878 -6.94361 0.63840 0.63275 -0.52111 0.43127 0.37695
1403638184.045097113 4.78296 -7.07948 0.65524 0.63295 -0.52293 0.43028 0.37519
1403638184.145097017 4.77150 -7.21219 0.67639 0.63712 -0.52698 0.42331 0.37038
1403638184.245096922 4.76459 -7.34064 0.69264 0.63985 -0.53204 0.41790 0.36453
1403638184.345097065 4.76078 -7.47167 0.70458 0.63965 -0.53245 0.41713 0.36516
1403638184.445096970 4.76124 -7.60403 0.71344 0.63661 -0.53062 0.42115 0.36851
1403638184.545097113 4.76518 -7.73714 0.71995 0.63460 -0.52890 0.42347 0.37176
1403638184.645097017 4.77250 -7.86873 0.72687 0.63262 -0.52835 0.42583 0.37323
1403638184.745096922 4.78286 -7.99963 0.73355 0.63192 -0.52921 0.42625 0.37273
1403638184.845097065 4.79523 -8.12946 0.74089 0.63175 -0.52974 0.42596 0.37259
1403638184.945096970 4.80937 -8.25911 0.74953 0.63120 -0.52778 0.42657 0.37560
1403638185.045097113 4.82599 -8.38590 0.76007 0.63040 -0.52880 0.42764 0.37428
1403638185.145097017 4.84570 -8.51124 0.77179 0.63231 -0.52832 0.42513 0.37461
1403638185.245096922 4.86825 -8.63518 0.78392 0.63450 -0.52595 0.42216 0.37757
1403638185.345097065 4.89399 -8.75741 0.79567 0.63570 -0.52340 0.42079 0.38062
1403638185.445096970 4.92497 -8.87813 0.80797 0.63742 -0.51641 0.42367 0.38409
1403638185.545097113 4.96207 -8.99536 0.82090 0.64254 -0.50491 0.42900 0.38492
1403638185.645097017 5.00520 -9.11003 0.83352 0.64889 -0.49320 0.43557 0.38207
1403638185.745096922 5.05435 -9.22303 0.84644 0.65119 -0.48699 0.44587 0.37416
1403638185.845097065 5.10770 -9.33360 0.85813 0.65105 -0.49228 0.45643 0.35421
1403638185.945096970 5.16222 -9.44250 0.86608 0.65065 -0.50022 0.46387 0.33355
1403638186.045097113 5.21292 -9.55105 0.87023 0.65330 -0.50037 0.46408 0.32781
1403638186.145097017 5.25917 -9.65857 0.86998 0.65798 -0.49651 0.45943 0.33085
1403638186.245096922 5.30324 -9.76721 0.86918 0.66119 -0.49337 0.45576 0.33422
1403638186.345097065 5.34686 -9.87471 0.87456 0.66337 -0.49080 0.45296 0.33745
1403638186.445096970 5.39028 -9.97994 0.88628 0.66369 -0.49029 0.45226 0.33852
1403638186.545097113 5.43334 -10.08169 0.90159 0.66387 -0.48935 0.45092 0.34130
1403638186.645097017 5.47764 -10.18105 0.91329 0.66508 -0.48831 0.44812 0.34412
1403638186.745096922 5.52549 -10.28172 0.91936 0.66744 -0.48378 0.44493 0.35002
1403638186.845097065 5.57777 -10.38250 0.92007 0.67266 -0.47522 0.44355 0.35350
1403638186.945096970 5.63613 -10.48115 0.91688 0.68053 -0.46563 0.44473 0.34968
1403638187.045097113 5.70182 -10.57713 0.91646 0.68802 -0.45384 0.45467 0.33755
1403638187.145097017 5.77385 -10.67141 0.92455 0.69398 -0.43702 0.47260 0.32257
1403638187.245096922 5.84810 -10.76119 0.93980 0.70007 -0.41727 0.49200 0.30615
1403638187.345097065 5.92236 -10.84875 0.96267 0.70649 -0.39532 0.50829 0.29365
1403638187.445096970 5.99434 -10.93247 0.99168 0.71099 -0.37654 0.52106 0.28497
1403638187.545097113 6.06288 -11.01119 1.02235 0.71737 -0.36530 0.52508 0.27608
1403638187.645097017 6.12718 -11.08195 1.05115 0.72566 -0.36094 0.52137 0.26704
1403638187.745096922 6.18845 -11.14602 1.07723 0.73140 -0.35706 0.51731 0.26449
1403638187.845097065 6.24950 -11.20905 1.09776 0.73414 -0.35330 0.51502 0.26640
1403638187.945096970 6.31166 -11.26747 1.11421 0.73493 -0.34848 0.51369 0.27305
1403638188.045097113 6.37546 -11.32059 1.12742 0.73270 -0.34386 0.51515 0.28201
1403638188.145097017 6.44160 -11.36795 1.13595 0.73095 -0.33950 0.51536 0.29128
1403638188.245096922 6.50993 -11.40582 1.13918 0.72453 -0.33916 0.52250 0.29498
1403638188.345097065 6.57989 -11.43353 1.13857 0.71148 -0.34158 0.53980 0.29281
1403638188.445096970 6.64758 -11.45082 1.13558 0.69973 -0.34294 0.55415 0.29271
1403638188.545097113 6.71046 -11.45764 1.13071 0.69126 -0.34431 0.56433 0.29179
1403638188.645097017 6.76505 -11.45063 1.12661 0.69135 -0.34330 0.56638 0.28877
1403638188.745096922 6.81175 -11.43029 1.13074 0.69820 -0.34089 0.56328 0.28111
1403638188.845097065 6.84949 -11.39782 1.14229 0.70788 -0.33822 0.55639 0.27375
1403638188.945096970 6.88040 -11.35578 1.16596 0.71444 -0.33606 0.55243 0.26732
1403638189.045097113 6.90510 -11.30358 1.19892 0.71972 -0.33263 0.55055 0.26125
1403638189.145097017 6.92443 -11.24282 1.23397 0.72401 -0.32526 0.55329 0.25275
1403638189.245096922 6.93838 -11.17489 1.26241 0.73033 -0.31530 0.55650 0.23983
1403638189.345097065 6.94827 -11.10234 1.28417 0.74060 -0.30310 0.55565 0.22559
1403638189.445096970 6.95198 -11.02549 1.29999 0.75600 -0.29369 0.54532 0.21173
1403638189.545097113 6.95288 -10.94675 1.31977 0.76772 -0.28686 0.53684 0.20032
1403638189.645097017 6.95166 -10.86859 1.34680 0.77426 -0.28210 0.53288 0.19229
1403638189.745096922 6.95268 -10.79317 1.37285 0.78048 -0.28243 0.52689 0.18295
1403638189.845097065 6.95334 -10.72212 1.39195 0.78551 -0.28306 0.52087 0.17761
1403638189.945096970 6.95889 -10.65729 1.40485 0.78982 -0.28294 0.51487 0.17618
1403638190.045097113 6.96787 -10.59945 1.41210 0.78725 -0.28147 0.51855 0.17922
1403638190.145097017 6.98318 -10.54785 1.41574 0.78030 -0.27875 0.52850 0.18469
1403638190.245096922 7.00104 -10.49905 1.41344 0.77246 -0.27343 0.53933 0.19408
1403638190.345097065 7.01904 -10.45070 1.40638 0.76852 -0.25867 0.54696 0.20810
1403638190.445096970 7.03781 -10.39839 1.39334 0.76831 -0.24197 0.55117 0.21761
1403638190.545097113 7.05636 -10.33996 1.37320 0.77059 -0.23412 0.55226 0.21539
1403638190.645097017 7.07647 -10.27460 1.35073 0.77345 -0.23063 0.55213 0.20913
1403638190.745096922 7.09807 -10.20059 1.33120 0.77470 -0.22889 0.55341 0.20295
1403638190.845097065 7.11811 -10.11691 1.31647 0.77479 -0.23314 0.55576 0.19098
1403638190.945096970 7.13862 -10.02998 1.31078 0.77573 -0.23532 0.55602 0.18361
1403638191.045097113 7.15575 -9.93933 1.31337 0.77307 -0.23605 0.56059 0.17995
1403638191.145097017 7.17005 -9.84829 1.32242 0.77307 -0.23630 0.56085 0.17881
1403638191.245096922 7.18294 -9.75851 1.33884 0.77941 -0.23860 0.55195 0.17590
1403638191.345097065 7.19479 -9.66874 1.36252 0.78581 -0.24084 0.54266 0.17325
1403638191.445096970 7.20827 -9.58446 1.38749 0.78893 -0.24203 0.53757 0.17329
1403638191.545097113 7.22529 -9.50378 1.40742 0.78936 -0.24318 0.53634 0.17352
1403638191.645097017 7.24569 -9.42652 1.42164 0.78947 -0.24257 0.53564 0.17601
1403638191.745096922 7.27218 -9.34945 1.42828 0.79108 -0.23949 0.53273 0.18178
1403638191.845097065 7.30155 -9.27038 1.42796 0.79236 -0.23691 0.53034 0.18648
1403638191.945096970 7.33353 -9.19155 1.42470 0.79204 -0.23739 0.53050 0.18681
1403638192.045097113 7.36946 -9.11076 1.42377 0.79180 -0.23665 0.53084 0.18776
1403638192.145097017 7.40985 -9.02757 1.43045 0.79133 -0.23746 0.53162 0.18652
1403638192.245096922 7.45685 -8.94150 1.44711 0.78864 -0.23820 0.53575 0.18516
1403638192.345097065 7.50862 -8.85182 1.47347 0.78290 -0.23893 0.54434 0.18352
1403638192.445096970 7.56176 -8.75942 1.50615 0.78033 -0.23921 0.54811 0.18290
1403638192.545097113 7.61425 -8.66586 1.54489 0.77751 -0.23884 0.55208 0.18344
1403638192.645097017 7.66664 -8.56753 1.58711 0.77135 -0.23707 0.56040 0.18646
1403638192.745096922 7.71601 -8.46665 1.62559 0.76446 -0.23733 0.56948 0.18700
1403638192.845097065 7.75896 -8.36360 1.65837 0.75762 -0.23833 0.57863 0.18550
1403638192.945096970 7.79364 -8.25739 1.68861 0.74544 -0.24191 0.59475 0.17909
1403638193.045097113 7.81714 -8.14805 1.71512 0.73677 -0.24455 0.60702 0.16999
1403638193.145097017 7.82470 -8.03705 1.74309 0.74198 -0.23982 0.60437 0.16339
1403638193.245096922 7.81771 -7.92578 1.77731 0.75217 -0.23178 0.59556 0.16068
1403638193.345097065 7.79575 -7.81478 1.82069 0.76019 -0.22321 0.58853 0.16097
1403638193.445096970 7.76471 -7.70412 1.87220 0.76334 -0.21446 0.58679 0.16432
1403638193.545097113 7.72380 -7.59422 1.92052 0.76360 -0.20954 0.58829 0.16411
1403638193.645097017 7.67481 -7.48300 1.95996 0.76845 -0.20827 0.58310 0.16156
1403638193.745096922 7.61943 -7.37027 1.99152 0.77682 -0.21044 0.57275 0.15562
1403638193.845097065 7.55942 -7.25673 2.01683 0.78262 -0.21139 0.56509 0.15328
1403638193.945096970 7.49863 -7.14188 2.03691 0.78628 -0.21246 0.55998 0.15180
1403638194.045097113 7.43949 -7.02637 2.05217 0.78690 -0.21355 0.55906 0.15049
1403638194.145097017 7.38235 -6.91235 2.06421 0.78201 -0.21257 0.56542 0.15352
1403638194.245096922 7.32401 -6.79954 2.07119 0.77674 -0.21181 0.57221 0.15617
1403638194.345097065 7.26251 -6.68579 2.07347 0.77783 -0.21310 0.57057 0.15499
1403638194.445096970 7.19740 -6.57098 2.07926 0.78162 -0.21582 0.56507 0.15229
1403638194.545097113 7.12980 -6.45715 2.09064 0.78551 -0.21759 0.55926 0.15121
1403638194.645097017 7.06129 -6.34304 2.10598 0.78976 -0.21943 0.55287 0.14989
1403638194.745096922 6.99539 -6.23172 2.12265 0.79477 -0.22128 0.54518 0.14883
1403638194.845097065 6.93078 -6.12397 2.13406 0.79853 -0.22244 0.53923 0.14866
1403638194.945096970 6.87006 -6.02066 2.14017 0.80075 -0.22210 0.53564 0.15020
1403638195.045097113 6.81442 -5.92019 2.14074 0.80208 -0.22271 0.53344 0.15005
1403638195.145097017 6.76424 -5.82258 2.13617 0.80371 -0.22284 0.53096 0.14993
1403638195.245096922 6.72059 -5.72940 2.12530 0.80987 -0.22619 0.52129 0.14559
1403638195.345097065 6.68481 -5.64242 2.10947 0.81632 -0.22924 0.51096 0.14140
1403638195.445096970 6.65756 -5.56284 2.09229 0.81293 -0.22849 0.51629 0.14278
1403638195.545097113 6.63719 -5.48949 2.07314 0.80248 -0.22619 0.53252 0.14590
1403638195.645097017 6.62123 -5.41980 2.04975 0.79548 -0.22350 0.54315 0.14912
1403638195.745096922 6.60792 -5.35272 2.02725 0.79577 -0.22352 0.54289 0.14852
1403638195.845097065 6.59698 -5.28739 2.01147 0.79914 -0.22440 0.53804 0.14673
1403638195.945096970 6.58980 -5.22514 2.00253 0.80444 -0.22497 0.53032 0.14499
1403638196.045097113 6.58812 -5.16671 2.00051 0.80704 -0.22549 0.52643 0.14390
1403638196.145097017 6.59169 -5.11049 2.00771 0.80494 -0.22421 0.52967 0.14580
1403638196.245096922 6.60096 -5.05894 2.02348 0.79889 -0.22195 0.53899 0.14836
1403638196.345097065 6.61280 -5.01043 2.04094 0.79514 -0.22016 0.54453 0.15090
1403638196.445096970 6.62606 -4.96486 2.05288 0.79522 -0.22154 0.54434 0.14913
1403638196.545097113 6.64109 -4.92272 2.05840 0.79646 -0.22365 0.54221 0.14712
1403638196.645097017 6.65742 -4.88287 2.05628 0.80208 -0.22592 0.53352 0.14486
1403638196.745096922 6.67686 -4.84771 2.04879 0.80635 -0.22864 0.52669 0.14184
1403638196.845097065 6.70128 -4.81610 2.03715 0.80693 -0.22904 0.52567 0.14166
1403638196.945096970 6.73199 -4.78931 2.02465 0.80227 -0.22738 0.53274 0.14440
1403638197.045097113 6.76727 -4.76801 2.01854 0.79717 -0.22593 0.54035 0.14664
1403638197.145097017 6.80342 -4.74971 2.01800 0.79472 -0.22473 0.54388 0.14870
1403638197.245096922 6.84300 -4.73335 2.02289 0.79373 -0.22178 0.54539 0.15283
1403638197.345097065 6.88406 -4.71671 2.03600 0.79086 -0.21446 0.54937 0.16352
1403638197.445096970 6.92490 -4.69792 2.05442 0.78851 -0.21011 0.55242 0.17013
1403638197.545097113 6.96597 -4.67586 2.07973 0.78667 -0.21013 0.55522 0.16948
1403638197.645097017 7.00560 -4.65058 2.11115 0.78603 -0.20942 0.55621 0.17009
1403638197.745096922 7.04502 -4.62240 2.14487 0.78676 -0.20896 0.55543 0.16985
1403638197.845097065 7.08301 -4.59223 2.17390 0.78497 -0.21046 0.55823 0.16709
1403638197.945096970 7.12071 -4.55970 2.19700 0.77848 -0.21170 0.56770 0.16393
1403638198.045097113 7.15774 -4.52341 2.20715 0.77064 -0.21182 0.57843 0.16328
1403638198.145097017 7.19206 -4.48326 2.19754 0.77231 -0.21371 0.57618 0.16087
1403638198.245096922 7.22196 -4.43890 2.17182 0.77595 -0.21512 0.57117 0.15936
1403638198.345097065 7.24845 -4.39109 2.13881 0.77846 -0.21472 0.56769 0.16009
1403638198.445096970 7.27109 -4.34179 2.09964 0.78351 -0.21213 0.56059 0.16387
1403638198.545097113 7.28996 -4.29154 2.05622 0.78651 -0.20635 0.55630 0.17135
1403638198.645097017 7.30796 -4.23834 2.01054 0.78665 -0.19403 0.55492 0.18870
1403638198.745096922 7.32748 -4.17763 1.96604 0.78569 -0.18189 0.55472 0.20465
1403638198.845097065 7.34965 -4.10428 1.92825 0.78393 -0.17587 0.55646 0.21185
1403638198.945096970 7.37447 -4.01542 1.89894 0.78457 -0.17601 0.55557 0.21171
1403638199.045097113 7.40256 -3.91369 1.87802 0.78546 -0.17866 0.55468 0.20850
1403638199.145097017 7.43441 -3.79967 1.86929 0.78542 -0.18130 0.55481 0.20600
1403638199.245096922 7.46870 -3.67353 1.87132 0.78317 -0.18406 0.55834 0.20251
1403638199.345097065 7.50521 -3.53646 1.88264 0.78021 -0.18443 0.56244 0.20226
1403638199.445096970 7.54005 -3.38759 1.89917 0.78087 -0.18178 0.56069 0.20695
1403638199.545097113 7.57556 -3.22829 1.92459 0.78493 -0.17920 0.55442 0.21069
1403638199.645097017 7.61417 -3.05884 1.95689 0.78819 -0.17477 0.55280 0.20644
1403638199.745096922 7.65414 -2.87793 1.99470 0.79018 -0.17335 0.55571 0.19168
1403638199.845097065 7.69379 -2.68958 2.02993 0.79314 -0.17757 0.55643 0.17258
1403638199.945096970 7.73341 -2.49725 2.05978 0.79523 -0.17893 0.55680 0.15989
1403638200.045097113 7.77285 -2.30296 2.08625 0.79652 -0.17496 0.55851 0.15168
1403638200.145097017 7.81096 -2.10684 2.10897 0.79872 -0.16114 0.56000 0.14995
1403638200.245096922 7.84774 -1.90814 2.13545 0.79631 -0.14418 0.56901 0.14603
1403638200.345097065 7.88252 -1.70463 2.16778 0.79429 -0.12769 0.57784 0.13747
1403638200.445096970 7.91398 -1.49592 2.20602 0.79536 -0.10976 0.58104 0.13324
1403638200.545097113 7.94324 -1.28155 2.25028 0.79785 -0.09344 0.58060 0.13271
1403638200.645097017 7.96958 -1.05781 2.29857 0.80056 -0.07690 0.57994 0.12984
1403638200.745096922 7.99450 -0.82559 2.34976 0.80397 -0.06087 0.57767 0.12736
1403638200.845097065 8.01623 -0.58444 2.39668 0.80781 -0.05248 0.57440 0.12147
1403638200.945096970 8.03562 -0.33551 2.43721 0.81002 -0.05392 0.57381 0.10821
1403638201.045097113 8.05473 -0.08056 2.47202 0.80974 -0.06011 0.57625 0.09297
1403638201.145097017 8.07246 0.17751 2.50005 0.80985 -0.06374 0.57684 0.08566
1403638201.245096922 8.08963 0.43759 2.52168 0.80786 -0.06834 0.57981 0.08074
1403638201.345097065 8.10491 0.69714 2.53649 0.80878 -0.06959 0.57821 0.08184
1403638201.445096970 8.11664 0.95598 2.54495 0.80800 -0.07022 0.57886 0.08442
1403638201.545097113 8.12786 1.21348 2.54599 0.80648 -0.07133 0.58057 0.08624
1403638201.645097017 8.13752 1.47072 2.54080 0.80453 -0.07225 0.58290 0.08799
1403638201.745096922 8.14478 1.72874 2.52571 0.80397 -0.07431 0.58341 0.08805
1403638201.845097065 8.15004 1.98761 2.50230 0.80307 -0.07597 0.58453 0.08735
1403638201.945096970 8.15112 2.24686 2.47493 0.80436 -0.07420 0.58312 0.08648
1403638202.045097113 8.14722 2.50837 2.45155 0.80544 -0.06889 0.58321 0.07994
1403638202.145097017 8.13937 2.77004 2.43263 0.80890 -0.06833 0.58003 0.06760
1403638202.245096922 8.12732 3.03111 2.42016 0.81285 -0.06892 0.57559 0.05677
1403638202.345097065 8.11644 3.28787 2.41671 0.81597 -0.06808 0.57189 0.05005
1403638202.445096970 8.10859 3.53950 2.41578 0.81763 -0.06584 0.56992 0.04835
1403638202.545097113 8.10306 3.78789 2.40886 0.81858 -0.06606 0.56878 0.04540
1403638202.645097017 8.09618 4.03680 2.38566 0.82001 -0.06716 0.56675 0.04322
1403638202.745096922 8.09759 4.26782 2.37464 0.82007 -0.06751 0.56661 0.04335
1403638202.845097065 8.09726 4.49792 2.34980 0.81900 -0.06710 0.56807 0.04514
1403638202.945096970 8.09751 4.72208 2.32311 0.81822 -0.06771 0.56907 0.04574
1403638203.045097113 8.09857 4.94064 2.29788 0.81692 -0.06890 0.57087 0.04479
1403638203.145097017 8.09931 5.15260 2.27984 0.81599 -0.06818 0.57213 0.04665
1403638203.245096922 8.10008 5.35829 2.26845 0.81283 -0.06561 0.57660 0.05040
1403638203.345097065 8.09969 5.55957 2.26253 0.81122 -0.06665 0.57887 0.04881
1403638203.445096970 8.09749 5.75449 2.25406 0.80968 -0.06760 0.58108 0.04675
1403638203.545097113 8.09359 5.94526 2.23955 0.81048 -0.06880 0.57996 0.04506
1403638203.645097017 8.08758 6.13192 2.22465 0.81213 -0.06980 0.57764 0.04370
1403638203.745096922 8.07839 6.31555 2.21687 0.81161 -0.07029 0.57837 0.04287
1403638203.845097065 8.06706 6.49526 2.21628 0.81160 -0.06906 0.57844 0.04402
1403638203.945096970 8.05313 6.67142 2.22223 0.81199 -0.06808 0.57800 0.04418
1403638204.045097113 8.03603 6.84224 2.23457 0.81324 -0.06816 0.57639 0.04203
1403638204.145097017 8.01624 7.00863 2.25486 0.81575 -0.06877 0.57297 0.03910
1403638204.245096922 7.99618 7.16805 2.28281 0.81842 -0.07295 0.56904 0.03253
1403638204.345097065 7.97719 7.32142 2.31503 0.82231 -0.08182 0.56274 0.02072
1403638204.445096970 7.95948 7.46779 2.34764 0.82545 -0.08845 0.55734 0.01339
1403638204.545097113 7.94427 7.60555 2.37672 0.82537 -0.09116 0.55707 0.01161
1403638204.645097017 7.93164 7.73413 2.39949 0.82386 -0.08833 0.55978 0.01010
1403638204.745096922 7.92039 7.85220 2.41408 0.82451 -0.07564 0.56065 0.01166
1403638204.845097065 7.91074 7.96190 2.42056 0.82470 -0.05356 0.56282 0.01529
1403638204.945096970 7.90246 8.06550 2.41784 0.82384 -0.02474 0.56611 0.01393
1403638205.045097113 7.89528 8.16548 2.40776 0.82290 0.00756 0.56813 0.00338
1403638205.145097017 7.88775 8.26355 2.39316 0.82191 0.04320 0.56773 -0.01703
1403638205.245096922 7.87842 8.36254 2.38207 0.81772 0.08259 0.56799 -0.04353
1403638205.345097065 7.86689 8.46034 2.37782 0.81034 0.12256 0.56831 -0.07309
1403638205.445096970 7.85252 8.55723 2.38164 0.79989 0.16243 0.56933 -0.09824
1403638205.545097113 7.83352 8.65374 2.39195 0.78858 0.19882 0.57138 -0.11015
1403638205.645097017 7.80728 8.75092 2.40967 0.77636 0.22649 0.57702 -0.11408
1403638205.745096922 7.77467 8.85383 2.43472 0.76581 0.24605 0.58241 -0.11743
1403638205.845097065 7.73357 8.96112 2.46490 0.75993 0.26219 0.58105 -0.12708
1403638205.945096970 7.68325 9.07382 2.50083 0.75585 0.27877 0.57539 -0.14106
1403638206.045097113 7.62492 9.19164 2.54293 0.75181 0.29515 0.56770 -0.15932
1403638206.145097017 7.55812 9.30971 2.59148 0.74463 0.31196 0.56300 -0.17671
1403638206.245096922 7.48472 9.43006 2.64027 0.73692 0.32813 0.55885 -0.19225
1403638206.345097065 7.40412 9.55004 2.68341 0.73115 0.33769 0.55305 -0.21335
1403638206.445096970 7.31975 9.66798 2.72193 0.72768 0.34215 0.54832 -0.22968
1403638206.545097113 7.23153 9.78178 2.75549 0.72429 0.34423 0.54674 -0.24082
1403638206.645097017 7.13977 9.89359 2.78464 0.72139 0.34617 0.54662 -0.24690
1403638206.745096922 7.04228 10.00072 2.80745 0.71868 0.35198 0.54359 -0.25323
1403638206.845097065 6.94086 10.10246 2.82332 0.71609 0.35823 0.54034 -0.25868
1403638206.945096970 6.83719 10.20151 2.83331 0.71249 0.36101 0.54036 -0.26464
1403638207.045097113 6.73188 10.29360 2.83530 0.70932 0.36198 0.54131 -0.26984
1403638207.145097017 6.62482 10.37780 2.82863 0.70699 0.36297 0.54258 -0.27208
1403638207.245096922 6.51386 10.45619 2.81400 0.70448 0.36534 0.54226 -0.27603
1403638207.345097065 6.39882 10.52521 2.79222 0.69897 0.37145 0.54132 -0.28361
1403638207.445096970 6.27893 10.58852 2.76822 0.69036 0.38230 0.53955 -0.29349
1403638207.545097113 6.15455 10.63968 2.74995 0.68261 0.39680 0.53245 -0.30512
1403638207.645097017 6.02701 10.67924 2.73701 0.68094 0.41124 0.51922 -0.31242
1403638207.745096922 5.89861 10.70925 2.73099 0.68260 0.42186 0.50516 -0.31767
1403638207.845097065 5.77145 10.73389 2.73396 0.68480 0.42898 0.49415 -0.32069
1403638207.945096970 5.64663 10.75512 2.74409 0.68842 0.43418 0.48467 -0.32041
1403638208.045097113 5.52420 10.77503 2.75808 0.68930 0.43626 0.48210 -0.31957
1403638208.145097017 5.40414 10.79153 2.76877 0.68708 0.43327 0.48562 -0.32306
1403638208.245096922 5.28689 10.80429 2.77255 0.68391 0.43045 0.49154 -0.32462
1403638208.345097065 5.17128 10.81420 2.76670 0.68552 0.43018 0.49131 -0.32191
1403638208.445096970 5.05823 10.82026 2.75635 0.68824 0.43174 0.48851 -0.31825
1403638208.545097113 4.94726 10.82276 2.74805 0.68810 0.43601 0.48383 -0.31988
1403638208.645097017 4.83841 10.82210 2.74520 0.68301 0.44525 0.47956 -0.32445
1403638208.745096922 4.73120 10.82097 2.74072 0.67863 0.45161 0.47471 -0.33190
1403638208.845097065 4.63358 10.81298 2.76104 0.67352 0.45718 0.47250 -0.33779
1403638208.945096970 4.54235 10.80210 2.77478 0.66843 0.46295 0.47226 -0.34036
1403638209.045097113 4.43432 10.79561 2.76146 0.66570 0.46620 0.47126 -0.34267
1403638209.145097017 4.35250 10.77401 2.76582 0.66436 0.46828 0.46981 -0.34442
1403638209.245096922 4.26308 10.75756 2.75364 0.66391 0.46912 0.46884 -0.34546
1403638209.345097065 4.16769 10.73981 2.72945 0.66479 0.46899 0.46688 -0.34659
1403638209.445096970 4.07800 10.72023 2.70400 0.66503 0.46848 0.46608 -0.34790
1403638209.545097113 3.99133 10.69842 2.67202 0.66307 0.46645 0.46923 -0.35013
1403638209.645097017 3.90602 10.67616 2.62256 0.66355 0.46453 0.46966 -0.35120
1403638209.745096922 3.82336 10.65133 2.55303 0.66477 0.46443 0.46935 -0.34941
1403638209.845097065 3.74589 10.62541 2.47098 0.66287 0.46599 0.47296 -0.34607
1403638209.945096970 3.65974 10.58638 2.36407 0.65971 0.46508 0.47823 -0.34608
1403638210.045097113 3.59126 10.55862 2.27476 0.65533 0.46302 0.48461 -0.34831
1403638210.145097017 3.51365 10.51776 2.17598 0.65209 0.45963 0.48917 -0.35247
1403638210.245096922 3.43196 10.47325 2.08978 0.65028 0.45754 0.49157 -0.35518
1403638210.345097065 3.36085 10.41213 2.00269 0.64987 0.45834 0.49241 -0.35374
1403638210.445096970 3.28455 10.34757 1.91855 0.65101 0.45831 0.49114 -0.35346
1403638210.545097113 3.20918 10.27592 1.82938 0.65092 0.45697 0.49157 -0.35472
1403638210.745096922 3.05881 10.11904 1.64228 0.65088 0.45423 0.49249 -0.35705
1403638210.845097065 2.98726 10.02365 1.55037 0.65225 0.45427 0.49096 -0.35660
1403638211.045097113 2.83194 9.82256 1.39233 0.65932 0.45703 0.48101 -0.35362
1403638211.145097017 2.76505 9.71566 1.32792 0.66217 0.45859 0.47684 -0.35191
1403638211.245096922 2.69231 9.60296 1.26947 0.66428 0.45921 0.47372 -0.35135
1403638211.345097065 2.62709 9.49206 1.21904 0.66645 0.45782 0.47367 -0.34912
1403638211.445096970 2.56495 9.37707 1.16739 0.67154 0.45132 0.47622 -0.34433
1403638211.645097017 2.44943 9.13927 1.04703 0.68790 0.42497 0.48581 -0.33195
1403638211.745096922 2.39567 9.01314 0.97879 0.69973 0.40548 0.49187 -0.32253
1403638211.845097065 2.34680 8.88451 0.91041 0.71404 0.38209 0.49634 -0.31275
1403638211.945096970 2.30396 8.75380 0.84850 0.72616 0.35953 0.50327 -0.30024
1403638212.045097113 2.26680 8.61913 0.79474 0.73710 0.33825 0.50996 -0.28672
1403638212.145097017 2.23533 8.48150 0.74907 0.74573 0.31969 0.51846 -0.26999
1403638212.245096922 2.20772 8.34011 0.71197 0.75331 0.30084 0.52735 -0.25284
1403638212.345097065 2.18080 8.19339 0.68243 0.76116 0.28186 0.53389 -0.23697
1403638212.445096970 2.15567 8.04313 0.65841 0.76774 0.26309 0.54127 -0.21997
1403638212.545097113 2.13094 7.88733 0.64270 0.77413 0.24108 0.54725 -0.20766
1403638212.645097017 2.10798 7.72809 0.63183 0.78125 0.21977 0.55126 -0.19358
1403638212.745096922 2.08576 7.56530 0.62775 0.78817 0.20031 0.55477 -0.17575
1403638212.845097065 2.06623 7.40077 0.63194 0.79329 0.17737 0.55989 -0.16048
1403638212.945096970 2.04850 7.23533 0.64037 0.79912 0.15287 0.56311 -0.14470
1403638213.045097113 2.03427 7.06950 0.65583 0.80472 0.12771 0.56567 -0.12702
1403638213.145097017 2.02117 6.90247 0.67447 0.81052 0.10014 0.56618 -0.11168
1403638213.245096922 2.00980 6.73357 0.68815 0.81930 0.07097 0.56039 -0.09838
1403638213.345097065 2.00224 6.56281 0.69624 0.82830 0.03967 0.55193 -0.08782
1403638213.445096970 2.00084 6.38905 0.70043 0.83463 0.00764 0.54509 -0.07886
1403638213.545097113 2.00669 6.20784 0.70022 0.83596 -0.02040 0.54430 -0.06708
1403638213.645097017 2.01999 6.01946 0.69859 0.82911 -0.03225 0.55641 -0.04405
1403638213.745096922 2.03547 5.82682 0.70017 0.82051 -0.03523 0.57011 -0.02220
1403638213.845097065 2.05180 5.63196 0.70653 0.81570 -0.03536 0.57736 -0.00613
1403638213.945096970 2.06737 5.43613 0.71741 0.81484 -0.03499 0.57862 0.00231
1403638214.045097113 2.08080 5.23974 0.73159 0.81756 -0.03482 0.57478 0.00367
1403638214.145097017 2.09263 5.04354 0.74896 0.82405 -0.03281 0.56556 0.00406
1403638214.245096922 2.10353 4.84523 0.76789 0.83055 -0.02943 0.55616 0.00277
1403638214.345097065 2.11712 4.64881 0.78089 0.83515 -0.02620 0.54940 0.00031
1403638214.445096970 2.13730 4.45413 0.78634 0.83663 -0.02157 0.54735 -0.00101
1403638214.545097113 2.16061 4.26045 0.78878 0.83132 -0.01732 0.55552 -0.00245
1403638214.645097017 2.18734 4.06924 0.78766 0.82480 -0.01354 0.56524 -0.00378
1403638214.745096922 2.21432 3.88035 0.78262 0.81838 -0.00981 0.57457 -0.00513
1403638214.845097065 2.24000 3.69612 0.77280 0.81430 -0.00676 0.58037 -0.00663
1403638214.945096970 2.26442 3.51419 0.75716 0.81180 -0.00441 0.58387 -0.00752
1403638215.045097113 2.28631 3.33408 0.73583 0.81101 -0.00320 0.58495 -0.00868
1403638215.145097017 2.30808 3.15572 0.71062 0.81130 -0.00136 0.58458 -0.00810
1403638215.245096922 2.32890 2.97906 0.68125 0.81340 0.00010 0.58167 -0.00648
1403638215.345097065 2.34973 2.80680 0.65030 0.81512 0.00268 0.57928 -0.00241
1403638215.445096970 2.37198 2.63963 0.62253 0.81471 0.00644 0.57983 0.00297
1403638215.545097113 2.39355 2.47851 0.60305 0.81505 0.00697 0.57933 0.00403
1403638215.645097017 2.41336 2.32403 0.59189 0.81310 0.00688 0.58207 0.00362
1403638215.745096922 2.43117 2.17487 0.58594 0.81271 0.00378 0.58265 -0.00057
1403638215.845097065 2.44637 2.03056 0.57748 0.81282 -0.00201 0.58252 -0.00131
1403638215.945096970 2.45806 1.89094 0.56329 0.81267 -0.00666 0.58269 0.00120
1403638216.045097113 2.46576 1.75427 0.54417 0.81263 -0.01073 0.58267 0.00278
1403638216.145097017 2.47093 1.62176 0.52470 0.81263 -0.01249 0.58261 0.00622
1403638216.245096922 2.47330 1.49269 0.51158 0.81140 -0.01340 0.58427 0.00926
1403638216.345097065 2.47456 1.36736 0.50529 0.81051 -0.01398 0.58544 0.01153
1403638216.445096970 2.47352 1.24589 0.50512 0.80939 -0.01451 0.58694 0.01305
1403638216.545097113 2.46986 1.12761 0.50574 0.80980 -0.01467 0.58636 0.01382
1403638216.645097017 2.46355 1.01368 0.49913 0.81126 -0.01319 0.58428 0.01715
1403638216.745096922 2.45569 0.90448 0.48431 0.81259 -0.01134 0.58239 0.01963
1403638216.845097065 2.44644 0.80058 0.46597 0.80907 -0.01286 0.58711 0.02335
1403638216.945096970 2.43659 0.69728 0.44465 0.80671 -0.02009 0.58995 0.02777
1403638217.045097113 2.41941 0.60490 0.42062 0.80711 -0.03361 0.58865 0.03064
1403638217.145097017 2.39970 0.51163 0.39445 0.80928 -0.04903 0.58426 0.03619
1403638217.245096922 2.37862 0.42189 0.36659 0.81088 -0.06054 0.58046 0.04340
1403638217.345097065 2.35783 0.33745 0.34388 0.81171 -0.06829 0.57794 0.04943
1403638217.445096970 2.33488 0.25725 0.33032 0.81260 -0.07385 0.57564 0.05359
1403638217.545097113 2.31180 0.17964 0.32446 0.81345 -0.07461 0.57364 0.06059
1403638217.745096922 2.26617 0.03652 0.33291 0.81507 -0.06778 0.57042 0.07535
1403638217.845097065 2.24686 -0.01994 0.34093 0.81659 -0.06381 0.56801 0.08048
1403638217.945096970 2.21580 -0.08639 0.36331 0.81520 -0.06083 0.57000 0.08269
1403638218.145097017 2.17610 -0.16675 0.37052 0.81195 -0.05873 0.57524 0.07991
1403638218.345097065 2.13678 -0.21796 0.36476 0.80547 -0.05782 0.58516 0.07384
1403638218.445096970 2.11050 -0.23341 0.37269 0.80515 -0.05957 0.58618 0.06769
1403638218.645097017 2.06780 -0.24333 0.39177 0.80803 -0.06114 0.58266 0.06205
1403638218.845097065 2.01179 -0.22829 0.41694 0.81615 -0.07188 0.56946 0.06677
1403638218.945096970 1.98399 -0.21136 0.42305 0.81651 -0.08383 0.56767 0.06353
1403638219.045097113 1.95080 -0.20570 0.42510 0.81468 -0.09817 0.56895 0.05426
1403638219.245096922 1.89930 -0.17376 0.41359 0.80801 -0.10399 0.57678 0.06026
1403638219.445096970 1.84371 -0.15560 0.39810 0.79418 -0.09854 0.59513 0.07334
1403638219.545097113 1.80213 -0.13623 0.39229 0.79213 -0.09808 0.59781 0.07436
1403638219.745096922 1.72157 -0.11053 0.39166 0.79736 -0.10460 0.59094 0.06376
1403638219.845097065 1.66076 -0.08535 0.39309 0.80064 -0.11033 0.58634 0.05485
1403638220.045097113 1.54860 -0.05664 0.37683 0.80534 -0.11918 0.57923 0.04149
1403638220.145097017 1.49544 -0.06200 0.35674 0.80755 -0.11745 0.57632 0.04378
1403638220.345097065 1.37371 -0.06595 0.35897 0.81139 -0.10009 0.57164 0.06965
1403638220.445096970 1.30884 -0.06676 0.36655 0.81196 -0.09707 0.57070 0.07485
1403638220.645097017 1.18879 -0.06790 0.38842 0.81111 -0.09709 0.57146 0.07817
1403638220.745096922 1.13430 -0.06053 0.38913 0.81099 -0.09865 0.57134 0.07839
1403638220.945096970 1.02736 -0.04891 0.37781 0.81119 -0.10237 0.57054 0.07729
1403638221.145097017 0.92187 -0.03420 0.34537 0.81256 -0.10372 0.56824 0.07803
1403638221.245096922 0.87705 -0.02194 0.32466 0.81396 -0.10474 0.56615 0.07734
1403638221.445096970 0.76350 0.00901 0.33098 0.81598 -0.10917 0.56300 0.07268
1403638221.545097113 0.72749 0.01508 0.33438 0.81588 -0.11121 0.56304 0.07038
1403638221.645097017 0.68221 0.02379 0.32750 0.81479 -0.11207 0.56448 0.07013
1403638221.845097065 0.60940 0.04098 0.30996 0.81113 -0.11341 0.56978 0.06747
1403638222.045097113 0.52287 0.05564 0.32358 0.81013 -0.10744 0.57145 0.07479
1403638222.145097017 0.48173 0.06290 0.33517 0.81335 -0.10629 0.56687 0.07636
1403638222.345097065 0.40097 0.08221 0.34256 0.82039 -0.10769 0.55650 0.07535
1403638222.445096970 0.36628 0.09193 0.34157 0.82310 -0.10841 0.55241 0.07482
1403638222.645097017 0.30986 0.10965 0.30923 0.81710 -0.10859 0.56129 0.07430
1403638222.745096922 0.28947 0.11611 0.30736 0.81343 -0.10829 0.56656 0.07498
1403638222.945096970 0.24593 0.13072 0.27457 0.80325 -0.10706 0.58101 0.07593
1403638223.145097017 0.19689 0.14889 0.24696 0.80873 -0.10689 0.57339 0.07583
1403638223.245096922 0.16561 0.16103 0.24258 0.81869 -0.11182 0.55892 0.06959
1403638223.445096970 0.11622 0.17783 0.23635 0.81742 -0.11886 0.56044 0.06009
1403638223.545097113 0.09582 0.18280 0.23052 0.81286 -0.12489 0.56658 0.05156
1403638223.645097017 0.07646 0.18443 0.22156 0.81182 -0.11999 0.56840 0.05889
1403638223.745096922 0.05446 0.18170 0.21239 0.81243 -0.11204 0.56783 0.07047
1403638223.845097065 0.02897 0.17083 0.19920 0.81342 -0.10682 0.56643 0.07800
1403638223.945096970 0.00843 0.16668 0.18465 0.81364 -0.10319 0.56607 0.08313
1403638224.045097113 -0.01006 0.16277 0.16841 0.81587 -0.10212 0.56287 0.08434
1403638224.145097017 -0.02629 0.16075 0.14884 0.82156 -0.10344 0.55465 0.08186
1403638224.245096922 -0.04453 0.15791 0.13337 0.82495 -0.10479 0.54960 0.08009
1403638224.345097065 -0.04292 0.16318 0.11797 0.82074 -0.10480 0.55585 0.08020
1403638224.445096970 -0.03976 0.17345 0.10954 0.81451 -0.10973 0.56482 0.07420
1403638224.545097113 -0.04368 0.17219 0.09541 0.80721 -0.10954 0.57522 0.07437
1403638224.645097017 -0.04625 0.17646 0.08261 0.80953 -0.10830 0.57198 0.07591
1403638224.745096922 -0.04959 0.18245 0.06904 0.81976 -0.10911 0.55718 0.07507
1403638224.845097065 -0.04969 0.18779 0.06425 0.82259 -0.10961 0.55303 0.07414
1403638224.945096970 -0.04572 0.18669 0.06611 0.81538 -0.11393 0.56364 0.06698
1403638225.045097113 -0.03973 0.19380 0.07204 0.80888 -0.11710 0.57299 0.06067
1403638225.145097017 -0.03596 0.19599 0.07419 0.80816 -0.11334 0.57428 0.06504
1403638225.245096922 -0.03401 0.19648 0.07688 0.81476 -0.10930 0.56516 0.06937
1403638225.345097065 -0.03185 0.19554 0.08146 0.81851 -0.10702 0.55981 0.07218
1403638225.445096970 -0.02690 0.19470 0.08353 0.81446 -0.10552 0.56573 0.07393
1403638225.545097113 -0.02112 0.19409 0.07958 0.80409 -0.10349 0.58038 0.07674
1403638225.645097017 -0.01806 0.19464 0.06949 0.79368 -0.10170 0.59455 0.07901
1403638225.745096922 -0.02034 0.19755 0.04789 0.79596 -0.10101 0.59150 0.07981
1403638225.845097065 -0.02665 0.20317 0.01614 0.80734 -0.10216 0.57586 0.07847
1403638225.945096970 -0.03342 0.21007 -0.02053 0.81755 -0.10320 0.56127 0.07701
1403638226.045097113 -0.03567 0.22041 -0.04688 0.82777 -0.10338 0.54667 0.07259
1403638226.145097017 -0.02701 0.23007 -0.03371 0.82578 -0.11752 0.54938 0.04950
1403638226.245096922 -0.01715 0.23554 -0.04052 0.83065 -0.10173 0.54215 0.07579
1403638226.345097065 -0.02041 0.24256 -0.03884 0.82673 -0.10252 0.54828 0.07347
1403638226.445096970 -0.02490 0.24050 -0.03484 0.82639 -0.10260 0.54881 0.07324
1403638226.545097113 -0.03311 0.24912 -0.04779 0.82556 -0.10250 0.54998 0.07388
1403638226.645097017 -0.02672 0.24989 -0.06121 0.82573 -0.10326 0.54960 0.07383
1403638226.745096922 -0.02188 0.24658 -0.06774 0.82638 -0.10370 0.54860 0.07337
1403638226.845097065 -0.02159 0.24665 -0.06820 0.82621 -0.10341 0.54889 0.07350
1403638226.945096970 -0.02117 0.24624 -0.06827 0.82648 -0.10323 0.54846 0.07390
1403638227.045097113 -0.02130 0.24614 -0.06864 0.82648 -0.10279 0.54848 0.07441
1403638227.145097017 -0.02069 0.24633 -0.06843 0.82666 -0.10300 0.54821 0.07412
1403638227.245096922 -0.02093 0.24652 -0.06844 0.82668 -0.10298 0.54822 0.07378
1403638227.345097065 -0.02086 0.24660 -0.06831 0.82669 -0.10330 0.54821 0.07331
1403638227.445096970 -0.02081 0.24668 -0.06827 0.82672 -0.10319 0.54820 0.07328
1403638227.545097113 -0.02087 0.24656 -0.06831 0.82669 -0.10289 0.54830 0.07326
1403638227.645097017 -0.02087 0.24643 -0.06826 0.82671 -0.10279 0.54827 0.07336
1403638227.745096922 -0.02097 0.24642 -0.06833 0.82673 -0.10272 0.54828 0.07319
1403638227.845097065 -0.02087 0.24643 -0.06831 0.82679 -0.10271 0.54820 0.07306
1403638227.945096970 -0.02087 0.24651 -0.06827 0.82680 -0.10280 0.54820 0.07291
1403638228.045097113 -0.02088 0.24654 -0.06824 0.82681 -0.10284 0.54818 0.07288
1403638228.145097017 -0.02086 0.24652 -0.06824 0.82681 -0.10280 0.54819 0.07288
1403638228.245096922 -0.02091 0.24651 -0.06826 0.82679 -0.10272 0.54823 0.07288
1403638228.345097065 -0.02083 0.24644 -0.06827 0.82680 -0.10271 0.54822 0.07283
1403638228.445096970 -0.02091 0.24644 -0.06832 0.82685 -0.10263 0.54817 0.07277
1403638228.545097113 -0.02095 0.24645 -0.06819 0.82685 -0.10261 0.54819 0.07265
1403638228.645097017 -0.02101 0.24654 -0.06811 0.82690 -0.10261 0.54812 0.07264
1403638228.745096922 -0.02108 0.24673 -0.06789 0.82689 -0.10263 0.54813 0.07262
