1403638522.327830 0.4080281 0.1023841 -0.4529306 -0.0002216 -0.0035400 0.0021723 0.9999914
1403638522.377830 0.4070534 0.0402514 -0.4729684 0.0031054 -0.0062703 0.0029347 0.9999712
1403638522.427830 0.4073453 -0.0288543 -0.4952080 0.0030958 -0.0109625 0.0040601 0.9999269
1403638522.477829 0.4075554 -0.1019977 -0.5199335 0.0008981 -0.0155151 0.0071819 0.9998534
1403638522.527829 0.4074667 -0.1757313 -0.5449740 -0.0028603 -0.0191115 0.0104171 0.9997590
1403638522.677830 0.4074952 -0.4066496 -0.6131446 -0.0015299 -0.0294797 0.0144519 0.9994597
1403638522.727829 0.4063638 -0.4856265 -0.6292856 0.0033082 -0.0324068 0.0112644 0.9994059
1403638523.877830 0.5860053 -0.1538078 -0.5433621 -0.0079648 -0.0273155 -0.0058775 0.9995779
1403638523.977829 0.5998035 -0.0376445 -0.5247984 -0.0081164 -0.0230513 -0.0159271 0.9995745
1403638524.077830 0.6031771 0.0158064 -0.5244035 -0.0137728 -0.0217266 -0.0266708 0.9993132
1403638524.227829 0.6050904 -0.0807124 -0.5731678 -0.0245841 -0.0280805 -0.0297311 0.9988610
1403638524.477829 0.6094503 -0.5368662 -0.7172704 -0.0080396 -0.0412747 -0.0158660 0.9989895
1403638524.577830 0.6086330 -0.7359842 -0.7636586 0.0075517 -0.0426858 -0.0123114 0.9989842
1403638526.077830 0.6523191 -0.0625861 -0.4709252 -0.0166901 -0.0174711 -0.0192418 0.9995229
1403638526.227829 0.8110450 -0.0998874 -0.5059730 -0.0206936 -0.0072105 -0.0094381 0.9997153
1403638527.027829 2.2850468 -0.1720224 -0.8594530 0.0106689 0.0585226 0.0235732 0.9979507
1403638527.227829 2.6197903 -0.1743596 -0.9132429 0.0019557 0.0891482 0.0385127 0.9952716
1403638527.427830 2.7647176 -0.2009998 -0.8991053 0.0135921 0.1234065 0.0373286 0.9915608
1403638529.977829 0.6678692 0.0182285 -0.3626108 -0.0208923 0.0764813 0.0165901 0.9967141
1403638530.177830 0.6670401 0.0552954 -0.2649564 -0.0269117 0.0810205 0.0195657 0.9961569
1403638530.327830 0.6820802 0.0733881 -0.1757432 -0.0260299 0.0883184 0.0257570 0.9954190
1403638530.477829 0.7035232 0.0880063 -0.1017044 -0.0258491 0.0941591 0.0290554 0.9947973
1403638530.677830 0.7314688 0.1075691 -0.0476398 -0.0316720 0.0975415 0.0335848 0.9941603
1403638530.827830 0.7430503 0.1288707 -0.0231114 -0.0393834 0.0980619 0.0352030 0.9937775
1403638531.227829 0.7371475 0.1498495 -0.0032185 -0.0251344 0.0960221 0.0302170 0.9946029
1403638533.927830 0.7331969 0.1535284 -0.0023677 -0.0186055 0.0964654 0.0293090 0.9947307
1403638538.977829 0.7323714 0.1352746 0.0115265 -0.0064506 0.0957008 0.0283613 0.9949851
1403638539.127830 0.7356110 0.1044494 0.0386634 0.0088417 0.0978797 0.0295795 0.9947193
1403638540.627830 0.7786096 -0.9638007 0.6991310 0.0031078 0.0622157 0.0115463 0.9979911
1403638540.977829 0.7026399 -1.2401685 1.1733115 0.0066212 -0.0157722 -0.0416991 0.9989838
1403638541.277829 0.5158449 -1.3997113 1.6659374 0.0096993 -0.0626348 -0.0600067 0.9961838
1403638541.827830 -0.2088386 -2.0595686 2.4329414 0.0144784 -0.0915488 -0.0608518 0.9938341
1403638542.127830 -0.7411054 -2.5033610 2.7640538 0.0102382 -0.1496692 -0.0775987 0.9856332
1403638542.427830 -1.3449106 -2.7808809 3.1376810 0.0194857 -0.2200211 -0.1084519 0.9692519
1403638542.677830 -1.8600770 -2.9653656 3.4479408 0.0448022 -0.2404175 -0.1406401 0.9593814
1403638543.177830 -3.1284139 -3.4837193 3.6425531 0.0130318 -0.2540042 -0.1167338 0.9600444
1403638543.427830 -3.8016388 -3.6547236 3.7282217 0.0115609 -0.2541269 -0.1144866 0.9603013
1403638543.677830 -4.4774671 -3.7388744 3.8482130 0.0114975 -0.2840223 -0.1329490 0.9494860
1403638543.927830 -5.2120948 -3.8511412 3.9459527 0.0168638 -0.3389400 -0.1610459 0.9267684
1403638544.427830 -6.7434692 -4.2594471 4.0244646 0.0082296 -0.3915935 -0.1647513 0.9052314
1403638544.677830 -7.5604367 -4.4009147 4.1556416 0.0221092 -0.3954184 -0.1608220 0.9040419
1403638544.927830 -8.3180027 -4.5921268 4.2752857 0.0143436 -0.3970363 -0.1645227 0.9028226
1403638545.227829 -9.2118225 -4.6732488 4.4818020 0.0149134 -0.3989998 -0.1659333 0.9016889
1403638545.477829 -9.9637108 -4.6485896 4.6937590 0.0189193 -0.4024175 -0.1643144 0.9003905
1403638545.727829 -10.6836872 -4.6210070 4.8567915 0.0142182 -0.4312177 -0.1757636 0.8848482
1403638545.927830 -11.2610426 -4.7238808 4.9435387 0.0146798 -0.4709937 -0.1970572 0.8597197
1403638546.077830 -11.6897163 -4.8438005 5.0050097 0.0163455 -0.4979585 -0.2150475 0.8399552
1403638546.227829 -12.1307039 -4.9334240 5.0562754 0.0161649 -0.5161614 -0.2228201 0.8268418
1403638546.377830 -12.5738230 -4.9636416 5.1234608 0.0133070 -0.5267457 -0.2224884 0.8202810
1403638546.827830 -13.9654512 -5.0963326 5.3261852 0.0137127 -0.5461043 -0.2324303 0.8047101
1403638547.027829 -14.6044598 -5.2002993 5.3485680 0.0173831 -0.5491755 -0.2399461 0.8003312
1403638547.427830 -15.9782085 -5.2439108 5.4014740 0.0173804 -0.5489727 -0.2432935 0.7994593
1403638547.627830 -16.7016373 -5.1636529 5.3947830 0.0098369 -0.5505705 -0.2338899 0.8012933
1403638547.827830 -17.4225216 -5.0009871 5.4289093 0.0149090 -0.5469615 -0.2384476 0.8023426
1403638548.077830 -18.3849754 -4.8201962 5.4220686 0.0137541 -0.5508411 -0.2390711 0.7995186
1403638548.277829 -19.1652699 -4.7822866 5.3069944 0.0105177 -0.5681704 -0.2442634 0.7857527
1403638548.477829 -19.9653053 -4.8381929 5.1508503 0.0096911 -0.5943018 -0.2537836 0.7630894
1403638548.677830 -20.8245430 -4.8721685 4.9830265 0.0101189 -0.6115169 -0.2588745 0.7476153
1403638548.927830 -21.9123859 -4.9217367 4.7843647 0.0091012 -0.6199243 -0.2618435 0.7396277
1403638549.177830 -23.0283680 -5.0754099 4.5242767 0.0088366 -0.6211767 -0.2610427 0.7388629
1403638549.427830 -24.1757088 -5.2809954 4.2385693 0.0063238 -0.6221648 -0.2541158 0.7404702
1403638549.677830 -25.3347340 -5.5050287 3.9891930 0.0073357 -0.6224988 -0.2491004 0.7418830
1403638549.927830 -26.4897881 -5.7254429 3.7638130 0.0056712 -0.6204230 -0.2522118 0.7425849
1403638550.177830 -27.6637459 -6.0501261 3.4795361 0.0022968 -0.6208691 -0.2499018 0.7430110
1403638550.427830 -28.7831860 -6.5349979 3.2849426 0.0027968 -0.6231803 -0.2499390 0.7410594
1403638550.677830 -29.9577713 -6.9268732 3.1217709 0.0030304 -0.6276866 -0.2394569 0.7407164
1403638550.927830 -31.1200428 -7.2935734 3.0451508 0.0151638 -0.6322312 -0.2268056 0.7406843
1403638551.227829 -32.3458214 -7.6365757 3.0544319 0.0203727 -0.6377406 -0.2134352 0.7398091
1403638551.577830 -33.5579300 -8.1724119 3.1802387 0.0015665 -0.6051048 -0.1997075 0.7706898
1403638551.927830 -34.5105820 -8.5848465 3.6688633 0.0009561 -0.5451424 -0.1707473 0.8207706
1403638552.277829 -35.2500000 -9.2660065 4.2958412 0.0069110 -0.5164248 -0.1749470 0.8382429
1403638552.627830 -35.7381821 -9.9465237 5.0835533 0.0205787 -0.5229601 -0.1565527 0.8376041
1403638552.977829 -35.9381294 -10.5092773 6.0645237 0.0226551 -0.5247034 -0.1724404 0.8333291
1403638553.327830 -35.9187737 -10.9206867 7.0990391 0.0406995 -0.5330300 -0.1669642 0.8284597
1403638553.627830 -35.5969162 -11.4035721 7.9011154 0.0594762 -0.5306463 -0.1794377 0.8262441
1403638553.927830 -34.9879456 -11.9913340 8.5447502 0.0547646 -0.5287974 -0.1869282 0.8260944
1403638554.277829 -34.0653725 -12.5415697 9.0904942 0.0302060 -0.5218381 -0.2028514 0.8280241
1403638554.627830 -33.0719032 -12.9159327 9.7145214 0.0173011 -0.5209271 -0.2107958 0.8269830
1403638554.977829 -32.1251297 -13.3283844 10.2229042 0.0139593 -0.5265826 -0.1930320 0.8278010
1403638555.277829 -31.3123741 -13.6533337 10.7358646 0.0122085 -0.5014960 -0.1864711 0.8447375
1403638555.677830 -30.1997356 -13.9259968 11.4830532 0.0159889 -0.4802414 -0.1851574 0.8572218
1403638556.077830 -29.1539536 -14.4496822 12.2096443 0.0145445 -0.4794364 -0.1914162 0.8563231
1403638556.427830 -28.2813797 -14.8856163 12.8345032 -0.0037256 -0.4778015 -0.1957453 0.8563735
1403638556.877830 -27.4383717 -15.5468559 13.7877045 -0.0078809 -0.4837139 -0.1730572 0.8579102
1403638557.227829 -26.7895775 -16.1795692 14.7489986 0.0010776 -0.4845146 -0.1741478 0.8572730
1403638557.627830 -26.0682487 -16.8503513 16.0084686 0.0139193 -0.4792589 -0.1911963 0.8564819
1403638558.027829 -25.3856812 -17.5727482 17.2243538 0.0115527 -0.4756882 -0.1987706 0.8567832
1403638558.327830 -24.9996166 -17.9819698 18.1221848 -0.0111475 -0.4700221 -0.2071125 0.8579391
1403638558.627830 -24.7948570 -18.6149063 19.0155869 -0.0223062 -0.4670527 -0.2106368 0.8584849
1403638558.927830 -24.8277435 -19.3491802 19.9564285 -0.0150308 -0.4731567 -0.1910696 0.8598775
1403638559.127830 -24.9007072 -19.7518578 20.6658287 0.0006788 -0.4739614 -0.1902136 0.8597552
1403638559.277829 -24.9805946 -20.0089817 21.2269783 0.0074917 -0.4736071 -0.1937085 0.8591375
1403638559.427830 -25.0467854 -20.2089596 21.7998810 0.0136517 -0.4722595 -0.2003111 0.8582890
1403638559.577830 -25.1535759 -20.3542175 22.3667107 0.0183645 -0.4718027 -0.2027913 0.8578699
1403638559.727829 -25.2489910 -20.5043144 22.9262333 0.0198661 -0.4731359 -0.2027055 0.8571221
1403638559.877830 -25.3610039 -20.6774998 23.4414978 0.0185854 -0.4742699 -0.2016798 0.8567660
1403638560.077830 -25.5378208 -20.8870277 24.1089993 0.0162226 -0.4577629 -0.1900166 0.8683799
1403638560.227829 -25.6475410 -20.9848061 24.6298790 0.0169578 -0.4282564 -0.1750439 0.8863794
1403638560.977829 -26.0456676 -21.1831760 27.1162643 0.0343657 -0.2536190 -0.0674509 0.9643375
1403638561.127830 -25.9912510 -21.2914791 27.5151138 0.0429085 -0.2211407 -0.0536962 0.9728167
1403638561.277829 -25.8688469 -21.4312382 27.8499699 0.0501673 -0.1984847 -0.0422193 0.9779083
1403638561.727829 -25.2171745 -21.6951561 28.6811028 0.0285832 -0.1723308 -0.0682091 0.9822589
1403638562.027829 -24.7241192 -21.6658993 29.1835613 0.0308491 -0.1592427 -0.0688831 0.9843502
1403638562.177830 -24.4816628 -21.6484871 29.4082069 0.0312828 -0.1411047 -0.0637432 0.9874451
1403638562.327830 -24.2282429 -21.6688404 29.5977154 0.0333449 -0.1257294 -0.0574124 0.9898404
1403638562.477829 -23.9833164 -21.7483234 29.7326965 0.0337643 -0.1037667 -0.0451437 0.9930028
1403638563.277829 -22.4070415 -21.9343376 30.1088161 0.0377834 0.0651039 0.0507329 0.9958715
1403638563.427830 -22.0130348 -21.8428402 30.1304665 0.0563683 0.0783946 0.0579425 0.9936396
1403638563.577830 -21.5932808 -21.7157707 30.0996170 0.0578789 0.0841587 0.0564393 0.9931676
1403638563.727829 -21.1402493 -21.5925655 29.9916229 0.0503857 0.0828689 0.0573881 0.9936301
1403638563.927830 -20.5013447 -21.5051212 29.7459469 0.0489784 0.0763336 0.0601428 0.9940609
1403638564.127830 -19.7920723 -21.3873634 29.4140835 0.0505039 0.0672700 0.0595085 0.9946773
1403638564.327830 -19.0432777 -21.2089024 29.0341167 0.0545522 0.0623058 0.0488866 0.9953654
1403638564.477829 -18.4379559 -21.1086998 28.6826210 0.0586478 0.0584732 0.0445683 0.9955677
1403638564.827830 -16.9334793 -20.8178139 27.6411762 0.0512735 0.0513888 0.0573006 0.9957142
1403638565.027829 -15.9984074 -20.4425869 27.0464649 0.0526804 0.0502756 0.0619790 0.9954174
1403638565.227829 -15.0126572 -19.8860130 26.4660912 0.0492451 0.0501663 0.0625464 0.9955633
1403638565.427830 -13.9316626 -19.2103424 25.8908978 0.0468017 0.0526473 0.0579595 0.9958306
1403638565.627830 -12.8157101 -18.5491028 25.2508736 0.0537277 0.0618268 0.0456574 0.9955934
1403638565.827830 -11.6690874 -17.9821930 24.4525185 0.0465418 0.0720543 0.0284266 0.9959086
1403638566.127830 -10.0601311 -17.1224651 23.2522125 0.0400600 0.0782951 0.0237005 0.9958431
1403638566.427830 -8.4708767 -16.0132828 22.1141472 0.0404202 0.0758106 0.0225110 0.9960483
1403638566.677830 -7.2673912 -15.0102053 21.1768436 0.0181420 0.0702956 0.0236836 0.9970800
1403638566.877830 -6.3713760 -14.1050797 20.4953003 -0.0160232 0.0662343 0.0229089 0.9974124
1403638567.027829 -5.7102785 -13.4285879 20.0684338 -0.0192872 0.0642927 0.0198014 0.9975482
1403638567.277829 -4.6174908 -12.4110956 19.4835873 0.0293042 0.0663329 0.0117499 0.9972979
1403638567.427830 -4.0325089 -11.8080950 19.1688309 0.0320505 0.0703822 0.0093136 0.9969616
1403638567.577830 -3.4095087 -11.1699829 18.8468895 0.0248268 0.0719323 0.0105031 0.9970452
1403638567.777829 -2.6686573 -10.4275570 18.3699398 0.0138692 0.0763984 0.0083377 0.9969461
1403638567.877830 -2.3537662 -10.1102009 18.1342659 0.0083227 0.0772664 0.0107135 0.9969182
1403638568.027829 -1.8820529 -9.7260475 17.7752895 0.0060502 0.0785120 0.0113917 0.9968297
1403638568.177830 -1.4395164 -9.3707266 17.4518204 0.0083936 0.0811480 0.0067588 0.9966438
1403638568.527829 -0.5126241 -8.7380066 16.7443638 0.0042697 0.0828182 0.0062799 0.9965358
1403638568.827830 0.1037636 -8.1424103 16.3070259 -0.0005097 0.0830370 0.0054530 0.9965314
1403638569.177830 0.6394171 -7.7806644 15.9054785 -0.0012309 0.0852427 0.0022609 0.9963569
1403638569.327830 0.8204305 -7.7151923 15.7670898 -0.0045086 0.0867747 0.0000584 0.9962178
1403638569.577830 1.0226362 -7.5391068 15.6601706 -0.0000317 0.0881324 -0.0016962 0.9961073
1403638570.327830 1.0442394 -7.3612814 15.6135769 0.0122379 0.0796922 0.0193066 0.9965574
1403638570.677830 1.0020808 -7.1119046 15.7815447 0.0204645 0.1107660 0.0889841 0.9896433
1403638570.877830 1.1176364 -6.9755497 15.8820419 0.0467340 0.1565780 0.1213513 0.9790675
1403638571.077830 1.3685747 -6.6424384 15.8853617 0.0530603 0.2052275 0.1362319 0.9677330
1403638571.377830 1.9186478 -6.2106733 15.6466255 0.0318581 0.2632130 0.1263075 0.9559029
1403638571.627830 2.4748495 -5.9636469 15.2773571 0.0339372 0.2833059 0.1282390 0.9498110
1403638572.077830 3.6166177 -5.4068561 14.4923182 0.0216227 0.3545339 0.1710736 0.9190060
1403638572.277829 4.1962252 -5.2210855 14.0236568 0.0159249 0.3965988 0.1798887 0.9000533
1403638572.477829 4.8486509 -4.9925175 13.5300789 0.0039572 0.4356868 0.1910533 0.8795795
1403638572.677830 5.5479364 -4.7483673 13.0431843 -0.0012989 0.4568852 0.1933201 0.8682636
1403638572.827830 6.0870895 -4.6228642 12.6652889 -0.0094580 0.4643095 0.1874743 0.8655523
1403638572.977829 6.6475573 -4.5578289 12.3097315 -0.0154222 0.4651306 0.1849081 0.8655776
1403638573.127830 7.2157049 -4.4944468 11.9860954 -0.0195506 0.4629216 0.1842215 0.8668240
1403638573.327830 8.0174141 -4.4060206 11.6309986 -0.0196411 0.4585356 0.1827106 0.8694690
1403638573.527829 8.8548412 -4.3660932 11.3359566 -0.0234059 0.4622251 0.1808594 0.8678076
1403638573.727829 9.7289314 -4.4492760 11.0702744 -0.0259267 0.4682040 0.1798601 0.8647330
1403638573.877830 10.4272985 -4.5602732 10.9032898 -0.0164573 0.4872959 0.1756103 0.8552385
1403638574.027829 11.1305399 -4.6350689 10.7833900 0.0050072 0.5123931 0.1864832 0.8382436
1403638574.177830 11.8298340 -4.6598120 10.6934519 0.0317951 0.5385320 0.2106376 0.8152325
1403638574.327830 12.5005608 -4.6551733 10.5844116 0.0413156 0.5684769 0.2291016 0.7890751
1403638574.477829 13.1299839 -4.5997524 10.4734764 0.0355750 0.5995689 0.2408589 0.7623900
1403638574.627830 13.7356176 -4.5484238 10.2711496 0.0338764 0.6219562 0.2476227 0.7420956
1403638574.777829 14.3232670 -4.5288587 10.0767460 0.0203602 0.6385064 0.2423827 0.7301683
1403638574.927830 14.8686981 -4.5223002 9.8403740 0.0080975 0.6419448 0.2476517 0.7256100
1403638575.127830 15.5878162 -4.4767098 9.5627708 0.0102934 0.6373051 0.2609313 0.7250180
1403638575.277829 16.1380692 -4.3956051 9.3586025 0.0168439 0.6336246 0.2662528 0.7261857
1403638575.427830 16.6852226 -4.2780132 9.1485672 0.0100652 0.6295036 0.2690544 0.7288578
1403638575.577830 17.2536964 -4.1289530 8.9187918 0.0007747 0.6265096 0.2661802 0.7325526
1403638575.777829 18.0501251 -3.9859624 8.5709600 -0.0163040 0.6255082 0.2569742 0.7365038
1403638575.927830 18.6939678 -3.9641604 8.3102551 -0.0220543 0.6239522 0.2557372 0.7381029
1403638576.127830 19.5972061 -4.0318999 7.9468174 -0.0206959 0.6238921 0.2534725 0.7389736
1403638576.327830 20.5728607 -4.1278090 7.6241875 -0.0215213 0.6273879 0.2450183 0.7388419
1403638576.527829 21.5687943 -4.1768298 7.3645458 -0.0329120 0.6311828 0.2350966 0.7384136
1403638576.727829 22.6107674 -4.2059121 7.2185593 -0.0370033 0.6342457 0.2274111 0.7380024
1403638576.927830 23.6787090 -4.2334647 7.1901741 -0.0198440 0.6369886 0.2213823 0.7381339
1403638577.127830 24.7351532 -4.2565536 7.2488995 -0.0046173 0.6344059 0.2294641 0.7381423
1403638577.327830 25.7679653 -4.3624964 7.3270779 -0.0060581 0.6353939 0.2279970 0.7377366
1403638577.577830 27.0021992 -4.6261377 7.4420757 -0.0154886 0.6371223 0.2212101 0.7381743
1403638577.827830 28.1826153 -4.8380480 7.6949539 -0.0122504 0.6339641 0.2279879 0.7388918
1403638578.077830 29.3664627 -4.9938869 8.0538845 -0.0101196 0.6330272 0.2264973 0.7401846
1403638578.327830 30.4678860 -5.3168249 8.3921337 0.0080248 0.6261589 0.2425359 0.7409703
1403638578.577830 31.6126041 -5.5306768 8.7569103 0.0099272 0.6268648 0.2437132 0.7399634
1403638578.827830 32.7118721 -5.6642141 9.1288910 0.0006655 0.6316773 0.2330068 0.7393857
1403638579.077830 33.7818909 -5.7707911 9.5051022 -0.0028096 0.6335322 0.2250106 0.7402697
1403638579.377830 34.9492836 -6.1327534 9.9193172 0.0059551 0.6295970 0.2327090 0.7412279
1403638580.577830 38.4394493 -6.5443907 11.9899855 0.0324266 0.3651604 0.1304661 0.9211867
1403638582.427830 40.7829514 -7.5631046 13.4340582 0.0282664 0.3335161 0.1015035 0.9368378
1403638582.727829 40.8530197 -7.9538636 13.3898058 0.0284486 0.3327059 0.1014002 0.9371315
1403638583.027829 40.7382736 -8.5357170 13.3237963 0.0179340 0.3331791 0.1057089 0.9367474
1403638583.627830 40.3480911 -9.2201843 13.4462910 0.0104269 0.3337248 0.1079638 0.9364096
1403638585.727829 36.4589996 -10.3736057 13.9673929 0.0106861 0.3295589 0.1097812 0.9376699
1403638586.027829 35.7058830 -10.6488819 13.9010506 0.0030376 0.3268682 0.1175903 0.9377209
1403638586.327830 35.0057869 -10.8899117 13.9609156 0.0185434 0.3315729 0.1100500 0.9368055
1403638586.627830 34.3018570 -10.9961214 14.0904770 0.0230137 0.3374484 0.0974392 0.9360046
1403638586.977829 33.3677292 -10.9332085 14.3481750 0.0262485 0.3340553 0.1049129 0.9363286
1403638587.377830 32.2383881 -10.8600216 14.5659075 0.0189554 0.3323736 0.1066780 0.9369036
1403638587.727829 31.1969185 -10.8951759 14.7081738 0.0192807 0.3320906 0.1107456 0.9365252
1403638588.027829 30.3331223 -10.7901907 14.8289385 0.0212012 0.3318721 0.1131995 0.9362678
1403638588.327830 29.4418182 -10.6098976 15.0160942 0.0169333 0.3363389 0.1003948 0.9362213
1403638588.727829 28.1969929 -10.6456089 15.1285276 0.0222599 0.3325701 0.1080601 0.9366027
1403638589.077830 27.0767345 -10.6799955 15.2626009 0.0231007 0.3329853 0.1114035 0.9360430
1403638589.527829 25.6212025 -10.5378704 15.4083948 0.0236020 0.3334853 0.1110641 0.9358928
1403638590.027829 24.0013809 -10.5814180 15.3644495 0.0187563 0.3344556 0.1138205 0.9353248
1403638590.427830 22.7507915 -10.4209700 15.4065228 0.0191070 0.3362364 0.1138546 0.9346749
1403638591.027829 20.9244881 -10.3627911 15.3440704 0.0091078 0.3336404 0.1208552 0.9348772
1403638591.577830 19.5079327 -10.3904428 15.4554291 -0.0288889 0.3294561 0.1373994 0.9336731
1403638592.127830 18.8375645 -10.4771776 16.0484905 -0.0100699 0.3299195 0.1327270 0.9345776
1403638592.677830 18.6737347 -11.3081846 16.5071297 0.0087911 0.2649873 0.1104363 0.9578665
1403638592.977829 18.7371006 -11.8746033 16.7050514 -0.0107425 0.2481815 0.1036654 0.9630909
1403638593.327830 18.9974060 -12.4818735 17.0548439 -0.0007220 0.2517579 0.0908868 0.9635129
1403638593.577830 19.2119522 -12.9512091 17.3332767 0.0146334 0.2621027 0.0740828 0.9620810
1403638593.827830 19.3728237 -13.3373022 17.6914730 0.0290808 0.2644644 0.0733120 0.9611651
1403638593.977829 19.4224281 -13.5951567 17.8730831 0.0470666 0.2551350 0.0743739 0.9628912
1403638594.177830 19.4168911 -13.8965254 18.0221882 0.0314850 0.2431788 0.0751070 0.9665566
1403638595.027829 19.0800190 -15.1523685 18.1447849 0.0265967 0.2327012 0.0766599 0.9691574
1403638595.477829 18.7200890 -15.3008957 18.1720276 0.0236611 0.2346095 0.0786618 0.9686128
1403638595.727829 18.5446358 -15.2951965 18.1567440 0.0213060 0.2357199 0.0722518 0.9688973
1403638596.027829 18.2675228 -15.2635584 18.1667862 0.0201347 0.2399290 0.0638427 0.9684796
1403638596.377830 17.8261204 -15.1024237 18.2291889 0.0097240 0.2546580 0.0209980 0.9667543
1403638596.677830 17.0944405 -15.2525463 18.2811832 0.0058770 0.2618462 -0.0037611 0.9650844
1403638596.977829 15.9072685 -15.6632576 18.4349155 0.0077116 0.2652788 -0.0156490 0.9640139
1403638597.277829 14.2448978 -16.0805225 18.7233658 0.0159239 0.2678276 -0.0156245 0.9632086
1403638597.577830 12.1397228 -16.3690128 19.1480637 0.0364369 0.2580481 0.0162059 0.9653088
1403638597.877830 9.7259874 -16.4715538 19.7262993 0.0346107 0.2551810 0.0032654 0.9662681
1403638598.127830 7.5136366 -16.5339165 20.2369804 0.0365633 0.2385219 0.0061871 0.9704289
1403638598.327830 5.6541858 -16.6670361 20.4992275 0.0359370 0.2177626 0.0405361 0.9744972
1403638598.577830 3.3228076 -16.7297707 20.8485451 0.0286901 0.2073192 0.0502942 0.9765583
1403638598.827830 1.0705796 -16.6855850 21.1998386 0.0282274 0.1779633 0.0373620 0.9829224
1403638599.077830 -1.2185017 -16.7341404 21.3973236 0.0277878 0.1334310 0.0191658 0.9904830
1403638599.427830 -4.3898249 -16.8718338 21.5816307 0.0217310 0.0670817 -0.0099804 0.9974609
1403638599.777829 -7.4168835 -17.0537052 21.8074493 0.0138634 0.0430384 -0.0179708 0.9988156
1403638600.227829 -11.2724180 -17.0618801 22.1776104 0.0033962 0.0382187 0.0260532 0.9989240
1403638600.627830 -14.0506268 -17.1427956 22.7237282 -0.0074425 0.0338988 0.0543189 0.9979203
1403638601.027829 -16.1204643 -17.5139179 23.3609562 -0.0252984 0.0452731 0.0153535 0.9985362
1403638601.427830 -17.9220295 -17.9703712 24.3346119 0.0024536 0.0432114 -0.0098702 0.9990142
1403638601.777829 -19.4733829 -18.5224361 25.2960873 0.0201411 -0.0255289 -0.0399379 0.9986729
1403638602.127830 -21.0567665 -19.2060795 26.0630035 0.0253151 -0.1048717 -0.0797564 0.9909592
1403638602.577830 -23.2459011 -19.8808098 26.8692646 0.1019737 -0.2172199 -0.0647344 0.9686208
1403638602.977829 -24.6138458 -20.4136124 26.7590790 0.0912966 -0.3083248 -0.0860498 0.9429721
1403638603.377830 -25.2773495 -20.6263199 26.1220551 0.0432370 -0.3619514 -0.1233519 0.9229876
1403638603.877830 -25.5343208 -20.3552723 25.3818665 0.0643863 -0.3668444 -0.1516885 0.9155710
1403638604.277829 -25.5599422 -19.7915554 24.5684509 0.0761754 -0.3641318 -0.1575012 0.9147671
1403638604.727829 -25.4252834 -19.2021465 23.0365448 0.0351740 -0.3667490 -0.1509947 0.9173105
1403638605.177830 -25.1965561 -18.6726284 21.4217758 -0.0015012 -0.3643364 -0.1568137 0.9179685
1403638605.627830 -25.1136684 -18.2928429 20.0525169 0.0413381 -0.3533708 -0.1878641 0.9154930
1403638606.027829 -25.3461723 -17.8542252 18.6798306 0.0484071 -0.3476054 -0.1986663 0.9150732
1403638606.527829 -26.0250721 -17.0715809 16.5681801 0.0084064 -0.3506706 -0.1820297 0.9185994
1403638606.977829 -27.0802326 -15.9844570 14.8539381 -0.0214906 -0.4003887 -0.1944226 0.8952245
1403638607.927830 -30.1142826 -14.3071260 12.5206394 0.0059772 -0.4710378 -0.1780324 0.8639399
1403638608.627830 -31.8554726 -12.5838814 11.8309937 0.0346232 -0.4647118 -0.1729588 0.8677151
1403638609.177830 -32.7040443 -11.3523560 11.2849503 0.0179580 -0.4660670 -0.1710157 0.8678783
1403638609.727829 -33.1632538 -10.2150383 11.0039139 0.0197745 -0.4636038 -0.1733292 0.8686987
1403638610.277829 -33.2364655 -9.2576923 10.9129772 0.0319302 -0.4669391 -0.1634976 0.8684566
1403638610.777829 -32.9039879 -8.3253593 10.9060555 0.0433939 -0.4696772 -0.1577485 0.8675458
1403638611.427830 -31.6804409 -7.3588371 10.8506985 0.0448571 -0.4682712 -0.1755711 0.8648033
1403638612.027829 -30.1292057 -6.5986485 10.4395485 0.0194754 -0.4651741 -0.1735819 0.8678151
1403638612.627830 -28.5309162 -5.9506607 10.0589209 0.0277887 -0.4587410 -0.1769768 0.8703239
1403638613.327830 -26.6017895 -5.2110643 9.6101160 0.0289544 -0.4524804 -0.1762532 0.8737035
1403638614.027829 -24.6324482 -4.4558239 8.8792686 0.0420506 -0.4187108 -0.1463465 0.8952629
1403638614.727829 -22.2872410 -3.6761773 8.0796385 0.0202126 -0.3304748 -0.1081782 0.9373769
1403638615.477829 -19.3648243 -4.1180449 7.1610932 0.0244620 -0.1298050 -0.0475185 0.9900981
1403638615.827830 -17.9461975 -4.2314682 6.8568540 0.0277262 -0.0622408 -0.0215770 0.9974426
1403638616.127830 -16.7532387 -4.4013572 6.5574188 0.0257944 -0.0227441 -0.0039974 0.9994005
1403638617.027829 -13.1709747 -3.3572764 6.2137818 -0.0099674 0.0775768 0.0469424 0.9958308
1403638617.627830 -10.6292286 -3.3498738 6.3410401 -0.0172850 0.0722906 0.0202436 0.9970284
1403638618.677830 -6.8289719 -4.8700333 7.6272535 -0.0075407 0.0669572 0.0094990 0.9976822
1403638619.177830 -5.3665943 -5.6785297 8.7296572 0.0117744 0.1245856 0.0277884 0.9917498
1403638619.627830 -4.2804093 -6.0093188 9.9146490 0.0217448 0.2155269 0.0793438 0.9730262
1403638620.377830 -2.3961997 -6.2701702 11.4689674 0.0316098 0.2341663 0.0982497 0.9667026
1403638622.827830 2.4920852 -5.9499888 12.4743042 0.0704362 0.2302875 0.0581881 0.9688243
1403638623.977829 2.2321231 -5.2286000 9.8089237 0.0268699 0.2320318 0.0735681 0.9695500
1403638625.127830 1.5878983 -3.7320230 6.4522824 0.0278224 0.2112903 0.0776472 0.9739370
1403638626.427830 1.1452225 -2.1334069 2.3828440 0.0153679 0.2102883 0.0674823 0.9751866
1403638627.877830 1.0726278 -0.6113603 0.0338564 0.0073385 0.2107160 0.0608604 0.9756234
1403638629.027829 0.8418033 -0.1361359 -0.2803235 0.0180656 0.2117594 0.0710294 0.9745699
1403638630.027829 0.7155929 -0.0394479 -0.2779255 0.0339013 0.2129782 0.0761818 0.9734924
1403638631.177830 0.5690576 0.1949903 0.0364465 -0.0189104 0.2065570 0.0652781 0.9760714
