1311868164.363181 -0.0000124 0.0000149 -0.0000029 -0.0000179 -0.0000166 -0.0000174 1.0000000
1311868164.863058 0.0590277 0.0002253 -0.0439481 0.0069105 -0.0044285 -0.0153192 0.9998490
1311868164.899132 0.0663046 -0.0022838 -0.0460815 0.0097550 -0.0030964 -0.0154843 0.9998277
1311868165.163146 0.1472487 0.0020618 -0.0629097 0.0146312 -0.0250259 -0.0278143 0.9991927
1311868165.331226 0.2082112 0.0180217 -0.0742681 0.0101918 -0.0433849 -0.0354862 0.9983760
1311868166.131254 0.3162735 0.0791348 -0.1641384 -0.0218828 -0.0169422 -0.0255672 0.9992900
1311868166.463018 0.3283578 0.1364028 -0.2148195 -0.0540533 -0.0006061 -0.0233721 0.9982643
1311868167.363275 0.5702412 0.1412829 -0.2573642 -0.0335332 -0.0639614 -0.0609706 0.9955235
1311868168.763305 0.6813744 0.0306842 -0.1072915 -0.0250893 -0.1030664 -0.0657993 0.9921786
1311868169.263274 0.7054350 -0.0460166 -0.0212675 -0.0036626 -0.1613471 -0.0930198 0.9824973
1311868169.631327 0.7510951 -0.1337625 0.0438842 0.0296520 -0.2209202 -0.1378552 0.9650446
1311868170.699432 0.9437003 -0.1600755 0.0173751 0.0301746 -0.2592506 -0.1321618 0.9562489
1311868171.531471 1.1103363 -0.1506356 0.0202615 0.0208131 -0.2979319 -0.1623578 0.9404485
1311868172.031533 1.2413775 -0.1392911 0.0801101 0.0009318 -0.3145013 -0.1914042 0.9297594
1311868172.599590 1.3427761 -0.1191509 0.1609645 -0.0389148 -0.3074387 -0.2107704 0.9271154
1311868173.167457 1.3741009 -0.1344951 0.3074406 -0.0836390 -0.2926146 -0.2258860 0.9253954
1311868173.967631 1.4199357 -0.2434148 0.4494292 -0.0611918 -0.3462101 -0.2447368 0.9036028
1311868174.431786 1.4997344 -0.3120569 0.5377964 -0.0399923 -0.3938423 -0.2714193 0.8772801
1311868174.967694 1.5015645 -0.3851655 0.6052055 -0.0206607 -0.4207386 -0.2562467 0.8699941
1311868175.400048 1.4427819 -0.4672735 0.6523370 0.0363999 -0.4417188 -0.2277049 0.8670121
1311868175.831761 1.4285660 -0.5285805 0.7323802 0.0667697 -0.4733373 -0.2008334 0.8550787
1311868176.067949 1.4520625 -0.5655431 0.7865878 0.0732250 -0.5041968 -0.2120810 0.8339337
1311868176.399921 1.5092419 -0.6074910 0.8875077 0.0652920 -0.5312526 -0.2452891 0.8082950
1311868176.767814 1.5428398 -0.6304750 0.9800557 0.0358955 -0.5391672 -0.2575022 0.8010635
1311868177.567851 1.4946356 -0.6853484 1.1400915 0.0265859 -0.5304160 -0.2762713 0.8010158
1311868178.068015 1.5119072 -0.7064874 1.2539214 0.0106489 -0.5684444 -0.3085440 0.7625996
1311868178.500102 1.5709090 -0.7308605 1.3427937 0.0036196 -0.6015997 -0.3353395 0.7249911
1311868179.300467 1.8003685 -0.7185244 1.3384244 -0.0183904 -0.6043589 -0.3368225 0.7217775
1311868180.131924 2.0041668 -0.7541134 1.4272124 -0.0441902 -0.6009347 -0.3610549 0.7117331
1311868181.032168 2.1058571 -0.8109318 1.5681341 -0.0661896 -0.6168444 -0.3676997 0.6927617
1311868182.400284 1.8132796 -0.8724018 1.6742871 -0.0628638 -0.5986706 -0.3593897 0.7130783
1311868182.836155 1.6703564 -0.9345285 1.7249944 -0.0337570 -0.6385131 -0.3449295 0.6871572
1311868183.168211 1.5358059 -1.0107307 1.7817284 -0.0066800 -0.6793826 -0.3651037 0.6364699
1311868183.436153 1.4469255 -1.0482628 1.8097347 0.0118092 -0.7048360 -0.3820481 0.5975835
1311868183.900249 1.3025326 -1.0869871 1.8303121 -0.0335034 -0.7256861 -0.3815620 0.5715485
1311868184.000440 1.2632132 -1.1067300 1.8292010 -0.0260459 -0.7242680 -0.3841680 0.5719900
1311868184.268504 1.1821810 -1.1285833 1.8343102 -0.0165496 -0.7249238 -0.3630593 0.5851492
1311868184.536326 1.1058509 -1.1422603 1.8527569 -0.0126502 -0.7329598 -0.3593263 0.5774898
1311868184.668352 1.0684148 -1.1504371 1.8643427 -0.0165553 -0.7459906 -0.3572727 0.5617651
1311868184.836324 1.0117943 -1.1802541 1.8839612 -0.0017978 -0.7653303 -0.3572189 0.5354072
1311868185.000422 0.9638751 -1.2078310 1.9029168 0.0077357 -0.7781830 -0.3587963 0.5153994
1311868185.268543 0.8899001 -1.2315426 1.9196008 -0.0134436 0.7910630 0.3611779 -0.4935475
1311868185.468575 0.8402158 -1.2377744 1.9357238 -0.0201330 0.7949890 0.3448440 -0.4986678
1311868185.600364 0.8142736 -1.2422756 1.9351273 0.0365274 -0.7926542 -0.3371173 0.5066726
1311868185.736700 0.7890351 -1.2493815 1.9427923 0.0429378 -0.7949162 -0.3248854 0.5106018
1311868185.836824 0.7742744 -1.2487535 1.9476749 0.0384168 -0.7974993 -0.3151663 0.5130197
1311868185.968391 0.7517481 -1.2462881 1.9583864 0.0311542 -0.8029178 -0.3197260 0.5021232
1311868186.068672 0.7337803 -1.2469010 1.9685004 -0.0317192 0.8072693 0.3259517 -0.4909844
1311868186.168524 0.7182440 -1.2483940 1.9824088 -0.0309986 0.8129886 0.3331048 -0.4765813
1311868186.400544 0.6875830 -1.2504642 2.0192909 -0.0216081 0.8331111 0.3550092 -0.4235888
1311868186.668623 0.6792918 -1.2540636 2.0623932 -0.0053594 0.8414951 0.3688382 -0.3947349
1311868187.268822 0.7937738 -1.2713898 2.1389313 0.0068106 0.8316166 0.3883590 -0.3969190
1311868187.600502 0.8365146 -1.2938176 2.1948788 0.0070983 0.8155219 0.4081568 -0.4102216
1311868188.169752 0.8300787 -1.3250724 2.3471255 0.0168636 0.8327967 0.4179630 -0.3625911
1311868188.400512 0.8057491 -1.3142095 2.4348974 0.0117778 0.8274876 0.4484972 -0.3376031
1311868188.703460 0.8347087 -1.3198543 2.4930401 0.0376541 0.8283576 0.4585952 -0.3195251
1311868189.000574 0.9165068 -1.3264693 2.5537949 0.0689275 0.8183962 0.4736182 -0.3180605
1311868189.400547 1.0214944 -1.3527681 2.6268921 0.0638670 0.7972131 0.4992521 -0.3333460
1311868190.002005 1.0544505 -1.4008307 2.7637444 0.0720235 0.7847933 0.5105151 -0.3439278
1311868190.870368 1.0208409 -1.4945846 2.9515152 0.0711618 0.7896133 0.4960549 -0.3540851
1311868193.105256 0.8198099 -1.5150166 2.8556664 0.0540014 0.7954655 0.4878365 -0.3554350
1311868195.038705 0.6676731 -1.6652925 2.7697935 0.0353170 0.8426036 0.4567150 -0.2831667
1311868196.537088 0.7148951 -1.7038376 3.0342286 0.0579292 0.7980185 0.4771699 -0.3634825
1311868197.569185 0.6632934 -1.7551973 3.2661698 0.0625024 0.7873706 0.5148067 -0.3333393
1311868198.805122 0.5000676 -1.7420206 3.3748085 0.0794316 0.7733643 0.5416175 -0.3197637
1311868200.337233 0.2426657 -1.7588134 3.4248593 0.0631931 0.8055028 0.5569091 -0.1924163
1311868202.373252 -0.0094059 -1.7687256 3.5218499 0.0560033 0.7990388 0.5848196 -0.1280108
1311868203.673562 -0.1653608 -1.8479060 3.4125319 0.0393457 0.8365141 0.5445871 -0.0460533
1311868204.573698 -0.3297546 -1.9493475 3.2499511 0.0227797 0.8256606 0.5627812 0.0322962
1311868205.637725 -0.4437233 -2.0780311 3.1551847 0.0298566 0.8592548 0.5090417 0.0408205
1311868208.137703 -0.6781616 -1.9228122 3.2741413 -0.0072542 0.8505830 0.5219377 0.0635374
1311868209.373893 -0.8119291 -1.7720048 3.3846030 0.0033807 0.8155991 0.5755025 0.0598623
1311868212.374157 -1.2212119 -1.6078525 3.3413763 -0.0135554 0.8043563 0.5762455 0.1441125
1311868214.006317 -1.3614775 -1.5452830 3.1696937 -0.0181395 0.8150917 0.5532606 0.1708778
1311868215.442338 -1.4740846 -1.5238576 3.0071678 -0.0291225 0.7994494 0.5197458 0.2998280
1311868216.242946 -1.4537392 -1.5871260 2.8753641 -0.0199708 0.7970597 0.4985068 0.3402764
1311868217.342453 -1.4902432 -1.6650076 2.7327008 -0.0011989 0.8164396 0.4709533 0.3341077
1311868219.342858 -1.5738691 -1.4786631 2.7897875 0.0055416 0.8142016 0.4531130 0.3629512
1311868220.010555 -1.6104413 -1.3504093 2.8566179 0.0327610 0.7815958 0.4746355 0.4034303
1311868220.842747 -1.6808456 -1.2459719 2.9431417 0.0095122 0.7404775 0.5132374 0.4338086
1311868224.010808 -1.8647501 -1.1307681 2.7674270 0.0092707 0.7147647 0.5135403 0.4746599
1311868226.010899 -2.1036570 -1.0248697 2.5525265 -0.0015482 0.6851312 0.4811606 0.5468796
1311868227.010946 -2.1337807 -0.9607307 2.3759832 0.0019999 0.6845090 0.4762302 0.5519494
1311868227.744281 -2.1179562 -0.9073161 2.2204707 0.0137616 0.6655843 0.4567407 0.5900814
1311868228.378967 -2.1666732 -0.8627859 2.1093650 0.0052329 0.6223326 0.4239172 0.6580038
1311868229.249047 -2.2271471 -0.8041272 1.9590092 -0.0000701 0.6179480 0.4081672 0.6719671
1311868230.147393 -2.0353606 -0.8669934 1.8134875 -0.0141785 0.6026408 0.4378579 0.6670108
1311868230.643420 -1.9240324 -0.9022085 1.7088517 -0.0014056 0.6043569 0.4665995 0.6457830
1311868231.115505 -1.8561101 -0.9208808 1.6195208 -0.0132656 0.6187350 0.4311282 0.6565969
1311868231.843239 -1.7273403 -0.9868454 1.5427469 -0.0759500 0.6064965 0.4397083 0.6580655
1311868232.343193 -1.6369164 -1.0582749 1.5292860 -0.0890384 0.5942691 0.4424138 0.6657225
1311868233.243606 -1.5634992 -1.1469703 1.5364852 -0.0656147 0.6113281 0.4247819 0.6644795
1311868234.343505 -1.7399249 -0.9996137 1.4336166 -0.0475372 0.5913982 0.3792994 0.7100144
1311868234.943562 -1.8803403 -0.9048493 1.3753242 -0.0513432 0.5826848 0.3629377 0.7253404
1311868235.511713 -1.9668067 -0.7999997 1.3218369 -0.0434684 0.5799924 0.3713585 0.7237487
1311868236.011678 -1.9793737 -0.7080693 1.2790785 -0.0377715 0.5833558 0.3646965 0.7247522
1311868236.579656 -1.9683557 -0.6080769 1.2244130 -0.0357058 0.5535719 0.3575661 0.7512853
1311868237.247704 -1.9767770 -0.4980752 1.1739221 -0.0000502 0.5185099 0.3511444 0.7796443
1311868237.679616 -1.9922767 -0.4233099 1.0744768 -0.0199769 0.4979204 0.3197946 0.8058583
1311868238.179768 -2.0188081 -0.3312887 0.9628275 -0.0228242 0.4611153 0.3159440 0.8288734
1311868238.811727 -1.9850715 -0.2571342 0.8839150 -0.0301926 0.4562574 0.3247189 0.8279343
1311868239.447769 -1.9159884 -0.1954174 0.8250516 -0.0209200 0.4179789 0.3171285 0.8510497
1311868240.079916 -1.8804035 -0.1207019 0.7572589 -0.0363612 0.3687791 0.2866476 0.8834665
1311868240.480028 -1.8698902 -0.0576652 0.6527438 -0.0570235 0.3548515 0.2587338 0.8965966
1311868241.411927 -1.7975315 -0.0889957 0.5555310 -0.0727897 0.3488694 0.2798864 0.8914344
1311868241.847976 -1.7093543 -0.1614911 0.5295806 -0.0624869 0.3379083 0.2792436 0.8966250
1311868242.347903 -1.6393788 -0.2058697 0.4466905 -0.0658470 0.3000618 0.2322721 0.9228634
1311868243.480135 -1.5346489 -0.1513871 0.3629079 -0.0340652 0.2787527 0.2005474 0.9385719
1311868243.948200 -1.4815584 -0.0915595 0.2600179 -0.0610382 0.2273151 0.1666648 0.9575098
1311868244.448220 -1.4427824 0.0024751 0.1941943 -0.0594280 0.1858503 0.1372364 0.9711303
1311868244.848096 -1.3972270 0.0718050 0.1570600 -0.0615984 0.1931214 0.1494125 0.9677736
1311868245.280237 -1.3200721 0.1140227 0.1430594 -0.0679208 0.2002960 0.1409844 0.9671565
1311868245.716121 -1.2277179 0.1507774 0.1200554 -0.0539430 0.1754282 0.1411054 0.9728332
1311868245.980265 -1.1734492 0.1925781 0.0874477 -0.0629005 0.1506013 0.1518434 0.9748366
1311868246.248127 -1.1423634 0.2318894 0.0448757 -0.0805774 0.1333159 0.1346874 0.9785671
1311868246.748855 -1.1151992 0.3043160 -0.0542394 -0.0983294 0.1366523 0.1352273 0.9764072
1311868247.816205 -0.9521157 0.2485063 -0.0571945 -0.0920717 0.1413663 0.1327235 0.9766898
1311868248.280257 -0.8412755 0.1773505 -0.0049548 -0.0906989 0.1197433 0.1291714 0.9801785
1311868248.916530 -0.6665025 0.0973901 0.0335582 -0.1244338 0.0693051 0.0835133 0.9862751
1311868249.216410 -0.5833508 0.0637918 0.0480495 -0.1313174 0.0857091 0.0768298 0.9846354
1311868249.516272 -0.5387482 0.0286089 0.0733914 -0.1191814 0.0878193 0.0763853 0.9860268
1311868249.880507 -0.4974477 -0.0382892 0.1287440 -0.1137867 0.0930752 0.0757394 0.9862318
1311868250.216361 -0.4791607 -0.1112805 0.1865408 -0.1017968 0.1022876 0.0755067 0.9866475
1311868250.880463 -0.4613667 -0.2248424 0.2500569 -0.0803654 0.0847580 0.0735645 0.9904271
1311868252.048722 -0.3293174 -0.1346893 0.1528358 -0.0768121 0.0706747 0.0421943 0.9936421
1311868252.580747 -0.1936059 -0.0622797 0.0572051 -0.0842791 0.0419514 0.0080910 0.9955258
1311868253.116735 -0.0649168 0.0040817 0.0131550 -0.0998413 0.0355649 0.0220925 0.9941221
1311868254.948966 0.3947277 0.0959926 0.0029795 -0.1425478 -0.0633963 -0.0287004 0.9873385
1311868255.616865 0.5002859 0.1281267 -0.0180692 -0.1399813 -0.0832640 -0.0268514 0.9862816
1311868256.216920 0.6277630 0.0838347 0.0373348 -0.1462373 -0.0930333 -0.0467760 0.9837537
1311868256.417708 0.6738175 0.0652802 0.0623260 -0.1371712 -0.0955644 -0.0587864 0.9841726
1311868256.848894 0.7653259 0.0149321 0.1089156 -0.1217600 -0.1186113 -0.0586136 0.9837024
1311868257.248914 0.8456925 -0.0361363 0.1436492 -0.1195640 -0.1540996 -0.0948180 0.9762005
1311868257.849241 0.9505180 -0.1314741 0.1862348 -0.1159850 -0.1995953 -0.1497679 0.9613942
1311868258.016837 0.9593874 -0.1634293 0.1996445 -0.1265056 -0.2144745 -0.1576470 0.9555859
1311868258.251845 0.9638170 -0.2090893 0.2345177 -0.1408714 -0.2427806 -0.1711905 0.9444081
1311868258.484910 0.9584128 -0.2666240 0.2797229 -0.1425126 -0.2361033 -0.1873031 0.9427953
1311868258.685108 0.9491295 -0.3252216 0.3176066 -0.1333288 -0.2378889 -0.1794489 0.9452145
1311868259.149197 0.9556242 -0.4143358 0.4043341 -0.1186799 -0.2657838 -0.1921514 0.9372043
1311868259.517235 0.9954664 -0.4737057 0.4792933 -0.0958563 -0.2865186 -0.2175857 0.9281030
