1403638538.777829 1.5965821 4.4976950 -12.0919142 -0.8358296 -0.0396231 0.0145841 0.5473630
1403638539.027829 1.5940365 4.5082865 -12.0906973 -0.8281162 -0.0389177 0.0151783 0.5589978
1403638539.277829 1.5898734 4.5284061 -12.0642586 -0.8157927 -0.0366786 0.0177008 0.5769086
1403638539.777829 1.5821664 4.5730772 -11.9319754 -0.8210439 -0.0424830 0.0190961 0.5689617
1403638542.677830 0.4702402 5.5739174 -11.6288090 -0.7262179 -0.3557740 0.2030107 0.5521043
1403638543.077830 0.1531031 5.5801516 -11.5301914 -0.7445209 -0.3483578 0.2234956 0.5238180
1403638543.377830 -0.0937352 5.5659075 -11.4700975 -0.7476888 -0.3432263 0.2237984 0.5225624
1403638543.677830 -0.3453470 5.5458822 -11.4505005 -0.7338331 -0.3751595 0.2381086 0.5138565
1403638545.777829 -2.3140435 5.4091539 -11.3098812 -0.6570165 -0.4922231 0.3353497 0.4621542
1403638545.977829 -2.4881282 5.3949604 -11.2889862 -0.6289343 -0.5304537 0.3547231 0.4441082
1403638546.177830 -2.6619172 5.3810539 -11.2581081 -0.6045409 -0.5588177 0.3680607 0.4321855
1403638546.577830 -3.0297761 5.3408318 -11.2605114 -0.5944272 -0.5717122 0.3817243 0.4172387
1403638546.977829 -3.4182258 5.2854271 -11.2143097 -0.5763565 -0.5903733 0.3863275 0.4123393
1403638548.477829 -5.0457029 4.7241755 -11.2907324 -0.5437324 -0.6242221 0.4113437 0.3814422
1403638548.677830 -5.2891932 4.6134300 -11.2608500 -0.5289455 -0.6359709 0.4216903 0.3713960
1403638549.077830 -5.7889509 4.3868923 -11.1875763 -0.5208579 -0.6430929 0.4268883 0.3645614
1403638549.327830 -6.1063719 4.2424898 -11.0950069 -0.5226377 -0.6401755 0.4299933 0.3634984
1403638549.727829 -6.6252780 4.0146627 -10.9579105 -0.5242200 -0.6342830 0.4346403 0.3660142
1403638549.927830 -6.8864250 3.9084702 -10.8913288 -0.5264471 -0.6349680 0.4327118 0.3639090
1403638550.327830 -7.4353762 3.7076788 -10.6637726 -0.5271366 -0.6358646 0.4328523 0.3611678
1403638550.677830 -7.9230604 3.5537090 -10.4690332 -0.5272970 -0.6290215 0.4437306 0.3597124
1403638551.027829 -8.4004831 3.4396496 -10.3331404 -0.5193626 -0.6153449 0.4614101 0.3724430
1403638551.227829 -8.6444206 3.3984966 -10.2641382 -0.5197659 -0.6109714 0.4680378 0.3708072
1403638553.877830 -10.0293694 5.1227512 -9.6641693 -0.5838354 -0.5346121 0.4048330 0.4576424
1403638556.827830 -8.2874317 7.6174788 -9.2567873 -0.6493902 -0.5105884 0.3684679 0.4264073
1403638559.477829 -8.3627167 10.6368141 -8.8487673 -0.6347007 -0.5237525 0.3486936 0.4486103
1403638561.777829 -8.9436617 12.6437950 -9.2257185 -0.7669560 -0.2643827 0.1867661 0.5540746
1403638561.977829 -8.8718481 12.7607994 -9.2736635 -0.7674549 -0.2608183 0.1793063 0.5575267
1403638563.277829 -8.2388668 13.2686634 -9.3140488 -0.8061084 -0.0359782 0.0598189 0.5876364
1403638563.527829 -8.0400038 13.3115578 -9.3606863 -0.7942607 -0.0183905 0.0512888 0.6051291
1403638563.827830 -7.7533607 13.3005486 -9.3937950 -0.8014322 -0.0193697 0.0529626 0.5954210
1403638566.777829 -2.7115428 11.1978283 -10.3256788 -0.8272438 -0.0598428 0.0356811 0.5575064
1403638566.977829 -2.3695664 11.0065327 -10.4980288 -0.8386883 -0.0655486 0.0352161 0.5395045
1403638567.227829 -1.9682195 10.8136988 -10.7151566 -0.8128671 -0.0668535 0.0361958 0.5774665
1403638569.927830 0.2829799 9.6318245 -11.7424927 -0.8193446 -0.0697125 0.0062487 0.5690126
1403638572.527829 1.6936190 9.0745535 -12.2062321 -0.7747692 0.2983084 -0.1867556 0.5252305
1403638573.377830 2.7937424 8.7893209 -12.1519318 -0.7823419 0.2986284 -0.2080639 0.5054419
1403638573.577830 3.0703530 8.7828655 -12.1222029 -0.7823846 0.2989254 -0.2132277 0.5030426
1403638573.777829 3.3517632 8.8031311 -12.0662355 -0.7793579 0.3031932 -0.2234529 0.5007434
1403638573.977829 3.6370599 8.8488560 -12.0135260 -0.7554504 0.3252819 -0.2478546 0.5119124
1403638574.377830 4.1837058 8.9349451 -11.9713726 -0.6909720 0.4213105 -0.2802326 0.5162605
1403638574.727829 4.6339788 8.9302521 -11.9561520 -0.6656427 0.4646922 -0.3250634 0.4850925
1403638575.177830 5.1694326 8.8848038 -11.9044104 -0.6691880 0.4816273 -0.3179105 0.4681406
1403638575.577830 5.6618900 8.8184748 -11.9312143 -0.6813497 0.4767782 -0.3098799 0.4608900
1403638575.827830 5.9978719 8.7704935 -11.9283638 -0.6957131 0.4652335 -0.3166231 0.4464203
1403638576.027829 6.2840767 8.7495337 -11.8835726 -0.6976622 0.4625790 -0.3161650 0.4464616
1403638576.427830 6.8898802 8.7561665 -11.7617226 -0.6984792 0.4546151 -0.3283183 0.4445887
1403638576.627830 7.2022138 8.7894535 -11.7299252 -0.7041430 0.4476855 -0.3385345 0.4349193
1403638577.027829 7.8194928 8.9536057 -11.7113352 -0.6885238 0.4469075 -0.3406606 0.4584310
1403638577.477829 8.4583778 9.2168550 -11.6511211 -0.6901392 0.4419943 -0.3478301 0.4553716
1403638577.677830 8.7213688 9.3582373 -11.6128912 -0.6896139 0.4461069 -0.3413003 0.4570947
1403638577.877830 8.9735804 9.5122747 -11.6019335 -0.6895743 0.4474107 -0.3380641 0.4582833
1403638578.277829 9.4570847 9.8618431 -11.5601215 -0.6825824 0.4550098 -0.3230849 0.4718724
1403638578.477829 9.6929388 10.0383987 -11.5293903 -0.6802690 0.4573788 -0.3206685 0.4745634
1403638578.877830 10.1479063 10.3614407 -11.5198765 -0.6841709 0.4493155 -0.3340472 0.4673737
1403638579.077830 10.3636761 10.5245943 -11.5127277 -0.6859620 0.4459110 -0.3369936 0.4658914
1403638579.277829 10.5723934 10.6999388 -11.4707479 -0.6851850 0.4464588 -0.3347829 0.4680988
1403638582.177830 12.0224171 12.2799730 -11.5245714 -0.7934958 0.1601419 -0.1347428 0.5714572
1403638584.977829 11.1883993 12.6188402 -10.7495604 -0.7979115 0.1606070 -0.1367060 0.5646718
1403638586.077830 10.3385754 12.4485283 -10.6326513 -0.8055204 0.1664391 -0.1304048 0.5535607
1403638586.477829 10.0501299 12.4377422 -10.5629673 -0.7940850 0.1575791 -0.1468073 0.5683710
1403638587.727829 9.0022955 12.3213129 -10.6472244 -0.7980500 0.1650379 -0.1354204 0.5635070
1403638589.327830 7.5488243 12.0637836 -10.8228493 -0.7936706 0.1665301 -0.1358043 0.5691326
1403638589.527829 7.3582773 12.0172148 -10.8503199 -0.7940068 0.1667780 -0.1349061 0.5688046
1403638591.477829 5.6709576 11.4990215 -10.8989468 -0.8205134 0.1801767 -0.1240534 0.5281146
1403638591.727829 5.5234394 11.5043697 -10.9349508 -0.8231957 0.1830297 -0.1208655 0.5236797
1403638594.077830 5.2835503 12.5251217 -10.2484245 -0.7974423 0.0891747 -0.0771393 0.5917629
1403638595.327830 5.0474062 12.7132750 -9.8379326 -0.8087336 0.0806773 -0.0683512 0.5785925
1403638596.127830 4.8505840 12.6499310 -9.8640079 -0.8101552 0.0653952 -0.0907093 0.5754511
1403638596.527829 4.6523857 12.6041145 -9.8873224 -0.8092081 0.0369971 -0.1268056 0.5724805
1403638596.927830 4.2216043 12.5804358 -9.7757816 -0.8065858 0.0209779 -0.1467035 0.5722390
1403638597.327830 3.5212030 12.5746078 -9.6702032 -0.8000150 0.0259053 -0.1470329 0.5811079
1403638597.527829 3.0769222 12.5699806 -9.6499386 -0.7952970 0.0416686 -0.1279578 0.5910950
1403638597.727829 2.5951130 12.5532188 -9.6510258 -0.7921807 0.0502179 -0.1176907 0.5967219
1403638597.927830 2.0865581 12.5188560 -9.6754904 -0.7949416 0.0284758 -0.1272395 0.5925092
1403638598.127830 1.5363882 12.4716311 -9.6929131 -0.7962230 0.0256171 -0.1089596 0.5945591
1403638598.327830 0.9553893 12.4053831 -9.6901102 -0.8019984 0.0421303 -0.0737771 0.5912533
1403638598.527829 0.3773237 12.3295240 -9.7051678 -0.8061879 0.0452518 -0.0631906 0.5865324
1403638598.727829 -0.1920449 12.2447567 -9.7462082 -0.8096151 0.0294839 -0.0523923 0.5838743
1403638598.977829 -0.8899999 12.1300716 -9.7814293 -0.8102453 -0.0070467 -0.0283060 0.5853646
1403638599.377830 -1.9796624 11.9210453 -9.7614851 -0.8105980 -0.0778567 0.0186506 0.5801047
1403638599.577830 -2.5121198 11.8111210 -9.7243671 -0.8127673 -0.0999951 0.0323715 0.5730291
1403638599.777829 -3.0349896 11.7051497 -9.7121124 -0.8137538 -0.1059400 0.0370830 0.5702686
1403638600.577830 -4.9598374 11.4327183 -9.8063841 -0.8303927 -0.0544381 0.0815631 0.5484815
1403638600.777829 -5.3346252 11.4281397 -9.7946110 -0.8360097 -0.0526230 0.0832852 0.5397981
1403638600.977829 -5.6602960 11.4600658 -9.7710323 -0.8389241 -0.0759731 0.0549657 0.5361092
1403638601.377830 -6.2735424 11.6205997 -9.7673407 -0.8229732 -0.0999382 0.0334341 0.5582201
1403638601.577830 -6.5887976 11.7251711 -9.7528124 -0.8117142 -0.1174820 0.0585253 0.5691159
1403638601.777829 -6.9031115 11.8261528 -9.7179985 -0.8010403 -0.1619249 0.0824181 0.5703701
1403638601.977829 -7.2198043 11.9143152 -9.6610746 -0.7870820 -0.2129506 0.1110495 0.5681742
1403638602.377830 -7.8615546 12.0548897 -9.5933514 -0.7561755 -0.2717052 0.1595261 0.5735211
1403638604.677830 -8.5317221 10.8329868 -9.2716188 -0.6842864 -0.4311919 0.2953002 0.5085503
1403638605.377830 -8.2266693 10.1121540 -9.2105179 -0.7012465 -0.4425911 0.2791724 0.4841790
1403638605.727829 -8.1410904 9.7854071 -9.1958532 -0.6741797 -0.4533467 0.2645796 0.5195732
1403638606.077830 -8.1008062 9.3785553 -9.1412230 -0.6730314 -0.4576131 0.2552604 0.5219783
1403638606.527829 -8.1280670 8.7186012 -9.1427593 -0.6994160 -0.4481167 0.2639198 0.4902602
1403638606.927830 -8.2472296 8.1099520 -9.2378569 -0.6954789 -0.4788484 0.2862423 0.4528563
1403638607.127830 -8.3584661 7.8328223 -9.2651730 -0.6775028 -0.5016418 0.3150811 0.4359696
1403638607.577830 -8.6820555 7.2992153 -9.3269320 -0.6443691 -0.5087957 0.3575136 0.4450838
1403638608.427830 -9.2493286 6.5659475 -9.7253561 -0.6335473 -0.4979727 0.3603454 0.4698854
1403638608.827830 -9.4320097 6.2976084 -9.9939966 -0.6346221 -0.4959264 0.3631841 0.4684114
1403638609.227829 -9.5324392 6.0590982 -10.1704350 -0.6438766 -0.4945416 0.3662408 0.4546638
1403638609.477829 -9.5664663 5.9423981 -10.2868280 -0.6441426 -0.4947177 0.3651079 0.4550067
1403638609.727829 -9.5814152 5.8495741 -10.4429798 -0.6421811 -0.4986637 0.3589563 0.4583539
1403638610.077830 -9.5837669 5.7469130 -10.6233692 -0.6404198 -0.4948248 0.3638670 0.4610984
1403638610.427830 -9.5452728 5.6752396 -10.7761803 -0.6357878 -0.4897636 0.3697130 0.4682072
1403638610.777829 -9.4353762 5.6221914 -10.9720278 -0.6301296 -0.4865521 0.3748625 0.4750600
1403638611.027829 -9.3072338 5.5943098 -11.0769119 -0.6356563 -0.4901174 0.3729943 0.4654045
1403638611.377830 -9.0778790 5.5803633 -11.2303991 -0.6292185 -0.4946167 0.3692706 0.4723112
1403638611.827830 -8.7036362 5.5438967 -11.3555222 -0.6344105 -0.5022070 0.3548769 0.4683738
1403638612.227829 -8.3529301 5.4934626 -11.4748688 -0.6451576 -0.4968554 0.3593982 0.4557843
1403638612.727829 -7.9204397 5.4779902 -11.5763445 -0.6380107 -0.4990144 0.3483683 0.4717696
1403638613.077830 -7.6064100 5.4541225 -11.6772394 -0.6405874 -0.4934427 0.3491592 0.4735504
1403638613.577830 -7.1494799 5.3840551 -11.7047768 -0.6445682 -0.4891206 0.3467147 0.4744280
1403638613.927830 -6.8181486 5.3271990 -11.7755489 -0.6522081 -0.4629373 0.3489676 0.4884006
1403638614.127830 -6.6049466 5.2985706 -11.8430386 -0.6712586 -0.4413103 0.3259328 0.4984226
1403638614.577830 -6.0922256 5.2252722 -11.9349852 -0.7065763 -0.3984640 0.2917953 0.5067859
1403638614.777829 -5.8593745 5.1994162 -11.9223480 -0.7249653 -0.3719757 0.2863371 0.5040541
1403638615.027829 -5.5560365 5.1927958 -11.8658485 -0.7543909 -0.3284179 0.2572049 0.5068350
1403638615.227829 -5.3063102 5.2194328 -11.8019533 -0.7668977 -0.2871618 0.2146350 0.5322948
1403638615.477829 -4.9922824 5.2683182 -11.7236128 -0.7814407 -0.2253179 0.1636910 0.5583794
1403638615.727829 -4.6830244 5.3113708 -11.6729870 -0.7928367 -0.1776614 0.1296362 0.5683668
1403638616.027829 -4.3164959 5.3453999 -11.5883589 -0.8004593 -0.1428877 0.1096007 0.5716955
1403638616.277829 -4.0072923 5.3686447 -11.5740585 -0.8072020 -0.1047527 0.0844666 0.5747323
1403638616.527829 -3.6946919 5.3884563 -11.6442928 -0.8137819 -0.0611542 0.0553538 0.5752871
1403638616.777829 -3.3851440 5.4022627 -11.7411823 -0.8308976 -0.0376672 0.0457757 0.5532587
1403638617.177830 -2.8786280 5.4915085 -11.8582640 -0.8274323 -0.0451875 0.0330924 0.5587654
1403638617.527829 -2.4480817 5.6346931 -11.8569355 -0.8358935 -0.0592602 0.0296267 0.5448784
1403638618.177830 -1.7746544 6.0751848 -11.6533699 -0.8303649 -0.0713599 0.0335559 0.5516122
1403638618.477829 -1.5180705 6.3329229 -11.5913296 -0.8292497 -0.0755212 0.0336376 0.5527295
1403638618.727829 -1.3265142 6.5690298 -11.5522070 -0.8280840 -0.0724484 0.0270926 0.5552423
1403638621.277829 0.2286924 8.5479660 -11.6398697 -0.8108917 0.0744881 -0.0632736 0.5769773
1403638624.127830 1.1673559 7.7746925 -11.7029867 -0.8075762 0.0791448 -0.0656653 0.5807280
1403638624.877830 1.2495798 7.0449238 -11.7510290 -0.8045878 0.0703708 -0.0659682 0.5859476
1403638625.177830 1.2754464 6.7136297 -11.7406721 -0.8094999 0.0671343 -0.0453554 0.5815031
1403638625.477829 1.3097826 6.3855057 -11.7481880 -0.8095533 0.0642410 -0.0412309 0.5820624
1403638625.777829 1.3561004 6.0626783 -11.7139902 -0.8162203 0.0637067 -0.0419586 0.5726826
1403638626.077830 1.4140429 5.7577133 -11.6969128 -0.8207871 0.0654411 -0.0425048 0.5658793
1403638626.527829 1.5197871 5.3477621 -11.7465267 -0.8167006 0.0565231 -0.0563358 0.5715169
1403638626.877830 1.5854292 5.0651102 -11.7879887 -0.8264329 0.0571874 -0.0533001 0.5575817
1403638627.177830 1.6321111 4.8768644 -11.7859297 -0.8273810 0.0566993 -0.0513729 0.5564053
1403638627.477829 1.6741391 4.7319784 -11.8128605 -0.8267929 0.0531689 -0.0548542 0.5572948
1403638627.777829 1.7056984 4.6271324 -11.8546715 -0.8205335 0.0517997 -0.0588748 0.5661938
1403638628.077830 1.7197827 4.5456343 -11.9009571 -0.8229614 0.0517008 -0.0615487 0.5623817
1403638628.327830 1.7154751 4.4964685 -11.9280376 -0.8244717 0.0536472 -0.0621433 0.5599168
1403638628.627830 1.6928358 4.4668579 -11.9343548 -0.8131993 0.0683080 -0.0431612 0.5763488
1403638628.927830 1.6840508 4.4375811 -11.9533215 -0.8138288 0.0654372 -0.0487655 0.5753456
1403638629.177830 1.6841531 4.4136486 -11.9760952 -0.8157353 0.0577206 -0.0589010 0.5725163
1403638629.477829 1.6715488 4.3892765 -11.9827576 -0.8237497 0.0576831 -0.0602042 0.5607894
1403638629.727829 1.6508592 4.3889666 -11.9777908 -0.8241211 0.0724916 -0.0411288 0.5602480
1403638630.177830 1.6546378 4.4101915 -12.0331736 -0.8066146 0.0617962 -0.0588975 0.5848805
1403638630.627830 1.6410911 4.4335079 -12.0862341 -0.8112358 0.0595066 -0.0578240 0.5788020
1403638630.877830 1.6435828 4.4263859 -12.1063385 -0.8352227 0.0495378 -0.0547603 0.5449317
1403638631.377830 1.6372962 4.3997860 -12.1093245 -0.8353148 0.0496084 -0.0551752 0.5447420
