1403637149.738319 -1.3106744 1.3575574 0.5687686 -0.8027672 0.0414374 0.0019685 0.5948478
1403637150.988319 -1.1158175 1.5638149 0.7971357 -0.8105181 0.0408846 -0.0412538 0.5828267
1403637153.288319 -0.7249928 2.0300474 1.1050804 -0.8148125 0.0333228 -0.0310518 0.5779325
1403637155.438319 -0.1790520 2.6674910 1.1230106 -0.8070902 0.1058894 -0.0828317 0.5749188
1403637157.338319 0.8577549 3.0588307 0.7467165 -0.7295802 0.3859921 -0.2471256 0.5075941
1403637160.038319 3.6278462 1.6448379 0.6341386 -0.6733333 0.4695467 -0.3249522 0.4696320
1403637162.988319 6.1002769 -1.1368119 0.6791463 0.4387987 -0.6503076 0.4966545 -0.3713356
1403637164.638319 4.7363768 -3.0295115 0.7064023 0.2934026 -0.7612540 0.5153601 -0.2623189
1403637167.038319 2.1617813 -5.3396325 0.4771709 0.3287719 -0.7368106 0.5804709 -0.1098756
1403637169.838319 4.4011173 -2.2377264 -0.0167189 0.4722032 -0.6465705 0.5197423 -0.2980583
1403637171.938319 4.6259174 1.5028410 -0.3707595 -0.6923001 0.3490320 -0.3373663 0.5339301
1403637173.538319 2.6752286 2.6550984 -0.3316417 -0.6331552 0.5505307 -0.3064106 0.4496034
1403637173.938319 2.5971434 2.5781240 -0.4579358 0.5820170 -0.6280189 0.3117540 -0.4118956
1403637174.538319 2.8117833 2.1419640 -0.3995395 0.5361711 -0.5981510 0.3969497 -0.4440347
1403637177.388319 1.0935335 -1.7954093 -0.2610499 0.4351951 -0.7360736 0.4386378 -0.2764016
1403637180.188319 2.7880099 -3.5370836 -0.7116065 0.3543563 -0.7249464 0.5511457 -0.2124209
1403637183.088319 5.9126945 -0.0335286 0.0757790 0.2863526 -0.7250351 0.5642651 -0.2719028
1403637184.988319 3.7747908 2.0428190 -0.2415116 0.3194875 -0.7801240 0.4895715 -0.2228321
1403637185.188319 3.4755273 2.0724380 -0.2399189 0.3219134 -0.7825326 0.4860805 -0.2184955
1403637185.388319 3.2115333 2.0561223 -0.2073064 0.3300054 -0.7864975 0.4797390 -0.2058367
1403637186.038319 2.6124048 1.7902203 0.0062722 0.3226585 -0.7559472 0.5293402 -0.2103196
1403637186.588319 2.2645135 1.5301648 0.2283313 0.3108728 -0.7518780 0.5360505 -0.2251387
1403637187.038319 1.9905579 1.3235413 0.3890816 0.2858159 -0.7712084 0.5088082 -0.2542855
1403637188.238319 1.2157037 0.2133121 0.3099642 0.3028955 -0.7747095 0.5240598 -0.1828690
1403637190.538319 0.3235284 -2.4731364 -0.0561755 0.2195710 -0.7782035 0.5658301 -0.1613199
1403637192.088319 -0.4396913 -3.4775310 0.0408111 0.2809199 -0.7753201 0.5468515 -0.1446247
1403637192.388319 -0.4828207 -3.5689466 0.1684284 0.2883886 -0.7772427 0.5440522 -0.1293558
1403637192.888319 -0.3642013 -3.7051976 0.3142033 0.2690476 -0.7901381 0.5282767 -0.1556244
1403637193.488319 -0.0689960 -3.9721754 0.4939950 0.2598300 -0.7893339 0.5294670 -0.1706016
1403637193.938319 0.2087417 -4.2625084 0.6103814 0.2734427 -0.7805722 0.5403813 -0.1546741
1403637194.188319 0.3986931 -4.4155436 0.6368256 0.2690938 -0.7734255 0.5512518 -0.1597597
1403637196.588319 2.8712325 -5.0606666 0.8024635 0.3070220 -0.7147190 0.6115539 -0.1446241
1403637199.388319 4.9209995 0.6215603 1.0826983 -0.6186659 0.4780205 -0.4145292 0.4657407
1403637200.038319 4.4142971 2.3036270 0.9872346 -0.6630982 0.3555402 -0.2730817 0.5994318
1403637202.738319 2.0169015 3.3842390 0.6210990 -0.7471836 0.3415726 -0.2220417 0.5251119
1403637205.688319 2.1687875 2.3903122 0.5709062 -0.7513221 0.3148965 -0.2450812 0.5256336
1403637208.188319 1.6083733 2.2298222 0.6787670 -0.7479022 0.3267777 -0.2424456 0.5244797
1403637209.488319 1.3512928 2.0475941 0.6886382 -0.7728173 0.2953652 -0.2186562 0.5173995
1403637212.288319 3.2752271 5.1728773 0.0774937 -0.7565109 0.2939548 -0.2074432 0.5461220
1403637212.488319 3.5240934 5.4201035 0.0971718 -0.7543755 0.2943067 -0.2115692 0.5473022
1403637212.738319 3.8167224 5.7043123 0.1419716 -0.7662159 0.2994479 -0.2090572 0.5287148
1403637212.988319 4.1087799 5.9871435 0.2012987 -0.7711765 0.2940469 -0.2151259 0.5220575
1403637213.238319 4.3955007 6.2784014 0.2567692 -0.7716972 0.2946936 -0.2070774 0.5241737
1403637213.488319 4.6808038 6.5720949 0.2776384 -0.7682403 0.2922099 -0.2089080 0.5298846
1403637213.688319 4.9034138 6.8040495 0.2698917 -0.7701841 0.2793011 -0.2263550 0.5268499
1403637213.938319 5.1531458 7.0990505 0.2300444 -0.7756433 0.2719270 -0.2335384 0.5195122
1403637214.188319 5.3634691 7.4210148 0.2061510 -0.7684529 0.2631828 -0.2177936 0.5410922
1403637214.488319 5.5586553 7.8042831 0.2317362 -0.7739450 0.2034563 -0.1984845 0.5658787
1403637214.738319 5.6487513 8.0982533 0.2895470 -0.7803530 0.1372105 -0.1976768 0.5771883
1403637214.938319 5.6517887 8.3238049 0.3536348 -0.7808630 0.1185702 -0.1917194 0.5826129
1403637216.488319 4.0347462 9.0449581 0.6914387 -0.7900380 -0.0078802 0.0011675 0.6130061
1403637216.788319 3.6685286 8.9486446 0.7165785 -0.7747753 0.0014689 0.0083572 0.6321797
1403637217.488319 2.9964235 8.2989731 0.7865829 -0.7856093 0.0412659 0.0301136 0.6166104
1403637217.788319 2.8384528 7.8803921 0.7437134 -0.7742970 -0.0146946 0.0119319 0.6325393
1403637218.038319 2.7270169 7.4570923 0.7371931 -0.7772304 -0.0730937 0.0320785 0.6241325
1403637218.238319 2.6404920 7.0798421 0.7448292 -0.7827723 -0.0924744 0.0481092 0.6135158
1403637218.688319 2.4588537 6.1534815 0.7093673 -0.7853177 -0.1006462 0.0493837 0.6088576
1403637218.888319 2.3757691 5.7142792 0.6980119 -0.7917839 -0.1009825 0.0407594 0.6010153
1403637219.088319 2.2855744 5.2666283 0.6310635 -0.7920043 -0.1073584 0.0266619 0.6004104
1403637220.388319 1.3199215 2.4452176 0.6858752 -0.8228980 -0.0811781 0.0513479 0.5600110
1403637223.288319 0.1576953 0.1264961 0.5779043 -0.8260314 0.0931777 -0.0648027 0.5520785
1403637224.488319 0.1792211 0.2023259 0.7629396 -0.8089643 0.0769667 -0.0731718 0.5781858
1403637226.238319 -0.0537670 0.1244289 0.7104346 -0.8043354 0.0713783 -0.0709614 0.5855888
1403637227.038319 -0.3244376 0.0675455 0.7306637 -0.8204417 0.0832878 -0.0549996 0.5629508
1403637227.538319 -0.4413868 0.1200024 0.7438114 -0.8174352 0.0868639 -0.0605893 0.5662009
1403637228.538319 -0.4968173 0.2419317 0.6631410 -0.7995193 0.0744205 -0.0736729 0.5914412
1403637229.038319 -0.5664853 0.2031062 0.7090510 -0.8102384 0.0772386 -0.0710889 0.5766232
1403637231.088319 -0.6139349 0.0963818 0.6097723 -0.7181619 0.4167078 -0.2671887 0.4890892
1403637231.338319 -0.5564203 0.0750278 0.5767190 -0.6688083 0.4944283 -0.3113142 0.4596951
1403637231.588319 -0.4713628 0.0338449 0.4462366 -0.5995861 0.5769833 -0.3558402 0.4253994
1403637232.038319 -0.2607012 -0.1376215 0.1885271 0.4850718 -0.6754014 0.4280215 -0.3540281
1403637232.488319 -0.0317335 -0.4513690 0.1122528 0.3813950 -0.7148257 0.4981577 -0.3088706
1403637232.788319 0.0588463 -0.7198365 0.1247174 0.3101976 -0.7726467 0.4828683 -0.2713539
1403637233.288319 0.1515781 -1.3738256 0.2257468 0.3028853 -0.8075462 0.4642706 -0.2014512
1403637236.238319 4.2097378 -1.8316517 -0.5932174 -0.5740552 0.5597404 -0.4943440 0.3358203
1403637238.988319 2.8005359 2.1878445 1.0095935 0.4716105 -0.7415919 0.2920197 -0.3772923
1403637239.238319 2.5305820 1.8221722 1.0955802 0.4850630 -0.7307314 0.3406403 -0.3386882
1403637239.488319 2.3822720 1.3163233 1.1652076 0.4542006 -0.7331776 0.3894712 -0.3232099
1403637239.738319 2.2951961 0.7291594 1.1384252 0.4001386 -0.7491738 0.4375001 -0.2953326
1403637239.988319 2.2361488 0.0920053 1.0253228 0.3405848 -0.7444411 0.5125789 -0.2589833
1403637240.488319 2.0789349 -1.1381553 0.7085893 0.2555823 -0.7958585 0.5249569 -0.1603345
1403637240.988319 2.0212159 -2.3279166 0.5342951 0.2560808 -0.7744654 0.5601844 -0.1442893
1403637241.288319 2.0511045 -2.9818096 0.4407561 0.2674153 -0.7731512 0.5563032 -0.1457842
1403637241.538319 2.1093326 -3.4775405 0.3396480 0.2854263 -0.7605261 0.5680223 -0.1322215
1403637241.788319 2.2204976 -3.9000149 0.2734945 0.2897473 -0.7428254 0.5881975 -0.1352057
1403637242.038319 2.3686104 -4.2159491 0.2510080 0.2680793 -0.7334817 0.6010283 -0.1700090
1403637242.338319 2.5356989 -4.4643016 0.2575307 0.2792614 -0.7339020 0.6019052 -0.1452971
1403637242.688319 2.7495623 -4.5532508 0.2500877 0.2953309 -0.7195918 0.6117151 -0.1441251
1403637242.938319 2.9208355 -4.4578247 0.2785959 0.3093006 -0.7107980 0.6020696 -0.1913414
1403637243.388319 3.1888702 -4.0588455 0.3159194 0.3304573 -0.7205898 0.5762895 -0.1985920
1403637243.638319 3.3249984 -3.7421870 0.3124070 0.3247484 -0.7329020 0.5611162 -0.2062568
1403637243.888319 3.4589629 -3.3968472 0.3573141 0.3097616 -0.7570638 0.5309866 -0.2212587
1403637244.188319 3.5970583 -3.0098453 0.4848671 0.3014013 -0.7629708 0.5270574 -0.2219081
1403637244.488319 3.7106857 -2.6725185 0.6665690 0.3067575 -0.7669604 0.5194264 -0.2187871
1403637244.738319 3.8011718 -2.4248328 0.8197789 0.3491570 -0.7532665 0.5154020 -0.2122253
1403637245.088319 3.9727244 -2.1088867 0.9773059 0.3690277 -0.7545987 0.4900979 -0.2328161
1403637245.388319 4.1679516 -1.9028558 1.0557687 0.3755358 -0.7525674 0.4897614 -0.2296712
1403637245.688319 4.4172177 -1.7454486 1.0933931 0.4012163 -0.7367175 0.4902028 -0.2365888
1403637245.938319 4.6626806 -1.6218894 1.0919447 0.4368525 -0.6962868 0.4942796 -0.2828999
1403637246.188319 4.9085073 -1.4849703 1.0564876 0.5011066 -0.6398405 0.4738212 -0.3391013
1403637246.438319 5.1362200 -1.3316741 0.9905529 -0.5787864 0.5650315 -0.4376076 0.3927410
1403637246.688319 5.3349276 -1.1587785 0.9011884 -0.6354315 0.4784727 -0.4101323 0.4461864
1403637246.938319 5.4672618 -0.9540712 0.8226728 -0.6804340 0.4104088 -0.3672420 0.4834330
1403637247.288319 5.5492396 -0.6316986 0.7503312 -0.7194018 0.3905749 -0.3094175 0.4839144
1403637247.638319 5.5714793 -0.2835127 0.6464078 -0.6990964 0.3722385 -0.3226854 0.5182440
1403637247.888319 5.5114493 -0.0357049 0.5632095 -0.7138267 0.3367713 -0.3240349 0.5215725
1403637248.138319 5.3636084 0.2182658 0.5268734 -0.7309150 0.3170508 -0.2823134 0.5343605
1403637248.388319 5.1676474 0.4656115 0.4886882 -0.7501404 0.3044047 -0.2540794 0.5292172
1403637248.638319 4.9531293 0.7124828 0.4343495 -0.7440240 0.2974562 -0.2543499 0.5415296
1403637249.238319 4.3367033 1.2872379 0.4733043 -0.7496130 0.3171213 -0.2568667 0.5210893
1403637249.538319 4.0012026 1.5885770 0.5273962 -0.7462916 0.3207475 -0.2584255 0.5228636
1403637250.038319 3.4008164 2.0937400 0.4586916 -0.7463761 0.3023878 -0.2406346 0.5418296
1403637252.788319 1.5135970 3.2568474 0.7869439 -0.7961473 0.2020736 -0.1170761 0.5582193
1403637254.288319 1.2712184 2.9563692 0.8381672 -0.7912793 0.1714209 -0.1433356 0.5691634
1403637256.088319 0.5684418 2.3214276 0.9603925 -0.8164847 0.0197717 -0.0385765 0.5757375
1403637257.388319 -0.1433419 1.7883832 0.9866042 -0.8155631 -0.0128940 -0.0096980 0.5784431
1403637257.788319 -0.3648793 1.6388240 1.0042253 -0.8250291 -0.0232777 -0.0006188 0.5646104
1403637258.088319 -0.5419008 1.5540223 0.9689357 -0.8287438 -0.0482324 0.0260564 0.5569366
1403637258.388319 -0.7194185 1.5110146 0.9603145 -0.8115170 -0.0949707 0.0510137 0.5742981
1403637258.888319 -0.9944642 1.4739550 0.8800080 -0.8057560 -0.1011370 0.0772633 0.5784109
1403637259.188319 -1.1248002 1.4594573 0.8707592 -0.8061815 -0.0956213 0.0791227 0.5785047
1403637259.438319 -1.2101293 1.4484196 0.9080218 -0.8058128 -0.0885983 0.0827055 0.5796344
1403637259.938319 -1.2866982 1.4199592 0.9174238 -0.8077776 -0.0855339 0.0822853 0.5774152
1403637260.338319 -1.2767812 1.3940312 0.8568274 -0.8060861 -0.1020302 0.0615099 0.5796824
1403637260.588319 -1.2701688 1.3694828 0.8010213 -0.8123127 -0.1107848 0.0515524 0.5702782
1403637260.988319 -1.3025069 1.3436451 0.7122258 -0.8045748 -0.1062682 0.0608763 0.5810858
1403637261.238319 -1.3332170 1.3250523 0.6555675 -0.8167192 -0.1072937 0.0603886 0.5637475
1403637261.488319 -1.3728306 1.3176570 0.6279564 -0.8106080 -0.1022133 0.0669610 0.5726984
1403637261.938319 -1.4439652 1.3416686 0.6342711 -0.8091818 -0.1024814 0.0631947 0.5750902
1403637262.388319 -1.4914182 1.3668847 0.5938134 -0.7906191 -0.0902667 0.0727980 0.6012270
1403637262.788319 -1.4789054 1.3609606 0.5845910 -0.7944871 -0.0485436 0.0688539 0.6014091
1403637262.988319 -1.4790543 1.3616649 0.5830263 -0.7951622 -0.0492793 0.0694217 0.6003909
1403637263.488319 -1.4789228 1.3618976 0.5828789 -0.7951933 -0.0495512 0.0685414 0.6004286
1403637263.988319 -1.4790485 1.3615990 0.5834444 -0.7952541 -0.0492012 0.0689605 0.6003287
1403637264.488319 -1.4790037 1.3614466 0.5831794 -0.7953117 -0.0491776 0.0690425 0.6002449
1403637264.988319 -1.4789550 1.3619220 0.5833017 -0.7954267 -0.0490463 0.0692028 0.6000848
1403637265.488319 -1.4790363 1.3616921 0.5833983 -0.7955596 -0.0489867 0.0692690 0.5999059
