1311868164.363181 -0.0000036 -0.0000136 0.0000115 0.0000034 0.0000105 0.0000077 1.0000000
1311868164.930933 0.0755027 0.0014344 -0.0471284 0.0134691 -0.0031648 -0.0179315 0.9997435
1311868164.963119 0.0840174 0.0046171 -0.0496445 0.0137761 -0.0037311 -0.0196654 0.9997047
1311868166.263177 0.3187895 0.1078652 -0.1853735 -0.0333195 -0.0105876 -0.0249075 0.9990782
1311868167.231267 0.5249042 0.1450035 -0.2514977 -0.0353389 -0.0506071 -0.0510614 0.9967862
1311868168.463333 0.6783633 0.0666955 -0.1548371 -0.0355435 -0.0921959 -0.0696004 0.9926693
1311868169.163498 0.6948252 -0.0274068 -0.0391266 -0.0093570 -0.1422547 -0.0845430 0.9861686
1311868169.531434 0.7350936 -0.1120575 0.0311249 0.0184824 -0.2111841 -0.1282622 0.9688181
1311868169.863396 0.7860054 -0.1641384 0.0747746 0.0389592 -0.2466293 -0.1449034 0.9574232
1311868170.299432 0.8636891 -0.1955560 0.0708057 0.0409218 -0.2573172 -0.1173776 0.9582984
1311868171.131477 1.0219524 -0.1553557 0.0029349 0.0228327 -0.2723783 -0.1363305 0.9522094
1311868171.731499 1.1647525 -0.1475768 0.0419635 0.0179961 -0.3083380 -0.1757861 0.9347209
1311868172.163558 1.2695968 -0.1347291 0.1003760 -0.0088235 -0.3182916 -0.1918375 0.9283378
1311868172.631587 1.3472394 -0.1166812 0.1684137 -0.0413466 -0.3063531 -0.2122514 0.9270316
1311868173.067546 1.3725896 -0.1254182 0.2855994 -0.0803318 -0.2936317 -0.2227545 0.9261251
1311868173.799549 1.4037155 -0.2149484 0.4262160 -0.0754814 -0.3205828 -0.2270746 0.9164968
1311868174.231617 1.4644583 -0.2922783 0.5037107 -0.0450266 -0.3780548 -0.2647225 0.8859848
1311868174.799810 1.5080309 -0.3552291 0.5897525 -0.0344907 -0.4185891 -0.2634954 0.8684260
1311868175.231818 1.4604393 -0.4491762 0.6284599 0.0209945 -0.4251366 -0.2546743 0.8683082
1311868175.631778 1.4262508 -0.4995104 0.6961672 0.0514530 -0.4590655 -0.2049259 0.8629119
1311868175.899663 1.4324391 -0.5413761 0.7479597 0.0694391 -0.4815217 -0.2018619 0.8500393
1311868176.131691 1.4606462 -0.5778938 0.8031338 0.0757705 -0.5122508 -0.2228150 0.8259609
1311868176.399921 1.5085306 -0.6083461 0.8868483 0.0652741 -0.5310194 -0.2458326 0.8082846
1311868176.799720 1.5424259 -0.6326066 0.9850903 0.0374429 -0.5395456 -0.2581352 0.8005341
1311868177.331730 1.5082874 -0.6741108 1.0876552 0.0332710 -0.5320640 -0.2750888 0.8000794
1311868177.599732 1.4899714 -0.6904445 1.1484879 0.0227897 -0.5303633 -0.2798829 0.7999131
1311868177.931937 1.4938343 -0.7040227 1.2210073 0.0134902 -0.5498546 -0.2972475 0.7804626
1311868178.100039 1.5131297 -0.7129406 1.2594175 0.0088215 -0.5728468 -0.3143186 0.7569495
1311868178.299815 1.5419935 -0.7339479 1.3104403 0.0200933 -0.5835664 -0.3319997 0.7408257
1311868178.831967 1.6394649 -0.7341785 1.3555480 -0.0079967 -0.6145990 -0.3335907 0.7147876
1311868179.268108 1.7881851 -0.7207927 1.3398834 -0.0122555 -0.6073946 -0.3392439 0.7182167
1311868179.668182 1.8979371 -0.7198421 1.3575846 -0.0381080 -0.5873870 -0.3479285 0.7297055
1311868180.168096 2.0062759 -0.7580733 1.4373444 -0.0463791 -0.6024794 -0.3623675 0.7096177
1311868180.531936 2.0687475 -0.7737027 1.5050879 -0.0658786 -0.6194473 -0.3721387 0.6880828
1311868181.832157 1.9855621 -0.8389437 1.6364790 -0.0653094 -0.6032246 -0.3688439 0.7041370
1311868182.368183 1.8195170 -0.8691834 1.6723112 -0.0616027 -0.5992490 -0.3598876 0.7124511
1311868182.636312 1.7336133 -0.9005905 1.6972482 -0.0501367 -0.6117576 -0.3497885 0.7077336
1311868182.836155 1.6661992 -0.9306596 1.7238818 -0.0323694 -0.6382216 -0.3454967 0.6872098
1311868183.036254 1.5877237 -0.9717660 1.7624393 -0.0182439 -0.6640896 -0.3566915 0.6568282
1311868183.236295 1.5104151 -1.0184848 1.7914832 0.0022506 -0.6855100 -0.3715259 0.6261305
1311868183.468217 1.4366294 -1.0477949 1.8067786 0.0083614 -0.7070597 -0.3823507 0.5948148
1311868183.900249 1.2988443 -1.0855852 1.8281991 -0.0330637 -0.7251970 -0.3824887 0.5715755
1311868184.070267 1.2372099 -1.1108084 1.8247179 -0.0180907 -0.7223383 -0.3783049 0.5786065
1311868184.300643 1.1717836 -1.1254699 1.8352082 -0.0148261 -0.7237247 -0.3635396 0.5863802
1311868184.568437 1.0957125 -1.1407530 1.8546391 -0.0122019 -0.7350389 -0.3585597 0.5753294
1311868184.800366 1.0194204 -1.1706254 1.8782020 -0.0047474 -0.7613349 -0.3588588 0.5399694
1311868185.000422 0.9612551 -1.2046381 1.9002513 0.0084134 -0.7778179 -0.3596278 0.5153604
1311868185.236390 0.8982852 -1.2237768 1.9166338 -0.0127406 0.7892945 0.3633528 -0.4947995
1311868185.436438 0.8457734 -1.2329149 1.9307351 -0.0189906 0.7956216 0.3471831 -0.4960740
1311868185.600364 0.8119227 -1.2383649 1.9333328 0.0368600 -0.7924215 -0.3378339 0.5065351
1311868185.768630 0.7809590 -1.2472355 1.9403102 0.0434855 -0.7949468 -0.3219790 0.5123457
1311868186.036453 0.7373538 -1.2439545 1.9611900 -0.0321457 0.8054367 0.3241662 -0.4951309
1311868186.200391 0.7104475 -1.2447162 1.9840834 -0.0285537 0.8151097 0.3362060 -0.4708995
1311868186.500490 0.6787848 -1.2484791 2.0357549 -0.0159916 0.8364134 0.3620518 -0.4111877
1311868186.900515 0.7130775 -1.2547286 2.0884767 0.0000535 0.8430592 0.3777415 -0.3828347
1311868187.336611 0.8079261 -1.2715849 2.1432784 0.0086967 0.8276046 0.3994288 -0.3942735
1311868187.800538 0.8462545 -1.3018619 2.2301962 0.0135781 0.8157381 0.4094014 -0.4083838
1311868188.136705 0.8331823 -1.3236331 2.3305662 0.0128805 0.8309363 0.4172720 -0.3677814
1311868188.300900 0.8151651 -1.3212478 2.3979657 0.0136744 0.8318967 0.4346886 -0.3446836
1311868188.502489 0.8104236 -1.3119669 2.4479699 0.0201479 0.8253387 0.4563670 -0.3318724
1311868188.703460 0.8354486 -1.3202162 2.4897842 0.0365389 0.8277591 0.4598201 -0.3194453
1311868188.936521 0.8987778 -1.3278086 2.5375533 0.0516451 0.8202127 0.4718658 -0.3192596
1311868189.201174 0.9730905 -1.3388200 2.5898519 0.0622209 0.8082445 0.4856103 -0.3271881
1311868189.500573 1.0414655 -1.3581591 2.6400230 0.0645373 0.7918034 0.5047137 -0.3378557
1311868189.968616 1.0614681 -1.3974292 2.7491465 0.0700153 0.7842942 0.5114059 -0.3441575
1311868190.568647 1.0292754 -1.4737978 2.9061360 0.0676979 0.7846486 0.5042492 -0.3542263
1311868192.105561 0.9439331 -1.5246826 2.9857478 0.0643070 0.7818649 0.5021279 -0.3638947
1311868193.238476 0.8149151 -1.5229638 2.8374066 0.0590433 0.7997301 0.4892405 -0.3429131
1311868193.838095 0.7353168 -1.5770698 2.7967186 0.0307943 0.8224104 0.4906648 -0.2862533
1311868194.609529 0.6910783 -1.6379960 2.7561212 0.0257501 0.8318231 0.4743316 -0.2870832
1311868195.469182 0.6425185 -1.6979380 2.8298783 0.0227178 0.8406726 0.4533268 -0.2953783
1311868195.737290 0.6356999 -1.7011496 2.8895977 0.0223349 0.8311449 0.4656859 -0.3030446
1311868196.307425 0.6814661 -1.7043053 2.9939523 0.0358512 0.8084849 0.4753200 -0.3451633
1311868196.837005 0.7339895 -1.7123951 3.0823612 0.0740976 0.7819287 0.4838570 -0.3859786
1311868197.437047 0.6851299 -1.7517748 3.2261367 0.0582488 0.7870210 0.5085078 -0.3444196
1311868198.005244 0.6219858 -1.7592590 3.3368926 0.0779804 0.7779744 0.5319437 -0.3251320
1311868199.305204 0.4259913 -1.7352713 3.3631623 0.0772969 0.7796381 0.5446504 -0.2992416
1311868200.169388 0.2831688 -1.7503710 3.3920267 0.0646220 0.8030884 0.5544757 -0.2083977
1311868200.873224 0.1554250 -1.7881317 3.4877007 0.0638341 0.8041322 0.5670117 -0.1667167
1311868202.537451 -0.0384337 -1.7791929 3.5188444 0.0493000 0.7979028 0.5880275 -0.1230626
1311868203.405460 -0.1433933 -1.8270369 3.4501610 0.0417187 0.8306341 0.5497627 -0.0778947
1311868204.073619 -0.2327583 -1.8943094 3.3296909 0.0281999 0.8314419 0.5548522 -0.0069352
1311868204.673697 -0.3457413 -1.9647671 3.2359633 0.0172999 0.8282994 0.5593323 0.0277153
1311868205.405669 -0.4311320 -2.0564077 3.1661596 0.0167367 0.8412691 0.5393312 0.0332872
1311868205.773626 -0.4485539 -2.0891953 3.1445756 0.0273532 0.8632112 0.5029431 0.0341538
1311868206.573663 -0.4641637 -2.0935533 3.0956626 0.0206431 0.8754560 0.4827117 0.0118370
1311868207.437999 -0.5639151 -1.9972658 3.1808145 0.0060246 0.8599073 0.5054002 0.0713717
1311868207.737830 -0.6220098 -1.9647011 3.2164454 0.0043784 0.8562313 0.5117500 0.0704316
1311868208.273904 -0.6923748 -1.9165748 3.2903075 -0.0148665 0.8470258 0.5276293 0.0627183
1311868208.737756 -0.7613273 -1.8785260 3.3540926 0.0007026 0.8360907 0.5442647 0.0687587
1311868209.273776 -0.7998277 -1.7920179 3.3869338 0.0000727 0.8179915 0.5718636 0.0621449
1311868210.673897 -0.8710976 -1.6359463 3.3333626 0.0131065 0.8118018 0.5770830 0.0882119
1311868211.706002 -1.0813681 -1.6198276 3.3266017 -0.0085510 0.8087996 0.5695546 0.1462112
1311868212.742196 -1.2564936 -1.6068385 3.3208447 -0.0085443 0.8090982 0.5737329 0.1269554
1311868214.074100 -1.3624718 -1.5490429 3.1645570 -0.0129351 0.8157747 0.5513191 0.1743322
1311868214.942194 -1.4356773 -1.5216745 3.0827513 -0.0042033 0.8072111 0.5336097 0.2522959
1311868215.706473 -1.4676733 -1.5460215 2.9659250 -0.0282376 0.7995380 0.5077899 0.3195171
1311868216.406671 -1.4536405 -1.6054426 2.8537185 -0.0162957 0.7953488 0.4965628 0.3472464
1311868216.974559 -1.4795907 -1.6432263 2.7644517 -0.0024877 0.8055137 0.4825084 0.3439869
1311868219.110710 -1.5426198 -1.5409939 2.7603481 -0.0042757 0.8156470 0.4518524 0.3612908
1311868219.574798 -1.5941162 -1.4208179 2.8106742 0.0162913 0.7973854 0.4687746 0.3796860
1311868220.010555 -1.6133347 -1.3511136 2.8571718 0.0346352 0.7819772 0.4741368 0.4031208
1311868220.442609 -1.6377301 -1.2885401 2.9134037 0.0235735 0.7610400 0.4902717 0.4241416
1311868221.110563 -1.7059535 -1.2363269 2.9549749 0.0048267 0.7384183 0.5145594 0.4358254
1311868223.012381 -1.8133690 -1.1756901 2.8453145 -0.0070669 0.7235700 0.5197978 0.4540999
1311868224.374897 -1.9045596 -1.1180822 2.7236793 0.0103788 0.7124726 0.4999709 0.4922440
1311868225.143930 -2.0164411 -1.0664003 2.6135774 -0.0005580 0.7042570 0.4846653 0.5187691
1311868226.411020 -2.1340806 -1.0050206 2.5211349 -0.0014608 0.6911327 0.4777972 0.5422576
1311868227.010946 -2.1393263 -0.9611490 2.3775146 0.0045603 0.6851399 0.4755443 0.5517428
1311868227.446682 -2.1263332 -0.9285576 2.2699981 0.0138473 0.6811311 0.4656489 0.5648360
1311868227.813722 -2.1256242 -0.9049265 2.2113149 0.0166306 0.6610986 0.4540232 0.5971054
1311868228.279971 -2.1591749 -0.8671358 2.1255872 0.0080335 0.6271060 0.4270575 0.6513797
1311868228.746541 -2.2140155 -0.8307102 2.0397444 -0.0049477 0.6140466 0.4112814 0.6736243
1311868229.249047 -2.2329781 -0.8000385 1.9552654 0.0032010 0.6176627 0.4082352 0.6721805
1311868229.812669 -2.1225443 -0.8316258 1.8601233 -0.0125776 0.6021771 0.4324622 0.6709701
1311868230.113585 -2.0497386 -0.8646140 1.8120117 -0.0100812 0.6003309 0.4377971 0.6692047
1311868230.283031 -2.0075984 -0.8810100 1.7788776 -0.0121778 0.6120253 0.4342836 0.6608135
1311868230.443234 -1.9775537 -0.8987800 1.7483457 -0.0132416 0.5978095 0.4504254 0.6629973
1311868230.582035 -1.9479828 -0.8961433 1.7272677 -0.0001988 0.5992999 0.4657865 0.6510625
1311868230.783163 -1.9117317 -0.9031811 1.6825607 0.0130284 0.6089780 0.4519170 0.6517262
1311868231.043362 -1.8710933 -0.9113258 1.6301901 -0.0103262 0.6138449 0.4375392 0.6569986
1311868231.284432 -1.8438275 -0.9232855 1.5896640 -0.0377579 0.6132932 0.4331629 0.6594056
1311868231.711268 -1.7595085 -0.9614487 1.5439684 -0.0703402 0.6063350 0.4322273 0.6637692
1311868232.043334 -1.6993468 -1.0143225 1.5299329 -0.0808607 0.6010843 0.4376138 0.6638172
1311868232.411402 -1.6312743 -1.0655875 1.5199056 -0.0855764 0.5965449 0.4455168 0.6620616
1311868232.843289 -1.5779891 -1.1215123 1.5169886 -0.0768638 0.6108303 0.4406609 0.6532964
1311868233.943472 -1.6653001 -1.0442441 1.4835129 -0.0472885 0.5920567 0.4105123 0.6918904
1311868234.279402 -1.7338672 -1.0076556 1.4370844 -0.0461239 0.5919192 0.3880281 0.7049386
1311868234.579412 -1.8064933 -0.9662569 1.4069647 -0.0484911 0.5877840 0.3639274 0.7209129
1311868234.779522 -1.8517485 -0.9310673 1.3874810 -0.0497878 0.5855401 0.3632464 0.7229910
1311868235.011644 -1.9003687 -0.8909348 1.3678298 -0.0504066 0.5813828 0.3624350 0.7267008
1311868235.279710 -1.9453909 -0.8400862 1.3398197 -0.0506927 0.5753522 0.3715138 0.7268959
1311868235.511713 -1.9732687 -0.7967458 1.3182312 -0.0408881 0.5801274 0.3720191 0.7234516
1311868235.779537 -1.9845784 -0.7464210 1.2967869 -0.0396998 0.5950784 0.3640741 0.7153710
1311868236.143661 -1.9851557 -0.6789163 1.2648835 -0.0299974 0.5736431 0.3627079 0.7338097
1311868236.443514 -1.9793489 -0.6245005 1.2363827 -0.0384551 0.5602431 0.3560269 0.7469229
1311868236.779605 -1.9729890 -0.5731105 1.2122213 -0.0178696 0.5461423 0.3502418 0.7607496
1311868237.147698 -1.9826217 -0.5109321 1.1888080 -0.0038617 0.5263774 0.3526717 0.7736502
1311868237.647688 -1.9978064 -0.4190556 1.0840731 -0.0122732 0.4989889 0.3234271 0.8038995
1311868237.879660 -2.0129206 -0.3785434 1.0262822 -0.0159549 0.4798091 0.3111282 0.8201999
1311868238.179768 -2.0270791 -0.3205132 0.9650375 -0.0191988 0.4621817 0.3143407 0.8289810
1311868238.811727 -1.9908333 -0.2477090 0.8866020 -0.0272777 0.4573205 0.3235691 0.8278990
1311868239.247740 -1.9391396 -0.2071918 0.8395542 -0.0233738 0.4403968 0.3130625 0.8411279
1311868239.947914 -1.8843602 -0.1339265 0.7852615 -0.0277541 0.3778699 0.2975172 0.8763148
1311868240.311899 -1.8720351 -0.0733261 0.6883610 -0.0405732 0.3555894 0.2734200 0.8928334
1311868240.879754 -1.8854169 0.0004306 0.6050501 -0.0553632 0.3479913 0.2631280 0.8981095
1311868241.411927 -1.8015033 -0.0772141 0.5591824 -0.0700060 0.3498119 0.2784329 0.8917432
1311868242.011931 -1.6844944 -0.1739611 0.5043042 -0.0579184 0.3306162 0.2564176 0.9064152
1311868242.712253 -1.6091578 -0.1809391 0.4255400 -0.0529574 0.2655521 0.2128958 0.9388040
1311868243.580031 -1.5271994 -0.1378133 0.3432706 -0.0337422 0.2713585 0.1916913 0.9425924
1311868244.048067 -1.4679484 -0.0743147 0.2440668 -0.0619032 0.2101778 0.1593674 0.9625982
1311868244.380022 -1.4465652 -0.0058465 0.2006094 -0.0573854 0.1809999 0.1371900 0.9721753
1311868244.812104 -1.4032234 0.0661578 0.1568064 -0.0610779 0.1898873 0.1466139 0.9688739
1311868245.212180 -1.3324717 0.1194623 0.1502378 -0.0696244 0.2096404 0.1384783 0.9654155
1311868245.748208 -1.2187464 0.1629465 0.1162327 -0.0516563 0.1739404 0.1469872 0.9723534
1311868245.980265 -1.1713303 0.1991484 0.0884227 -0.0613821 0.1501365 0.1512184 0.9751022
1311868246.248127 -1.1392018 0.2405610 0.0433469 -0.0786351 0.1324049 0.1338039 0.9789699
1311868246.880261 -1.1048522 0.3295584 -0.0776189 -0.0970480 0.1413191 0.1333030 0.9761357
1311868247.848368 -0.9413673 0.2511853 -0.0552171 -0.0906171 0.1417893 0.1287545 0.9772956
1311868248.216356 -0.8610828 0.1960008 -0.0128132 -0.0849410 0.1256156 0.1301318 0.9798324
1311868248.716495 -0.7234735 0.1330097 0.0220427 -0.1063395 0.0935691 0.0869735 0.9860894
1311868248.948257 -0.6553355 0.1017005 0.0325959 -0.1223063 0.0713558 0.0817547 0.9865423
1311868249.148549 -0.5969730 0.0720390 0.0416906 -0.1282923 0.0841804 0.0782918 0.9850508
1311868249.348357 -0.5597022 0.0582139 0.0564927 -0.1244334 0.0860968 0.0766101 0.9855123
1311868249.616312 -0.5247900 0.0150902 0.0829039 -0.1114980 0.0920454 0.0725396 0.9868302
1311868249.948306 -0.4916651 -0.0471570 0.1402310 -0.1097875 0.0962590 0.0760391 0.9863564
1311868250.280374 -0.4740555 -0.1209648 0.1951694 -0.0991615 0.0972658 0.0753817 0.9874330
1311868250.616408 -0.4659201 -0.1828988 0.2354632 -0.0926693 0.0844898 0.0801330 0.9888643
1311868251.848729 -0.3775657 -0.1474778 0.1837064 -0.0750205 0.0765474 0.0472956 0.9931141
1311868252.316579 -0.2620996 -0.1027659 0.1006807 -0.0725630 0.0605333 0.0113131 0.9954609
1311868252.680706 -0.1626825 -0.0441917 0.0431646 -0.0889131 0.0391874 0.0081884 0.9952345
1311868253.116735 -0.0650821 0.0063734 0.0143945 -0.0992346 0.0354549 0.0207501 0.9942157
1311868253.516704 0.0287319 0.0194441 0.0237963 -0.1134376 0.0465082 0.0223724 0.9922038
1311868253.980731 0.1348040 0.0277349 0.0435632 -0.1071359 0.0282725 0.0283033 0.9934392
1311868254.416896 0.2483992 0.0532960 0.0360448 -0.1146031 -0.0146968 0.0014771 0.9933016
1311868254.748845 0.3433352 0.0772298 0.0143608 -0.1342774 -0.0508801 -0.0271356 0.9892646
1311868255.084997 0.4208844 0.1078673 -0.0033299 -0.1440996 -0.0696909 -0.0305345 0.9866337
1311868255.817549 0.5350519 0.1202820 -0.0048377 -0.1443346 -0.0827478 -0.0345901 0.9854562
1311868256.316827 0.6492200 0.0733002 0.0536860 -0.1456553 -0.0936893 -0.0545285 0.9833786
1311868256.717133 0.7388725 0.0301371 0.0955757 -0.1242025 -0.1063621 -0.0516898 0.9851848
1311868257.284925 0.8501792 -0.0398107 0.1479727 -0.1213835 -0.1553840 -0.1005007 0.9752033
1311868257.684916 0.9295356 -0.1082230 0.1789085 -0.1223287 -0.1927404 -0.1335261 0.9643949
1311868258.086178 0.9549876 -0.1772191 0.2122867 -0.1321819 -0.2291643 -0.1597100 0.9510543
1311868258.484910 0.9557827 -0.2705200 0.2819865 -0.1433347 -0.2358679 -0.1886029 0.9424704
1311868258.848932 0.9489647 -0.3598706 0.3473873 -0.1321905 -0.2544815 -0.1708907 0.9426352
1311868259.350162 0.9696887 -0.4402924 0.4470022 -0.1070730 -0.2842517 -0.2038439 0.9306901
1311868260.149117 1.0596118 -0.4899711 0.5393150 -0.0873713 -0.3048352 -0.2279602 0.9205846
