1403637130.538319 0.0000000 0.0000000 0.0000000 -0.0000000 -0.0000000 -0.0000000 1.0000000
1403637135.238319 0.0339279 -0.0577514 -0.0273900 -0.0878701 0.0614713 0.0061152 0.9942147
1403637135.388319 0.0325556 -0.1146561 -0.0417280 -0.0919068 0.0664812 0.0022145 0.9935434
1403637135.438319 0.0323456 -0.1505522 -0.0485004 -0.0831051 0.0685923 -0.0008129 0.9941770
1403637135.538319 0.0298007 -0.2339304 -0.0640604 -0.0591614 0.0737473 -0.0095822 0.9954745
1403637135.788319 0.0188102 -0.4280814 -0.1028286 -0.0087724 0.0844057 -0.0093121 0.9963493
1403637135.888319 0.0192229 -0.4603449 -0.1084669 0.0000344 0.0837505 -0.0039018 0.9964792
1403637136.588319 0.0337007 -0.0877421 -0.0188396 -0.1072161 0.0742030 0.0128735 0.9913793
1403637136.688319 0.0335980 -0.0972088 -0.0246190 -0.1117877 0.0739726 0.0094468 0.9909300
1403637136.788319 0.0300443 -0.1495383 -0.0387773 -0.1081904 0.0737929 0.0087217 0.9913493
1403637136.988319 0.0251156 -0.3305535 -0.0782912 -0.0657872 0.0837231 0.0004909 0.9943150
1403637137.088319 0.0243745 -0.4185974 -0.0978523 -0.0407546 0.0937101 0.0019193 0.9947632
1403637137.238319 0.0216028 -0.4920126 -0.1140362 -0.0105819 0.0914800 0.0118163 0.9956806
1403637137.988319 0.0370250 -0.0782959 -0.0234384 -0.1112028 0.0797307 0.0016832 0.9905928
1403637138.088319 0.0384145 -0.1012063 -0.0318018 -0.1225469 0.0779609 0.0044450 0.9893860
1403637138.138319 0.0379437 -0.1294236 -0.0389286 -0.1200892 0.0753473 0.0054483 0.9898847
1403637138.188319 0.0381690 -0.1654554 -0.0459705 -0.1127156 0.0740139 -0.0013837 0.9908659
1403637138.338319 0.0402044 -0.3055978 -0.0738500 -0.0684853 0.0843274 -0.0204405 0.9938716
1403637138.538319 0.0324193 -0.4591690 -0.1056047 -0.0087809 0.1027422 -0.0204550 0.9944590
1403637138.638319 0.0335437 -0.4771191 -0.1092349 0.0034703 0.1037935 -0.0187963 0.9944152
1403637139.038319 0.0483095 -0.2344816 -0.0262457 -0.0388051 0.0881141 0.0015539 0.9953530
1403637139.438319 0.0448513 -0.0413826 0.0315832 -0.0572923 0.0606010 0.0059683 0.9964986
1403637150.338319 0.1221459 -0.0788686 0.0381035 -0.0725194 0.0598040 -0.0222784 0.9953231
1403637150.588319 0.1645753 -0.1683268 0.0822285 -0.0484390 0.0680929 -0.0168826 0.9963594
1403637150.688319 0.1819853 -0.2017009 0.1030612 -0.0465588 0.0704770 -0.0161616 0.9962952
1403637150.838319 0.2078529 -0.2482668 0.1371636 -0.0443270 0.0732622 -0.0172936 0.9961771
1403637150.888319 0.2160781 -0.2625581 0.1497294 -0.0403369 0.0741578 -0.0186915 0.9962551
1403637151.288319 0.2706766 -0.3523555 0.2368395 -0.0265177 0.0701133 -0.0200642 0.9969847
1403637151.538319 0.2934470 -0.4365303 0.2546653 -0.0405554 0.0639075 -0.0090857 0.9970900
1403637151.738319 0.3213395 -0.4995002 0.2729678 -0.0415335 0.0641830 -0.0154031 0.9969545
1403637151.888319 0.3458437 -0.5340708 0.2883312 -0.0421066 0.0641303 -0.0183793 0.9968834
1403637152.038319 0.3656601 -0.5588626 0.3091582 -0.0424021 0.0636090 -0.0185187 0.9969018
1403637152.188319 0.3890599 -0.5990370 0.3217838 -0.0448147 0.0623063 -0.0160434 0.9969214
1403637152.338319 0.4133103 -0.6316866 0.3390391 -0.0478265 0.0612986 -0.0131157 0.9968867
1403637152.488319 0.4390371 -0.6472888 0.3671289 -0.0480968 0.0613635 -0.0146985 0.9968476
1403637152.688319 0.4774987 -0.6505609 0.4127384 -0.0465642 0.0613093 -0.0147582 0.9969229
1403637152.938319 0.5274589 -0.6756498 0.4659454 -0.0353435 0.0598100 -0.0134482 0.9974933
1403637153.038319 0.5493973 -0.6938816 0.4771433 -0.0345283 0.0599905 -0.0146665 0.9974938
1403637153.188319 0.5871059 -0.7146670 0.5059419 -0.0374687 0.0608420 -0.0169609 0.9972997
1403637153.488319 0.6554897 -0.7375522 0.5580235 -0.0427514 0.0634526 -0.0231562 0.9967998
1403637153.638319 0.6875141 -0.7622874 0.5794271 -0.0473078 0.0636339 -0.0228255 0.9965900
1403637153.838319 0.7213974 -0.8120973 0.6140586 -0.0402947 0.0635279 -0.0216342 0.9969316
1403637154.038319 0.7554612 -0.8470369 0.6418407 -0.0382322 0.0638366 -0.0220548 0.9969838
1403637154.438319 0.8404335 -0.8323892 0.7310867 -0.0556547 0.0576560 0.0040776 0.9967757
1403637154.688319 0.9208972 -0.8102908 0.8141893 -0.0528308 0.0699290 -0.0193322 0.9959644
1403637154.888319 0.9990078 -0.8052493 0.8695191 -0.0643094 0.0900869 -0.0173955 0.9937032
1403637155.138319 1.0799148 -0.8441869 0.9743053 -0.0574411 0.1188555 -0.0044590 0.9912386
1403637155.188319 1.0946696 -0.8546483 0.9974421 -0.0529918 0.1246715 -0.0006622 0.9907817
1403637155.288319 1.1232852 -0.8816046 1.0512851 -0.0451231 0.1328295 0.0012155 0.9901105
1403637155.388319 1.1513788 -0.9233190 1.0967673 -0.0376152 0.1407198 0.0041942 0.9893258
1403637155.538319 1.1973623 -0.9608654 1.1660187 -0.0298491 0.1609963 0.0129462 0.9864186
1403637155.738319 1.2593689 -0.9877267 1.2542424 -0.0277141 0.1808878 0.0340954 0.9825218
1403637155.888319 1.3075740 -0.9865553 1.3193358 -0.0287636 0.2051855 0.0488911 0.9770779
1403637156.188319 1.4458747 -0.9709391 1.4253267 -0.0219364 0.2712680 0.0769151 0.9591750
1403637156.638319 1.7159131 -0.9342268 1.5219351 -0.0107538 0.3857358 0.1153296 0.9153094
1403637157.938319 2.7909105 -0.7275717 1.4429693 -0.0135831 0.4323187 0.1283093 0.8924421
1403637158.838319 3.7157509 -0.6978210 1.0217497 -0.0015358 0.5186378 0.1532897 0.8411390
1403637159.738319 4.6369328 -0.4881519 0.3647938 -0.0234434 0.5353494 0.1476423 0.8312961
1403637159.838319 4.7432051 -0.4669105 0.2893419 -0.0242409 0.5370369 0.1437937 0.8308592
1403637159.938319 4.8505697 -0.4470603 0.2058449 -0.0252860 0.5442763 0.1456144 0.8257847
1403637160.038319 4.9603882 -0.4237651 0.1249330 -0.0224206 0.5581962 0.1503529 0.8156644
1403637160.188319 5.1311054 -0.3993489 -0.0118294 -0.0101166 0.5833288 0.1597178 0.7963136
1403637160.438319 5.4101834 -0.3075519 -0.2227950 -0.0053802 0.6399434 0.1754344 0.7481085
1403637160.588319 5.5690279 -0.2397745 -0.3335047 -0.0114858 0.6780990 0.1841217 0.7114415
1403637160.638319 5.6204600 -0.2176083 -0.3730869 -0.0145086 0.6897919 0.1870309 0.6992825
1403637160.688319 5.6726131 -0.1880012 -0.4086809 -0.0161632 0.6989118 0.1905311 0.6891726
1403637160.738319 5.7202082 -0.1684904 -0.4355283 -0.0185627 0.7066624 0.1950895 0.6798705
1403637161.038319 6.0392523 -0.0989923 -0.6507778 -0.0227928 0.7239947 0.2151881 0.6549857
1403637161.188319 6.1972146 -0.0946743 -0.7690711 -0.0038280 0.7216679 0.2271292 0.6539061
1403637161.288319 6.3107204 -0.1152761 -0.8351965 0.0145136 0.7196515 0.2338342 0.6536151
1403637161.388319 6.4160948 -0.1233218 -0.9334388 0.0205360 0.7183759 0.2339796 0.6548037
1403637161.588319 6.6370397 -0.1657741 -1.1368041 0.0095043 0.7298621 0.2294076 0.6438813
1403637161.638319 6.6837525 -0.1641862 -1.1957607 0.0090503 0.7337180 0.2287022 0.6397432
1403637161.738319 6.7895694 -0.1819198 -1.3111525 0.0116661 0.7429362 0.2233399 0.6308954
1403637161.988319 7.0396991 -0.1827641 -1.5855761 0.0314851 0.7689545 0.1824495 0.6119068
1403637162.088319 7.1193924 -0.1732948 -1.6984258 0.0370767 0.7738089 0.1736156 0.6080319
1403637162.588319 7.3563442 -0.0246351 -2.2016554 0.0309537 0.7595970 0.2202405 0.6111861
1403637162.788319 7.3903761 0.0138798 -2.4203377 0.0503304 0.7715073 0.1969846 0.6028602
1403637162.988319 7.3870268 0.0919192 -2.6554079 0.0497378 0.7997840 0.1909551 0.5669284
1403637163.188319 7.3418918 0.1889205 -2.8882523 0.0395683 0.8376560 0.1940375 0.5090346
1403637163.438319 7.2325764 0.3140874 -3.1565523 0.0435326 0.8760898 0.2107910 0.4314383
1403637163.638319 7.1061144 0.4197950 -3.3267136 0.0506054 0.8857151 0.2466544 0.3900121
1403637163.838319 6.9453259 0.4867909 -3.5012636 0.0574017 0.8841671 0.2761188 0.3724407
1403637164.088319 6.7039995 0.5266564 -3.7680950 0.0704130 0.8853441 0.2757387 0.3676629
1403637164.288319 6.4637222 0.5475614 -4.0180721 0.0583828 0.8885733 0.2612868 0.3725026
1403637164.488319 6.2016363 0.5734868 -4.2708116 0.0449412 0.8854802 0.2636971 0.3799592
1403637164.738319 5.8552299 0.6455882 -4.5918155 0.0478036 0.8799658 0.2675548 0.3896018
1403637164.888319 5.6402397 0.7175734 -4.7980070 0.0325703 0.8880932 0.2504424 0.3840680
1403637164.988319 5.4949493 0.7654312 -4.9345379 0.0277780 0.8935075 0.2474184 0.3737069
1403637165.138319 5.2695198 0.8422441 -5.1346517 0.0296517 0.9044738 0.2425197 0.3496172
1403637165.288319 5.0441651 0.9214356 -5.3264322 0.0259222 0.9165745 0.2441793 0.3155878
1403637165.438319 4.8177738 0.9858108 -5.5093646 0.0196451 0.9210880 0.2645946 0.2849573
1403637165.588319 4.5932121 1.0250628 -5.6789751 0.0130822 0.9246144 0.2746521 0.2635967
1403637165.738319 4.3784885 1.0595164 -5.8538799 -0.0084597 0.9292895 0.2725647 0.2491141
1403637165.888319 4.1617255 1.1077783 -6.0151887 -0.0286469 0.9317268 0.2671615 0.2443139
1403637166.038319 3.9895594 1.1623101 -6.1703796 -0.0463390 0.9299342 0.2613123 0.2545407
1403637166.238319 3.7961688 1.2651541 -6.3290873 -0.0543370 0.9270265 0.2536130 0.2708317
1403637166.388319 3.6955829 1.3452597 -6.4373937 -0.0344281 0.9317619 0.2230835 0.2843735
1403637166.688319 3.5115812 1.4457200 -6.5520229 -0.0300017 0.9232358 0.2257788 0.3094503
1403637167.038319 3.3966506 1.5265014 -6.5552349 -0.0881687 0.9187393 0.2162899 0.3183758
1403637167.488319 3.4911599 1.4513330 -6.2874751 -0.0783204 0.9187731 0.2147133 0.3219007
1403637167.588319 3.5566835 1.4207506 -6.1825395 -0.0446589 0.9142068 0.2383824 0.3246619
1403637167.738319 3.6685264 1.3789203 -6.0130186 -0.0118294 0.9076125 0.2568599 0.3318472
1403637168.788319 4.6176510 1.3667190 -4.8314495 -0.0066395 0.8906065 0.2468032 0.3819216
1403637169.338319 5.1740332 1.3247746 -4.1944661 -0.0289655 0.8839269 0.2276835 0.4074244
1403637169.738319 5.6130571 1.1663314 -3.6650634 -0.0295016 0.8337335 0.1843275 0.5196552
1403637170.088319 5.9703808 1.0359447 -3.1076508 -0.0389036 0.7791042 0.1515268 0.6070607
1403637170.238319 6.1088438 0.9825660 -2.8241673 -0.0389741 0.7561929 0.1389338 0.6382404
1403637170.338319 6.1990738 0.9655882 -2.6159105 -0.0368599 0.7401981 0.1284240 0.6589805
1403637170.438319 6.2754946 0.9284400 -2.4122028 -0.0201072 0.7182624 0.1273362 0.6837254
1403637170.538319 6.3552666 0.9144606 -2.2002871 0.0035236 0.6939410 0.1222205 0.7095743
1403637170.638319 6.4151230 0.9028286 -1.9994061 0.0250716 0.6686454 0.1133854 0.7344580
1403637170.688319 6.4387455 0.8922765 -1.8845849 0.0330737 0.6568654 0.1070970 0.7456301
1403637170.888319 6.5027580 0.8571846 -1.4518588 0.0361577 0.6021752 0.0963250 0.7917065
1403637170.938319 6.5069685 0.8601024 -1.3462081 0.0332099 0.5870531 0.0946325 0.8033122
1403637170.988319 6.5071497 0.8403084 -1.2574952 0.0273424 0.5712068 0.0940591 0.8149405
1403637171.038319 6.5061693 0.8244700 -1.1684463 0.0250181 0.5546764 0.0934924 0.8264184
1403637171.138319 6.4863882 0.7893012 -0.9654312 0.0190773 0.5262887 0.0945132 0.8448216
1403637171.288319 6.4523458 0.7414150 -0.7332618 0.0207495 0.4943611 0.0882438 0.8645170
1403637171.688319 6.2386217 0.5846143 -0.1440737 0.0109395 0.4812768 0.0541035 0.8748290
1403637172.388319 5.4153008 0.4253775 0.7514305 0.0117684 0.4896721 0.1093091 0.8649476
1403637172.788319 4.8130651 0.2992568 1.0992892 0.0113164 0.4886144 0.1548946 0.8585660
1403637172.988319 4.5355530 0.2350165 1.1936119 -0.0263512 0.4999062 0.1897914 0.8446175
1403637173.238319 4.2689619 0.2377329 1.2995632 -0.0433594 0.5275203 0.2210372 0.8191367
1403637173.788319 4.0274639 0.3686960 1.3689466 0.0045851 0.6276089 0.2654176 0.7318740
1403637174.338319 4.1503105 0.4956110 1.0620151 0.0150028 0.6928144 0.1952700 0.6940121
1403637174.638319 4.2443814 0.4648975 0.7832961 0.0456997 0.6985670 0.2125034 0.6817316
1403637174.888319 4.2865171 0.4730213 0.4951572 0.0335475 0.7455480 0.2056614 0.6330373
1403637175.138319 4.3011160 0.5209826 0.1934009 0.0345657 0.7807254 0.2220258 0.5830759
1403637175.388319 4.2822185 0.5886806 -0.1133404 0.0627707 0.8036136 0.2007565 0.5567422
1403637175.638319 4.1867399 0.6948347 -0.4237866 0.0615184 0.7976832 0.2299704 0.5541034
1403637175.838319 4.0647125 0.7708871 -0.6938171 0.0491080 0.7938453 0.2390883 0.5569874
1403637175.988319 3.9607401 0.8138124 -0.9163909 0.0361177 0.7985151 0.2216431 0.5585191
1403637176.088319 3.8837252 0.8292044 -1.0698581 0.0419999 0.8000563 0.2103648 0.5602612
1403637176.138319 3.8406744 0.8386704 -1.1427045 0.0427155 0.8011679 0.2039008 0.5610079
1403637176.288319 3.7068009 0.8730078 -1.3761463 0.0452467 0.8034037 0.1931185 0.5614274
1403637176.938319 2.9442687 1.1475296 -2.3065333 0.0187315 0.8204359 0.2400511 0.5185649
1403637177.188319 2.6394231 1.2855154 -2.6343091 -0.0092331 0.8118069 0.2822269 0.5111088
1403637177.338319 2.4823313 1.3937418 -2.8391247 -0.0188323 0.8080487 0.2960986 0.5089482
1403637177.538319 2.3116057 1.5444299 -3.1495697 -0.0405373 0.8111175 0.2916970 0.5053294
1403637177.938319 2.1708899 1.7905723 -3.7661021 -0.0519990 0.8367360 0.2597624 0.4792625
1403637178.388319 2.2641165 2.0286319 -4.3673506 -0.0932466 0.8816439 0.2240828 0.4047173
1403637178.438319 2.2934916 2.0386491 -4.4220281 -0.0956706 0.8843588 0.2191870 0.4008914
1403637178.538319 2.3653464 2.0535905 -4.5145478 -0.0954778 0.8869582 0.2182998 0.3956443
1403637178.738319 2.5582867 2.0692790 -4.6496682 -0.0620588 0.8896433 0.2204777 0.3950612
1403637178.888319 2.7194045 2.0816035 -4.7187076 -0.0276162 0.8908993 0.2171659 0.3979632
1403637178.988319 2.8286214 2.0893233 -4.7504039 -0.0112447 0.8905110 0.2169473 0.3997469
1403637179.988319 3.8909113 2.1436079 -4.6793194 -0.0468460 0.8924811 0.2041471 0.3995083
1403637180.238319 4.1845236 2.2201657 -4.5115833 -0.0167454 0.8863932 0.2256259 0.4038808
1403637180.638319 4.6428471 2.2162426 -4.1910329 -0.0250547 0.8759465 0.2624871 0.4039684
1403637181.138319 5.2697845 2.0182266 -3.8408680 -0.0454011 0.8921597 0.2236501 0.3898339
1403637181.488319 5.7439661 1.7458599 -3.4924407 -0.0118167 0.8962577 0.2224183 0.3835527
1403637182.738319 7.1188750 0.6619304 -1.9616137 0.0333452 0.8995028 0.2018329 0.3860654
1403637183.088319 7.2630234 0.3912792 -1.4327726 0.0642693 0.8953214 0.2149758 0.3847783
1403637183.188319 7.2777381 0.3501780 -1.2697754 0.0723223 0.8937724 0.2186005 0.3849080
1403637183.238319 7.2749214 0.3328048 -1.1900558 0.0755607 0.8927359 0.2208601 0.3854011
1403637183.738319 7.0818672 0.2538877 -0.4008770 0.0934508 0.8878135 0.2346145 0.3847208
1403637184.088319 6.6972713 0.1998684 0.0616407 0.1072818 0.8751936 0.2726640 0.3849430
1403637184.438319 6.1213470 0.1973492 0.3725929 0.0479282 0.8840749 0.2661033 0.3811868
1403637184.488319 6.0324326 0.2027632 0.4155989 0.0393361 0.8832761 0.2696854 0.3815046
1403637184.538319 5.9454341 0.2120119 0.4558010 0.0325521 0.8823512 0.2737142 0.3814147
1403637184.588319 5.8546772 0.2231477 0.4928808 0.0271809 0.8805952 0.2793574 0.3818020
1403637184.688319 5.6836667 0.2494291 0.5646677 0.0180366 0.8776586 0.2886128 0.3822208
1403637184.888319 5.3470373 0.2909449 0.6773524 0.0101885 0.8728588 0.3021426 0.3830451
1403637185.538319 4.4220934 0.2630342 0.7085905 -0.0221068 0.8683158 0.3174595 0.3804714
1403637186.588319 3.6253493 0.0546690 0.1479645 0.0145440 0.8901739 0.2547389 0.3774746
1403637186.988319 3.3739645 -0.0303022 -0.0544536 0.0484423 0.8800641 0.2855085 0.3763315
1403637187.238319 3.1914041 -0.0143241 -0.2077870 0.0476564 0.8840812 0.2788207 0.3720057
1403637187.488319 2.9961164 0.0587915 -0.3815582 0.0099853 0.8867524 0.2932339 0.3571894
1403637188.288319 2.5365682 0.3914056 -1.1610010 -0.0150654 0.8978233 0.2736985 0.3446381
1403637189.038319 2.3296547 0.8521631 -1.9452717 0.0367397 0.9178380 0.2797293 0.2792403
1403637189.288319 2.2278824 0.9979510 -2.2041154 0.0221569 0.9146120 0.3036099 0.2661110
1403637189.838319 1.9889721 1.3461486 -2.8187792 0.0171530 0.9236454 0.2712802 0.2701704
1403637190.488319 1.6704199 1.4339378 -3.5462391 0.0223363 0.9284354 0.2584446 0.2659231
1403637191.338319 1.2451012 1.5647728 -4.2125568 0.0196027 0.9156144 0.2482639 0.3156438
1403637191.688319 1.0491004 1.6465869 -4.3985305 0.0007140 0.9159075 0.2530828 0.3115478
1403637192.038319 0.8778372 1.6298645 -4.5523696 -0.0309548 0.9152943 0.2623626 0.3040459
1403637192.088319 0.8594077 1.6204901 -4.5702734 -0.0309288 0.9139549 0.2678814 0.3032646
1403637192.188319 0.8326147 1.5926714 -4.6088881 -0.0333818 0.9117057 0.2764262 0.3021041
1403637192.388319 0.8077877 1.5189650 -4.6870084 -0.0476007 0.9132680 0.2717753 0.2996898
1403637192.538319 0.8157685 1.4691513 -4.7422571 -0.0322389 0.9101893 0.2836567 0.3000917
1403637192.638319 0.8372426 1.4425863 -4.7698026 -0.0216691 0.9072763 0.2937613 0.3001410
1403637192.738319 0.8632042 1.4248064 -4.8034472 -0.0169071 0.9059172 0.2978557 0.3005166
1403637192.838319 0.8969746 1.4095893 -4.8382874 -0.0155401 0.9066560 0.2951070 0.3010736
1403637192.938319 0.9347606 1.3946881 -4.8817153 -0.0130123 0.9087862 0.2874274 0.3021984
1403637193.038319 0.9775023 1.3703022 -4.9262142 -0.0093053 0.9097958 0.2831663 0.3033181
1403637193.188319 1.0501285 1.3225152 -4.9996285 0.0162961 0.9030012 0.3020647 0.3050903
1403637193.288319 1.0974853 1.2956010 -5.0538330 0.0268429 0.8994856 0.3113452 0.3054002
1403637193.388319 1.1452968 1.2869786 -5.1132550 0.0150563 0.9033580 0.3017204 0.3044377
1403637193.438319 1.1715655 1.2846721 -5.1438236 0.0084549 0.9059336 0.2948452 0.3037750
1403637193.488319 1.1930094 1.2899365 -5.1768255 0.0030895 0.9078457 0.2890046 0.3037813
1403637193.588319 1.2456660 1.2870880 -5.2428827 -0.0075216 0.9100729 0.2819686 0.3036521
1403637193.638319 1.2694387 1.2856663 -5.2768345 -0.0105084 0.9105914 0.2799965 0.3038337
1403637193.738319 1.3277531 1.2710143 -5.3481107 -0.0162962 0.9110261 0.2780629 0.3040508
1403637193.788319 1.3576889 1.2636061 -5.3831263 -0.0177721 0.9112009 0.2774320 0.3040209
1403637193.888319 1.4217188 1.2428126 -5.4563813 -0.0197450 0.9111440 0.2772505 0.3042350
1403637193.938319 1.4534152 1.2338459 -5.4933467 -0.0178443 0.9116433 0.2754573 0.3044856
1403637193.988319 1.4901497 1.2231920 -5.5247126 -0.0166395 0.9129425 0.2714934 0.3042213
1403637194.038319 1.5257812 1.2204906 -5.5604053 -0.0143662 0.9140893 0.2676101 0.3043341
1403637194.088319 1.5618343 1.2238791 -5.5917182 -0.0123196 0.9149851 0.2649413 0.3040667
1403637194.138319 1.6012940 1.2235916 -5.6209979 -0.0122098 0.9155297 0.2635294 0.3036588
1403637194.238319 1.6799188 1.2406877 -5.6787734 -0.0103687 0.9148657 0.2660001 0.3035743
1403637194.338319 1.7593691 1.2507254 -5.7340951 -0.0107348 0.9139770 0.2693879 0.3032505
1403637194.438319 1.8448801 1.2522362 -5.7863121 -0.0126915 0.9133707 0.2718908 0.3027678
1403637194.538319 1.9282258 1.2514467 -5.8414187 -0.0111732 0.9129128 0.2734923 0.3027660
1403637194.638319 2.0143325 1.2419876 -5.8959084 -0.0117453 0.9126999 0.2747751 0.3022245
1403637194.738319 2.1050313 1.2246170 -5.9512315 -0.0139756 0.9108555 0.2816231 0.3013891
1403637194.838319 2.2025559 1.2100346 -6.0084548 -0.0142802 0.9098861 0.2860230 0.3001570
1403637194.938319 2.3039131 1.2024982 -6.0658436 -0.0115187 0.9101726 0.2856469 0.2997648
1403637195.038319 2.4050314 1.1968656 -6.1214066 -0.0075068 0.9133002 0.2764621 0.2989903
1403637195.138319 2.5103283 1.1997235 -6.1796803 -0.0040992 0.9163032 0.2669833 0.2984822
1403637195.238319 2.6186259 1.2028813 -6.2300568 -0.0015797 0.9186459 0.2594019 0.2979898
1403637195.338319 2.7241712 1.2157772 -6.2791138 0.0010443 0.9199584 0.2545010 0.2981689
1403637195.438319 2.8328049 1.2262704 -6.3227139 0.0016210 0.9199578 0.2523988 0.2999499
1403637195.538319 2.9369757 1.2305911 -6.3601031 0.0022531 0.9169035 0.2541946 0.3076819
1403637195.638319 3.0405579 1.2267840 -6.3988242 0.0019238 0.9145079 0.2531899 0.3155417
1403637195.738319 3.1440303 1.2167213 -6.4352283 0.0013632 0.9132944 0.2500322 0.3215206
1403637195.838319 3.2489772 1.2024930 -6.4693890 -0.0056748 0.9129093 0.2462852 0.3254350
1403637195.938319 3.3446712 1.1856415 -6.4965086 -0.0173826 0.9131888 0.2417676 0.3276167
1403637196.038319 3.4477184 1.1752578 -6.5166621 -0.0318595 0.9147816 0.2335067 0.3280766
1403637196.088319 3.5022266 1.1685112 -6.5259299 -0.0376735 0.9163718 0.2263895 0.3280112
1403637196.188319 3.6088715 1.1598560 -6.5339351 -0.0464995 0.9205657 0.2080512 0.3272787
1403637196.288319 3.7185891 1.1493950 -6.5268769 -0.0495279 0.9243941 0.1911031 0.3263774
1403637196.488319 3.9601154 1.1274672 -6.4590082 -0.0518489 0.9283906 0.1760636 0.3231165
1403637196.638319 4.1461854 1.1042114 -6.3544517 -0.0446094 0.9281006 0.1817915 0.3218558
1403637196.738319 4.2739973 1.0912062 -6.2610645 -0.0363894 0.9277087 0.1866752 0.3212238
1403637196.838319 4.4030590 1.0873491 -6.1547952 -0.0318377 0.9273654 0.1904313 0.3204930
1403637196.988319 4.5942826 1.0679731 -5.9682827 -0.0213248 0.9277515 0.1906314 0.3201283
1403637197.138319 4.7887545 1.0396376 -5.7458086 -0.0050000 0.9211639 0.2023011 0.3324250
1403637197.388319 5.0786991 0.9475203 -5.3342605 0.0045186 0.8943297 0.2194633 0.3898588
1403637197.638319 5.3280611 0.7946637 -4.8987260 -0.0143039 0.8476839 0.2142671 0.4850948
1403637197.788319 5.4696913 0.6881728 -4.6341457 -0.0227153 0.8160840 0.1959074 0.5432413
1403637197.888319 5.5621061 0.6035030 -4.4560919 -0.0306264 0.7963829 0.1785504 0.5770234
1403637197.988319 5.6516490 0.5087911 -4.2743230 -0.0347982 0.7766801 0.1658351 0.6066761
1403637199.038319 6.2490649 -0.4457894 -1.9751458 0.0017704 0.6783755 0.0941425 0.7286568
1403637199.238319 6.2380381 -0.5657792 -1.4399633 0.0091566 0.6546675 0.1102442 0.7477786
1403637199.338319 6.2110109 -0.6224114 -1.1833467 0.0098155 0.6391706 0.1049293 0.7618099
1403637199.388319 6.2008924 -0.6621389 -1.0423493 0.0086185 0.6312406 0.1006635 0.7689785
1403637199.438319 6.1778193 -0.6997365 -0.9141574 0.0090833 0.6211162 0.0966824 0.7776791
1403637199.488319 6.1556120 -0.7404631 -0.7762907 0.0082617 0.6113479 0.0918685 0.7859680
1403637199.538319 6.1317081 -0.7763547 -0.6484857 0.0082037 0.6002987 0.0882127 0.7948539
1403637199.638319 6.0720491 -0.8419238 -0.3915875 0.0136179 0.5770833 0.0830904 0.8123332
1403637199.788319 5.9665709 -0.9375086 -0.0093756 0.0287561 0.5349015 0.0837997 0.8402566
1403637199.988319 5.7946429 -0.9848765 0.5109239 0.0686542 0.4634725 0.0875316 0.8791007
1403637200.188319 5.5751581 -0.9527077 0.9645158 0.0932741 0.3900735 0.0663423 0.9136418
1403637200.288319 5.4598737 -0.9353725 1.1645511 0.0759518 0.3619216 0.0512641 0.9276940
1403637200.488319 5.1850057 -0.8655464 1.4781593 0.0120273 0.3304993 0.0357286 0.9430530
1403637200.638319 4.9720950 -0.8356302 1.6827810 0.0000020 0.3143325 0.0519170 0.9478922
1403637200.788319 4.7540731 -0.8222993 1.8494403 0.0004921 0.3116928 0.0647353 0.9479750
1403637200.938319 4.5506797 -0.8226580 2.0022840 0.0069740 0.3215915 0.0761011 0.9437897
1403637201.088319 4.3517265 -0.8318369 2.1219418 0.0062023 0.3355642 0.0785772 0.9387139
1403637201.238319 4.1546278 -0.8522114 2.2201400 0.0035725 0.3468941 0.0853763 0.9340036
1403637201.338319 4.0303917 -0.8724124 2.2718978 0.0075708 0.3507755 0.1058043 0.9304325
1403637201.638319 3.6946006 -0.8765469 2.3679731 0.0087302 0.3712167 0.1723875 0.9123620
1403637202.288319 3.3464036 -0.8003512 2.1680365 -0.0297795 0.3901638 0.1557720 0.9069843
1403637204.188319 3.6682429 -0.4921811 1.1770128 -0.0305868 0.4175712 0.0764710 0.9049038
1403637209.588319 2.6868916 -0.4516540 0.5718479 -0.0700490 0.3604377 0.0769310 0.9269625
1403637210.338319 2.6850276 -0.5288378 0.8769360 -0.1395848 0.3428847 0.1020434 0.9233273
1403637210.988319 3.1590590 -0.5950209 1.7670863 -0.0679463 0.3380058 0.1065182 0.9326249
1403637211.188319 3.3761337 -0.6098669 2.0953915 -0.0460836 0.3415107 0.1025376 0.9331306
1403637211.338319 3.5502815 -0.6089665 2.3340263 -0.0339108 0.3500935 0.0871120 0.9320387
1403637211.538319 3.7842722 -0.5963237 2.6469703 -0.0280502 0.3545148 0.0833668 0.9309041
1403637211.738319 4.0073180 -0.5987461 2.9411244 -0.0389543 0.3518079 0.0953240 0.9303909
1403637211.838319 4.1231689 -0.6038938 3.0817401 -0.0450336 0.3475163 0.1085012 0.9302859
1403637211.938319 4.2455096 -0.6236165 3.2165046 -0.0498564 0.3472099 0.1107458 0.9298898
1403637212.388319 4.8226266 -0.7955104 3.7891591 -0.0152786 0.3614213 0.0765674 0.9291279
1403637212.738319 5.2439642 -0.9701608 4.1507106 -0.0386597 0.3644832 0.0831289 0.9266860
1403637212.888319 5.4182830 -1.0577610 4.3006840 -0.0451946 0.3658518 0.0796951 0.9261526
1403637213.138319 5.7078075 -1.2090236 4.5561242 -0.0472299 0.3628643 0.0780273 0.9273676
1403637213.188319 5.7694206 -1.2357872 4.6070232 -0.0468496 0.3609895 0.0798933 0.9279594
1403637213.588319 6.2407913 -1.4021842 5.0438514 -0.0381031 0.3621586 0.0678400 0.9288633
1403637213.938319 6.6142960 -1.4929886 5.4412751 -0.0527974 0.3665126 0.0467481 0.9277368
1403637214.388319 6.9740367 -1.6502644 5.9930186 -0.0186982 0.3166177 0.0322991 0.9478188
1403637214.788319 7.1400232 -1.8587003 6.4311461 -0.0127073 0.2491173 -0.0463373 0.9672807
1403637215.188319 7.0476160 -2.0776248 6.8417692 -0.0008548 0.2341060 -0.0506569 0.9708900
1403637215.538319 6.7579384 -2.1785407 7.1383753 0.0312933 0.1917477 -0.0309838 0.9804558
1403637215.888319 6.3237715 -2.2603588 7.2833509 0.0000915 0.0999172 -0.0409544 0.9941525
1403637216.188319 5.8976135 -2.3415198 7.2987790 -0.0149691 0.0336908 -0.0366226 0.9986489
1403637216.488319 5.4944038 -2.3824873 7.2684898 -0.0000187 0.0097549 -0.0331529 0.9994027
1403637216.788319 5.1275535 -2.3646812 7.1800036 0.0246454 0.0088429 -0.0220287 0.9994144
1403637216.988319 4.9024487 -2.3389075 7.0610666 0.0339378 0.0171514 -0.0264393 0.9989270
1403637217.088319 4.7963877 -2.3333755 6.9788375 0.0231017 0.0168548 -0.0161621 0.9994604
1403637217.238319 4.6457791 -2.3063543 6.8313098 0.0136373 0.0147589 0.0055993 0.9997824
1403637217.388319 4.5181870 -2.2653947 6.6730275 0.0087958 0.0154268 0.0189544 0.9996626
1403637217.488319 4.4409609 -2.2246511 6.5603600 0.0076791 0.0168585 0.0237734 0.9995458
1403637217.588319 4.3815465 -2.1786470 6.4401178 0.0112075 0.0142259 0.0183763 0.9996671
1403637217.788319 4.2890830 -2.0683420 6.1728258 0.0260794 -0.0043259 -0.0318181 0.9991440
1403637217.838319 4.2606950 -2.0491576 6.0979400 0.0240206 -0.0147710 -0.0419755 0.9987206
1403637218.088319 4.1446323 -1.9254327 5.6769795 0.0110331 -0.0637900 -0.0660007 0.9957173
1403637218.238319 4.0819330 -1.8599491 5.3984852 0.0031800 -0.0803206 -0.0705273 0.9942657
1403637218.488319 3.9737136 -1.6942790 4.9171963 0.0039054 -0.0889585 -0.0734457 0.9933161
1403637218.688319 3.8882520 -1.5594018 4.5058060 -0.0012037 -0.0861083 -0.0760114 0.9933812
1403637218.888319 3.8024008 -1.4215270 4.0776849 -0.0105930 -0.0794968 -0.0813521 0.9934535
1403637219.038319 3.7417271 -1.2838358 3.7566359 -0.0113036 -0.0735274 -0.0937407 0.9928135
1403637219.088319 3.7154040 -1.2348057 3.6618459 -0.0114545 -0.0724187 -0.0952811 0.9927467
1403637219.188319 3.6588762 -1.1350418 3.4496300 -0.0114088 -0.0715989 -0.0959201 0.9927451
1403637219.238319 3.6318488 -1.0903649 3.3370821 -0.0120702 -0.0715690 -0.0945509 0.9928707
1403637219.288319 3.6006913 -1.0454674 3.2298884 -0.0136899 -0.0714295 -0.0932608 0.9929819
1403637219.338319 3.5731547 -1.0045742 3.1171792 -0.0141993 -0.0718525 -0.0907788 0.9931741
1403637219.388319 3.5354624 -0.9612736 3.0090768 -0.0168062 -0.0710135 -0.0902755 0.9932396
1403637219.438319 3.5059187 -0.9209843 2.8945949 -0.0185696 -0.0716150 -0.0884585 0.9933286
1403637219.538319 3.4333570 -0.8450848 2.6687984 -0.0343977 -0.0713794 -0.0851557 0.9932121
1403637219.638319 3.3612542 -0.7757159 2.4414036 -0.0496365 -0.0710073 -0.0815783 0.9928944
1403637219.738319 3.2771282 -0.7146186 2.2233009 -0.0581352 -0.0696176 -0.0804059 0.9926271
1403637219.838319 3.1987586 -0.6613790 2.0074184 -0.0633068 -0.0690098 -0.0797173 0.9924087
1403637219.888319 3.1547048 -0.6390567 1.9035224 -0.0665426 -0.0689967 -0.0789609 0.9922584
1403637220.038319 3.0243533 -0.5875807 1.6000608 -0.0678439 -0.0693218 -0.0779387 0.9922284
1403637220.138319 2.9318273 -0.5609571 1.4068753 -0.0684559 -0.0683673 -0.0792951 0.9921452
1403637220.188319 2.8857532 -0.5489087 1.3131313 -0.0690021 -0.0693619 -0.0766731 0.9922444
1403637220.238319 2.8382888 -0.5453793 1.2199900 -0.0688781 -0.0699551 -0.0746575 0.9923651
1403637220.338319 2.7343585 -0.5439216 1.0425541 -0.0658564 -0.0718716 -0.0654217 0.9930848
1403637220.488319 2.5900948 -0.5462540 0.7871688 -0.0595601 -0.0746582 -0.0512727 0.9941075
1403637221.038319 2.1483941 -0.4743313 -0.0271920 -0.0629169 -0.0686092 -0.0474873 0.9945246
1403637221.288319 1.9926363 -0.4050778 -0.3210818 -0.0710157 -0.0359098 -0.0427955 0.9959096
1403637221.438319 1.9110563 -0.3535553 -0.4731393 -0.0698326 -0.0168834 -0.0357097 0.9967764
1403637221.638319 1.8097792 -0.2732136 -0.6488396 -0.0718743 -0.0015321 -0.0289211 0.9969931
1403637221.738319 1.7642428 -0.2313056 -0.7254817 -0.0733048 0.0034985 -0.0261439 0.9969608
1403637221.838319 1.7228037 -0.1864774 -0.7936550 -0.0742843 0.0081778 -0.0231165 0.9969356
1403637221.938319 1.6867805 -0.1393972 -0.8528969 -0.0755746 0.0171801 -0.0171476 0.9968446
1403637222.038319 1.6541841 -0.0923628 -0.9042593 -0.0754034 0.0340584 -0.0124602 0.9964935
1403637222.138319 1.6268107 -0.0397329 -0.9504535 -0.0755850 0.0563190 -0.0052601 0.9955338
1403637222.238319 1.6054627 0.0111352 -0.9804246 -0.0719254 0.0799373 0.0012995 0.9942008
1403637222.338319 1.5862548 0.0613083 -1.0037012 -0.0620540 0.0986432 0.0045381 0.9931759
1403637222.538319 1.5548744 0.1528149 -1.0485107 -0.0404212 0.1220304 0.0097765 0.9916548
1403637222.638319 1.5399041 0.1859742 -1.0685070 -0.0373227 0.1285898 0.0099376 0.9909455
1403637222.788319 1.5227256 0.2250449 -1.1074189 -0.0428823 0.1325935 0.0102234 0.9901897
1403637222.888319 1.5135376 0.2410584 -1.1365967 -0.0527459 0.1321331 0.0119911 0.9897550
1403637223.038319 1.4988037 0.2472199 -1.1682673 -0.0674239 0.1302956 0.0125775 0.9891000
1403637223.288319 1.4918976 0.2077864 -1.2103246 -0.0646870 0.1254776 0.0078809 0.9899540
1403637223.438319 1.4905000 0.1566422 -1.2204815 -0.0515857 0.1222525 0.0022215 0.9911550
1403637223.738319 1.4947218 0.0428636 -1.2307839 -0.0406046 0.1192053 -0.0037175 0.9920321
1403637223.988319 1.4981548 -0.0096459 -1.2222067 -0.0373762 0.1192593 -0.0060296 0.9921411
1403637225.438319 1.4483124 0.1612047 -1.1369473 -0.0262415 0.1195937 -0.0127519 0.9923941
1403637225.738319 1.4017971 0.1797913 -1.1642983 -0.0354916 0.1176786 -0.0141714 0.9923161
1403637225.838319 1.3803970 0.1718272 -1.1774169 -0.0426212 0.1173684 -0.0129007 0.9920896
1403637225.988319 1.3425331 0.1425129 -1.2001798 -0.0390694 0.1167295 -0.0132811 0.9923061
1403637226.238319 1.2717234 0.0876024 -1.2353704 -0.0260970 0.1164702 -0.0146362 0.9927434
1403637226.338319 1.2417424 0.0775132 -1.2528346 -0.0309490 0.1167364 -0.0152256 0.9925638
1403637226.488319 1.1936266 0.0716543 -1.2766483 -0.0487892 0.1172079 -0.0143950 0.9918038
1403637226.538319 1.1767884 0.0715992 -1.2832110 -0.0527913 0.1175091 -0.0148313 0.9915568
1403637226.638319 1.1417403 0.0718487 -1.2917351 -0.0583071 0.1178201 -0.0163871 0.9911863
1403637226.738319 1.1069124 0.0752779 -1.2992150 -0.0602175 0.1171788 -0.0144968 0.9911775
1403637226.838319 1.0704976 0.0839455 -1.2981350 -0.0598752 0.1166634 -0.0134510 0.9912738
1403637226.938319 1.0346991 0.0922832 -1.2927961 -0.0582466 0.1152520 -0.0071138 0.9916016
1403637227.038319 0.9977596 0.1000516 -1.2830673 -0.0534368 0.1120955 0.0056300 0.9922436
1403637227.238319 0.9370424 0.1065157 -1.2633435 -0.0448492 0.1087509 0.0231577 0.9927868
1403637227.638319 0.8723055 0.0773726 -1.2270017 -0.0493320 0.1178988 0.0101044 0.9917480
1403637228.088319 0.8541086 0.1108927 -1.1406922 -0.0282843 0.1222673 -0.0023083 0.9920915
1403637228.888319 0.7900782 0.0979713 -1.1355065 -0.0376426 0.1174707 -0.0034149 0.9923568
1403637229.188319 0.7412046 0.1082098 -1.1643605 -0.0282886 0.1222025 -0.0156941 0.9919778
1403637229.388319 0.7021192 0.1353616 -1.1834511 -0.0318873 0.1314881 -0.0114941 0.9907381
1403637229.538319 0.6700253 0.1664209 -1.1975235 -0.0480120 0.1499423 0.0217843 0.9872880
1403637229.688319 0.6494230 0.2001960 -1.2090939 -0.0572878 0.1822726 0.0573295 0.9799021
1403637229.788319 0.6469288 0.2236629 -1.2143703 -0.0567364 0.2141575 0.0619432 0.9731807
1403637229.938319 0.6582143 0.2623065 -1.2132438 -0.0442187 0.2683263 0.0509605 0.9609625
1403637230.188319 0.6792420 0.3205215 -1.2139693 -0.0453772 0.3385589 0.0710267 0.9371628
1403637231.238319 0.7436061 0.2124857 -1.2367910 -0.0343465 0.5293246 0.1654634 0.8314191
1403637232.988319 1.4166291 0.8721140 -2.1540802 0.0337523 0.8693513 0.3236459 0.3719440
1403637233.988319 1.9078085 1.3155608 -3.7961378 -0.1106842 0.8965810 0.2141230 0.3715413
1403637234.538319 2.7858965 1.6390538 -4.2071285 -0.0760249 0.9020127 0.1847913 0.3826820
1403637234.988319 3.6766181 1.8390102 -4.0709243 0.0044764 0.8630162 0.1955234 0.4657829
1403637235.138319 3.9434123 1.8717175 -3.9768605 0.0031278 0.8470028 0.1894419 0.4966772
1403637235.188319 4.0277977 1.8787802 -3.9396305 0.0021592 0.8416056 0.1864102 0.5068990
1403637235.888319 5.0868974 1.7855799 -3.3671141 -0.0388988 0.7834221 0.1684083 0.5969719
1403637236.288319 5.6286731 1.5581613 -2.8975878 -0.0642442 0.7388152 0.1184443 0.6602997
1403637236.588319 5.9719486 1.2587414 -2.4072587 -0.0464144 0.6979644 0.1168340 0.7050115
1403637236.788319 6.1767683 1.0652438 -2.0189037 -0.0270906 0.6857331 0.1021967 0.7201333
1403637236.888319 6.2609839 0.9646969 -1.8290133 -0.0100205 0.6741014 0.0937605 0.7325954
1403637236.938319 6.3022523 0.9031855 -1.7144647 0.0000870 0.6690922 0.0882772 0.7379179
1403637237.188319 6.4169383 0.6176109 -1.1967335 0.0551551 0.6424050 0.0615654 0.7618946
1403637237.238319 6.4199343 0.5456958 -1.0774682 0.0599231 0.6357286 0.0622727 0.7670596
1403637237.288319 6.4158745 0.4937673 -0.9765508 0.0632077 0.6272398 0.0636756 0.7736410
1403637237.388319 6.3862925 0.3624366 -0.7766423 0.0628962 0.6136702 0.0670648 0.7841908
1403637237.538319 6.2999744 0.1598060 -0.4793448 0.0640071 0.5989393 0.0725759 0.7949261
1403637237.688319 6.1606197 -0.0414115 -0.2086158 0.0712769 0.5875783 0.0814365 0.8018974
1403637237.838319 5.9801326 -0.2192486 0.0377593 0.0771589 0.5802870 0.0985357 0.8047386
1403637238.088319 5.6136312 -0.4977698 0.3760581 0.0652910 0.5920168 0.1535275 0.7884685
1403637238.288319 5.2861319 -0.6573220 0.5794029 0.0714432 0.6177537 0.2121347 0.7538402
1403637238.388319 5.1193891 -0.7266048 0.6557822 0.0796296 0.6367375 0.2385872 0.7289038
1403637238.488319 4.9526463 -0.7796496 0.7018003 0.0895753 0.6583639 0.2590339 0.7010241
1403637238.588319 4.7865820 -0.8239129 0.7238512 0.0938125 0.6799982 0.2760402 0.6727581
1403637238.638319 4.7018957 -0.8357053 0.7373419 0.0950044 0.6876692 0.2891994 0.6591274
1403637238.688319 4.6143875 -0.8486407 0.7325544 0.0899517 0.6925859 0.3033000 0.6482612
1403637238.738319 4.5301185 -0.8643553 0.7317886 0.0830078 0.6957946 0.3193246 0.6379744
1403637238.788319 4.4451075 -0.8725424 0.7170987 0.0747016 0.6971408 0.3352012 0.6293287
1403637238.838319 4.3632679 -0.8781657 0.6972599 0.0657799 0.6973566 0.3512545 0.6212785
1403637238.888319 4.2816410 -0.8775742 0.6608462 0.0559193 0.6962087 0.3659646 0.6150092
1403637238.988319 4.1293011 -0.8806396 0.5776386 0.0349582 0.6941446 0.3903093 0.6038212
1403637239.088319 4.0023317 -0.8741298 0.4590521 0.0134857 0.6998711 0.3917605 0.5970950
1403637239.288319 3.8079178 -0.8556066 0.1285992 -0.0042803 0.7361971 0.3411123 0.5844980
1403637239.338319 3.7724252 -0.8462176 0.0306916 -0.0041087 0.7440509 0.3331673 0.5791122
1403637239.488319 3.6852839 -0.8016926 -0.2775946 0.0028988 0.7666250 0.3254561 0.5534945
1403637239.538319 3.6637259 -0.7754911 -0.3865318 0.0059914 0.7751036 0.3236200 0.5426313
1403637239.638319 3.6219537 -0.7113634 -0.6078920 0.0098785 0.7927129 0.3201808 0.5186453
1403637239.738319 3.5890727 -0.6331413 -0.8249366 0.0139418 0.8134674 0.3094613 0.4922500
1403637241.438319 3.3531716 1.1186756 -4.5515375 -0.0331986 0.9199393 0.2530307 0.2976322
1403637241.488319 3.3695433 1.1587846 -4.6416583 -0.0378569 0.9204522 0.2497168 0.2982887
1403637241.538319 3.3816721 1.2047353 -4.7277431 -0.0423142 0.9216456 0.2433984 0.2992260
1403637241.588319 3.3956289 1.2435657 -4.8125710 -0.0456640 0.9221570 0.2393087 0.3004539
1403637241.988319 3.6028354 1.4390388 -5.3794689 -0.0086719 0.9292805 0.2041107 0.3077358
1403637242.988319 4.2084751 1.4364893 -5.6675439 -0.0104431 0.9161730 0.1784091 0.3587313
1403637243.988319 4.7840147 1.0361812 -4.5659728 0.0195224 0.8885086 0.2674558 0.3723424
1403637244.588319 5.0143886 0.5226524 -3.9886780 -0.0012908 0.8844270 0.2710205 0.3799146
1403637244.688319 5.0477304 0.4356368 -3.9118476 -0.0146764 0.8795785 0.2678481 0.3929171
1403637245.688319 5.6765428 -0.0655355 -3.3011565 -0.0315744 0.8480009 0.2677974 0.4562698
1403637246.438319 6.4026690 -0.1149172 -2.8986695 -0.0219302 0.7043905 0.1591512 0.6913928
1403637246.538319 6.4817562 -0.1031376 -2.8337383 -0.0234882 0.6737978 0.1371656 0.7256931
1403637246.588319 6.5253968 -0.0979709 -2.7970216 -0.0231224 0.6597269 0.1252977 0.7406256
1403637247.388319 6.8516102 -0.0625292 -2.0950158 -0.0229721 0.4970393 0.0869591 0.8630541
1403637247.438319 6.8620310 -0.0707468 -2.0468979 -0.0108450 0.4979784 0.0804420 0.8633823
1403637247.538319 6.8681402 -0.0658178 -1.9355437 -0.0010645 0.4994527 0.0759346 0.8630064
1403637247.638319 6.8673887 -0.0568632 -1.8342042 -0.0025885 0.4957841 0.0718695 0.8654630
1403637247.738319 6.8566580 -0.0401376 -1.7253108 -0.0058298 0.4905845 0.0584384 0.8694124
1403637247.838319 6.8354912 -0.0440577 -1.6256703 -0.0118755 0.4816621 0.0449602 0.8751224
1403637247.938319 6.7973723 -0.0423508 -1.5167856 -0.0061093 0.4670429 0.0424128 0.8831958
1403637248.088319 6.7127581 -0.0510463 -1.3635627 -0.0063380 0.4396278 0.0494770 0.8967939
1403637248.238319 6.6030102 -0.0743186 -1.2075814 -0.0245348 0.4156108 0.0562613 0.9074692
1403637248.588319 6.3237643 -0.0720909 -0.8447531 -0.0158533 0.3962313 0.0554083 0.9163402
1403637248.938319 5.9883308 -0.1057151 -0.5044717 -0.0339123 0.4033513 0.0653523 0.9120783
1403637249.288319 5.6189623 -0.2404429 -0.1686161 -0.0329437 0.4127122 0.0691794 0.9076329
1403637249.588319 5.2882457 -0.3314281 0.1277859 -0.0301262 0.4149175 0.0708470 0.9065961
1403637249.788319 5.0602241 -0.3327774 0.3469535 -0.0188687 0.4144138 0.0654467 0.9075361
1403637249.938319 4.8834834 -0.3403084 0.5044643 -0.0133572 0.4040702 0.0603618 0.9126365
1403637250.088319 4.6888208 -0.3634357 0.6499842 -0.0171214 0.3830695 0.0711775 0.9208140
1403637250.188319 4.5594954 -0.3821649 0.7412428 -0.0210302 0.3696860 0.0747297 0.9259079
1403637250.288319 4.4294472 -0.3964962 0.8340166 -0.0203601 0.3558125 0.0783827 0.9310420
1403637250.538319 4.1246018 -0.4104918 1.0532331 -0.0210655 0.3335986 0.0924907 0.9379306
1403637250.938319 3.7249286 -0.4658585 1.3229105 -0.0274880 0.3184261 0.0901659 0.9432494
1403637251.388319 3.4042742 -0.6439605 1.5223050 -0.0285513 0.2907728 0.0862589 0.9524681
1403637251.788319 3.2254200 -0.8143046 1.6252664 -0.0235013 0.2478174 0.0563958 0.9668784
1403637252.738319 2.9033747 -0.8502218 1.7093793 -0.0323796 0.2332604 0.0566828 0.9702207
1403637255.788319 2.0779245 -0.7385229 0.9158807 -0.0324392 0.1117325 -0.0162546 0.9930757
1403637255.988319 1.9740053 -0.7268182 0.8341006 -0.0407071 0.0724134 -0.0284732 0.9961368
1403637256.188319 1.8700860 -0.7403869 0.7454908 -0.0396967 0.0508078 -0.0382296 0.9971867
1403637257.138319 1.3296839 -0.5937800 0.3881496 -0.0371432 0.0310384 -0.0306333 0.9983580
1403637257.438319 1.1679624 -0.5830820 0.2722293 -0.0419873 0.0146340 -0.0445207 0.9980184
1403637257.638319 1.0568180 -0.5719758 0.1999198 -0.0479061 0.0096071 -0.0474975 0.9976757
1403637257.738319 1.0005927 -0.5611441 0.1655281 -0.0554195 0.0065202 -0.0457961 0.9973910
1403637257.988319 0.8540069 -0.5103732 0.1010084 -0.0669425 -0.0159886 -0.0465047 0.9965442
1403637258.138319 0.7636246 -0.4813659 0.0801709 -0.0657778 -0.0419555 -0.0508926 0.9956521
1403637258.238319 0.7020952 -0.4692671 0.0735172 -0.0564006 -0.0603484 -0.0611528 0.9947047
1403637258.338319 0.6454867 -0.4616978 0.0654156 -0.0471444 -0.0750919 -0.0688395 0.9936799
1403637258.538319 0.5268052 -0.4309924 0.0582105 -0.0492602 -0.0979340 -0.0619223 0.9920424
1403637258.688319 0.4446236 -0.4013917 0.0556150 -0.0461105 -0.1041310 -0.0604562 0.9916530
1403637258.888319 0.3439854 -0.3545349 0.0612085 -0.0388232 -0.1058749 -0.0593965 0.9918444
1403637259.088319 0.2550928 -0.3299585 0.0611707 -0.0393535 -0.1044969 -0.0553643 0.9922029
1403637259.188319 0.2147370 -0.3344714 0.0564689 -0.0386560 -0.1039409 -0.0537515 0.9923773
1403637259.638319 0.0825208 -0.3736681 0.0242673 -0.0359469 -0.1040689 -0.0358131 0.9932749
1403637260.038319 0.0508787 -0.3525963 0.0045545 -0.0368981 -0.1001771 -0.0452716 0.9932540
1403637260.288319 0.0624608 -0.3083791 -0.0005372 -0.0380701 -0.0953716 -0.0644129 0.9926258
1403637260.588319 0.0741011 -0.2376758 -0.0120504 -0.0490623 -0.0911959 -0.0823681 0.9912072
1403637260.738319 0.0686907 -0.2019563 -0.0166954 -0.0555033 -0.0929759 -0.0766923 0.9911575
1403637260.888319 0.0573122 -0.1678785 -0.0161526 -0.0438204 -0.0953435 -0.0738080 0.9917368
1403637260.988319 0.0472644 -0.1446335 -0.0150799 -0.0360612 -0.0961424 -0.0735097 0.9919943
1403637261.088319 0.0363784 -0.1199276 -0.0157580 -0.0388332 -0.0967071 -0.0723302 0.9919214
1403637261.138319 0.0310577 -0.1072023 -0.0162746 -0.0447034 -0.0966916 -0.0720007 0.9916997
1403637261.238319 0.0190497 -0.0837915 -0.0182850 -0.0573524 -0.0958300 -0.0735924 0.9910154
1403637261.338319 0.0054747 -0.0666457 -0.0184742 -0.0591975 -0.0951959 -0.0749362 0.9908673
1403637261.488319 -0.0185204 -0.0541895 -0.0170055 -0.0462628 -0.0982486 -0.0659022 0.9918991
1403637261.638319 -0.0410483 -0.0448147 -0.0141911 -0.0615418 -0.0970038 -0.0673405 0.9910944
1403637262.138319 -0.1199958 -0.0490902 0.0336293 -0.0346015 -0.0957011 -0.0608223 0.9929475
1403637262.338319 -0.1195027 0.0542050 0.0364376 -0.0003695 -0.1114022 -0.0158665 0.9936486
1403637262.788319 -0.1233370 0.0310247 0.0534092 -0.0072826 -0.0679704 -0.0218128 0.9974223
