1403636579.763556 0.0000000 0.0000000 0.0000000 0.0000000 0.0000000 0.0000000 1.0000000
1403636580.513556 -0.0070735 0.2991261 0.0773223 -0.0638094 0.0028171 -0.0027241 0.9979544
1403636580.563555 -0.0089821 0.2975860 0.0754859 -0.0708511 0.0024301 -0.0017968 0.9974823
1403636583.363555 0.0025187 -0.0923600 -0.0144292 0.0119964 0.0424514 -0.0119676 0.9989548
1403636586.413555 0.0045681 0.1093009 -0.0235701 -0.1768505 0.0447166 0.0152780 0.9831027
1403636587.713556 0.1784707 0.0822571 -0.0010570 -0.1923916 0.0372080 0.0202446 0.9804036
1403636588.163555 0.3254188 0.0847636 0.0136363 -0.2048801 0.0658708 0.0311017 0.9760727
1403636589.563555 -0.0521702 0.0920072 -0.0352837 -0.1946055 0.0213441 0.0144979 0.9805422
1403636589.763556 -0.1462557 0.0998778 -0.0421393 -0.1917371 0.0143565 0.0109265 0.9812805
1403636589.963556 -0.2217828 0.1122839 -0.0469912 -0.2022216 -0.0027291 0.0089547 0.9792951
1403636592.163555 0.2323070 0.1034841 0.0449237 -0.1497767 0.0981270 0.0387837 0.9830737
1403636592.763556 0.1953939 0.0529892 0.2052240 -0.1521020 0.0392749 0.0224585 0.9873288
1403636593.463556 -0.1544735 0.1039909 0.0757220 -0.1770629 -0.1101989 -0.0068202 0.9779869
1403636593.763556 -0.1359607 0.1604018 -0.0475714 -0.1965123 -0.0657605 0.0162396 0.9781588
1403636593.913555 -0.0745427 0.1784445 -0.0924436 -0.1909432 -0.0127339 0.0385581 0.9807608
1403636594.013556 -0.0255698 0.1836782 -0.1118144 -0.1793303 0.0296650 0.0507692 0.9820301
1403636594.263556 0.1163445 0.1790580 -0.1044636 -0.1735826 0.1107694 0.0736910 0.9757914
1403636594.463556 0.2297405 0.1591621 -0.0387644 -0.1673702 0.1385477 0.0681015 0.9737320
1403636594.663555 0.2946942 0.1283475 0.0550530 -0.1478522 0.1388948 0.0638140 0.9771263
1403636594.913555 0.2363226 0.1046793 0.1515914 -0.1379802 0.0948645 0.0460130 0.9848071
1403636595.713556 -0.0591071 0.1692850 0.0402175 -0.1641533 -0.0690582 -0.0089726 0.9839737
1403636595.863555 0.0206083 0.1882728 0.0025364 -0.1643738 -0.0286023 -0.0065837 0.9859614
1403636596.013556 0.1000371 0.2076433 -0.0337652 -0.1675792 0.0191874 0.0047428 0.9856604
1403636596.163555 0.1429594 0.2236282 -0.0796265 -0.1731829 0.0553311 0.0196792 0.9831372
1403636596.613555 0.0138119 0.2353143 -0.2365041 -0.1572715 0.0638592 0.0197101 0.9852914
1403636598.313555 -0.0279310 0.1990993 -0.0162704 -0.1818821 -0.0675534 -0.0520003 0.9796180
1403636598.913555 0.0333735 0.2530860 0.1268842 -0.1098970 -0.0910645 -0.0500453 0.9884965
1403636625.063555 0.1407419 0.3087021 0.1900564 -0.0316606 -0.0568951 -0.0700318 0.9954175
1403636625.113555 0.1444592 0.2999319 0.1802589 -0.0363537 -0.0565390 -0.0717163 0.9951575
1403636625.263556 0.1491247 0.2600985 0.1556293 -0.0349080 -0.0615806 -0.0595053 0.9957150
1403636625.363555 0.1499638 0.2435361 0.1477010 -0.0284219 -0.0647379 -0.0551354 0.9959725
1403636625.563555 0.1501460 0.2520012 0.1530300 -0.0363109 -0.0670419 -0.0559553 0.9955179
1403636625.663555 0.1473627 0.2495023 0.1595222 -0.0345334 -0.0674158 -0.0583789 0.9954167
1403636625.713556 0.1442208 0.2411114 0.1630623 -0.0317593 -0.0683710 -0.0572542 0.9955093
1403636625.763556 0.1416240 0.2285864 0.1658318 -0.0259129 -0.0691345 -0.0567207 0.9956564
1403636625.813555 0.1371598 0.2123120 0.1682298 -0.0207276 -0.0697178 -0.0570728 0.9957170
1403636625.863555 0.1330459 0.1915607 0.1693219 -0.0149599 -0.0709761 -0.0553844 0.9958269
1403636625.963556 0.1231608 0.1427685 0.1699373 -0.0084781 -0.0726992 -0.0522895 0.9959462
1403636626.113555 0.1078626 0.0675315 0.1676738 -0.0048149 -0.0770043 -0.0425011 0.9961128
1403636626.263556 0.0971648 0.0050642 0.1672560 -0.0042670 -0.0813867 -0.0307541 0.9961989
1403636627.013556 0.1521244 -0.0069362 0.1789581 -0.0104454 -0.0820532 -0.0545725 0.9950779
1403636627.363555 0.1844226 -0.0118934 0.1547660 -0.0067620 -0.0836206 -0.0527280 0.9950787
1403636627.763556 0.2253777 -0.0504394 0.1138779 -0.0226864 -0.0602860 -0.0430238 0.9969954
1403636628.063555 0.2670206 -0.0345408 0.1224669 -0.0397299 -0.0286973 -0.0390722 0.9980338
1403636628.213556 0.2811098 -0.0628426 0.1345491 -0.0156754 -0.0238120 -0.0323204 0.9990709
1403636628.413555 0.3007989 -0.1179745 0.1457596 -0.0036481 -0.0248321 -0.0187615 0.9995089
1403636628.913555 0.4031397 -0.1701071 0.1754904 -0.0201076 -0.0111060 -0.0237709 0.9994535
1403636629.063555 0.4438039 -0.1848250 0.1880995 -0.0281405 -0.0015216 -0.0235438 0.9993255
1403636629.463556 0.5555106 -0.2387151 0.2457833 -0.0138141 0.0303175 -0.0027792 0.9994410
1403636629.713556 0.6405973 -0.2267367 0.3070838 -0.0246619 0.0696116 0.0135401 0.9971774
1403636629.813555 0.6840279 -0.2145656 0.3312764 -0.0324011 0.0918628 0.0167671 0.9951031
1403636629.913555 0.7261125 -0.1995280 0.3634585 -0.0362100 0.1134403 0.0239683 0.9925954
1403636630.113555 0.8205382 -0.1971361 0.4228362 -0.0299961 0.1415303 0.0297371 0.9890324
1403636631.013556 1.1955175 -0.3983273 0.7306469 -0.0180827 0.1456312 0.0249257 0.9888596
1403636632.113555 1.5726806 -0.4606278 1.1872666 -0.0107831 0.1408345 0.0114876 0.9899078
1403636632.463556 1.6464108 -0.4937456 1.3241202 -0.0123334 0.1437556 0.0138990 0.9894388
1403636632.663555 1.6799419 -0.4796322 1.4006804 -0.0283581 0.1239561 0.0295526 0.9914421
1403636632.963556 1.7308471 -0.4906383 1.5380009 -0.0217700 0.0676112 -0.0013260 0.9974733
1403636633.513556 1.8377420 -0.5500824 1.8160379 -0.0281248 0.0236995 -0.0151737 0.9992082
1403636634.013556 1.9407805 -0.6127447 2.1252403 -0.0260732 0.0315984 0.0057982 0.9991437
1403636634.413555 2.0556192 -0.7191072 2.3938200 -0.0161312 0.0341439 -0.0108028 0.9992284
1403636634.913555 2.2031186 -0.8210250 2.7341082 -0.0127543 0.0105878 -0.0275922 0.9994818
1403636635.563555 2.3379865 -0.9744718 3.1491394 -0.0281856 -0.0101665 -0.0209065 0.9993324
1403636635.813555 2.3948581 -1.0731180 3.3156836 -0.0177273 -0.0108336 -0.0114830 0.9997182
1403636635.963556 2.4375384 -1.1510233 3.4127572 -0.0202995 -0.0118565 -0.0034270 0.9997178
1403636636.163555 2.5032935 -1.2523127 3.5480182 -0.0308805 -0.0050622 -0.0192415 0.9993250
1403636636.213556 2.5172513 -1.2793082 3.5830655 -0.0257564 -0.0032914 -0.0237928 0.9993796
1403636636.313555 2.5566814 -1.3359473 3.6500010 -0.0134738 -0.0018904 -0.0287340 0.9994945
1403636636.363555 2.5743711 -1.3678336 3.6818080 -0.0069599 -0.0013945 -0.0302911 0.9995159
1403636636.463556 2.6054573 -1.4267439 3.7501276 0.0086376 -0.0010717 -0.0324596 0.9994351
1403636636.563555 2.6418512 -1.4747649 3.8092051 0.0127960 0.0009848 -0.0385741 0.9991733
1403636636.663555 2.6751719 -1.5111581 3.8728769 0.0131064 0.0038177 -0.0473062 0.9987872
1403636636.763556 2.7061222 -1.5411198 3.9275212 0.0125170 0.0063726 -0.0547899 0.9983991
1403636636.863555 2.7282579 -1.5583277 3.9799192 0.0106803 0.0091177 -0.0645576 0.9978152
1403636637.163555 2.7613702 -1.5757462 4.1273398 -0.0050721 -0.0046697 -0.0361356 0.9993231
1403636637.413555 2.7755911 -1.5810531 4.2386618 -0.0177614 -0.0080540 -0.0346229 0.9992102
1403636637.663555 2.7821288 -1.6359619 4.3360009 -0.0233027 -0.0116551 -0.0334146 0.9991019
1403636637.763556 2.7834041 -1.6667235 4.3771992 -0.0207275 -0.0124700 -0.0336868 0.9991397
1403636637.863555 2.7802372 -1.7102365 4.4143400 -0.0171745 -0.0128446 -0.0346757 0.9991685
1403636638.163555 2.7835367 -1.7931180 4.5375743 -0.0052807 -0.0152393 -0.0338077 0.9992982
1403636638.263556 2.7828205 -1.7957526 4.5847430 -0.0040682 -0.0155768 -0.0339061 0.9992954
1403636638.563555 2.7908309 -1.7837615 4.7240014 -0.0463345 -0.0228717 -0.0133649 0.9985747
1403636638.763556 2.8106139 -1.8020158 4.8341508 -0.0386634 -0.0191898 -0.0275993 0.9986867
1403636638.913555 2.8277469 -1.8438370 4.9255905 -0.0251316 -0.0202726 -0.0268086 0.9991190
1403636639.013556 2.8421924 -1.8853056 4.9783654 -0.0229418 -0.0234655 -0.0193741 0.9992736
1403636639.163555 2.8660703 -1.9277608 5.0710835 -0.0221577 -0.0286788 -0.0044878 0.9993330
1403636639.263556 2.8874073 -1.9477048 5.1390581 -0.0240724 -0.0300512 0.0000830 0.9992585
1403636639.363555 2.9174285 -1.9498277 5.2118611 -0.0241852 -0.0265912 -0.0108459 0.9992949
1403636639.463556 2.9525728 -1.9492323 5.2858887 -0.0241865 -0.0226229 -0.0235103 0.9991749
1403636639.563555 2.9881053 -1.9455550 5.3619556 -0.0204405 -0.0182954 -0.0373286 0.9989265
1403636639.713556 3.0356045 -1.9448860 5.4797797 -0.0113631 -0.0170640 -0.0435401 0.9988413
1403636639.813555 3.0629869 -1.9493941 5.5560966 -0.0055123 -0.0190387 -0.0385941 0.9990584
1403636640.063555 3.1270745 -1.9821116 5.7232957 -0.0019452 -0.0245545 -0.0342900 0.9991084
1403636640.463556 3.2248011 -2.0792072 5.9286928 -0.0028656 -0.0503553 -0.0488383 0.9975324
1403636640.613555 3.2553754 -2.0957279 6.0046344 -0.0038956 -0.0544126 -0.0505069 0.9972327
1403636641.163555 3.3605435 -2.1454988 6.2392139 -0.0073662 -0.0566474 -0.0528769 0.9969658
1403636641.463556 3.4014189 -2.1463747 6.3597655 -0.0070577 -0.0588004 -0.0389439 0.9974849
1403636641.563555 3.4172258 -2.1387954 6.3955774 -0.0062339 -0.0572771 -0.0416354 0.9974703
1403636641.813555 3.4584293 -2.1583052 6.4723310 -0.0054696 -0.0538722 -0.0475280 0.9974011
1403636642.213556 3.5169454 -2.2439122 6.5516191 0.0004916 -0.0292875 -0.0397041 0.9987820
1403636642.363555 3.5404611 -2.2573538 6.5769649 0.0019649 -0.0177355 -0.0345108 0.9992450
1403636643.213556 3.6604300 -2.2549729 6.7074628 -0.0111935 0.0020740 -0.0207010 0.9997209
1403636643.513556 3.7096255 -2.2671273 6.7605386 -0.0226028 -0.0001288 -0.0207247 0.9995297
1403636643.713556 3.7428627 -2.3048108 6.7962718 -0.0356435 -0.0015942 -0.0237472 0.9990811
1403636644.113555 3.8150904 -2.4038513 6.9303832 -0.0496370 -0.0012341 -0.0286929 0.9983543
1403636644.413555 3.8707995 -2.4501381 7.1006932 -0.0141755 -0.0084689 -0.0045327 0.9998534
1403636644.563555 3.9120729 -2.4502721 7.1902647 -0.0016737 -0.0124654 0.0074360 0.9998932
1403636644.713556 3.9653933 -2.4325616 7.2874103 0.0018412 -0.0085127 -0.0026768 0.9999585
1403636644.863555 4.0367618 -2.3931756 7.3740582 0.0001442 0.0002618 -0.0264121 0.9996511
1403636645.013556 4.1009960 -2.3605013 7.4528613 -0.0131692 0.0029966 -0.0284793 0.9995031
1403636645.063555 4.1237326 -2.3510747 7.4795756 -0.0248310 0.0028950 -0.0262747 0.9993421
1403636645.113555 4.1431632 -2.3468447 7.5062981 -0.0366015 0.0030783 -0.0249569 0.9990135
1403636645.263556 4.2051921 -2.3396173 7.5867281 -0.0607382 0.0041848 -0.0244883 0.9978445
1403636645.413555 4.2623677 -2.3626418 7.6818380 -0.0506200 0.0054358 -0.0251156 0.9983873
1403636645.563555 4.3185596 -2.3798676 7.7938528 -0.0414285 0.0061767 -0.0258010 0.9987892
1403636645.813555 4.4136128 -2.4189126 8.0001383 -0.0351785 0.0057539 -0.0253347 0.9990433
1403636645.913555 4.4491544 -2.4528861 8.0889921 -0.0373177 0.0050427 -0.0235203 0.9990139
1403636646.013556 4.4813643 -2.4897063 8.1786318 -0.0277035 0.0086823 -0.0185928 0.9994056
1403636646.113555 4.5185952 -2.5363944 8.2605762 -0.0204242 0.0181006 -0.0082624 0.9995934
1403636646.263556 4.5809565 -2.6107373 8.3929853 -0.0102059 0.0467376 0.0107928 0.9987968
1403636646.313555 4.6050911 -2.6340742 8.4356289 -0.0058848 0.0586936 0.0177623 0.9981006
1403636646.363555 4.6265197 -2.6527083 8.4834681 -0.0013237 0.0716264 0.0253059 0.9971096
1403636646.513556 4.7110596 -2.7020879 8.6082802 0.0122135 0.1108158 0.0287793 0.9933491
1403636646.613555 4.7577357 -2.7429366 8.6851740 0.0140685 0.1301904 0.0285229 0.9909788
1403636646.763556 4.8352928 -2.8081768 8.7873154 0.0083217 0.1482123 0.0292069 0.9884892
1403636646.963556 4.9365344 -2.9009938 8.8839025 0.0065479 0.1572023 0.0306044 0.9870704
1403636647.063555 4.9839816 -2.9461334 8.9338179 0.0019137 0.1585757 0.0302678 0.9868809
1403636647.163555 5.0291276 -2.9790719 8.9808893 -0.0052111 0.1585579 0.0308353 0.9868543
1403636647.263556 5.0790162 -3.0112925 9.0286436 -0.0073400 0.1574946 0.0307449 0.9870138
1403636647.363555 5.1248488 -3.0353725 9.0722847 -0.0040919 0.1549068 0.0323068 0.9873922
1403636647.463556 5.1710405 -3.0524733 9.1186218 0.0001678 0.1521926 0.0337516 0.9877744
1403636647.563555 5.2207875 -3.0725625 9.1617441 0.0079218 0.1485217 0.0356767 0.9882336
1403636647.813555 5.3455591 -3.1214502 9.2462416 0.0095439 0.1522265 0.0353599 0.9876668
1403636647.863555 5.3706818 -3.1262321 9.2579584 0.0079745 0.1553000 0.0358630 0.9871839
1403636647.963556 5.4242215 -3.1387081 9.2825317 0.0076442 0.1658100 0.0376522 0.9854090
1403636648.063555 5.4791584 -3.1499925 9.3097124 0.0058680 0.1834686 0.0425939 0.9820848
1403636649.813555 6.3777657 -3.3482754 9.2908907 0.0117010 0.3510158 0.0916882 0.9317963
1403636650.263556 6.5402884 -3.4015322 9.2011528 0.0140575 0.3931080 0.0999628 0.9139343
1403636650.613555 6.6391602 -3.3485768 9.1150818 -0.0007325 0.4664344 0.1338861 0.8743643
1403636652.013556 6.7558894 -3.2424996 8.6531048 0.0276648 0.5091709 0.1538180 0.8463567
1403636652.313555 6.7463045 -3.1383367 8.5238619 0.0029674 0.5891113 0.1814915 0.7874007
1403636652.613555 6.7071466 -3.0132816 8.3808527 -0.0145557 0.6409110 0.2166148 0.7362739
1403636654.213556 6.8914928 -2.8361235 7.6587663 0.0133283 0.6476688 0.1883136 0.7381635
1403636654.713556 6.8270960 -2.8190784 7.4476228 0.0002635 0.7024007 0.2180749 0.6775519
1403636655.013556 6.7898965 -2.7876520 7.3401914 0.0028492 0.7208110 0.2178371 0.6580048
1403636655.313555 6.7367277 -2.7357695 7.2555938 0.0182176 0.7297429 0.2101805 0.6503595
1403636655.463556 6.6949515 -2.7028062 7.2141590 0.0230582 0.7375836 0.2127662 0.6404446
1403636655.813555 6.5601692 -2.6315968 7.1155281 0.0093900 0.7583432 0.2503449 0.6017931
1403636656.013556 6.4816356 -2.5481970 7.0597034 0.0125271 0.7778189 0.2636563 0.5703738
1403636656.063555 6.4634004 -2.5286610 7.0461369 0.0129042 0.7827504 0.2643297 0.5632629
1403636656.113555 6.4435811 -2.5104423 7.0292592 0.0114379 0.7866612 0.2649984 0.5575026
1403636656.263556 6.3867793 -2.4722583 6.9634914 0.0053286 0.7940813 0.2668661 0.5460669
1403636656.363555 6.3514171 -2.4639552 6.9156513 0.0030949 0.7958350 0.2695437 0.5422022
1403636656.513556 6.3013067 -2.4604986 6.8401423 0.0006428 0.7965571 0.2698260 0.5410086
1403636656.663555 6.2539620 -2.4628072 6.7587571 0.0025944 0.7977803 0.2619420 0.5430711
1403636656.763556 6.2278905 -2.4570732 6.7026391 0.0119455 0.8002222 0.2494299 0.5452399
1403636656.863555 6.1991959 -2.4426310 6.6494398 0.0141930 0.8016989 0.2398857 0.5472955
1403636657.113555 6.1170764 -2.3867121 6.5375743 0.0231519 0.7996314 0.2346356 0.5522679
1403636657.313555 6.0270777 -2.3400817 6.4630308 0.0254771 0.7959405 0.2430267 0.5538662
1403636657.613555 5.8676171 -2.2701273 6.3332047 0.0173696 0.7886999 0.2663751 0.5538005
1403636657.913555 5.7055469 -2.1604340 6.1915135 0.0237660 0.7891885 0.2765544 0.5478452
1403636658.263556 5.5170813 -2.0534637 5.9637127 0.0028462 0.7967848 0.2691202 0.5410177
1403636658.663555 5.3395805 -1.9171844 5.6867099 -0.0188933 0.8028203 0.2586370 0.5368702
1403636659.263556 5.1719394 -1.6711191 5.3768969 0.0039023 0.8087515 0.2390282 0.5373744
1403636660.113555 4.9435730 -1.3752087 5.1771865 -0.0153560 0.8072227 0.2595421 0.5298996
1403636661.313555 5.0420747 -0.9286290 5.2161889 -0.0021757 0.8139814 0.2365276 0.5305509
1403636663.413555 4.9794526 -0.8946879 5.7745595 -0.0239964 0.8021523 0.2799215 0.5268965
1403636664.713556 5.6459613 -0.7602552 6.1015520 0.0051559 0.7988198 0.2363907 0.5531545
1403636665.563555 6.1180968 -0.9341022 6.5495114 -0.0099644 0.7886428 0.2436345 0.5644338
1403636665.963556 6.3328619 -1.0808761 6.7575345 0.0098962 0.7926320 0.2434503 0.5588993
1403636666.313555 6.4949770 -1.1652625 6.9509454 0.0143709 0.7943691 0.2408986 0.5574397
1403636666.563555 6.5827255 -1.2045305 7.0894604 0.0168667 0.7899172 0.2487836 0.5602258
1403636666.763556 6.6363597 -1.2563081 7.1828508 -0.0044870 0.7866956 0.2533961 0.5629212
1403636666.963556 6.6939240 -1.3104320 7.2696934 0.0011984 0.7749391 0.2819582 0.5656568
1403636667.063555 6.7264237 -1.3275855 7.3099303 0.0064819 0.7736514 0.2843804 0.5661708
1403636667.213556 6.7801147 -1.3418739 7.3563356 0.0046724 0.7839712 0.2532720 0.5667633
1403636667.363555 6.8315010 -1.3413643 7.4080181 -0.0001570 0.7893800 0.2346743 0.5672805
1403636667.513556 6.8801298 -1.3425319 7.4633045 -0.0066031 0.7869071 0.2403195 0.5683134
1403636667.613555 6.9087772 -1.3482158 7.5029507 -0.0069675 0.7821443 0.2538593 0.5689967
1403636668.513556 7.2518654 -1.3627378 7.7808137 -0.0127187 0.7905299 0.2543125 0.5569792
1403636669.013556 7.5004187 -1.3199257 7.9678888 -0.0173004 0.8021088 0.2298827 0.5508868
1403636669.363555 7.6711240 -1.3734273 8.1444321 0.0000082 0.8017028 0.2349118 0.5496263
1403636669.563555 7.7611156 -1.3848149 8.2712708 0.0065135 0.8038845 0.2268622 0.5497826
1403636669.813555 7.8412604 -1.4099400 8.4451447 0.0261706 0.8047711 0.2166674 0.5520089
1403636670.013556 7.8625174 -1.4540113 8.5880423 0.0559198 0.7896300 0.2543829 0.5555599
1403636670.213556 7.8507948 -1.5145783 8.6925983 0.0736864 0.7798041 0.2659163 0.5619292
1403636670.363555 7.8153858 -1.5507412 8.7499981 0.0942217 0.7709284 0.2680282 0.5700461
1403636670.613555 7.7012482 -1.5767964 8.7744026 0.0997202 0.7435024 0.2748414 0.6014335
1403636670.913555 7.4723220 -1.6034966 8.6540222 0.1055890 0.6953695 0.2659841 0.6592152
1403636671.063555 7.3216405 -1.5984663 8.5376196 0.1154886 0.6625346 0.2552416 0.6946669
1403636671.813555 6.4667764 -1.4682575 7.4382758 -0.0480283 0.5734674 0.2011439 0.7926977
1403636672.263556 6.1954560 -1.4364097 6.8453503 -0.0920349 0.5815129 0.1871027 0.7863618
1403636672.763556 6.1630468 -1.4126768 6.5101948 -0.0194120 0.5929406 0.1604261 0.7888651
1403636674.813555 6.5327821 -1.3166802 6.9722247 -0.0062037 0.4790477 0.1615620 0.8627703
1403636675.163555 6.6625710 -1.2765163 7.1430902 -0.0464127 0.4694442 0.1656106 0.8660491
1403636675.463556 6.8422031 -1.3276339 7.2958112 -0.0391421 0.4771094 0.1256350 0.8689363
1403636675.613555 6.9403338 -1.3625941 7.3900537 -0.0269220 0.4692511 0.1049732 0.8763899
1403636676.213556 7.2214079 -1.3995187 7.8704839 -0.0107010 0.3625858 0.0977551 0.9267476
1403636676.463556 7.3259888 -1.3849932 8.0640697 -0.0329515 0.3164850 0.0457641 0.9469198
1403636676.613555 7.3665776 -1.3961085 8.1916914 -0.0283431 0.2815344 0.0475987 0.9579507
1403636676.813555 7.4138269 -1.4514832 8.3575010 -0.0173546 0.2519102 0.0590564 0.9657911
1403636677.363555 7.5557346 -1.5389183 8.8247252 -0.0046546 0.2378693 0.0328068 0.9707318
1403636678.363555 7.6139045 -1.7245847 9.3615627 -0.0111490 0.0464997 -0.0084249 0.9988205
1403636678.613555 7.6379175 -1.7781756 9.4473562 -0.0135634 0.0007502 -0.0240422 0.9996186
1403636678.813555 7.6521254 -1.8246433 9.5149851 -0.0127012 -0.0389691 -0.0666023 0.9969375
1403636679.113555 7.6435566 -1.8460658 9.6109800 -0.0086666 -0.0981761 -0.1022890 0.9898602
1403636679.213556 7.6270509 -1.8495421 9.6365252 -0.0042427 -0.1264650 -0.0933854 0.9875565
1403636679.813555 7.5200052 -1.9203440 9.7159729 -0.0054100 -0.2460034 -0.1070490 0.9633242
1403636679.963556 7.5060120 -1.9663872 9.7118931 0.0077148 -0.2484459 -0.1168478 0.9615413
1403636680.313555 7.4587512 -2.0797193 9.6440821 0.0223161 -0.2347919 -0.1444433 0.9609947
1403636680.563555 7.3998990 -2.0923970 9.5562191 0.0128756 -0.2221491 -0.1589310 0.9618861
1403636680.713556 7.3354235 -2.0871964 9.4840832 0.0075027 -0.2215449 -0.1490522 0.9636623
1403636680.863555 7.2630205 -2.0709536 9.4044619 -0.0062966 -0.2290888 -0.1198368 0.9659802
1403636680.963556 7.2096596 -2.0472028 9.3522768 -0.0222702 -0.2332446 -0.1035572 0.9666318
1403636681.063555 7.1601491 -2.0200708 9.3019352 -0.0388114 -0.2322609 -0.1039971 0.9662987
1403636681.113555 7.1347322 -2.0059247 9.2763081 -0.0443485 -0.2308572 -0.1068527 0.9660852
1403636681.213556 7.0853672 -1.9780999 9.2350903 -0.0375321 -0.2291423 -0.1132240 0.9660566
1403636681.363555 7.0028782 -1.9423355 9.1824646 -0.0137813 -0.2295390 -0.1164680 0.9662076
1403636681.863555 6.7264638 -1.8735168 8.9671917 -0.0006529 -0.2372323 -0.1179919 0.9642605
1403636682.063555 6.6083465 -1.8429453 8.8633642 -0.0005570 -0.2415853 -0.1139344 0.9636676
1403636682.413555 6.4150519 -1.8175465 8.6627645 -0.0237925 -0.2429170 -0.1118768 0.9632803
1403636683.213556 5.9800591 -1.6951836 8.2421417 0.0019729 -0.2334588 -0.1134747 0.9657208
1403636683.463556 5.8441453 -1.6257890 8.0865850 -0.0026094 -0.2393621 -0.1083437 0.9648630
1403636683.663555 5.7396579 -1.5513469 7.9632063 -0.0065398 -0.2416254 -0.1088360 0.9642246
1403636683.813555 5.6649084 -1.4951965 7.8686490 -0.0153919 -0.2430089 -0.1093740 0.9637153
1403636684.013556 5.5637679 -1.4464742 7.7436047 -0.0163580 -0.2465619 -0.1090625 0.9628317
1403636684.663555 5.2782474 -1.3924892 7.3253498 -0.0022741 -0.2603810 -0.1000598 0.9603044
1403636684.863555 5.2105212 -1.3300235 7.2137794 -0.0006943 -0.2607730 -0.1001443 0.9601917
1403636685.063555 5.1565571 -1.2632411 7.0941396 0.0005076 -0.2542863 -0.1154151 0.9602175
1403636685.263556 5.1056466 -1.2169764 6.9608459 -0.0068152 -0.2481592 -0.1211668 0.9610875
1403636685.463556 5.0476756 -1.1832510 6.8204055 -0.0086579 -0.2429643 -0.1211773 0.9623978
1403636685.663555 4.9845347 -1.1391659 6.6814203 -0.0094114 -0.2414735 -0.1162239 0.9633763
1403636685.813555 4.9365520 -1.0881358 6.5843725 -0.0053884 -0.2397966 -0.1196795 0.9634030
1403636685.913555 4.9054661 -1.0529059 6.5175624 -0.0044563 -0.2396016 -0.1203286 0.9633754
1403636686.013556 4.8697863 -1.0098875 6.4555211 -0.0082739 -0.2418009 -0.1149634 0.9634559
1403636686.113555 4.8355122 -0.9746411 6.3897204 -0.0140647 -0.2436733 -0.1104560 0.9634444
1403636686.163555 4.8178344 -0.9623187 6.3560553 -0.0140443 -0.2438570 -0.1099010 0.9634616
1403636686.963556 4.5484672 -0.7960021 5.8760414 -0.0160873 -0.2470880 -0.1048762 0.9631665
1403636687.113555 4.5019708 -0.7871453 5.7959995 -0.0152506 -0.2484040 -0.1034501 0.9629958
1403636687.213556 4.4694748 -0.7790322 5.7466869 -0.0129839 -0.2484699 -0.1034508 0.9630120
1403636687.663555 4.3544183 -0.6957077 5.5450659 -0.0067433 -0.2519141 -0.1026493 0.9622666
1403636687.813555 4.3223705 -0.6410331 5.4888124 -0.0061375 -0.2529924 -0.1019127 0.9620660
1403636688.113555 4.2777753 -0.4959309 5.3849397 -0.0037790 -0.2499028 -0.1132634 0.9616162
1403636688.313555 4.2476268 -0.4194560 5.3052344 -0.0057190 -0.2511043 -0.1109147 0.9615674
1403636688.763556 4.1709204 -0.2343431 5.1281505 -0.0063401 -0.2470091 -0.1287368 0.9604026
1403636689.213556 4.0458541 -0.0867867 4.9211311 -0.0225201 -0.2762311 -0.1217752 0.9530792
1403636690.013556 3.7623110 -0.1366978 4.6258950 -0.0465861 -0.2941312 -0.0943136 0.9499587
1403636690.813555 3.5299208 -0.2630901 4.7333055 -0.0370356 -0.2971087 -0.0688920 0.9516348
1403636691.113555 3.5214236 -0.2673531 4.8809361 0.0042568 -0.3074949 -0.0429704 0.9505695
1403636691.363555 3.6206577 -0.3152681 4.9935575 0.0321442 -0.2972822 -0.0854013 0.9504192
1403636691.663555 3.8061452 -0.4236515 5.0661006 -0.0029859 -0.2961049 -0.1119346 0.9485692
1403636691.963556 4.0144701 -0.5298417 5.1150331 -0.0031687 -0.2960940 -0.1184904 0.9477755
1403636692.513556 4.3895302 -0.7315719 5.1561537 -0.0044989 -0.2884163 -0.1289966 0.9487653
1403636692.913555 4.6361070 -0.9410558 5.1260095 -0.0119411 -0.2734548 -0.1585671 0.9486498
1403636693.813555 4.8665767 -1.1577398 5.1074500 -0.0484622 -0.2878072 -0.1329159 0.9471810
1403636694.463556 4.8689313 -1.2523426 5.2721300 -0.0145160 -0.2944097 -0.1239588 0.9474948
1403636694.863555 4.8695307 -1.2798098 5.3656015 -0.0145921 -0.2935664 -0.1168125 0.9486626
1403636694.963556 4.8728871 -1.2772712 5.3900161 -0.0179379 -0.2954992 -0.1075338 0.9491022
1403636695.563555 4.9203196 -1.3298814 5.5409298 -0.0090158 -0.2810674 -0.1240380 0.9515957
1403636695.913555 4.9445291 -1.3549073 5.6077600 -0.0094455 -0.2773977 -0.1243346 0.9526291
1403636696.163555 4.9520674 -1.3376465 5.6561885 -0.0220801 -0.2728592 -0.1293281 0.9530659
1403636696.513556 4.9491010 -1.3041894 5.7216811 0.0045726 -0.2749644 -0.1171554 0.9542789
1403636696.863555 4.9458771 -1.3008287 5.7357097 -0.0033932 -0.2735231 -0.1165457 0.9547726
1403636697.213556 4.9485307 -1.2677666 5.7228823 0.0074747 -0.2600214 -0.1525634 0.9534450
1403636697.913555 4.7924457 -1.3306843 5.5009594 -0.0138966 -0.2072804 -0.1110540 0.9718584
1403636698.063555 4.7442389 -1.3232341 5.4526587 -0.0139680 -0.1872160 -0.1013372 0.9769779
1403636699.313555 4.2759986 -1.0489004 5.1978092 -0.0183921 0.0781521 0.0209503 0.9965516
1403636699.463556 4.2327123 -1.0415550 5.1721029 -0.0195758 0.1173018 0.0438317 0.9919354
1403636700.563555 4.2137027 -0.8289934 5.0708551 -0.0041080 0.2533544 0.0822184 0.9638645
1403636702.213556 4.6459374 -0.6031494 4.8769403 -0.0046759 0.3514979 0.1027842 0.9305175
1403636702.313555 4.6801176 -0.5789177 4.8733912 -0.0086393 0.3667152 0.1078944 0.9240152
1403636702.463556 4.7274680 -0.5272184 4.8713608 -0.0160380 0.3833418 0.1108322 0.9167923
1403636702.563555 4.7586432 -0.4897010 4.8775167 -0.0191346 0.3904849 0.1093214 0.9138951
1403636702.863555 4.8599567 -0.3632290 4.9112177 -0.0303361 0.3964814 0.1094339 0.9109920
1403636703.563555 5.1340747 -0.2563842 5.0245476 -0.0055343 0.3911572 0.1099385 0.9137171
1403636703.913555 5.2774663 -0.2654799 5.0464272 -0.0031662 0.3864577 0.1110649 0.9155900
1403636704.113555 5.3562737 -0.2545387 5.0579858 -0.0005391 0.3818744 0.1144428 0.9171011
1403636704.363555 5.4598870 -0.2185650 5.0770111 -0.0174943 0.3802309 0.1104913 0.9181013
1403636704.763556 5.6392932 -0.2229750 5.1223149 -0.0391178 0.3786200 0.1080627 0.9183894
1403636704.913555 5.7143607 -0.2191544 5.1603107 -0.0485014 0.3754316 0.1120433 0.9187737
1403636705.113555 5.8275514 -0.2060758 5.2340775 -0.0501999 0.3746191 0.1078765 0.9195125
1403636705.263556 5.9233479 -0.2053337 5.3057709 -0.0275388 0.3770158 0.0954809 0.9208605
1403636705.413555 6.0164437 -0.2202931 5.3838234 -0.0218874 0.3772243 0.0935303 0.9211270
1403636705.513556 6.0794339 -0.2337473 5.4359918 -0.0273855 0.3762289 0.0971381 0.9210136
1403636705.613555 6.1357112 -0.2437566 5.4969845 -0.0320749 0.3762387 0.0993299 0.9206244
1403636705.713556 6.1968884 -0.2476853 5.5623755 -0.0315351 0.3767292 0.0991648 0.9204602
1403636705.863555 6.2898655 -0.2572149 5.6627750 -0.0194666 0.3758470 0.1012758 0.9209253
1403636705.913555 6.3225627 -0.2648769 5.6945000 -0.0138719 0.3745126 0.1041817 0.9212459
1403636706.063555 6.4137378 -0.2935942 5.7933245 0.0014437 0.3677986 0.1178212 0.9224100
1403636706.163555 6.4764938 -0.3140915 5.8546391 0.0069986 0.3662655 0.1185277 0.9229040
1403636706.313555 6.5747123 -0.3258836 5.9428525 -0.0015606 0.3703046 0.1005562 0.9234504
1403636706.413555 6.6399465 -0.3269173 5.9970007 -0.0097002 0.3716304 0.0928225 0.9236779
1403636706.563555 6.7305017 -0.3321479 6.0784369 -0.0187565 0.3727066 0.0881963 0.9235580
1403636706.713556 6.8162003 -0.3478450 6.1654458 -0.0233324 0.3730727 0.0885937 0.9232678
1403636706.913555 6.9306321 -0.3947970 6.2841578 -0.0303887 0.3740491 0.0943723 0.9220942
1403636707.013556 6.9873095 -0.4230762 6.3435893 -0.0273655 0.3764652 0.0942893 0.9212137
1403636707.163555 7.0711789 -0.4688800 6.4438310 -0.0219350 0.3807692 0.0932274 0.9196969
1403636707.263556 7.1277122 -0.5043293 6.5136056 -0.0232485 0.3839352 0.0939903 0.9182696
1403636707.413555 7.2052288 -0.5687531 6.6149960 -0.0259346 0.3873195 0.0951105 0.9166597
1403636707.513556 7.2532721 -0.6224701 6.6879597 -0.0270668 0.3884472 0.0961658 0.9160395
1403636707.663555 7.3268905 -0.7091994 6.7915578 -0.0257733 0.3852476 0.1073497 0.9161856
1403636707.863555 7.4294133 -0.7963001 6.9473991 -0.0215432 0.3806973 0.1169338 0.9170234
1403636707.913555 7.4565973 -0.8098118 6.9932160 -0.0192326 0.3800910 0.1162378 0.9174147
1403636708.013556 7.5147247 -0.8305563 7.0775013 -0.0171764 0.3788384 0.1125371 0.9184344
1403636708.113555 7.5740767 -0.8420751 7.1634107 -0.0152429 0.3779287 0.1064296 0.9195707
1403636708.213556 7.6300178 -0.8515501 7.2569494 -0.0126280 0.3766960 0.1034199 0.9204591
1403636708.413555 7.7509394 -0.8625869 7.4313359 0.0041097 0.3674955 0.1219925 0.9219804
1403636708.513556 7.8125515 -0.8700211 7.5167212 0.0093114 0.3655913 0.1265314 0.9220879
1403636708.663555 7.9111209 -0.8889672 7.6233802 0.0072197 0.3706671 0.1141480 0.9216963
1403636708.763556 7.9779706 -0.8963069 7.6909909 0.0030071 0.3774407 0.0986702 0.9207571
1403636708.813555 8.0086040 -0.9022449 7.7230740 0.0019012 0.3809520 0.0913210 0.9200720
1403636708.963556 8.0993233 -0.9047144 7.8194995 0.0019118 0.3881871 0.0839935 0.9177430
1403636709.013556 8.1271772 -0.9092160 7.8483367 0.0045652 0.3895780 0.0838611 0.9171562
1403636709.163555 8.2009296 -0.9271077 7.9350677 0.0054788 0.3954924 0.0812262 0.9148541
1403636709.313555 8.2482166 -0.9624391 8.0175343 -0.0044059 0.3979536 0.0857769 0.9133761
1403636709.513556 8.3044109 -1.0044080 8.1274300 -0.0121932 0.3985488 0.0868542 0.9129439
1403636709.713556 8.3484268 -1.0201906 8.2530079 -0.0163897 0.3969185 0.0874092 0.9135352
1403636709.913555 8.3743277 -1.0433528 8.3899126 -0.0156610 0.3939310 0.0864470 0.9149317
1403636710.163555 8.3885403 -1.0952632 8.5633726 -0.0127517 0.3895999 0.0835801 0.9170952
1403636710.363555 8.3847847 -1.1219559 8.7153349 -0.0043788 0.3785641 0.0952966 0.9206458
1403636710.513556 8.3776255 -1.1263721 8.8327951 0.0021722 0.3590537 0.1087104 0.9269616
1403636710.713556 8.3645887 -1.1082838 8.9849796 0.0055486 0.3323158 0.1043225 0.9373645
1403636710.913555 8.3570194 -1.0916799 9.1178474 0.0005156 0.3032447 0.0754236 0.9499230
1403636711.113555 8.3461218 -1.0987456 9.2280407 -0.0061153 0.2815924 0.0488432 0.9582707
1403636711.563555 8.2697849 -1.1676867 9.4547472 0.0239141 0.2702444 0.0426075 0.9615512
1403636711.913555 8.1354170 -1.2356429 9.5624952 0.0166988 0.2750368 0.0526995 0.9598430
1403636712.113555 8.0326633 -1.2791113 9.5943174 0.0128681 0.2697378 0.0767355 0.9597852
1403636712.463556 7.8532958 -1.3753375 9.5988979 0.0116480 0.2477111 0.0378959 0.9680224
1403636712.613555 7.7654548 -1.4280008 9.5832090 0.0160802 0.2322240 0.0304876 0.9720514
1403636713.063555 7.4759841 -1.5045291 9.4932709 0.0144656 0.2101034 0.0311873 0.9770746
1403636713.263556 7.3341098 -1.5285037 9.4289999 0.0100959 0.2061576 0.0366092 0.9777816
1403636713.413555 7.2270451 -1.5630099 9.3623533 0.0065285 0.2058320 0.0393644 0.9777735
1403636713.563555 7.1203976 -1.6027621 9.2917423 0.0059812 0.2051314 0.0460660 0.9776314
1403636713.713556 7.0158954 -1.6351026 9.2126913 0.0027911 0.2041607 0.0569507 0.9772754
1403636713.813555 6.9541187 -1.6488177 9.1603050 0.0015629 0.2040914 0.0627315 0.9769386
1403636713.963556 6.8618579 -1.6565771 9.0828571 -0.0002176 0.2086080 0.0597513 0.9761723
1403636714.063555 6.8088565 -1.6575351 9.0324850 -0.0022277 0.2131790 0.0538707 0.9755243
1403636714.213556 6.7316351 -1.6481715 8.9524193 -0.0014155 0.2175361 0.0523638 0.9746456
1403636714.413555 6.6389713 -1.6208038 8.8495970 -0.0035107 0.2191723 0.0592509 0.9738791
1403636714.613555 6.5532861 -1.5744176 8.7460823 -0.0199191 0.2056596 0.0593625 0.9766183
1403636714.713556 6.5132990 -1.5548701 8.7015648 -0.0248675 0.1912495 0.0530868 0.9797893
1403636714.763556 6.4936399 -1.5457835 8.6779690 -0.0264669 0.1821581 0.0482820 0.9817264
1403636714.913555 6.4437656 -1.5372939 8.6071205 -0.0281167 0.1500161 0.0271128 0.9879117
1403636715.113555 6.3810034 -1.5497593 8.5218935 -0.0320900 0.1102261 0.0064225 0.9933676
1403636715.463556 6.2907267 -1.5986553 8.4092093 -0.0208654 0.0804995 0.0055919 0.9965205
1403636715.713556 6.2451301 -1.5879294 8.3630276 -0.0027715 0.0768130 0.0166605 0.9969025
1403636716.763556 6.1442742 -1.4976401 7.9827762 -0.0038966 0.0886171 0.0037397 0.9960511
1403636716.963556 6.1250863 -1.4406949 7.9009695 -0.0056462 0.0537250 -0.0072789 0.9985133
1403636717.413555 6.0799389 -1.3924319 7.6809149 -0.0074930 -0.0087279 -0.0545725 0.9984435
1403636717.763556 6.0112572 -1.3305538 7.5168853 -0.0066623 -0.0164598 -0.0546145 0.9983496
1403636717.963556 5.9500170 -1.2826793 7.4240942 -0.0078754 -0.0309767 -0.0663888 0.9972818
1403636718.113555 5.8877211 -1.2633504 7.3442087 -0.0084440 -0.0573567 -0.0706471 0.9958152
1403636718.363555 5.7650104 -1.2148198 7.2145391 -0.0120392 -0.1020423 -0.0680234 0.9923786
1403636718.613555 5.6403723 -1.1341945 7.1032910 -0.0164747 -0.1433851 -0.0654157 0.9873652
1403636718.863555 5.5298791 -1.0255791 7.0089355 -0.0179247 -0.1652436 -0.0704578 0.9835695
1403636719.363555 5.3432875 -0.9098507 6.8245511 0.0060987 -0.1681535 -0.0809060 0.9824161
1403636719.863555 5.1956868 -0.7715698 6.6063905 -0.0101052 -0.1581165 -0.0721504 0.9847291
1403636721.013556 5.0212975 -0.5643567 6.1712260 -0.0141143 -0.1307214 -0.0594285 0.9895357
1403636722.113555 5.0656142 -0.4110382 5.8664074 -0.0046099 -0.0351920 -0.0473106 0.9982495
1403636722.963556 5.0694962 -0.2999171 5.5770774 -0.0078457 -0.0243439 -0.0404430 0.9988545
1403636723.563555 5.0259781 -0.2699597 5.3568850 0.0056721 -0.0025385 -0.0344402 0.9993874
1403636723.813555 5.0010672 -0.2548972 5.2543435 0.0007898 0.0158115 -0.0219407 0.9996339
1403636724.063555 4.9723644 -0.2285850 5.1427760 -0.0183898 0.0300859 -0.0138452 0.9992822
1403636724.363555 4.9485922 -0.1654042 5.0414495 -0.0195984 0.0778479 -0.0005545 0.9967725
1403636728.613555 4.5144234 -0.6333552 3.8118720 0.0003919 0.0884960 0.0207061 0.9958612
1403636729.063555 4.4007578 -0.6105488 3.6444888 0.0032297 0.0460743 -0.0218112 0.9986947
1403636729.413555 4.3047085 -0.5577676 3.5001163 0.0017159 0.0303565 -0.0240433 0.9992484
1403636729.763556 4.1902218 -0.5268685 3.3386652 -0.0018478 0.0287229 -0.0225043 0.9993324
1403636729.963556 4.1281595 -0.5184380 3.2328315 -0.0104436 0.0295067 -0.0209579 0.9992903
1403636730.413555 3.9790354 -0.4336655 3.0401759 -0.0161615 0.0272078 -0.0192625 0.9993135
1403636730.513556 3.9504366 -0.4107379 3.0005264 -0.0233474 0.0267630 -0.0196093 0.9991767
1403636730.663555 3.9051361 -0.3944890 2.9474189 -0.0320342 0.0256606 -0.0177585 0.9989995
1403636730.863555 3.8438990 -0.4058899 2.8785319 -0.0351333 0.0247202 -0.0164177 0.9989420
1403636731.613555 3.7166643 -0.4143462 2.7718649 -0.0073027 0.0244207 -0.0024254 0.9996722
1403636732.263556 3.7358994 -0.2540867 2.7217493 -0.0019068 0.0246500 -0.0143537 0.9995913
1403636732.663555 3.7341826 -0.2040226 2.6613438 0.0131914 0.0344557 -0.0476237 0.9981837
1403636733.113555 3.6627035 -0.1726644 2.4932289 0.0044697 0.0252120 -0.0288609 0.9992554
1403636733.563555 3.5426795 -0.1906165 2.2482440 -0.0090826 0.0206325 -0.0244127 0.9994478
1403636733.663555 3.5112057 -0.1960524 2.1966138 -0.0116645 0.0200689 -0.0238046 0.9994471
1403636733.813555 3.4564915 -0.2022808 2.1233995 -0.0162608 0.0202896 -0.0252732 0.9993424
1403636734.213556 3.3372405 -0.1531588 1.9378780 -0.0043321 0.0212034 -0.0271909 0.9993960
1403636734.813555 3.1302710 -0.1307506 1.6523558 -0.0183964 0.0137925 -0.0239683 0.9994483
1403636737.863555 2.2604234 -0.1551726 0.9508410 -0.0236570 -0.0518807 -0.0257926 0.9980398
1403636738.213556 2.1904826 -0.2505575 0.8880953 -0.0188155 -0.0457520 -0.0305402 0.9983086
1403636740.113555 2.4138899 -0.1212262 0.9719008 -0.0074316 0.2437769 0.0597269 0.9679619
1403636741.213556 2.6036558 0.2100420 1.0374005 0.0019640 0.2428766 0.0398934 0.9692345
1403636741.963556 2.6735289 0.4812737 1.0591738 -0.0155150 0.2547070 0.0537222 0.9654002
1403636743.163555 2.7917929 0.6830921 1.2170823 -0.0257906 0.2414020 0.0688693 0.9676347
1403636743.913555 2.9875233 0.7936099 1.4580356 -0.0082805 0.2669097 0.0670488 0.9613507
1403636744.513556 3.1661115 1.0420413 1.7508935 0.0094509 0.2893536 0.0924004 0.9527053
1403636744.763556 3.2386835 1.2052865 1.8609324 0.0166445 0.2894460 0.0877725 0.9530162
1403636744.963556 3.2957566 1.3304222 1.9231941 0.0043515 0.2919829 0.0774365 0.9532737
1403636745.063555 3.3211102 1.3805188 1.9504015 -0.0039934 0.2896340 0.0777982 0.9539621
1403636745.263556 3.3748000 1.4597507 1.9939061 -0.0120545 0.2809144 0.0779307 0.9564877
1403636745.913555 3.5261433 1.5146017 2.0865595 0.0044102 0.2983844 0.0643734 0.9522622
1403636746.163555 3.5443611 1.4660410 2.0911925 -0.0013662 0.3159124 0.0568625 0.9470819
1403636746.313555 3.5379441 1.4212302 2.0898092 0.0129927 0.3208711 0.0538018 0.9455042
1403636746.413555 3.5252042 1.3950340 2.0947785 0.0220598 0.3219507 0.0533015 0.9449974
1403636746.563555 3.4922824 1.3755325 2.0974059 0.0080520 0.3161017 0.0664529 0.9463609
1403636747.563555 3.3594282 1.2264006 2.2148647 -0.0086834 0.3060575 0.0719664 0.9492493
1403636747.963556 3.3113070 1.0824208 2.2830586 -0.0017368 0.3095826 0.0927783 0.9463338
1403636748.413555 3.2895837 0.9358198 2.3529460 -0.0078556 0.3180737 0.0840314 0.9443020
1403636748.663555 3.2887857 0.8637142 2.3906965 -0.0027182 0.3178426 0.0844522 0.9443709
1403636749.263556 3.3158703 0.7126862 2.4529302 0.0095998 0.3239564 0.1075323 0.9398919
1403636749.463556 3.3461947 0.6622611 2.4465506 0.0039317 0.3329283 0.0885312 0.9387788
1403636749.813555 3.3837302 0.5682086 2.4265568 0.0077771 0.3340641 0.0736498 0.9396363
1403636749.963556 3.3874552 0.5464472 2.4206605 0.0190932 0.3299049 0.0729927 0.9409943
1403636750.513556 3.3312719 0.4738022 2.3547001 0.0049968 0.3117431 0.0753202 0.9471632
1403636750.863555 3.2617564 0.3218790 2.2561581 -0.0015092 0.3037084 0.0704234 0.9501576
1403636751.163555 3.1924152 0.1708847 2.1674736 -0.0098870 0.3045739 0.0692520 0.9499164
1403636751.513556 3.1077800 0.0234895 2.0994616 -0.0078829 0.3010466 0.0911158 0.9492137
1403636751.813555 3.0573292 -0.0861173 2.0541999 -0.0124150 0.2829695 0.0998491 0.9538366
1403636752.063555 3.0508358 -0.1616209 2.0147374 -0.0268616 0.2821513 0.0809377 0.9555722
1403636752.363555 3.0621123 -0.2615740 1.9974850 -0.0013262 0.2646828 0.0646376 0.9621659
1403636752.513556 3.0610344 -0.3198273 1.9822013 0.0016683 0.2397169 0.0549199 0.9692867
1403636752.863555 3.0602133 -0.4300176 1.9418976 -0.0089319 0.1667319 0.0262235 0.9856130
1403636753.313555 3.0367630 -0.4486173 1.9293807 -0.0127616 0.0638450 -0.0333497 0.9973208
1403636753.713556 2.9655597 -0.4471895 1.9301082 -0.0064487 0.0096737 -0.0314609 0.9994374
1403636754.413555 2.7813809 -0.4681503 1.8782376 0.0093298 0.0229667 -0.0346396 0.9990924
1403636754.713556 2.6684964 -0.4791215 1.7967701 0.0029858 -0.0047499 -0.0451371 0.9989651
1403636754.763556 2.6429226 -0.4794081 1.7832017 0.0030090 -0.0129958 -0.0475498 0.9987798
1403636754.863555 2.5984764 -0.4690266 1.7555141 0.0026041 -0.0283620 -0.0516211 0.9982605
1403636755.013556 2.5279818 -0.4458002 1.7104893 0.0020712 -0.0441399 -0.0580743 0.9973338
1403636755.313555 2.3830447 -0.4047064 1.5974193 -0.0070049 -0.0582701 -0.0590503 0.9965283
1403636755.863555 2.0872004 -0.3788477 1.3919889 -0.0124582 -0.0552967 -0.0557738 0.9968331
1403636756.263556 1.8500451 -0.3527127 1.2598015 -0.0033017 -0.0560610 -0.0537498 0.9969741
1403636756.563555 1.6730518 -0.3276035 1.1498600 -0.0013206 -0.0588703 -0.0547693 0.9967612
1403636756.713556 1.5813258 -0.3018964 1.0930827 0.0007823 -0.0606154 -0.0542580 0.9966851
1403636756.913555 1.4602937 -0.2852572 1.0034635 0.0015024 -0.0628038 -0.0542096 0.9965514
1403636757.163555 1.3074328 -0.2758162 0.8778346 -0.0000029 -0.0650059 -0.0522742 0.9965147
1403636757.413555 1.1666905 -0.2266244 0.7486857 -0.0030431 -0.0647418 -0.0566649 0.9962873
1403636757.563555 1.0792441 -0.1901724 0.6728946 -0.0114533 -0.0678286 -0.0633364 0.9956187
1403636757.613555 1.0474534 -0.1808950 0.6452325 -0.0173537 -0.0710956 -0.0654701 0.9951673
1403636757.763556 0.9553828 -0.1652540 0.5635186 -0.0349820 -0.0816048 -0.0689671 0.9936602
1403636757.813555 0.9205070 -0.1656497 0.5390451 -0.0392914 -0.0846709 -0.0699681 0.9931724
1403636757.913555 0.8519332 -0.1731878 0.4892752 -0.0418891 -0.0907032 -0.0693366 0.9925778
1403636757.963556 0.8171977 -0.1780106 0.4689763 -0.0389640 -0.0937217 -0.0676022 0.9925361
1403636758.113555 0.7112651 -0.2018281 0.4072648 -0.0177092 -0.0997426 -0.0646817 0.9927508
1403636758.213556 0.6443797 -0.2083147 0.3719295 -0.0073670 -0.1023278 -0.0630161 0.9927254
1403636758.313555 0.5768716 -0.2079654 0.3387471 -0.0032572 -0.1041233 -0.0598335 0.9927576
1403636758.463556 0.4802813 -0.1930958 0.2878249 -0.0211085 -0.1062529 -0.0534934 0.9926748
1403636758.513556 0.4491167 -0.1858485 0.2705539 -0.0328362 -0.1075254 -0.0487697 0.9924624
1403636758.563555 0.4206500 -0.1779471 0.2590608 -0.0442889 -0.1096724 -0.0423723 0.9920762
1403636758.713556 0.3351899 -0.1573429 0.2314535 -0.0488172 -0.1103956 -0.0362354 0.9920266
1403636759.013556 0.2000996 -0.1190723 0.2178960 -0.0094774 -0.1043858 -0.0509427 0.9931861
1403636759.163555 0.1399662 -0.0955491 0.2123310 -0.0071375 -0.1114875 -0.0307420 0.9932646
1403636759.313555 0.0956207 -0.0647338 0.2102113 -0.0086911 -0.1194953 -0.0092930 0.9927532
1403636759.913555 0.0606467 0.0686625 0.1916963 -0.0061742 -0.1070639 -0.0587064 0.9924982
1403636760.063555 0.0593937 0.0874314 0.1718585 -0.0208770 -0.1066177 -0.0579168 0.9923923
1403636760.213556 0.0579225 0.1084024 0.1593708 -0.0247635 -0.1058178 -0.0581071 0.9923774
1403636760.463556 0.0581218 0.1460069 0.1479100 -0.0007994 -0.1056348 -0.0587994 0.9926648
1403636760.563555 0.0590963 0.1665449 0.1411815 -0.0073433 -0.1045609 -0.0623651 0.9925340
1403636760.713556 0.0608073 0.1972512 0.1304368 -0.0197210 -0.1032662 -0.0686787 0.9920838
1403636760.963556 0.0525627 0.2370052 0.1131329 -0.0097985 -0.1029301 -0.0742893 0.9918621
1403636761.163555 0.0346274 0.2717330 0.0976747 -0.0333848 -0.1052871 -0.0689086 0.9914896
1403636761.313555 0.0158223 0.2923923 0.0928895 -0.0461161 -0.1050331 -0.0702895 0.9909090
1403636761.463556 -0.0084712 0.2984701 0.0986518 -0.0283159 -0.1058332 -0.0689401 0.9915870
1403636761.513556 -0.0171690 0.2982075 0.1017887 -0.0207781 -0.1061362 -0.0676180 0.9918323
1403636761.563555 -0.0261238 0.2973838 0.1048228 -0.0145584 -0.1060175 -0.0666581 0.9920207
1403636761.613555 -0.0351873 0.2961154 0.1077171 -0.0095975 -0.1061432 -0.0653542 0.9921544
1403636761.863555 -0.0762716 0.2824923 0.1132908 -0.0082439 -0.1128836 -0.0399783 0.9927694
1403636761.913555 -0.0811714 0.2795950 0.1138869 -0.0088885 -0.1123130 -0.0409635 0.9927884
1403636762.263556 -0.1035744 0.2580841 0.1088182 -0.0173763 -0.0942716 -0.0857679 0.9916929
1403636762.313555 -0.1102888 0.2570566 0.1069746 -0.0255764 -0.0945184 -0.0835921 0.9916776
1403636762.413555 -0.1273443 0.2599123 0.1069807 -0.0372892 -0.0960879 -0.0768720 0.9916992
1403636762.513556 -0.1487243 0.2669504 0.1130558 -0.0364917 -0.1036351 -0.0537913 0.9924891
1403636762.563555 -0.1594507 0.2721910 0.1182889 -0.0320152 -0.1082551 -0.0397404 0.9928125
1403636762.963556 -0.1701925 0.3433174 0.1566194 0.0055538 -0.1014661 -0.0474744 0.9936901
1403636763.113555 -0.1530177 0.3466670 0.1514053 0.0028595 -0.0762843 -0.0182605 0.9969148
1403636763.513556 -0.1494991 0.3456626 0.1530055 0.0039539 -0.0684883 -0.0093928 0.9975998
