1403636625.163555 -11.9163742 -10.3482132 11.6059017 -0.8323711 -0.0418274 -0.0007211 0.5526377
1403636625.263556 -11.9139214 -10.3563290 11.6369638 -0.8295290 -0.0377156 0.0061807 0.5571543
1403636625.513556 -11.9126482 -10.3591089 11.6508045 -0.8295259 -0.0371690 0.0120937 0.5570987
1403636625.763556 -11.9196844 -10.3349581 11.6653595 -0.8244692 -0.0403398 0.0129418 0.5643189
1403636627.013556 -11.8959990 -10.2520275 11.8767471 -0.8146642 -0.0457630 0.0242512 0.5776157
1403636627.363555 -11.8646593 -10.2784147 11.8906708 -0.8124903 -0.0455373 0.0261403 0.5806054
1403636627.813555 -11.8139477 -10.3111315 11.9338036 -0.8261429 -0.0190854 0.0099177 0.5630500
1403636627.913555 -11.8000021 -10.3147478 11.9215565 -0.8321651 -0.0102943 0.0009615 0.5544316
1403636628.013556 -11.7870855 -10.3124323 11.9160557 -0.8342842 -0.0043945 -0.0063042 0.5512811
1403636628.113555 -11.7754011 -10.3014994 11.9233665 -0.8294932 0.0007990 -0.0100845 0.5584253
1403636628.763556 -11.6757526 -10.2207355 12.0225868 -0.8147014 0.0174172 -0.0008875 0.5796185
1403636629.163555 -11.5638609 -10.1877203 12.0424519 -0.8266097 0.0323501 -0.0268185 0.5612047
1403636629.363555 -11.5050879 -10.1617680 12.0595016 -0.8215161 0.0510196 -0.0357299 0.5667731
1403636629.713556 -11.3846083 -10.1040688 12.0327387 -0.8206323 0.0984202 -0.0570690 0.5600171
1403636629.913555 -11.2964783 -10.0629845 11.9872417 -0.8227198 0.1325020 -0.0856905 0.5461068
1403636630.063555 -11.2288322 -10.0273266 11.9627609 -0.8190191 0.1505060 -0.1007096 0.5444386
1403636631.913555 -10.4607534 -9.3902855 11.9388247 -0.8070611 0.1400962 -0.1125841 0.5624503
1403636633.713556 -10.0398455 -8.5781088 11.7865248 -0.8279606 0.0542491 -0.0368286 0.5569398
1403636633.863555 -10.0017090 -8.4850769 11.7779770 -0.8265246 0.0596473 -0.0372245 0.5584924
1403636634.763556 -9.6867628 -7.8568754 11.7896557 -0.8141226 0.0387021 -0.0409319 0.5779544
1403636634.963556 -9.6229630 -7.7252436 11.7917252 -0.8194637 0.0276012 -0.0322887 0.5715549
1403636635.313555 -9.5276079 -7.4936523 11.8018885 -0.8246052 0.0183225 -0.0223835 0.5649688
1403636635.463556 -9.4902058 -7.3899574 11.7977915 -0.8261741 0.0214881 -0.0155978 0.5627888
1403636635.613555 -9.4508410 -7.2821884 11.8084402 -0.8260730 0.0247631 -0.0117355 0.5628965
1403636635.763556 -9.4070492 -7.1714725 11.8307095 -0.8227260 0.0282189 -0.0099424 0.5676504
1403636636.163555 -9.2540550 -6.8638983 11.9371462 -0.8276691 0.0288768 -0.0149526 0.5602735
1403636636.563555 -9.0797186 -6.5549536 12.0693588 -0.8028286 0.0164676 -0.0326001 0.5950903
1403636636.763556 -9.0062370 -6.4304495 12.0969582 -0.8031055 0.0062318 -0.0470214 0.5939459
1403636637.013556 -8.9524364 -6.3061953 12.0876265 -0.8089218 0.0079297 -0.0398984 0.5865073
1403636637.613555 -8.9019537 -6.0498438 12.0561905 -0.8237075 0.0136312 -0.0193141 0.5665220
1403636637.963556 -8.8844557 -5.8824482 12.1397991 -0.8184338 0.0113461 -0.0179681 0.5742078
1403636638.363555 -8.8693972 -5.6901522 12.1280794 -0.8182950 0.0139095 -0.0108441 0.5745278
1403636638.813555 -8.8204098 -5.4642134 12.0757589 -0.8302965 0.0127251 -0.0095716 0.5570946
1403636639.113555 -8.7635813 -5.2720184 12.1188202 -0.8230482 0.0242140 0.0085203 0.5673912
1403636639.513556 -8.6300888 -4.9981403 12.0492029 -0.8242106 0.0107092 -0.0099716 0.5660945
1403636641.063555 -8.1894226 -4.1505976 11.9429016 -0.8148014 -0.0296732 0.0069221 0.5789390
1403636642.763556 -7.9017048 -3.7349777 11.8867445 -0.8212326 0.0274923 -0.0254285 0.5693635
1403636643.313555 -7.8202872 -3.6587601 11.8800964 -0.8164730 0.0304592 -0.0223404 0.5761468
1403636643.663555 -7.7550745 -3.5911779 11.8951187 -0.8292955 0.0272402 -0.0199282 0.5577902
1403636643.963556 -7.6887059 -3.4989252 11.9439306 -0.8372753 0.0227375 -0.0217366 0.5458760
1403636644.413555 -7.5852170 -3.2673016 11.9388294 -0.8181773 0.0373487 -0.0039015 0.5737385
1403636644.813555 -7.4344912 -3.0502663 11.8155251 -0.8094000 0.0284156 -0.0189093 0.5862650
1403636646.063555 -6.8998475 -2.2282104 11.6223774 -0.8236799 0.0432352 -0.0256172 0.5648238
1403636646.313555 -6.7773824 -1.9921350 11.6683979 -0.8098788 0.0961424 -0.0457390 0.5768543
1403636646.513556 -6.6616449 -1.8185740 11.6813602 -0.7944627 0.1355927 -0.0822890 0.5862357
1403636646.963556 -6.4046268 -1.5218067 11.7657051 -0.7916079 0.1641562 -0.1176791 0.5766814
1403636647.613555 -6.0741620 -1.2155190 11.8313751 -0.7883599 0.1644879 -0.1051153 0.5834237
1403636647.813555 -5.9672403 -1.1484709 11.8460646 -0.7902274 0.1656940 -0.1109781 0.5794567
1403636648.013556 -5.8552256 -1.0979815 11.8499613 -0.7884735 0.1819444 -0.1254716 0.5739884
1403636648.213556 -5.7403083 -1.0647068 11.8227854 -0.7796674 0.2196414 -0.1525599 0.5662172
1403636649.363555 -5.1429939 -1.0825520 11.7988548 -0.7454699 0.3221641 -0.2377963 0.5328583
1403636649.763556 -4.9656696 -1.0999126 11.9762192 -0.7397631 0.3248380 -0.2348920 0.5404226
1403636649.963556 -4.8870373 -1.1223650 12.0403585 -0.7336611 0.3326854 -0.2466730 0.5387154
1403636650.363555 -4.7600350 -1.2066584 12.0584774 -0.7128811 0.3781804 -0.2783186 0.5208829
1403636651.413555 -4.6144648 -1.5346603 12.0527172 -0.6819836 0.4456510 -0.3227391 0.4818020
1403636651.763556 -4.6141744 -1.6452007 12.0733452 -0.6769403 0.4393743 -0.3193945 0.4966782
1403636652.213556 -4.6369867 -1.8531628 12.0158978 -0.6317239 0.5070188 -0.3617137 0.4615410
1403636653.613555 -4.5993652 -2.6021767 11.9362793 -0.5798059 0.5686717 -0.4172600 0.4078379
1403636653.863555 -4.5781636 -2.7058964 11.9616613 -0.5786624 0.5608380 -0.4217512 0.4156159
1403636654.163555 -4.5840821 -2.8201303 11.9400539 -0.5745992 0.5681044 -0.4158294 0.4173477
1403636654.463556 -4.6135902 -2.9402189 11.9445934 0.5541183 -0.5934111 0.4318914 -0.3927927
1403636655.013556 -4.6967521 -3.1421719 11.9954786 0.5110049 -0.6340519 0.4574118 -0.3572487
1403636655.313555 -4.7494764 -3.2354240 11.9656811 0.4958026 -0.6326784 0.4696895 -0.3650885
1403636655.763556 -4.9113302 -3.3687296 11.9293041 0.4645205 -0.6743975 0.4674797 -0.3329739
1403636656.263556 -5.1230502 -3.5556297 11.8212318 0.4161604 -0.7117573 0.4855846 -0.2905505
1403636656.463556 -5.2029901 -3.6443472 11.8390388 0.4139989 -0.7152944 0.4855271 -0.2849956
1403636656.863555 -5.3324795 -3.8415775 11.8920364 0.4129351 -0.6945091 0.5083801 -0.2978110
1403636657.313555 -5.5235243 -4.0364485 11.8532772 0.4116307 -0.6936372 0.5021992 -0.3118071
1403636657.513556 -5.6349001 -4.1185541 11.8419914 0.4138784 -0.7056368 0.4857516 -0.3079396
1403636657.713556 -5.7497697 -4.2113409 11.8167934 0.4146118 -0.7084618 0.4825659 -0.3054655
1403636658.113555 -5.9801373 -4.4425793 11.7569656 0.4074223 -0.7186759 0.4783062 -0.2978845
1403636658.313555 -6.0955687 -4.5853291 11.7520256 0.4142200 -0.7145370 0.4875064 -0.2831893
1403636658.563555 -6.2250929 -4.7665844 11.7251015 0.4209123 -0.7114765 0.4937348 -0.2699258
1403636658.813555 -6.3296905 -4.9369688 11.6838322 0.4249190 -0.7038035 0.5050451 -0.2627433
1403636659.063555 -6.4096613 -5.0794134 11.6290359 0.4137342 -0.6989947 0.5129142 -0.2777581
1403636659.263556 -6.4729643 -5.1734457 11.5706463 0.4094536 -0.6974359 0.5151458 -0.2838238
1403636659.413555 -6.5241737 -5.2329655 11.5335751 0.4134496 -0.7022580 0.5080930 -0.2788095
1403636659.563555 -6.5726566 -5.2874498 11.5116777 0.4157990 -0.7057812 0.5032886 -0.2751088
1403636659.963556 -6.6875944 -5.4045029 11.4240484 0.4125136 -0.7063286 0.5073149 -0.2712270
1403636660.113555 -6.7265897 -5.4346933 11.3702068 0.4151001 -0.7133407 0.4988795 -0.2644926
1403636660.463556 -6.7824912 -5.4952140 11.2454443 0.4229863 -0.7272036 0.4793149 -0.2500296
1403636660.663555 -6.7716579 -5.5318890 11.1961222 0.4199415 -0.7160133 0.4952933 -0.2562392
1403636660.863555 -6.7400417 -5.5616050 11.1275749 0.4206187 -0.6978415 0.5197890 -0.2567424
1403636661.063555 -6.7010679 -5.5660357 11.0413074 0.4157949 -0.6962133 0.5219207 -0.2645760
1403636661.263556 -6.6604519 -5.5467844 10.9484596 0.4092818 -0.6984715 0.5191723 -0.2740186
1403636661.663555 -6.6030006 -5.4604015 10.8435059 0.4067861 -0.7018913 0.5132903 -0.2800120
1403636661.863555 -6.5864110 -5.4002614 10.8357277 0.3993688 -0.7030299 0.5105612 -0.2925420
1403636662.213556 -6.5934200 -5.2997456 10.8777733 0.4040532 -0.7004722 0.5132375 -0.2875187
1403636662.813555 -6.6452804 -5.0963688 10.8487053 0.3954119 -0.7202311 0.4905191 -0.2903577
1403636662.963556 -6.6558523 -5.0529370 10.8156376 0.3971067 -0.7249339 0.4844659 -0.2864783
1403636663.313555 -6.6735940 -5.0108795 10.7593317 0.4065628 -0.7288958 0.4802235 -0.2698205
1403636663.513556 -6.6694384 -5.0158587 10.7091198 0.4231493 -0.7269732 0.4818049 -0.2455987
1403636663.813555 -6.5985951 -5.0302105 10.6190491 0.4349647 -0.7191312 0.4898385 -0.2317634
1403636664.263556 -6.3262591 -4.9812069 10.5859261 0.4296443 -0.6928167 0.5184644 -0.2580804
1403636664.513556 -6.1469254 -4.8951926 10.5353756 0.4259255 -0.6888208 0.5169069 -0.2773460
1403636664.963556 -5.8588281 -4.6787276 10.4468441 0.4343652 -0.6881264 0.5028627 -0.2914412
1403636665.113555 -5.7712383 -4.5974593 10.4501867 0.4395698 -0.6943378 0.4908658 -0.2893513
1403636665.563555 -5.5075674 -4.3665009 10.5078754 0.4407793 -0.6906357 0.4954070 -0.2886312
1403636666.263556 -5.1206951 -3.9834080 10.5900307 0.4220963 -0.6915775 0.5019640 -0.3026343
1403636666.513556 -5.0133305 -3.8515425 10.5775356 0.4189525 -0.6946994 0.4951039 -0.3110366
1403636667.613555 -4.6461792 -3.4179001 10.5764446 0.4422664 -0.6948932 0.4843717 -0.2948016
1403636668.063555 -4.4842944 -3.2770157 10.5772324 0.4361925 -0.7007131 0.4787549 -0.2992174
1403636668.513556 -4.2927275 -3.1738701 10.4969072 0.4357678 -0.6994449 0.4911051 -0.2823102
1403636668.963556 -4.0590215 -3.0504789 10.4017763 0.4375214 -0.6860774 0.5151911 -0.2691675
1403636669.213556 -3.9240084 -2.9372101 10.3985577 0.4237430 -0.6894727 0.5125699 -0.2869517
1403636669.613555 -3.7400026 -2.7130880 10.3464375 0.4178897 -0.6818359 0.5232117 -0.2944782
1403636669.863555 -3.6589870 -2.5422487 10.3209829 0.4035585 -0.6824225 0.5187194 -0.3199534
1403636670.063555 -3.6335812 -2.4019308 10.3310184 0.3930958 -0.7021618 0.4880964 -0.3379444
1403636670.313555 -3.6533279 -2.2706442 10.3670683 0.3830124 -0.6997233 0.4756101 -0.3707881
1403636670.513556 -3.7210217 -2.2149868 10.3789005 0.3925867 -0.6963438 0.4565880 -0.3905234
1403636671.013556 -4.0976629 -2.3602886 10.4775944 0.4629030 -0.6408648 0.3989406 -0.4646070
1403636671.763556 -5.0216389 -3.3358212 10.7308788 -0.6478938 0.5404493 -0.3507782 0.4063286
1403636672.563555 -5.4273367 -4.1742105 10.9904671 -0.6534734 0.5095620 -0.3998515 0.3917114
1403636673.063555 -5.4664631 -4.3622990 10.9039345 -0.6581159 0.5004300 -0.3667308 0.4265700
1403636673.813555 -5.3398671 -4.3437462 10.9012470 -0.6816905 0.4627453 -0.3489568 0.4465356
1403636675.113555 -4.9404469 -3.7758436 10.6344099 -0.7097031 0.4556697 -0.2833922 0.4564817
1403636675.363555 -4.7923522 -3.6726532 10.6275120 -0.7178466 0.4358370 -0.3100468 0.4456606
1403636676.563555 -4.1614022 -2.8426762 10.4280176 -0.7841595 0.2551697 -0.2170535 0.5223698
1403636677.963556 -3.8606257 -1.7904329 10.3521976 -0.8017759 0.1453009 -0.0786668 0.5743297
1403636679.563555 -3.8283043 -1.2544117 10.4106998 -0.7930474 -0.1592488 0.1099278 0.5776085
1403636680.013556 -3.8721893 -1.2118406 10.5275936 -0.7787203 -0.2000880 0.1151697 0.5833485
1403636680.313555 -3.9092078 -1.2378607 10.6380672 -0.7725540 -0.2097000 0.0938754 0.5919237
1403636680.563555 -3.9746931 -1.3132467 10.6865721 -0.7797929 -0.2138369 0.0750036 0.5835848
1403636681.113555 -4.2606382 -1.5898876 10.6956196 -0.8141679 -0.1765328 0.1151071 0.5410334
1403636681.413555 -4.4305305 -1.7062120 10.6742229 -0.7940514 -0.1825733 0.1090515 0.5694357
1403636681.663555 -4.5769672 -1.8042803 10.6859856 -0.7900587 -0.1848981 0.1117408 0.5737020
1403636682.313555 -4.9658966 -2.1184988 10.7346697 -0.7952521 -0.1874152 0.1219860 0.5635327
1403636682.563555 -5.1119890 -2.2416306 10.7457600 -0.7948287 -0.1863073 0.1184740 0.5652442
1403636683.713556 -5.7789102 -2.8974285 10.7273979 -0.7924182 -0.1852719 0.1217549 0.5682636
1403636684.213556 -6.0485940 -3.2060194 10.7395172 -0.7914287 -0.1901614 0.1293491 0.5663462
1403636684.463556 -6.1737843 -3.3522558 10.7841721 -0.7865635 -0.1916414 0.1340565 0.5715070
1403636685.713556 -6.6227493 -4.1719704 10.7663994 -0.7917921 -0.1905807 0.1169338 0.5683932
1403636685.963556 -6.7196851 -4.3468704 10.7317419 -0.7905115 -0.1910740 0.1160748 0.5701832
1403636686.163555 -6.8013849 -4.4900093 10.7093105 -0.7947708 -0.1864692 0.1233408 0.5642302
1403636688.563555 -7.5161905 -5.7213612 10.4864683 -0.7896828 -0.1966215 0.1222469 0.5681521
1403636688.813555 -7.5757160 -5.8454390 10.4082775 -0.7889495 -0.2042745 0.1164155 0.5676955
1403636689.063555 -7.6573162 -5.9742203 10.3590336 -0.7911572 -0.2121065 0.1321321 0.5582314
1403636689.313555 -7.7498441 -6.0930834 10.3565683 -0.7933360 -0.2197507 0.1463272 0.5485582
1403636689.563555 -7.8450041 -6.1886454 10.4034929 -0.7929230 -0.2247353 0.1518946 0.5456146
1403636689.813555 -7.9374285 -6.2663088 10.4679022 -0.8040763 -0.2168716 0.1630106 0.5290137
1403636690.063555 -8.0237198 -6.2956457 10.5090466 -0.8027552 -0.2053719 0.1723448 0.5326387
1403636690.313555 -8.0911512 -6.2773561 10.5358639 -0.8019033 -0.2162265 0.1525236 0.5356620
1403636690.663555 -8.1885805 -6.1911230 10.5984755 -0.8005576 -0.2035360 0.1677979 0.5380749
1403636690.963556 -8.2403679 -6.0688314 10.5728436 -0.7866693 -0.1753066 0.2064724 0.5547867
1403636691.263556 -8.1706848 -5.9193287 10.5566874 -0.7592528 -0.1863608 0.1954216 0.5921277
1403636691.563555 -7.9841719 -5.8226166 10.6014395 -0.7735330 -0.2128292 0.1710316 0.5719253
1403636691.863555 -7.7705431 -5.7498846 10.6919622 -0.7787102 -0.2296581 0.1543961 0.5630538
1403636692.113555 -7.5964284 -5.7021751 10.7417259 -0.7748736 -0.2231031 0.1628122 0.5685843
1403636692.363555 -7.4205537 -5.6675434 10.8137627 -0.7776345 -0.2258842 0.1556828 0.5657064
1403636692.963556 -7.0366392 -5.6407261 11.0932560 -0.7848480 -0.2448021 0.1175466 0.5570175
1403636693.313555 -6.9094210 -5.6501999 11.2061796 -0.7916800 -0.2334076 0.1382215 0.5474107
1403636693.863555 -6.8181033 -5.5952387 11.2733088 -0.7993206 -0.2313914 0.1479967 0.5344543
1403636694.463556 -6.7977591 -5.4302559 11.3103542 -0.7833698 -0.2285109 0.1561829 0.5565263
1403636694.763556 -6.7887549 -5.3567839 11.3179617 -0.7839400 -0.2273202 0.1547644 0.5566072
1403636695.113555 -6.7745981 -5.2722740 11.2791929 -0.7871704 -0.2166239 0.1628646 0.5539966
1403636695.413555 -6.7426248 -5.1919069 11.2855244 -0.7852662 -0.2194769 0.1497319 0.5592560
1403636697.113555 -6.6877666 -4.9915075 11.1840935 -0.7778887 -0.2263519 0.1178816 0.5742454
1403636697.613555 -6.7708883 -5.1021233 11.2578745 -0.7895854 -0.2114588 0.1263262 0.5620337
1403636698.413555 -7.0378237 -5.3219147 11.2947855 -0.8100049 -0.1093866 0.0599730 0.5730008
1403636700.213556 -7.5188770 -5.6178532 11.0877075 -0.7826800 0.2416444 -0.1496019 0.5537502
1403636701.413555 -7.3159523 -5.8651915 10.8051834 -0.7786983 0.2818890 -0.1910674 0.5269354
1403636702.163555 -7.0952501 -5.9458647 10.7888575 -0.7497115 0.3264848 -0.2244418 0.5300627
1403636703.613555 -6.5852346 -5.9523964 10.3826923 -0.7347065 0.3618721 -0.2589020 0.5120789
1403636704.713556 -6.1306849 -5.9182796 10.3100414 -0.7544265 0.3553581 -0.2476676 0.4931755
1403636705.113555 -5.9146333 -5.8271532 10.2495947 -0.7636928 0.3523498 -0.2436966 0.4829440
1403636705.513556 -5.6537895 -5.6430197 10.2046499 -0.7517315 0.3448526 -0.2529527 0.5019874
1403636705.863555 -5.4266648 -5.4361267 10.1479721 -0.7468878 0.3475527 -0.2504268 0.5085787
1403636706.213556 -5.1920481 -5.2220898 10.1309185 -0.7336073 0.3518663 -0.2382421 0.5303313
1403636706.613555 -4.9301724 -5.0220890 10.0637321 -0.7494003 0.3353359 -0.2558431 0.5103855
1403636706.963556 -4.7170315 -4.8207750 10.0649729 -0.7537942 0.3422719 -0.2539757 0.5001405
1403636707.763556 -4.2483969 -4.2268448 10.2172127 -0.7456790 0.3630741 -0.2470863 0.5010871
1403636708.163555 -4.0075579 -3.8986330 10.1900787 -0.7430050 0.3512447 -0.2511613 0.5113598
1403636708.513556 -3.7904634 -3.6232595 10.1165686 -0.7298690 0.3630620 -0.2283997 0.5322694
1403636709.663555 -3.2129905 -2.9528751 10.0250263 -0.7388223 0.3500923 -0.2764804 0.5051095
1403636710.363555 -3.1286860 -2.4624596 9.9675379 -0.7377010 0.3451977 -0.2575822 0.5198916
1403636710.713556 -3.1368475 -2.2137375 9.8749590 -0.7454801 0.3259476 -0.2159818 0.5397866
1403636711.113555 -3.1385295 -1.9864979 9.7983551 -0.7724089 0.2522984 -0.2074815 0.5446846
1403636711.463556 -3.1777263 -1.8026257 9.7964306 -0.7651466 0.2421723 -0.1990124 0.5624033
1403636711.813555 -3.2752519 -1.6540251 9.8236923 -0.7572089 0.2432923 -0.2096251 0.5687713
1403636712.163555 -3.4360735 -1.5607967 9.8834524 -0.7608373 0.2681223 -0.1806791 0.5626652
1403636712.513556 -3.6038065 -1.5205154 9.9904032 -0.7721299 0.2174340 -0.1848945 0.5677605
1403636712.913555 -3.8447645 -1.5276566 10.1087418 -0.7737262 0.1980736 -0.1615640 0.5796652
1403636713.663555 -4.3732514 -1.7276154 10.3477211 -0.7836089 0.2106922 -0.1423186 0.5668433
1403636714.463556 -4.8273821 -2.0867472 10.4753036 -0.7870827 0.2238710 -0.1493352 0.5550511
1403636714.863555 -4.9994526 -2.2802210 10.4767895 -0.8098409 0.1698937 -0.1182313 0.5489218
1403636715.213556 -5.1126170 -2.4043789 10.5564842 -0.8224214 0.1059668 -0.0858208 0.5522942
1403636716.213556 -5.2878976 -2.6383839 10.6441431 -0.7999624 0.1090270 -0.0794509 0.5846887
1403636716.963556 -5.3850918 -2.9766331 10.6271667 -0.8107899 0.0736291 -0.0565712 0.5779259
1403636717.413555 -5.4455657 -3.1962128 10.6496143 -0.8141087 -0.0015368 -0.0340443 0.5797117
1403636717.763556 -5.5230188 -3.3630581 10.6410055 -0.8135830 -0.0063696 -0.0276815 0.5807547
1403636718.163555 -5.6851392 -3.5611687 10.6315794 -0.8133706 -0.0492204 0.0051994 0.5796366
1403636718.463556 -5.8451066 -3.7149220 10.6164179 -0.8129213 -0.0776241 0.0481143 0.5751683
1403636718.813555 -6.0269995 -3.8816681 10.5395021 -0.8111261 -0.1017681 0.0867262 0.5693825
1403636719.513556 -6.3080759 -4.1646900 10.4629421 -0.7951383 -0.1134783 0.0808459 0.5902047
1403636719.863555 -6.4223456 -4.3359385 10.4278164 -0.8070000 -0.1048166 0.0763581 0.5761371
1403636720.563555 -6.5839124 -4.6441126 10.3701382 -0.8108432 -0.1004201 0.0780403 0.5712782
1403636720.963556 -6.6315894 -4.7811756 10.3684053 -0.8124015 -0.0842400 0.0644705 0.5733680
1403636722.613555 -6.6305709 -5.3166513 10.3169489 -0.8132746 -0.0027890 -0.0066406 0.5818354
1403636723.863555 -6.7438192 -5.7764816 10.3561497 -0.8104100 0.0423633 -0.0353312 0.5832604
1403636724.713556 -6.8464971 -6.0649872 10.3256741 -0.8049676 0.1257152 -0.0988696 0.5713558
1403636725.213556 -6.9253187 -6.1908560 10.4918060 -0.8070600 0.1341841 -0.0865598 0.5684684
1403636726.063555 -7.0024271 -6.3622522 10.6445761 -0.8081354 0.1279445 -0.0900129 0.5678425
1403636726.563555 -7.0387831 -6.4461565 10.6378498 -0.8040579 0.1254032 -0.0816910 0.5754056
1403636728.013556 -7.1069193 -6.7928505 11.0740919 -0.8069309 0.0958385 -0.0978396 0.5745476
1403636728.413555 -7.2195354 -6.9027729 11.1609783 -0.8044415 0.1059167 -0.0856396 0.5782053
1403636728.863555 -7.3512559 -7.0492268 11.1870203 -0.8078811 0.0793834 -0.0680047 0.5800017
1403636729.313555 -7.4845467 -7.2218695 11.2191792 -0.8087389 0.0470573 -0.0491802 0.5842161
1403636729.863555 -7.6736150 -7.4723530 11.2618723 -0.8132162 0.0467502 -0.0451905 0.5783179
1403636731.363555 -8.1318464 -7.9352198 11.3477783 -0.8125671 0.0583684 -0.0309480 0.5791114
1403636732.063555 -8.1627140 -8.0194454 11.2466125 -0.8121542 0.0528246 -0.0364973 0.5798992
1403636732.613555 -8.1514454 -8.1149139 11.1521053 -0.8029276 0.0287930 -0.0658743 0.5917252
1403636733.563555 -8.3741388 -8.5061970 11.2857323 -0.8148110 0.0392408 -0.0400333 0.5770101
1403636736.513556 -9.2953749 -9.4450111 11.6781387 -0.8142618 0.0021382 -0.0198236 0.5801554
1403636737.813555 -9.7195683 -9.6523027 11.6797657 -0.8228614 -0.0062811 0.0174913 0.5679380
1403636738.213556 -9.7995853 -9.6863031 11.8032894 -0.8203813 -0.0051108 0.0108173 0.5716916
1403636739.213556 -9.7871342 -9.6587381 11.7919149 -0.8043664 0.1431344 -0.0773266 0.5714262
1403636740.463556 -9.5162630 -9.6678190 11.5306311 -0.7824396 0.2294065 -0.1667859 0.5543857
1403636741.313555 -9.4003553 -9.7196436 11.2469053 -0.7761555 0.2332033 -0.1751530 0.5590351
1403636741.763556 -9.3780575 -9.7708874 11.0810947 -0.7872260 0.2516432 -0.1704769 0.5365524
1403636742.663555 -9.2859755 -9.7469711 10.9171610 -0.7842132 0.2299213 -0.1640445 0.5524809
1403636743.213556 -9.2269287 -9.7044878 10.7639332 -0.7963708 0.2469684 -0.1596776 0.5284914
1403636743.613555 -9.1355286 -9.6303282 10.6805019 -0.7922925 0.2536280 -0.1667194 0.5292921
1403636745.013556 -8.7205572 -9.2653942 9.8887920 -0.7648640 0.2793528 -0.1962993 0.5462708
1403636745.663555 -8.5482941 -9.2035913 9.6796961 -0.7640274 0.2649506 -0.1949523 0.5550287
1403636746.163555 -8.4757242 -9.1657124 9.7258673 -0.7605575 0.2772281 -0.2286188 0.5407681
1403636747.113555 -8.6312551 -9.0632105 9.8262119 -0.7718023 0.2905170 -0.1910456 0.5323746
1403636747.613555 -8.6500044 -8.9528904 9.9376831 -0.7664536 0.2855058 -0.2108319 0.5353366
1403636748.063555 -8.6901226 -8.8193359 10.0890093 -0.7551730 0.3119037 -0.1929826 0.5433117
1403636748.513556 -8.6888905 -8.7067385 10.1886635 -0.7615213 0.2962913 -0.2194642 0.5330407
1403636748.913555 -8.6777744 -8.6125612 10.2978821 -0.7522907 0.3141251 -0.2019951 0.5427543
1403636749.863555 -8.5671558 -8.5565863 10.5094442 -0.7461445 0.3009320 -0.2331627 0.5462083
1403636750.313555 -8.5977812 -8.5764780 10.5497799 -0.7513366 0.2941507 -0.2205728 0.5480112
1403636750.763556 -8.6739607 -8.6241493 10.7278709 -0.7615853 0.2832774 -0.2119087 0.5429885
1403636751.213556 -8.7708902 -8.6711674 10.9852629 -0.7704358 0.2817975 -0.2126109 0.5308629
1403636751.763556 -8.8817558 -8.6825409 11.2273979 -0.7682902 0.2937009 -0.1805859 0.5393133
1403636752.263556 -8.8776865 -8.6933022 11.3988600 -0.7760672 0.2654421 -0.1888570 0.5399937
1403636753.163555 -8.8714628 -8.6937265 11.6483002 -0.8116307 0.0951599 -0.0964563 0.5682397
1403636753.663555 -8.9469471 -8.6841192 11.6353111 -0.8137062 0.0274850 -0.0378232 0.5793930
1403636754.163555 -9.0659485 -8.6931410 11.6468716 -0.8061639 0.0326232 -0.0411594 0.5893568
1403636754.663555 -9.2377834 -8.7666025 11.7219143 -0.8077281 0.0137864 -0.0375844 0.5881944
1403636755.163555 -9.4791899 -8.9127169 11.7192917 -0.8087065 -0.0323396 -0.0000156 0.5873228
1403636755.613555 -9.7240715 -9.0819921 11.7671776 -0.8215367 -0.0365317 0.0001173 0.5689841
1403636756.113555 -10.0243807 -9.2297449 11.7797403 -0.8129794 -0.0291855 0.0037389 0.5815485
1403636756.513556 -10.2743587 -9.3430271 11.8237648 -0.8103389 -0.0312619 0.0056194 0.5851000
1403636757.063555 -10.6212511 -9.5488310 11.8539505 -0.8088652 -0.0331507 0.0122864 0.5869304
1403636757.613555 -10.9614801 -9.8238678 11.8532448 -0.8189691 -0.0476140 0.0101197 0.5717694
1403636758.063555 -11.2715845 -10.0051584 11.9494190 -0.8211368 -0.0642468 0.0317744 0.5662130
1403636758.513556 -11.5776329 -10.1309805 12.0036469 -0.8256102 -0.0559065 0.0503171 0.5592052
1403636759.013556 -11.8371983 -10.1837349 11.9724236 -0.8126106 -0.0560354 0.0445957 0.5783902
1403636759.413555 -11.9632235 -10.2045975 11.9010897 -0.8097908 -0.0409026 0.0687900 0.5812346
1403636759.813555 -11.9852695 -10.2431002 11.8144131 -0.8070731 -0.0640400 0.0417543 0.5854815
1403636760.213556 -11.9958649 -10.2985716 11.7810707 -0.8215235 -0.0627668 0.0421882 0.5651368
1403636760.563555 -11.9990129 -10.3310184 11.7315025 -0.8115792 -0.0653086 0.0382740 0.5793177
1403636760.963556 -12.0114727 -10.3782425 11.6744156 -0.8131140 -0.0740686 0.0298317 0.5766017
1403636761.413555 -12.0685291 -10.4082937 11.6248951 -0.8277513 -0.0714336 0.0364175 0.5553367
1403636761.813555 -12.1359062 -10.3844309 11.6339703 -0.8110881 -0.0540121 0.0557005 0.5797553
1403636762.163555 -12.1573038 -10.3759031 11.6542683 -0.8099657 -0.0770700 0.0191230 0.5810767
1403636762.563555 -12.2221413 -10.3648872 11.6468487 -0.8249069 -0.0495820 0.0551523 0.5603824
1403636762.963556 -12.2389231 -10.3432264 11.5745325 -0.8046089 -0.0508131 0.0440258 0.5899866
1403636763.213556 -12.2152185 -10.3648911 11.5626488 -0.8024718 -0.0034696 0.0375422 0.5954979
1403636763.363555 -12.2144022 -10.3672400 11.5533104 -0.8057226 -0.0024522 0.0393289 0.5909808
1403636763.613555 -12.2142735 -10.3802662 11.5403728 -0.8064650 -0.0016796 0.0398633 0.5899341
