1311868165.063108 0.0000174 0.0000122 -0.0000019 -0.0000013 -0.0000034 0.0000040 1.0000000
1311868165.331226 0.0932446 0.0196980 -0.0200033 -0.0003945 -0.0284023 -0.0151691 0.9994814
1311868165.531124 0.1556156 0.0402284 -0.0270137 -0.0153203 -0.0430098 -0.0109208 0.9988975
1311868166.063111 0.1997288 0.0752798 -0.1040673 -0.0259998 -0.0055661 -0.0050308 0.9996338
1311868166.499195 0.2066627 0.1462833 -0.1721030 -0.0645075 0.0168399 -0.0019464 0.9977732
1311868167.331145 0.4330217 0.1531300 -0.2149797 -0.0435396 -0.0478148 -0.0382311 0.9971742
1311868168.463333 0.5599790 0.0856669 -0.1176546 -0.0454529 -0.0787745 -0.0474989 0.9947223
1311868169.063354 0.5732015 0.0120805 -0.0178920 -0.0258554 -0.1141380 -0.0565656 0.9915162
1311868169.331297 0.6003412 -0.0399323 0.0304214 -0.0085345 -0.1592866 -0.0796952 0.9839734
1311868169.763417 0.6685789 -0.1259550 0.1030439 0.0280690 -0.2270435 -0.1237148 0.9655869
1311868171.731499 1.0605888 -0.1045735 0.0681908 0.0112619 -0.2955411 -0.1529396 0.9429412
1311868171.963415 1.1212898 -0.0922175 0.0992509 -0.0022562 -0.3023051 -0.1653179 0.9387633
1311868172.763469 1.2603385 -0.0587835 0.2203733 -0.0677063 -0.2883434 -0.1870592 0.9366338
1311868172.999602 1.2686658 -0.0623443 0.2898668 -0.0873465 -0.2857023 -0.1954954 0.9340912
1311868173.331533 1.2807547 -0.1031943 0.3609496 -0.0842484 -0.2831772 -0.2038533 0.9333578
1311868173.631603 1.3017154 -0.1335554 0.4140491 -0.0855377 -0.2946098 -0.1988294 0.9307821
1311868173.799549 1.3119450 -0.1545102 0.4467330 -0.0830221 -0.3103918 -0.2027456 0.9250181
1311868174.231617 1.3789221 -0.2251921 0.5241011 -0.0509284 -0.3682285 -0.2407409 0.8965812
1311868174.467566 1.4137659 -0.2479952 0.5622000 -0.0464918 -0.3857580 -0.2482907 0.8873450
1311868174.931819 1.4230013 -0.3097906 0.6246955 -0.0288196 -0.4112830 -0.2356688 0.8800431
1311868175.167807 1.3933270 -0.3563121 0.6481191 -0.0050599 -0.4121859 -0.2320961 0.8810270
1311868175.431994 1.3639810 -0.4037148 0.6864662 0.0343587 -0.4326829 -0.2015128 0.8780647
1311868175.631778 1.3535671 -0.4287895 0.7246264 0.0480112 -0.4469867 -0.1814874 0.8746200
1311868176.531915 1.4670640 -0.5365278 0.9546831 0.0480736 -0.5228091 -0.2295265 0.8195591
1311868176.867790 1.4881222 -0.5525953 1.0232774 0.0348224 -0.5302642 -0.2345384 0.8140019
1311868177.199869 1.4706721 -0.5807614 1.0897924 0.0330664 -0.5231218 -0.2481057 0.8146740
1311868177.531751 1.4441514 -0.6017427 1.1602478 0.0300233 -0.5196713 -0.2514234 0.8159820
1311868177.799899 1.4359171 -0.6127922 1.2180272 0.0126890 -0.5244197 -0.2660598 0.8087245
1311868178.068015 1.4640255 -0.6220776 1.2798469 0.0091347 -0.5590364 -0.2869073 0.7778683
1311868178.332180 1.5046999 -0.6411961 1.3448253 0.0195340 -0.5774117 -0.3098503 0.7551205
1311868178.900038 1.6168436 -0.6339522 1.3780344 -0.0110741 -0.6075890 -0.3096130 0.7313363
1311868179.200163 1.7172542 -0.6239761 1.3595808 -0.0134493 -0.6048933 -0.3140751 0.7316284
1311868179.632001 1.8486097 -0.6107833 1.3695357 -0.0382921 -0.5824072 -0.3235790 0.7447363
1311868180.168096 1.9677999 -0.6433859 1.4484348 -0.0468528 -0.5961137 -0.3391613 0.7262388
1311868180.600047 2.0411110 -0.6562454 1.5267758 -0.0661804 -0.6155774 -0.3511367 0.7024156
1311868181.800057 1.9685994 -0.7175872 1.6497244 -0.0668900 -0.5983356 -0.3459560 0.7196074
1311868182.200278 1.8405024 -0.7494974 1.6742308 -0.0603702 -0.5957996 -0.3396510 0.7252693
1311868182.568033 1.7305865 -0.7814876 1.7124660 -0.0552116 -0.5987611 -0.3317020 0.7269186
1311868182.868215 1.6319344 -0.8303922 1.7594782 -0.0304468 -0.6368991 -0.3234431 0.6991546
1311868183.200276 1.5050013 -0.9129942 1.8218770 0.0004463 -0.6772573 -0.3462704 0.6491681
1311868183.568369 1.3918622 -0.9612576 1.8500209 -0.0117704 -0.7161105 -0.3605334 0.5975475
1311868183.868506 1.2972447 -0.9889974 1.8701928 -0.0287375 -0.7213135 -0.3595431 0.5912781
1311868184.200464 1.1861165 -1.0338142 1.8735447 -0.0134912 -0.7213830 -0.3454267 0.6000875
1311868184.536326 1.0952530 -1.0552260 1.9000912 -0.0081163 -0.7277494 -0.3391729 0.5960509
1311868184.836324 1.0033629 -1.0966886 1.9345368 0.0031255 -0.7604154 -0.3376142 0.5547751
1311868185.136538 0.9233167 -1.1360220 1.9666368 0.0213619 -0.7793047 -0.3458139 0.5221500
1311868185.468575 0.8354525 -1.1574090 1.9919832 0.0265377 -0.7899315 -0.3259560 0.5187067
1311868185.736700 0.7861680 -1.1723634 2.0013623 0.0494544 -0.7889896 -0.3061004 0.5304264
1311868186.068672 0.7315303 -1.1706712 2.0280163 0.0391007 -0.8019787 -0.3073452 0.5107252
1311868186.400544 0.6883582 -1.1748594 2.0804710 -0.0302087 0.8292689 0.3375583 -0.4443590
1311868186.900515 0.7163667 -1.1792297 2.1513937 -0.0077725 0.8410017 0.3596974 -0.4040712
1311868187.268822 0.7990988 -1.1896143 2.1960192 -0.0012215 0.8290978 0.3709489 -0.4183208
1311868187.600502 0.8447723 -1.2081947 2.2516708 -0.0002317 0.8132035 0.3903152 -0.4316874
1311868187.968459 0.8566065 -1.2272305 2.3305616 -0.0007257 0.8208398 0.3939752 -0.4135275
1311868188.268577 0.8334022 -1.2353432 2.4444022 0.0092211 0.8321528 0.4122424 -0.3708003
1311868188.537539 0.8305670 -1.2228540 2.5150785 0.0172928 0.8270944 0.4393571 -0.3501160
1311868188.936521 0.9177670 -1.2304561 2.5938630 0.0454506 0.8212228 0.4544840 -0.3420112
1311868189.238292 1.0071893 -1.2400383 2.6499596 0.0571375 0.8068804 0.4706343 -0.3523957
1311868189.736593 1.0913515 -1.2677691 2.7378445 0.0648836 0.7907912 0.4933676 -0.3564096
1311868190.268616 1.0794166 -1.3286686 2.8882778 0.0631584 0.7870800 0.4897487 -0.3696785
1311868191.102905 1.0566700 -1.3863479 3.0271573 0.0678913 0.7854959 0.4859147 -0.3771920
1311868192.504708 0.9289556 -1.4130449 2.9987569 0.0537585 0.7795655 0.4805349 -0.3980878
1311868193.172573 0.8555614 -1.4196774 2.9076428 0.0458132 0.7977356 0.4708126 -0.3739714
1311868193.640297 0.7986355 -1.4593780 2.8750165 0.0342043 0.8152415 0.4817011 -0.3196488
1311868194.071381 0.7632563 -1.5005449 2.8541389 0.0227547 0.8289056 0.4659072 -0.3087524
1311868194.710055 0.7318182 -1.5519350 2.8225398 0.0173698 0.8346816 0.4539062 -0.3114066
1311868195.441781 0.6921455 -1.6038581 2.8960485 0.0164885 0.8419423 0.4366496 -0.3165414
1311868195.837123 0.6815670 -1.6078789 2.9860003 0.0115617 0.8278128 0.4516234 -0.3326088
1311868196.269144 0.7305368 -1.6075187 3.0592825 0.0267165 0.8095999 0.4589230 -0.3649985
1311868196.869030 0.7915013 -1.6129544 3.1577425 0.0672758 0.7813321 0.4656117 -0.4101218
1311868197.269183 0.7667110 -1.6383984 3.2542698 0.0595768 0.7851068 0.4789391 -0.3881691
1311868197.737277 0.7146328 -1.6599883 3.3675494 0.0607547 0.7854270 0.5071040 -0.3496552
1311868198.469161 0.6315030 -1.6554921 3.4486957 0.0792441 0.7742884 0.5150675 -0.3590311
1311868199.637203 0.4531696 -1.6396134 3.4421792 0.0772065 0.7898703 0.5278167 -0.3025783
1311868200.237169 0.3384889 -1.6711135 3.4885964 0.0567022 0.8077195 0.5404229 -0.2287293
1311868200.673455 0.2564642 -1.6979007 3.5569024 0.0536870 0.8083163 0.5519549 -0.1977076
1311868202.073300 0.1115806 -1.7028711 3.6029792 0.0522756 0.8097904 0.5584590 -0.1721345
1311868202.737342 -0.0053959 -1.7130830 3.6200054 0.0345988 0.8046967 0.5739801 -0.1476922
1311868203.137538 -0.0510659 -1.7264211 3.6025834 0.0346075 0.8217555 0.5533314 -0.1316986
1311868203.505522 -0.0730567 -1.7687554 3.5395520 0.0307740 0.8387514 0.5364092 -0.0883980
1311868203.873636 -0.1215901 -1.8114202 3.4822745 0.0268171 0.8345131 0.5487122 -0.0422321
1311868204.205500 -0.1895181 -1.8535635 3.4115293 0.0207275 0.8403769 0.5412236 -0.0203476
1311868204.573698 -0.2594951 -1.8949355 3.3587985 0.0140723 0.8326356 0.5535811 0.0082384
1311868204.873553 -0.2969427 -1.9339734 3.3360095 0.0164051 0.8321588 0.5540532 0.0163582
1311868205.173557 -0.3406492 -1.9823821 3.2964578 0.0112775 0.8386325 0.5445082 0.0089010
1311868205.537722 -0.3632760 -2.0244412 3.2650909 0.0142128 0.8564056 0.5158526 0.0162353
1311868206.005629 -0.3780595 -2.0545044 3.2385235 0.0134684 0.8743214 0.4851557 0.0021749
1311868206.337745 -0.3909437 -2.0752001 3.2071157 0.0104679 0.8852821 0.4646260 -0.0169921
1311868207.037758 -0.4244849 -1.9840760 3.2524505 -0.0114489 0.8719696 0.4891443 0.0166074
1311868207.737830 -0.5517505 -1.9201500 3.3382583 -0.0068764 0.8629973 0.5030292 0.0463675
1311868208.073670 -0.6026775 -1.8903067 3.3811204 -0.0127506 0.8579437 0.5120841 0.0392421
1311868208.473867 -0.6515118 -1.8585466 3.4454541 -0.0189315 0.8490095 0.5262882 0.0429566
1311868208.837756 -0.7094793 -1.8253764 3.4872966 -0.0082661 0.8384903 0.5430936 0.0437602
1311868209.441953 -0.7513369 -1.7204518 3.5080059 -0.0000496 0.8217814 0.5688547 0.0328576
1311868210.573923 -0.8117876 -1.6012403 3.4639916 0.0020568 0.8215544 0.5670094 0.0595358
1311868211.342241 -0.9262730 -1.5949202 3.4467182 -0.0112804 0.8194134 0.5628901 0.1076530
1311868211.806164 -1.0520167 -1.5891200 3.4581952 -0.0201887 0.8157268 0.5647894 0.1232684
1311868212.542167 -1.1848388 -1.5864387 3.4652750 -0.0178495 0.8143137 0.5693136 0.1116087
1311868213.274014 -1.2475734 -1.5681865 3.3930047 -0.0231057 0.8203965 0.5596043 0.1151465
1311868213.874145 -1.3046323 -1.5372280 3.3161745 -0.0260885 0.8202467 0.5534184 0.1422770
1311868214.542302 -1.3486667 -1.5232466 3.2633762 -0.0094988 0.8211548 0.5427041 0.1763145
1311868214.974404 -1.3986932 -1.5128694 3.2130520 -0.0176857 0.8152826 0.5286276 0.2356995
1311868215.406376 -1.4284939 -1.5182306 3.1553564 -0.0401304 0.8107859 0.5162148 0.2730166
1311868216.074212 -1.4125377 -1.5728469 3.0439467 -0.0376010 0.8055577 0.4989354 0.3173744
1311868216.442339 -1.4169178 -1.6027687 2.9840541 -0.0286496 0.8055229 0.4946479 0.3250164
1311868216.842459 -1.4347334 -1.6325772 2.9206443 -0.0132835 0.8126519 0.4839691 0.3243367
1311868217.174613 -1.4415078 -1.6553419 2.8837094 -0.0199924 0.8176875 0.4812036 0.3153261
1311868218.710423 -1.4519224 -1.5956757 2.8896480 0.0008283 0.8289583 0.4584435 0.3204013
1311868219.074699 -1.5021269 -1.5511925 2.9018743 -0.0196013 0.8261685 0.4497593 0.3387890
1311868219.474442 -1.5476624 -1.4520264 2.9421661 -0.0019963 0.8167791 0.4594828 0.3489176
1311868219.910641 -1.5755935 -1.3721292 2.9809430 0.0149048 0.7969025 0.4724828 0.3761438
1311868220.310675 -1.5953317 -1.3120803 3.0347335 0.0188372 0.7773488 0.4889871 0.3953046
1311868220.710604 -1.6297793 -1.2665498 3.0786026 -0.0043441 0.7605923 0.5054768 0.4073987
1311868221.474658 -1.7005060 -1.2373466 3.1004760 -0.0137196 0.7524626 0.5104777 0.4159620
1311868222.810880 -1.7754326 -1.1983792 3.0101037 -0.0152205 0.7410182 0.5211902 0.4231090
1311868223.842828 -1.8267624 -1.1625955 2.9166441 -0.0103657 0.7301692 0.5136465 0.4504584
1311868224.342895 -1.8802261 -1.1398318 2.8678300 -0.0034770 0.7245061 0.5041672 0.4699939
1311868224.674856 -1.9342654 -1.1218647 2.8191967 -0.0092550 0.7195212 0.4963902 0.4855928
1311868225.012002 -1.9849517 -1.1001306 2.7704475 -0.0168821 0.7166021 0.4912854 0.4948081
1311868225.410917 -2.0371797 -1.0854750 2.7362168 -0.0175142 0.7124747 0.4864622 0.5053985
1311868225.943096 -2.0903635 -1.0650547 2.7066758 -0.0135391 0.6999848 0.4842963 0.5246857
1311868226.345151 -2.1188371 -1.0482242 2.6762929 -0.0187454 0.7035125 0.4780709 0.5255159
1311868226.711126 -2.1331356 -1.0261950 2.6057458 -0.0150734 0.7050633 0.4842047 0.5178844
1311868227.047092 -2.1328030 -1.0030313 2.5119281 -0.0101962 0.6981542 0.4795361 0.5315279
1311868227.446682 -2.1258376 -0.9729932 2.4148171 -0.0010387 0.6948746 0.4692758 0.5449114
1311868227.813722 -2.1290538 -0.9521874 2.3544166 0.0018441 0.6750475 0.4590113 0.5775951
1311868228.214746 -2.1590853 -0.9208210 2.2828004 -0.0063824 0.6455380 0.4371933 0.6261805
1311868228.579592 -2.2074227 -0.8962460 2.2186816 -0.0130155 0.6328271 0.4223210 0.6488493
1311868228.979108 -2.2509191 -0.8701316 2.1480458 -0.0235499 0.6264691 0.4156094 0.6589770
1311868229.350313 -2.2412634 -0.8652563 2.0896745 -0.0188155 0.6294848 0.4234871 0.6511939
1311868229.782489 -2.1493287 -0.8856444 2.0119233 -0.0285812 0.6171973 0.4380547 0.6529614
1311868230.180570 -2.0489821 -0.9208832 1.9439304 -0.0254497 0.6200801 0.4440262 0.6462923
1311868230.582035 -1.9697204 -0.9433541 1.8692496 -0.0130506 0.6147096 0.4712287 0.6323806
1311868230.743239 -1.9371758 -0.9550111 1.8298512 -0.0011016 0.6234948 0.4621752 0.6305926
1311868231.083967 -1.8873982 -0.9603940 1.7635009 -0.0255092 0.6313708 0.4390364 0.6387232
1311868231.582970 -1.8034120 -0.9949081 1.6871959 -0.0789525 0.6165657 0.4474050 0.6429946
1311868232.084470 -1.7103587 -1.0664284 1.6625409 -0.0972839 0.6128114 0.4457944 0.6451862
1311868232.611461 -1.6150701 -1.1337185 1.6528733 -0.0977575 0.6203824 0.4549313 0.6313530
1311868234.211483 -1.7364082 -1.0620209 1.5797058 -0.0626440 0.6076914 0.4033010 0.6812747
1311868234.579412 -1.8311391 -1.0174735 1.5438570 -0.0639507 0.6013560 0.3728253 0.7037631
1311868235.043680 -1.9369342 -0.9412315 1.5032878 -0.0668766 0.5941900 0.3716547 0.7101680
1311868235.479571 -2.0025637 -0.8612763 1.4581145 -0.0571940 0.5934444 0.3808444 0.7067603
1311868235.943694 -2.0276325 -0.7776200 1.4189103 -0.0536455 0.5993819 0.3726250 0.7064093
1311868236.379539 -2.0226424 -0.6977010 1.3748550 -0.0512572 0.5733956 0.3681590 0.7301021
1311868236.811656 -2.0202298 -0.6324832 1.3422834 -0.0325708 0.5602095 0.3590016 0.7458031
1311868237.179506 -2.0326734 -0.5682811 1.3155577 -0.0170239 0.5388817 0.3633020 0.7598212
1311868237.511663 -2.0470762 -0.5075411 1.2465518 -0.0155444 0.5207946 0.3494371 0.7787330
1311868237.847748 -2.0700068 -0.4511644 1.1621830 -0.0311912 0.4970583 0.3236417 0.8044975
1311868238.179768 -2.0904388 -0.3913531 1.0921825 -0.0342393 0.4772592 0.3273622 0.8147916
1311868238.679756 -2.0713944 -0.3365468 1.0251245 -0.0354416 0.4694535 0.3285853 0.8187729
1311868239.011813 -2.0333908 -0.2933397 0.9861186 -0.0412450 0.4654331 0.3460508 0.8135845
1311868239.311701 -2.0057211 -0.2654723 0.9555237 -0.0341623 0.4464715 0.3272922 0.8320913
1311868239.611936 -1.9785566 -0.2360066 0.9380515 -0.0372436 0.4253033 0.3221415 0.8449585
1311868239.947914 -1.9631752 -0.1986086 0.9036603 -0.0406647 0.3931825 0.3113710 0.8641770
1311868240.247823 -1.9569705 -0.1514909 0.8270125 -0.0488235 0.3757389 0.2948716 0.8772042
1311868240.547745 -1.9634777 -0.1074769 0.7611392 -0.0714257 0.3691451 0.2686459 0.8868256
1311868241.011989 -1.9647142 -0.0723137 0.7079390 -0.0825344 0.3623318 0.2902129 0.8818618
1311868241.447810 -1.8846157 -0.1503275 0.6749858 -0.0815231 0.3648094 0.2937210 0.8797705
1311868241.779865 -1.8121566 -0.2093230 0.6470662 -0.0713691 0.3539860 0.3013846 0.8824781
1311868242.111944 -1.7538161 -0.2487248 0.6020477 -0.0744380 0.3333974 0.2661348 0.9013752
1311868242.511969 -1.7159370 -0.2535599 0.5487530 -0.0705100 0.3020813 0.2343100 0.9213436
1311868242.948092 -1.6829625 -0.2400759 0.5206256 -0.0589094 0.3003809 0.2236930 0.9253445
1311868243.312010 -1.6468842 -0.2215800 0.4917954 -0.0455534 0.3011650 0.2338337 0.9233344
1311868243.648052 -1.6166698 -0.1897760 0.4359815 -0.0502332 0.2719997 0.2018845 0.9395400
1311868244.012101 -1.5735660 -0.1352650 0.3541151 -0.0730325 0.2302095 0.1795224 0.9536464
1311868244.412124 -1.5502439 -0.0574234 0.2976238 -0.0695436 0.1977008 0.1555282 0.9653440
1311868244.812104 -1.5171520 0.0119162 0.2559271 -0.0715602 0.2060115 0.1645346 0.9619598
1311868245.179920 -1.4510497 0.0620367 0.2511451 -0.0843732 0.2243918 0.1570050 0.9580600
1311868245.512280 -1.3812795 0.0791179 0.2276942 -0.0634379 0.1926340 0.1524177 0.9672831
1311868245.916227 -1.3019334 0.1389386 0.1891729 -0.0670905 0.1694351 0.1737322 0.9677849
1311868246.280157 -1.2568076 0.1941005 0.1253152 -0.0902353 0.1485152 0.1531077 0.9728098
1311868246.616068 -1.2425390 0.2443315 0.0549427 -0.1021847 0.1465023 0.1483360 0.9726725
1311868247.048425 -1.2195400 0.2860629 -0.0091439 -0.1075945 0.1640367 0.1572569 0.9678769
1311868247.816205 -1.0730507 0.2078686 0.0249163 -0.1023841 0.1555480 0.1517173 0.9707235
1311868248.180377 -0.9888107 0.1552853 0.0670244 -0.0979433 0.1427822 0.1473169 0.9738163
1311868248.548298 -0.8881471 0.1166846 0.0964679 -0.1108883 0.1140915 0.1355522 0.9779123
1311868248.880380 -0.7898133 0.0711134 0.1098302 -0.1333817 0.0840643 0.1036971 0.9820333
1311868249.248249 -0.6894950 0.0376797 0.1237517 -0.1397593 0.1004158 0.0989092 0.9801025
1311868249.616312 -0.6380710 -0.0112934 0.1575979 -0.1233173 0.1070959 0.0934295 0.9821376
1311868249.980348 -0.5990164 -0.0781453 0.2210555 -0.1193322 0.1134192 0.0968107 0.9815924
1311868250.348963 -0.5765817 -0.1562324 0.2808408 -0.1085131 0.1113843 0.0988029 0.9828817
1311868250.716511 -0.5593401 -0.2218177 0.3185341 -0.1008241 0.1012410 0.0984877 0.9848273
1311868251.080543 -0.5643623 -0.2480393 0.3279566 -0.0818098 0.0950064 0.0796807 0.9889044
1311868251.516467 -0.5320966 -0.2042501 0.3062860 -0.0877500 0.0967456 0.0733890 0.9887134
1311868251.816706 -0.4848674 -0.1701439 0.2612244 -0.0863686 0.0918862 0.0671024 0.9897447
1311868252.148733 -0.4091654 -0.1394336 0.2047368 -0.0872120 0.0798547 0.0559550 0.9914063
1311868252.516633 -0.3169772 -0.0843662 0.1334114 -0.0928710 0.0609008 0.0270868 0.9934447
1311868252.848740 -0.2379451 -0.0308961 0.0867314 -0.1085328 0.0520482 0.0324751 0.9921981
1311868253.248725 -0.1529821 0.0084632 0.0707454 -0.1155333 0.0537561 0.0438842 0.9908766
1311868254.984826 0.2832357 0.1105655 0.0467952 -0.1528752 -0.0526749 -0.0063413 0.9868203
1311868255.649271 0.3870775 0.1398094 0.0256835 -0.1507825 -0.0702638 -0.0045003 0.9860564
1311868256.348901 0.5436368 0.0935797 0.0946325 -0.1523713 -0.0820823 -0.0333368 0.9843445
1311868256.916906 0.6689786 0.0368798 0.1519389 -0.1299888 -0.1133198 -0.0419395 0.9841253
1311868257.549492 0.8034186 -0.0495401 0.2038713 -0.1352949 -0.1684136 -0.0979629 0.9714605
1311868258.185124 0.8627703 -0.1585860 0.2592673 -0.1481421 -0.2355416 -0.1423012 0.9499076
1311868258.817013 0.8603119 -0.3130683 0.3814344 -0.1424241 -0.2434020 -0.1447068 0.9484360
1311868259.449140 0.9049282 -0.4203679 0.5079594 -0.1105788 -0.2792574 -0.1893456 0.9348454
1311868260.149117 0.9831800 -0.4375173 0.5780343 -0.0945706 -0.2948987 -0.2033232 0.9288439
