1311868164.363181 -0.0000137 0.0000130 -0.0000091 -0.0000020 -0.0000102 -0.0000240 1.0000000
1311868164.863058 0.0587134 -0.0014157 -0.0450458 0.0065712 -0.0044273 -0.0148072 0.9998590
1311868165.099162 0.1243783 -0.0001408 -0.0588979 0.0098205 -0.0191889 -0.0228171 0.9995072
1311868165.331226 0.2083709 0.0176337 -0.0737886 0.0099477 -0.0435676 -0.0351670 0.9983818
1311868165.999133 0.3209843 0.0622278 -0.1379039 -0.0108443 -0.0272061 -0.0330395 0.9990249
1311868166.031204 0.3229815 0.0674385 -0.1428857 -0.0120587 -0.0242407 -0.0299300 0.9991853
1311868166.263177 0.3165942 0.1079488 -0.1861190 -0.0332536 -0.0100375 -0.0240168 0.9991079
1311868167.063209 0.4633767 0.1490530 -0.2528908 -0.0387462 -0.0266351 -0.0378523 0.9981766
1311868167.631495 0.6305882 0.1364236 -0.2516176 -0.0338499 -0.0787399 -0.0632705 0.9943093
1311868168.863325 0.6796235 0.0217179 -0.0877489 -0.0269827 -0.1099741 -0.0653512 0.9914166
1311868169.263274 0.7055041 -0.0466271 -0.0200713 -0.0036881 -0.1615819 -0.0930376 0.9824570
1311868169.599378 0.7456217 -0.1264573 0.0423749 0.0268921 -0.2167855 -0.1352725 0.9664276
1311868170.063469 0.8195480 -0.1867474 0.0867662 0.0391439 -0.2502965 -0.1285892 0.9587931
1311868171.099448 1.0143704 -0.1544130 0.0041830 0.0236285 -0.2703362 -0.1344742 0.9530355
1311868171.899575 1.2107155 -0.1374324 0.0665261 0.0093872 -0.3122342 -0.1844295 0.9318838
1311868172.663612 1.3537680 -0.1145593 0.1777713 -0.0449141 -0.3055368 -0.2106570 0.9274986
1311868173.631603 1.3972325 -0.1899058 0.3957434 -0.0775209 -0.3055496 -0.2218923 0.9227101
1311868174.067656 1.4395509 -0.2609020 0.4728767 -0.0522653 -0.3633386 -0.2547645 0.8946220
1311868174.767680 1.5109168 -0.3492478 0.5895808 -0.0370975 -0.4180670 -0.2642094 0.8683531
1311868175.231818 1.4595419 -0.4401106 0.6370434 0.0223334 -0.4258889 -0.2530184 0.8683903
1311868175.699784 1.4237491 -0.5112844 0.7164392 0.0582187 -0.4630654 -0.2021538 0.8609964
1311868176.032043 1.4452333 -0.5590746 0.7823956 0.0729106 -0.4997557 -0.2076397 0.8377434
1311868176.367752 1.5006794 -0.6065782 0.8789314 0.0683881 -0.5301610 -0.2435607 0.8092778
1311868176.631719 1.5353918 -0.6175701 0.9569654 0.0453607 -0.5360841 -0.2570248 0.8028042
1311868177.199869 1.5235257 -0.6614535 1.0655540 0.0356397 -0.5334235 -0.2703855 0.8006753
1311868177.731996 1.4844850 -0.6923082 1.1821785 0.0208217 -0.5291469 -0.2871304 0.7982018
1311868178.167955 1.5199705 -0.7184954 1.2797649 0.0105494 -0.5809409 -0.3221579 0.7474026
1311868178.500102 1.5701617 -0.7300847 1.3460711 0.0040926 -0.6016155 -0.3351462 0.7250648
1311868179.132026 1.7380614 -0.7227585 1.3446339 -0.0183318 -0.6118389 -0.3301221 0.7185656
1311868179.899932 1.9534599 -0.7278379 1.3880500 -0.0399195 -0.5872821 -0.3517896 0.7278395
1311868180.932135 2.0995116 -0.7948059 1.5615267 -0.0659017 -0.6186268 -0.3701458 0.6898913
1311868182.300234 1.8406992 -0.8646464 1.6666007 -0.0580025 -0.6012159 -0.3609467 0.7105579
1311868182.700341 1.7125596 -0.9164727 1.7060833 -0.0432905 -0.6196219 -0.3470202 0.7026889
1311868183.068333 1.5753232 -0.9809189 1.7706355 -0.0164920 -0.6673780 -0.3563649 0.6537114
1311868183.368469 1.4649580 -1.0379181 1.8042283 0.0113680 -0.6977432 -0.3814889 0.6062106
1311868183.736414 1.3517001 -1.0746545 1.8294561 -0.0300992 -0.7269182 -0.3755901 0.5741220
1311868184.070267 1.2398320 -1.1110866 1.8265635 -0.0173407 -0.7222674 -0.3777521 0.5790790
1311868184.436272 1.1348360 -1.1348457 1.8422979 -0.0145783 -0.7264812 -0.3664193 0.5811622
1311868184.700710 1.0569575 -1.1519555 1.8679655 -0.0138573 -0.7500569 -0.3575765 0.5562029
1311868184.936308 0.9801803 -1.1954618 1.8946919 0.0036945 -0.7736648 -0.3576187 0.5230086
1311868185.268543 0.8867634 -1.2272948 1.9195566 -0.0143590 0.7906036 0.3613963 -0.4940975
1311868185.500443 0.8321614 -1.2408752 1.9352078 0.0250552 -0.7933983 -0.3439874 0.5015615
1311868185.668624 0.8007984 -1.2459995 1.9389746 0.0435896 -0.7936468 -0.3337650 0.5067797
1311868185.800441 0.7774507 -1.2483741 1.9446943 0.0425348 -0.7957304 -0.3180890 0.5136373
1311868185.868447 0.7703714 -1.2464851 1.9494846 0.0357336 -0.7985172 -0.3146847 0.5119246
1311868185.936471 0.7564635 -1.2462356 1.9548576 0.0319353 -0.8011388 -0.3188150 0.5054837
1311868186.068672 0.7335245 -1.2465067 1.9667530 -0.0328517 0.8066264 0.3266155 -0.4915250
1311868186.168524 0.7176406 -1.2469985 1.9814820 -0.0319896 0.8124211 0.3335648 -0.4771616
1311868186.300401 0.6972769 -1.2489557 2.0008383 -0.0254070 0.8238412 0.3460905 -0.4481758
1311868186.636497 0.6775168 -1.2513237 2.0567718 -0.0061318 0.8406761 0.3687334 -0.3965624
1311868187.136587 0.7573981 -1.2697406 2.1194205 0.0044965 0.8382446 0.3799275 -0.3911277
1311868187.400493 0.8119838 -1.2780817 2.1594329 0.0083710 0.8240072 0.4041753 -0.3969691
1311868187.868577 0.8465735 -1.3073219 2.2461042 0.0102883 0.8177875 0.4104606 -0.4032863
1311868188.169752 0.8298498 -1.3242610 2.3452606 0.0157911 0.8321341 0.4187585 -0.3632421
1311868188.400512 0.8068780 -1.3136086 2.4336460 0.0101282 0.8267708 0.4492974 -0.3383480
1311868188.703460 0.8357862 -1.3184865 2.4929652 0.0359854 0.8279375 0.4590812 -0.3201077
1311868189.000574 0.9179739 -1.3278859 2.5521293 0.0677454 0.8174216 0.4749004 -0.3189079
1311868189.536633 1.0456882 -1.3588846 2.6475954 0.0642407 0.7911900 0.5058628 -0.3376304
1311868190.568647 1.0267472 -1.4745457 2.9079416 0.0687415 0.7844820 0.5042797 -0.3543508
1311868193.838095 0.7389154 -1.5789342 2.7981753 0.0300423 0.8219854 0.4908189 -0.2872880
1311868196.208314 0.6693923 -1.7048178 2.9805722 0.0315376 0.8121397 0.4756351 -0.3364605
1311868197.237163 0.7130306 -1.7384584 3.1850991 0.0649563 0.7848988 0.4927244 -0.3700505
1311868198.337248 0.5904379 -1.7586249 3.3764625 0.0808854 0.7744716 0.5282921 -0.3384654
1311868200.305197 0.2586961 -1.7608598 3.4247794 0.0627993 0.8058779 0.5546749 -0.1973646
1311868202.405338 -0.0085228 -1.7766943 3.5306613 0.0555419 0.8001191 0.5831284 -0.1291735
1311868203.705515 -0.1641586 -1.8570971 3.4113584 0.0366016 0.8373814 0.5436253 -0.0438673
1311868205.006015 -0.3983012 -2.0187008 3.2050550 0.0221604 0.8260443 0.5611194 0.0480081
1311868207.873905 -0.6424958 -1.9506260 3.2440844 0.0005506 0.8555524 0.5134128 0.0666114
1311868209.173775 -0.7990458 -1.8200146 3.3956442 -0.0000702 0.8219982 0.5664448 0.0588158
1311868212.606112 -1.2481585 -1.6117842 3.3392477 -0.0094576 0.8084140 0.5736020 0.1317502
1311868214.342288 -1.3897099 -1.5422096 3.1579790 0.0018005 0.8151591 0.5483126 0.1867236
1311868215.642404 -1.4798787 -1.5422763 2.9850037 -0.0269054 0.8020216 0.5102150 0.3093835
1311868216.774257 -1.4844928 -1.6314392 2.7919652 -0.0010775 0.8001590 0.4895505 0.3465323
1311868219.674450 -1.6145831 -1.3970358 2.8227942 0.0231324 0.7924874 0.4734310 0.3837861
1311868220.842747 -1.6874533 -1.2523383 2.9476719 0.0105426 0.7414236 0.5127540 0.4327393
1311868224.775598 -1.9737221 -1.0896343 2.6622367 0.0018217 0.7044902 0.4940278 0.5095360
1311868227.179137 -2.1352100 -0.9598864 2.3277357 -0.0026874 0.6874213 0.4678162 0.5555112
1311868228.412437 -2.1818686 -0.8627682 2.1079984 0.0063825 0.6227158 0.4220295 0.6588440
1311868229.613429 -2.1730433 -0.8229420 1.8979337 -0.0129427 0.6049348 0.4295071 0.6703805
1311868230.343265 -1.9944021 -0.8975008 1.7654943 -0.0151842 0.6087865 0.4373272 0.6617351
1311868230.713079 -1.9140477 -0.9083111 1.6864076 0.0074161 0.6050836 0.4622099 0.6482136
1311868231.115505 -1.8607509 -0.9217107 1.6129284 -0.0121695 0.6176924 0.4314363 0.6573969
1311868231.743341 -1.7492440 -0.9718356 1.5363116 -0.0722753 0.6057012 0.4335799 0.6632577
1311868232.543326 -1.6067145 -1.0882807 1.5166597 -0.0852421 0.6044743 0.4481433 0.6530790
1311868234.643547 -1.8202111 -0.9602969 1.3981798 -0.0507200 0.5864826 0.3627879 0.7223922
1311868235.343699 -1.9516196 -0.8270578 1.3282764 -0.0474541 0.5746080 0.3717858 0.7275639
1311868235.979648 -1.9855047 -0.7068936 1.2751813 -0.0380337 0.5830768 0.3635129 0.7255572
1311868236.647654 -1.9715765 -0.5923599 1.2128253 -0.0274159 0.5476289 0.3556860 0.7568609
1311868237.547675 -1.9920019 -0.4429713 1.1007097 -0.0040196 0.5005652 0.3361114 0.7977766
1311868238.247769 -2.0245180 -0.3161319 0.9469986 -0.0210808 0.4564639 0.3158069 0.8315421
1311868239.347666 -1.9276273 -0.1960125 0.8269009 -0.0197413 0.4261442 0.3143392 0.8480579
1311868240.279833 -1.8752537 -0.0769429 0.6928954 -0.0361140 0.3564740 0.2767276 0.8916523
1311868241.479924 -1.7835702 -0.0953865 0.5489398 -0.0681200 0.3466598 0.2802082 0.8925637
1311868241.979902 -1.6876769 -0.1745811 0.5065497 -0.0595256 0.3330215 0.2581479 0.9049382
1311868242.812042 -1.5977010 -0.1798689 0.4113227 -0.0453845 0.2757880 0.2100474 0.9368892
1311868243.680036 -1.5134566 -0.1252217 0.3125367 -0.0407483 0.2477780 0.1819354 0.9507077
1311868244.248025 -1.4485301 -0.0375898 0.2082238 -0.0500747 0.1956273 0.1450079 0.9686047
1311868244.848096 -1.3958151 0.0801249 0.1522393 -0.0597455 0.1919264 0.1475121 0.9684188
1311868245.780177 -1.2088331 0.1655240 0.1071818 -0.0520477 0.1686805 0.1509955 0.9726450
1311868246.480362 -1.1163157 0.2708720 -0.0068188 -0.0861028 0.1276526 0.1284441 0.9796904
1311868248.216356 -0.8564414 0.1922907 -0.0127174 -0.0860668 0.1243865 0.1301548 0.9798879
1311868248.948257 -0.6584623 0.1009304 0.0366503 -0.1224317 0.0725452 0.0815940 0.9864533
1311868249.316586 -0.5633038 0.0584558 0.0559983 -0.1273252 0.0859644 0.0773935 0.9850932
1311868250.080466 -0.4806536 -0.0855947 0.1639726 -0.1062680 0.1020276 0.0750938 0.9862345
1311868251.248388 -0.4551651 -0.2225023 0.2469939 -0.0738906 0.0816071 0.0561375 0.9923351
1311868252.380676 -0.2447335 -0.0943778 0.0908596 -0.0744847 0.0589358 0.0037006 0.9954722
1311868253.016742 -0.0909189 -0.0045771 0.0185746 -0.1007861 0.0369265 0.0174295 0.9940698
1311868253.748837 0.0820632 0.0203563 0.0356551 -0.1040268 0.0345218 0.0245681 0.9936715
1311868254.748845 0.3446726 0.0741535 0.0166511 -0.1353135 -0.0514774 -0.0272585 0.9890891
1311868255.285013 0.4574137 0.1180523 -0.0140022 -0.1442374 -0.0790185 -0.0327863 0.9858381
1311868256.084847 0.5948185 0.1024418 0.0245127 -0.1476187 -0.0894021 -0.0381148 0.9842577
1311868256.616929 0.7187507 0.0415911 0.0851781 -0.1275768 -0.1056880 -0.0529713 0.9847580
1311868257.149165 0.8228977 -0.0220261 0.1424440 -0.1163690 -0.1471145 -0.0864623 0.9784374
1311868257.617970 0.9183431 -0.0949752 0.1750992 -0.1226610 -0.1845711 -0.1297409 0.9664652
1311868257.985217 0.9571947 -0.1549799 0.1972888 -0.1203686 -0.2088850 -0.1560569 0.9578751
1311868258.251845 0.9643747 -0.2113763 0.2367101 -0.1411625 -0.2432628 -0.1708653 0.9442994
1311868258.517262 0.9579068 -0.2817925 0.2896006 -0.1409365 -0.2351719 -0.1898088 0.9427639
1311868258.817013 0.9509963 -0.3534889 0.3430868 -0.1342900 -0.2540233 -0.1681448 0.9429559
1311868259.449140 0.9889926 -0.4657730 0.4707492 -0.1024155 -0.2906551 -0.2125857 0.9272745
1311868260.085277 1.0597632 -0.4907324 0.5395907 -0.0856290 -0.3074196 -0.2258881 0.9203996
