1403638523.977829456 -0.06462 -0.03787 -0.08321 0.82760 0.03055 0.56022 -0.01720
1403638524.077829599 -0.07220 -0.04247 -0.09882 0.83164 0.03919 0.55382 -0.01119
1403638524.177829504 -0.06759 -0.04396 -0.06972 0.83699 0.04359 0.54535 -0.01168
1403638524.277829409 -0.05396 -0.04116 0.00495 0.83916 0.04353 0.54186 -0.01710
1403638524.377829552 -0.04690 -0.03869 0.08273 0.83735 0.04116 0.54450 -0.02583
1403638524.477829456 -0.04415 -0.03658 0.13990 0.83115 0.03892 0.55374 -0.03226
1403638524.577829599 -0.03787 -0.03434 0.19784 0.82249 0.03732 0.56648 -0.03489
1403638524.677829504 -0.03294 -0.03132 0.24869 0.81608 0.03164 0.57628 -0.03039
1403638524.777829409 -0.02462 -0.02537 0.28762 0.81223 0.02634 0.58249 -0.01721
1403638524.877829552 -0.02856 -0.01938 0.30711 0.81072 0.02334 0.58483 -0.01297
1403638524.977829456 -0.02041 -0.01691 0.31878 0.80927 0.02546 0.58657 -0.01920
1403638525.077829599 -0.01733 -0.01048 0.30691 0.80669 0.02883 0.59003 -0.01667
1403638525.177829504 -0.01943 -0.01546 0.27086 0.80538 0.03331 0.59165 -0.01413
1403638525.277829409 -0.01914 -0.01696 0.22346 0.80821 0.03814 0.58749 -0.01409
1403638525.377829552 -0.01929 -0.01829 0.17044 0.81728 0.04277 0.57442 -0.01653
1403638525.477829456 -0.02193 -0.01902 0.11760 0.82964 0.04420 0.55599 -0.02498
1403638525.577829599 -0.02552 -0.02128 0.06848 0.83878 0.04324 0.54187 -0.03107
1403638525.677829504 -0.02721 -0.02255 0.02795 0.84177 0.03969 0.53746 -0.03150
1403638525.777829409 -0.02602 -0.02366 -0.00373 0.84026 0.03340 0.54043 -0.02807
1403638525.877829552 -0.02271 -0.02620 -0.02794 0.83670 0.02891 0.54650 -0.02071
1403638525.977829456 -0.02451 -0.03528 -0.04237 0.83532 0.02735 0.54895 -0.01172
1403638526.077829599 -0.02636 -0.05492 -0.04274 0.83701 0.02465 0.54659 -0.00666
1403638526.177829504 -0.02863 -0.08412 -0.03374 0.83934 0.01499 0.54338 -0.00418
1403638526.277829409 -0.03244 -0.12011 -0.01950 0.83833 0.00557 0.54513 -0.00008
1403638526.377829552 -0.03870 -0.16070 -0.00421 0.83410 -0.00325 0.55160 0.00289
1403638526.477829456 -0.04723 -0.20551 0.00928 0.82885 -0.01425 0.55927 0.00458
1403638526.577829599 -0.05731 -0.25698 0.01929 0.82335 -0.02532 0.56693 0.00649
1403638526.677829504 -0.06971 -0.31533 0.02684 0.81803 -0.03379 0.57407 0.01146
1403638526.777829409 -0.08582 -0.37857 0.03265 0.81481 -0.03947 0.57802 0.02049
1403638526.877829552 -0.10360 -0.44126 0.03641 0.81398 -0.04296 0.57857 0.02901
1403638526.977829456 -0.12142 -0.50120 0.03935 0.81690 -0.04970 0.57364 0.03369
1403638527.077829599 -0.13697 -0.55931 0.04295 0.82104 -0.06317 0.56583 0.04166
1403638527.177829504 -0.14940 -0.60964 0.04841 0.82233 -0.07868 0.56133 0.04990
1403638527.277829409 -0.15657 -0.64934 0.05518 0.81895 -0.09259 0.56295 0.06191
1403638527.377829552 -0.15727 -0.67234 0.06116 0.81351 -0.10132 0.56735 0.07781
1403638527.477829456 -0.15260 -0.67457 0.06377 0.80970 -0.10577 0.57040 0.08855
1403638527.577829599 -0.14047 -0.65496 0.06226 0.80900 -0.10710 0.57062 0.09181
1403638527.677829504 -0.12479 -0.62043 0.05956 0.80967 -0.10357 0.57062 0.09005
1403638527.777829409 -0.10337 -0.57532 0.05709 0.81140 -0.09628 0.57030 0.08432
1403638527.877829552 -0.08018 -0.52381 0.05668 0.81487 -0.09143 0.56809 0.07002
1403638527.977829456 -0.05588 -0.46714 0.05783 0.81598 -0.08639 0.56848 0.05949
1403638528.077829599 -0.03610 -0.40890 0.05750 0.81497 -0.07882 0.57170 0.05258
1403638528.177829504 -0.01964 -0.35392 0.05405 0.81561 -0.06982 0.57278 0.04278
1403638528.277829409 0.00320 -0.30618 0.04873 0.81736 -0.05908 0.57230 0.03005
1403638528.377829552 0.03978 -0.26765 0.04247 0.81721 -0.05072 0.57366 0.02265
1403638528.477829456 0.06508 -0.24584 0.03697 0.81647 -0.04711 0.57497 0.02397
1403638528.577829599 0.09526 -0.23559 0.03595 0.81822 -0.05114 0.57209 0.02476
1403638528.677829504 0.13472 -0.22353 0.02861 0.81928 -0.05834 0.56995 0.02305
1403638528.777829409 0.15882 -0.21182 0.03794 0.81826 -0.06304 0.57072 0.02764
1403638528.877829552 0.18245 -0.20975 0.02921 0.81712 -0.07014 0.57171 0.02339
1403638528.977829456 0.17823 -0.20816 0.03767 0.81679 -0.07647 0.57162 0.01613
1403638529.077829599 0.17063 -0.18962 0.05323 0.81771 -0.07735 0.57016 0.01665
1403638529.177829504 0.13791 -0.18459 0.06462 0.81879 -0.06994 0.56887 0.03275
1403638529.277829409 0.10392 -0.15354 0.05580 0.82087 -0.06341 0.56592 0.04350
1403638529.377829552 0.06787 -0.13453 0.04310 0.82627 -0.05866 0.55826 0.04671
1403638529.477829456 0.03538 -0.11975 0.01449 0.83647 -0.05590 0.54335 0.04429
1403638529.577829599 0.00950 -0.09485 -0.00819 0.84680 -0.05291 0.52766 0.04125
1403638529.677829504 -0.00498 -0.08160 -0.03437 0.85083 -0.04965 0.52141 0.04194
1403638529.777829409 -0.01401 -0.08389 -0.04775 0.84742 -0.04851 0.52712 0.04091
1403638529.877829552 -0.02026 -0.05750 -0.06722 0.84108 -0.04911 0.53723 0.03934
1403638529.977829456 -0.02014 -0.05698 -0.08763 0.83860 -0.04900 0.54116 0.03866
1403638530.077829599 -0.00884 -0.06282 -0.09448 0.84014 -0.04936 0.53872 0.03894
1403638530.177829504 0.00503 -0.06539 -0.10238 0.84183 -0.05374 0.53558 0.03984
1403638530.277829409 0.02124 -0.06820 -0.11168 0.84135 -0.05960 0.53556 0.04181
1403638530.377829552 0.03542 -0.07447 -0.12087 0.84062 -0.06469 0.53593 0.04423
1403638530.477829456 0.04802 -0.08072 -0.12700 0.84029 -0.06851 0.53595 0.04447
1403638530.577829599 0.05719 -0.08775 -0.13147 0.84021 -0.07184 0.53570 0.04376
1403638530.677829504 0.06189 -0.09281 -0.13653 0.84312 -0.07409 0.53070 0.04484
1403638530.777829409 0.06470 -0.09576 -0.14135 0.84642 -0.07576 0.52519 0.04495
1403638530.877829552 0.06678 -0.09826 -0.14524 0.84706 -0.07523 0.52438 0.04313
1403638530.977829456 0.07518 -0.10912 -0.14646 0.84487 -0.07521 0.52798 0.04198
1403638531.077829599 0.06593 -0.10157 -0.15317 0.84153 -0.07383 0.53342 0.04287
1403638531.177829504 0.06367 -0.09250 -0.14657 0.83946 -0.07179 0.53688 0.04370
1403638531.277829409 0.06634 -0.09783 -0.14929 0.83840 -0.07046 0.53848 0.04652
1403638531.377829552 0.05798 -0.07849 -0.14690 0.83711 -0.07078 0.54043 0.04665
1403638531.477829456 0.05622 -0.08084 -0.14258 0.83602 -0.07115 0.54205 0.04683
1403638531.577829599 0.05372 -0.07783 -0.14075 0.83639 -0.07012 0.54156 0.04744
1403638531.677829504 0.04673 -0.06908 -0.13952 0.83644 -0.07080 0.54144 0.04687
1403638531.777829409 0.04914 -0.06679 -0.13349 0.83640 -0.07090 0.54146 0.04722
1403638531.877829552 0.04502 -0.06698 -0.12760 0.83642 -0.07083 0.54141 0.04748
1403638531.977829456 0.04573 -0.07078 -0.13677 0.83643 -0.07082 0.54138 0.04772
1403638532.077829599 0.04556 -0.06525 -0.13614 0.83641 -0.07067 0.54141 0.04789
1403638532.177829504 0.04518 -0.06398 -0.13612 0.83641 -0.07074 0.54141 0.04786
1403638532.277829409 0.04452 -0.06280 -0.13687 0.83640 -0.07090 0.54141 0.04776
1403638532.377829552 0.04422 -0.06144 -0.13840 0.83638 -0.07091 0.54146 0.04767
1403638532.477829456 0.04399 -0.05959 -0.13935 0.83635 -0.07094 0.54150 0.04762
1403638532.577829599 0.04345 -0.05803 -0.14005 0.83633 -0.07095 0.54152 0.04770
1403638532.677829504 0.04299 -0.05647 -0.14070 0.83632 -0.07094 0.54153 0.04774
1403638532.777829409 0.04240 -0.05480 -0.14133 0.83633 -0.07081 0.54152 0.04784
1403638532.877829552 0.04335 -0.05408 -0.14574 0.83632 -0.07086 0.54153 0.04798
1403638532.977829456 0.04119 -0.05133 -0.14195 0.83629 -0.07087 0.54157 0.04798
1403638533.077829599 0.04046 -0.04954 -0.14209 0.83626 -0.07090 0.54160 0.04802
1403638533.177829504 0.03977 -0.04774 -0.14212 0.83622 -0.07096 0.54166 0.04804
1403638533.277829409 0.03899 -0.04592 -0.14207 0.83619 -0.07098 0.54171 0.04804
1403638533.377829552 0.03802 -0.04398 -0.14151 0.83616 -0.07095 0.54175 0.04811
1403638533.477829456 0.03723 -0.04213 -0.14128 0.83614 -0.07098 0.54176 0.04815
1403638533.577829599 0.03637 -0.04024 -0.14107 0.83613 -0.07104 0.54178 0.04817
1403638533.677829504 0.03557 -0.03838 -0.14077 0.83611 -0.07111 0.54180 0.04814
1403638533.777829409 0.03474 -0.03652 -0.14047 0.83608 -0.07114 0.54184 0.04815
1403638533.877829552 0.03399 -0.03478 -0.14013 0.83612 -0.07085 0.54184 0.04789
1403638533.977829456 0.03331 -0.03317 -0.13991 0.83608 -0.07106 0.54185 0.04802
1403638534.077829599 0.03257 -0.03188 -0.13952 0.83599 -0.07151 0.54191 0.04837
1403638534.177829504 0.03184 -0.03045 -0.13888 0.83599 -0.07134 0.54196 0.04802
1403638534.277829409 0.03110 -0.02863 -0.13830 0.83606 -0.07118 0.54190 0.04776
1403638534.377829552 0.03011 -0.02616 -0.13772 0.83604 -0.07123 0.54192 0.04782
1403638534.477829456 0.02952 -0.02435 -0.13744 0.83605 -0.07151 0.54185 0.04794
1403638534.577829599 0.02867 -0.02298 -0.13708 0.83613 -0.07118 0.54179 0.04771
1403638534.677829504 0.02796 -0.02166 -0.13655 0.83618 -0.07096 0.54178 0.04741
1403638534.777829409 0.02719 -0.02039 -0.13633 0.83617 -0.07080 0.54181 0.04746
1403638534.877829552 0.02627 -0.01961 -0.13621 0.83610 -0.07094 0.54188 0.04767
1403638534.977829456 0.02526 -0.01905 -0.13710 0.83605 -0.07096 0.54195 0.04770
1403638535.077829599 0.02409 -0.01556 -0.13680 0.83606 -0.07103 0.54192 0.04779
1403638535.177829504 0.02346 -0.01286 -0.13638 0.83604 -0.07101 0.54196 0.04769
1403638535.277829409 0.02241 -0.01107 -0.13606 0.83601 -0.07093 0.54202 0.04761
1403638535.377829552 0.02150 -0.00923 -0.13571 0.83602 -0.07087 0.54201 0.04762
1403638535.477829456 0.02058 -0.00746 -0.13534 0.83604 -0.07087 0.54198 0.04766
1403638535.577829599 0.01989 -0.00544 -0.13510 0.83605 -0.07079 0.54197 0.04760
1403638535.677829504 0.01916 -0.00352 -0.13489 0.83604 -0.07077 0.54201 0.04750
1403638535.777829409 0.01827 -0.00177 -0.13467 0.83601 -0.07073 0.54207 0.04747
1403638535.877829552 0.01729 0.00037 -0.13447 0.83600 -0.07066 0.54209 0.04736
1403638535.977829456 0.01651 0.00208 -0.13378 0.83604 -0.07064 0.54205 0.04721
1403638536.077829599 0.01547 0.00340 -0.13371 0.83601 -0.07069 0.54210 0.04713
1403638536.177829504 0.01495 0.00452 -0.13339 0.83600 -0.07069 0.54211 0.04709
1403638536.277829409 0.01333 0.00826 -0.13374 0.83602 -0.07058 0.54210 0.04707
1403638536.377829552 0.01579 0.00757 -0.12834 0.83600 -0.07058 0.54213 0.04706
1403638536.477829456 0.01099 0.00672 -0.13399 0.83600 -0.07051 0.54214 0.04704
1403638536.577829599 0.01431 0.00616 -0.13185 0.83602 -0.07049 0.54212 0.04696
1403638536.677829504 0.02250 -0.01237 -0.13368 0.83602 -0.07046 0.54213 0.04695
1403638536.777829409 0.02261 -0.01020 -0.13648 0.83597 -0.07048 0.54219 0.04701
1403638536.877829552 0.02468 -0.01442 -0.13861 0.83591 -0.07054 0.54229 0.04693
1403638536.977829456 0.03077 -0.02405 -0.13919 0.83592 -0.07059 0.54227 0.04685
1403638537.077829599 0.03156 -0.02410 -0.14228 0.83592 -0.07049 0.54229 0.04682
1403638537.177829504 0.03135 -0.02922 -0.14465 0.83588 -0.07047 0.54235 0.04690
1403638537.277829409 0.03389 -0.03125 -0.14484 0.83590 -0.07041 0.54231 0.04700
1403638537.377829552 0.03701 -0.03354 -0.14671 0.83590 -0.07038 0.54233 0.04696
1403638537.477829456 0.03798 -0.03866 -0.14819 0.83589 -0.07036 0.54234 0.04687
1403638537.577829599 0.03936 -0.04297 -0.14925 0.83591 -0.07027 0.54233 0.04682
1403638537.677829504 0.04222 -0.04720 -0.14973 0.83590 -0.07027 0.54234 0.04686
1403638537.777829409 0.04376 -0.05126 -0.15323 0.83586 -0.07029 0.54241 0.04679
1403638537.877829552 0.04389 -0.05075 -0.14985 0.83591 -0.07024 0.54233 0.04683
1403638537.977829456 0.04428 -0.05917 -0.15061 0.83588 -0.07036 0.54237 0.04684
1403638538.077829599 0.04595 -0.06532 -0.15369 0.83583 -0.07038 0.54244 0.04678
1403638538.177829504 0.04690 -0.06515 -0.14997 0.83583 -0.07046 0.54244 0.04682
1403638538.277829409 0.04543 -0.06147 -0.14726 0.83585 -0.07058 0.54236 0.04702
1403638538.377829552 0.04724 -0.06397 -0.15159 0.83578 -0.07066 0.54245 0.04730
1403638538.477829456 0.04794 -0.06608 -0.15163 0.83577 -0.07069 0.54245 0.04730
1403638538.577829599 0.05169 -0.06806 -0.14850 0.83571 -0.07076 0.54251 0.04748
1403638538.677829504 0.04356 -0.07514 -0.15644 0.83554 -0.07086 0.54278 0.04731
1403638538.777829409 0.04705 -0.07186 -0.14976 0.83475 -0.07066 0.54403 0.04716
1403638538.877829552 0.04583 -0.07023 -0.15798 0.83372 -0.07022 0.54572 0.04654
1403638538.977829456 0.04915 -0.07220 -0.15505 0.82901 -0.06938 0.55289 0.04734
1403638539.077829599 0.05277 -0.07411 -0.15102 0.82343 -0.07076 0.56085 0.04894
1403638539.177829504 0.06075 -0.07600 -0.14099 0.81820 -0.07106 0.56848 0.04826
1403638539.277829409 0.07279 -0.07807 -0.12136 0.81458 -0.07019 0.57378 0.04805
1403638539.377829552 0.08037 -0.08177 -0.10136 0.81558 -0.06964 0.57247 0.04756
1403638539.477829456 0.08843 -0.08176 -0.07330 0.81769 -0.06864 0.56960 0.04714
1403638539.577829599 0.09950 -0.08973 -0.03709 0.81869 -0.06736 0.56834 0.04686
1403638539.677829504 0.11562 -0.09531 -0.01307 0.81930 -0.06701 0.56764 0.04528
1403638539.777829409 0.13027 -0.09673 0.00365 0.82058 -0.06530 0.56593 0.04578
1403638539.877829552 0.14714 -0.09784 0.01532 0.82313 -0.06484 0.56234 0.04497
1403638539.977829456 0.16447 -0.09921 0.02509 0.82766 -0.06470 0.55581 0.04322
1403638540.077829599 0.18686 -0.10173 0.03472 0.83353 -0.06473 0.54698 0.04298
1403638540.177829504 0.21241 -0.10506 0.04295 0.83748 -0.06462 0.54095 0.04268
1403638540.277829409 0.24733 -0.10767 0.05634 0.83335 -0.06323 0.54741 0.04333
1403638540.377829552 0.28619 -0.11167 0.06829 0.82734 -0.06114 0.55662 0.04422
1403638540.477829456 0.33203 -0.11198 0.07764 0.82518 -0.05512 0.56066 0.04109
1403638540.577829599 0.37778 -0.11599 0.08337 0.82567 -0.04372 0.56144 0.03389
1403638540.677829504 0.42847 -0.11667 0.09432 0.82617 -0.02663 0.56221 0.02562
1403638540.777829409 0.47939 -0.11411 0.09686 0.82576 -0.00271 0.56373 0.01776
1403638540.877829552 0.53347 -0.10881 0.09989 0.82560 0.02521 0.56364 0.00753
1403638540.977829456 0.58873 -0.09966 0.10022 0.82453 0.05145 0.56344 -0.00615
1403638541.077829599 0.64430 -0.08576 0.09767 0.82270 0.07088 0.56370 -0.01982
1403638541.177829504 0.69971 -0.06777 0.09092 0.82116 0.08412 0.56369 -0.02950
1403638541.377829552 0.81327 -0.01964 0.08408 0.82036 0.09639 0.56241 -0.03746
1403638541.477829456 0.86844 0.01324 0.08800 0.82015 0.09651 0.56264 -0.03841
1403638541.577829599 0.92495 0.05219 0.10018 0.81872 0.09696 0.56472 -0.03734
1403638541.677829504 0.97943 0.09776 0.12083 0.81698 0.09978 0.56648 -0.04116
1403638541.877829552 1.08144 0.19854 0.18877 0.81434 0.11397 0.56565 -0.06253
1403638541.977829456 1.14250 0.26404 0.20306 0.81341 0.12823 0.56250 -0.07429
1403638542.077829599 1.18711 0.31521 0.23543 0.81147 0.14529 0.55911 -0.08836
1403638542.177829504 1.23489 0.37443 0.25452 0.80779 0.16539 0.55614 -0.10406
1403638542.277829409 1.27373 0.42369 0.25843 0.80401 0.18895 0.55101 -0.11938
1403638542.377829552 1.31732 0.49489 0.27702 0.79641 0.21116 0.55072 -0.13364
1403638542.477829456 1.35829 0.55029 0.27776 0.78279 0.23216 0.55998 -0.14060
1403638542.577829599 1.39547 0.60963 0.27978 0.77062 0.25142 0.56920 -0.13767
1403638542.677829504 1.42703 0.67341 0.28425 0.76698 0.26142 0.56921 -0.13927
1403638542.777829409 1.45478 0.74523 0.29698 0.77087 0.26058 0.56187 -0.14885
1403638542.877829552 1.47755 0.82012 0.31628 0.77608 0.25764 0.55406 -0.15604
1403638542.977829456 1.49724 0.89754 0.34340 0.78060 0.25446 0.54792 -0.16029
1403638543.077829599 1.51395 0.97551 0.37359 0.78416 0.25123 0.54355 -0.16291
1403638543.177829504 1.53209 1.05521 0.39963 0.78544 0.24855 0.54297 -0.16277
1403638543.277829409 1.55031 1.13560 0.41981 0.78585 0.24587 0.54366 -0.16254
1403638543.377829552 1.56756 1.21484 0.43503 0.78705 0.24469 0.54270 -0.16174
1403638543.477829456 1.58439 1.29344 0.44682 0.78602 0.24927 0.54136 -0.16422
1403638543.577829599 1.59939 1.37001 0.45251 0.78310 0.26062 0.53852 -0.16977
1403638543.677829504 1.61200 1.44522 0.45346 0.77758 0.27872 0.53503 -0.17727
1403638543.777829409 1.62329 1.52214 0.45532 0.76969 0.30051 0.53094 -0.18809
1403638543.877829552 1.63421 1.60272 0.46469 0.75978 0.32333 0.52735 -0.20023
1403638543.977829456 1.64428 1.68573 0.48177 0.75135 0.34198 0.52191 -0.21479
1403638544.077829599 1.65335 1.77085 0.50397 0.74732 0.35348 0.51342 -0.23013
1403638544.177829504 1.66417 1.85739 0.52647 0.74413 0.36019 0.50845 -0.24085
1403638544.277829409 1.67594 1.94353 0.54305 0.74146 0.36373 0.50645 -0.24791
1403638544.377829552 1.68988 2.03152 0.55504 0.74077 0.36634 0.50474 -0.24958
1403638544.477829456 1.70696 2.12292 0.56386 0.74136 0.36735 0.50361 -0.24861
1403638544.577829599 1.72558 2.21548 0.57196 0.73877 0.36632 0.50737 -0.25021
1403638544.677829504 1.74439 2.30833 0.58553 0.73233 0.36561 0.51474 -0.25507
1403638544.777829409 1.76268 2.39734 0.60399 0.73156 0.36653 0.51459 -0.25628
1403638544.877829552 1.78053 2.48336 0.61915 0.73484 0.36887 0.50912 -0.25445
1403638544.977829456 1.79839 2.56738 0.62842 0.73567 0.36965 0.50720 -0.25473
1403638545.077829599 1.81675 2.65306 0.63183 0.73446 0.36966 0.50819 -0.25625
1403638545.177829504 1.83607 2.73790 0.62903 0.73416 0.37077 0.50796 -0.25595
1403638545.277829409 1.85593 2.82422 0.62084 0.73362 0.37242 0.50794 -0.25514
1403638545.377829552 1.87620 2.91186 0.60860 0.73101 0.37154 0.51151 -0.25678
1403638545.477829456 1.89631 3.00121 0.59253 0.73103 0.37232 0.50993 -0.25872
1403638545.577829599 1.91459 3.08782 0.57974 0.72889 0.37896 0.50595 -0.26291
1403638545.677829504 1.93165 3.17273 0.57299 0.72343 0.39047 0.50029 -0.27183
1403638545.777829409 1.94828 3.25571 0.57302 0.71577 0.40709 0.49302 -0.28087
1403638545.877829552 1.96454 3.33957 0.58006 0.70520 0.42679 0.48500 -0.29209
1403638545.977829456 1.98064 3.42428 0.59360 0.69284 0.44895 0.47654 -0.30221
1403638546.077829599 1.99770 3.51127 0.61080 0.68098 0.46803 0.47098 -0.30887
1403638546.177829504 2.01337 3.59786 0.62335 0.67233 0.48045 0.46565 -0.31670
1403638546.277829409 2.02807 3.68548 0.62951 0.66764 0.48806 0.46094 -0.32184
1403638546.477829456 2.05702 3.86731 0.62596 0.66587 0.49140 0.45351 -0.33087
1403638546.577829599 2.07128 3.96097 0.62110 0.66393 0.49453 0.45226 -0.33181
1403638546.677829504 2.08460 4.05680 0.62224 0.65923 0.50036 0.45011 -0.33535
1403638546.777829409 2.09815 4.15696 0.63279 0.65481 0.50604 0.44843 -0.33773
1403638546.977829456 2.12339 4.36403 0.66673 0.64807 0.51546 0.44800 -0.33705
1403638547.077829599 2.13338 4.46987 0.67542 0.64557 0.51882 0.44916 -0.33513
1403638547.277829409 2.14217 4.68330 0.67467 0.64221 0.52355 0.45209 -0.33027
1403638547.477829456 2.13442 4.90438 0.66044 0.64688 0.51735 0.44688 -0.33792
1403638547.577829599 2.12745 5.01952 0.64783 0.65037 0.51378 0.44363 -0.34094
1403638547.677829504 2.12029 5.13689 0.63007 0.65172 0.51202 0.44340 -0.34132
1403638547.777829409 2.11144 5.25059 0.60804 0.65110 0.51254 0.44527 -0.33926
1403638547.877829552 2.10164 5.36655 0.58284 0.64833 0.51461 0.44968 -0.33562
1403638548.077829599 2.07506 5.60904 0.54416 0.64786 0.51720 0.44515 -0.33857
1403638548.177829504 2.05833 5.73545 0.53784 0.64414 0.52264 0.44067 -0.34314
1403638548.377829552 2.01804 5.98629 0.55111 0.62851 0.54281 0.42703 -0.35775
1403638548.577829599 1.97328 6.23485 0.58566 0.61108 0.56164 0.41497 -0.37276
1403638548.677829504 1.95111 6.35906 0.59782 0.60558 0.56719 0.41096 -0.37773
1403638548.777829409 1.92889 6.48508 0.60831 0.60169 0.57127 0.40841 -0.38057
1403638548.977829456 1.88403 6.74336 0.64543 0.59852 0.57494 0.40533 -0.38332
1403638549.077829599 1.86084 6.87623 0.67234 0.59833 0.57533 0.40463 -0.38376
1403638549.277829409 1.81431 7.14069 0.74293 0.59922 0.57334 0.40444 -0.38553
1403638549.377829552 1.79078 7.27382 0.78495 0.60072 0.57095 0.40345 -0.38778
1403638549.577829599 1.74550 7.54550 0.85862 0.60224 0.56706 0.40361 -0.39096
1403638549.677829504 1.72449 7.68192 0.88834 0.60176 0.56551 0.40524 -0.39226
1403638549.877829552 1.68779 7.95388 0.95267 0.60345 0.56617 0.40417 -0.38980
1403638550.077829599 1.65575 8.23334 1.04637 0.60462 0.56593 0.40258 -0.38998
1403638550.177829504 1.64184 8.37928 1.10503 0.60511 0.56577 0.40129 -0.39079
1403638550.277829409 1.62901 8.52642 1.17119 0.60472 0.56656 0.40122 -0.39031
1403638550.477829456 1.60703 8.82956 1.30298 0.60443 0.56530 0.40085 -0.39297
1403638550.577829599 1.59830 8.98041 1.35888 0.60512 0.56290 0.39946 -0.39675
1403638550.777829409 1.59249 9.27629 1.45528 0.60275 0.55741 0.40308 -0.40436
1403638550.877829552 1.59476 9.41990 1.49659 0.59897 0.55324 0.40866 -0.41008
1403638550.977829456 1.59996 9.56101 1.53366 0.59476 0.54884 0.41514 -0.41557
1403638551.077829599 1.60810 9.69616 1.56559 0.59227 0.54601 0.41883 -0.41914
1403638551.277829409 1.63603 9.94254 1.63787 0.59442 0.54211 0.41572 -0.42423
1403638551.377829552 1.65759 10.05755 1.68104 0.60212 0.53899 0.41353 -0.41945
1403638551.477829456 1.68633 10.16971 1.72080 0.61463 0.52951 0.41494 -0.41191
1403638551.577829599 1.72229 10.28120 1.75683 0.62962 0.51300 0.41945 -0.40554
1403638551.677829504 1.76694 10.39136 1.78752 0.64645 0.49432 0.42295 -0.39857
1403638551.777829409 1.81899 10.49585 1.81363 0.66041 0.47566 0.43143 -0.38919
1403638551.877829552 1.87892 10.59264 1.83508 0.67081 0.45997 0.44143 -0.37892
1403638551.977829456 1.94453 10.67715 1.85803 0.67406 0.45226 0.45443 -0.36687
1403638552.077829599 2.02321 10.76116 1.88611 0.67552 0.44720 0.46487 -0.35719
1403638552.177829504 2.08778 10.82171 1.92106 0.68036 0.44401 0.46534 -0.35132
1403638552.277829409 2.16381 10.88152 1.95939 0.68426 0.44299 0.46362 -0.34728
1403638552.377829552 2.24227 10.93485 1.99674 0.68519 0.44018 0.46336 -0.34937
1403638552.477829456 2.32341 10.98036 2.02985 0.68137 0.43476 0.46851 -0.35668
1403638552.577829599 2.40633 11.01616 2.05646 0.67752 0.43141 0.47287 -0.36228
1403638552.677829504 2.49147 11.04139 2.07705 0.67512 0.43272 0.47456 -0.36300
1403638552.777829409 2.57834 11.05638 2.09158 0.67437 0.43498 0.47394 -0.36249
1403638552.877829552 2.66632 11.06257 2.10119 0.67293 0.43890 0.47395 -0.36042
1403638552.977829456 2.75695 11.06344 2.10687 0.67066 0.44489 0.47493 -0.35598
1403638553.077829599 2.85044 11.05998 2.10838 0.66847 0.45029 0.47569 -0.35229
1403638553.177829504 2.94578 11.05399 2.10741 0.66463 0.44906 0.47822 -0.35764
1403638553.277829409 3.04179 11.04185 2.10634 0.65885 0.44599 0.48364 -0.36482
1403638553.377829552 3.13777 11.02114 2.11050 0.65366 0.44700 0.48857 -0.36636
1403638553.477829456 3.23316 10.99032 2.12008 0.64824 0.45072 0.49503 -0.36274
1403638553.577829599 3.32700 10.94919 2.13587 0.64395 0.45387 0.49998 -0.35965
1403638553.677829504 3.41644 10.89462 2.15510 0.64299 0.45625 0.50061 -0.35748
1403638553.777829409 3.50055 10.82893 2.18235 0.64350 0.45815 0.49951 -0.35568
1403638553.877829552 3.58042 10.75676 2.21680 0.64531 0.45971 0.49726 -0.35351
1403638553.977829456 3.65652 10.67812 2.25327 0.64836 0.46012 0.49334 -0.35289
1403638554.077829599 3.73070 10.59452 2.28587 0.65163 0.46111 0.48907 -0.35152
1403638554.177829504 3.80290 10.50526 2.31228 0.65456 0.46478 0.48506 -0.34677
1403638554.277829409 3.87049 10.41444 2.33353 0.66051 0.47056 0.47688 -0.33894
1403638554.377829552 3.93528 10.32183 2.35064 0.66380 0.47512 0.47188 -0.33310
1403638554.477829456 3.99727 10.23176 2.36510 0.66525 0.47732 0.46947 -0.33047
1403638554.577829599 4.06173 10.13733 2.36782 0.66609 0.47705 0.46770 -0.33166
1403638554.677829504 4.11425 10.05594 2.38653 0.66832 0.47326 0.46411 -0.33760
1403638554.777829409 4.17101 9.96033 2.40231 0.66890 0.47005 0.46286 -0.34262
1403638554.977829456 4.29147 9.79661 2.44443 0.66967 0.46497 0.46266 -0.34826
1403638555.077829599 4.35210 9.71062 2.46169 0.67278 0.46068 0.46514 -0.34465
1403638555.177829504 4.41543 9.62527 2.47455 0.67876 0.45400 0.46789 -0.33800
1403638555.277829409 4.47787 9.53998 2.48718 0.68487 0.44591 0.47112 -0.33190
1403638555.377829552 4.54857 9.45418 2.48608 0.68801 0.44118 0.47594 -0.32478
1403638555.477829456 4.61202 9.36737 2.48786 0.69009 0.43809 0.47971 -0.31894
1403638555.577829599 4.68330 9.28566 2.48024 0.69142 0.43539 0.48184 -0.31655
1403638555.677829504 4.75125 9.19787 2.48075 0.69318 0.43366 0.48130 -0.31591
1403638555.877829552 4.88812 9.02055 2.50526 0.69445 0.43482 0.47950 -0.31423
1403638555.977829456 4.95663 8.93351 2.52744 0.69323 0.43651 0.48062 -0.31289
1403638556.177829504 5.09168 8.77301 2.57343 0.69783 0.43831 0.47388 -0.31040
1403638556.277829409 5.16382 8.69519 2.58840 0.70116 0.43928 0.46901 -0.30893
1403638556.377829552 5.23315 8.62506 2.59997 0.70333 0.43997 0.46593 -0.30767
1403638556.577829599 5.38117 8.49274 2.62257 0.70946 0.44071 0.45772 -0.30485
1403638556.677829504 5.45752 8.43386 2.63895 0.71192 0.43455 0.45468 -0.31240
1403638556.777829409 5.54322 8.37836 2.65812 0.70874 0.42977 0.45964 -0.31892
1403638556.877829552 5.62928 8.32465 2.68593 0.70722 0.42546 0.46195 -0.32468
1403638557.077829599 5.82205 8.22379 2.74150 0.70430 0.42440 0.46590 -0.32676
1403638557.177829504 5.92302 8.16769 2.75932 0.70273 0.42607 0.46787 -0.32517
1403638557.277829409 6.02862 8.11618 2.76828 0.70166 0.42726 0.46912 -0.32410
1403638557.377829552 6.13609 8.06538 2.77304 0.70047 0.42948 0.47060 -0.32159
1403638557.577829599 6.35529 7.96457 2.79357 0.69511 0.43722 0.47810 -0.31156
1403638557.677829504 6.46573 7.90963 2.81092 0.69396 0.43912 0.47965 -0.30907
1403638557.777829409 6.57323 7.86383 2.83171 0.69363 0.43880 0.48041 -0.30910
1403638557.877829552 6.67949 7.81511 2.84812 0.69360 0.44018 0.48103 -0.30621
1403638557.977829456 6.78510 7.76738 2.85896 0.69486 0.44178 0.47949 -0.30347
1403638558.177829504 6.99832 7.67699 2.86638 0.70440 0.44400 0.46561 -0.29981
1403638558.277829409 7.10581 7.63948 2.87289 0.70854 0.44566 0.45996 -0.29631
1403638558.377829552 7.21117 7.60949 2.89236 0.70992 0.44837 0.45823 -0.29155
1403638558.477829456 7.31784 7.58644 2.91681 0.71365 0.45194 0.45289 -0.28521
1403638558.577829599 7.42615 7.57362 2.94996 0.71624 0.45060 0.44937 -0.28642
1403638558.777829409 7.65071 7.57047 3.03592 0.71662 0.43786 0.45084 -0.30246
1403638558.877829552 7.76806 7.58393 3.05740 0.71534 0.43571 0.45321 -0.30503
1403638558.977829456 7.89025 7.59626 3.08030 0.71053 0.43456 0.46061 -0.30681
1403638559.077829599 8.01216 7.61387 3.09233 0.70607 0.43447 0.46712 -0.30742
1403638559.177829504 8.14058 7.62932 3.10216 0.70264 0.43495 0.47162 -0.30773
1403638559.277829409 8.26380 7.64899 3.10265 0.69985 0.43729 0.47496 -0.30561
1403638559.377829552 8.38549 7.66832 3.09820 0.69761 0.44052 0.47762 -0.30192
1403638559.477829456 8.50416 7.68885 3.08834 0.69533 0.44271 0.48027 -0.29978
1403638559.577829599 8.62085 7.71110 3.07333 0.69320 0.44424 0.48260 -0.29870
1403638559.677829504 8.73450 7.73512 3.05392 0.69215 0.44444 0.48353 -0.29935
1403638559.777829409 8.84518 7.76048 3.03905 0.69130 0.44515 0.48384 -0.29974
1403638559.877829552 8.95297 7.78909 3.03076 0.69208 0.44440 0.48259 -0.30107
1403638559.977829456 9.05946 7.82026 3.02333 0.69555 0.43847 0.48373 -0.29993
1403638560.077829599 9.16493 7.85239 3.00994 0.70325 0.42558 0.48745 -0.29448
1403638560.177829504 9.27052 7.88589 2.99024 0.71273 0.40747 0.49495 -0.28463
1403638560.277829409 9.37565 7.91900 2.96632 0.72326 0.38621 0.50363 -0.27220
1403638560.377829552 9.48009 7.95385 2.94009 0.73078 0.36190 0.51670 -0.26078
1403638560.477829456 9.58156 7.98579 2.91114 0.73848 0.33673 0.52896 -0.24792
1403638560.577829599 9.68089 8.01530 2.87820 0.74736 0.30988 0.53804 -0.23652
1403638560.677829504 9.77375 8.03949 2.84192 0.75751 0.28192 0.54338 -0.22682
1403638560.777829409 9.87513 8.07062 2.80328 0.76596 0.25640 0.54711 -0.21963
1403638560.877829552 9.96399 8.07342 2.78440 0.77212 0.23365 0.55281 -0.20890
1403638560.977829456 10.05248 8.07740 2.76708 0.77613 0.21274 0.56012 -0.19658
1403638561.077829599 10.13822 8.07213 2.75867 0.77839 0.19284 0.56829 -0.18428
1403638561.177829504 10.21889 8.05749 2.75620 0.77950 0.17516 0.57590 -0.17331
1403638561.277829409 10.29287 8.03377 2.76153 0.77957 0.16176 0.58174 -0.16638
1403638561.377829552 10.36073 8.00251 2.76855 0.78406 0.15688 0.57954 -0.15736
1403638561.477829456 10.42453 7.96459 2.77042 0.78993 0.16040 0.57409 -0.14388
1403638561.577829599 10.48347 7.92311 2.76610 0.79341 0.16498 0.57031 -0.13425
1403638561.677829504 10.53673 7.87964 2.75534 0.79508 0.16768 0.56809 -0.13038
1403638561.777829409 10.58677 7.83501 2.74022 0.79523 0.16991 0.56743 -0.12945
1403638561.877829552 10.63419 7.78921 2.71934 0.79461 0.17052 0.56868 -0.12696
1403638561.977829456 10.67914 7.74198 2.69387 0.79546 0.16617 0.56991 -0.12179
1403638562.077829599 10.72228 7.69352 2.67111 0.79710 0.15746 0.57160 -0.11454
1403638562.177829504 10.76753 7.64144 2.66147 0.79876 0.14784 0.57329 -0.10707
1403638562.277829409 10.79641 7.59565 2.64450 0.79962 0.13975 0.57526 -0.10073
1403638562.377829552 10.82963 7.54786 2.64065 0.80033 0.12799 0.57802 -0.09483
1403638562.477829456 10.86065 7.49974 2.64085 0.80244 0.11213 0.57961 -0.08708
1403638562.577829599 10.89198 7.45213 2.64853 0.80452 0.09226 0.58155 -0.07771
1403638562.677829504 10.92056 7.40378 2.65944 0.80709 0.06830 0.58237 -0.06921
1403638562.777829409 10.94781 7.35345 2.67246 0.80843 0.04225 0.58393 -0.06058
1403638562.877829552 10.97089 7.29980 2.68099 0.80940 0.01777 0.58508 -0.04725
1403638562.977829456 10.99101 7.24242 2.68376 0.80992 -0.00467 0.58559 -0.03298
1403638563.077829599 11.00607 7.18265 2.68181 0.80957 -0.02855 0.58583 -0.02415
1403638563.177829504 11.01713 7.11779 2.67485 0.80924 -0.04800 0.58538 -0.01251
1403638563.277829409 11.02289 7.04900 2.66318 0.80601 -0.06157 0.58868 -0.00115
1403638563.377829552 11.02294 6.97678 2.64720 0.79821 -0.07094 0.59817 0.00538
1403638563.477829456 11.01695 6.90108 2.62554 0.79213 -0.07768 0.60535 0.00663
1403638563.577829599 11.00266 6.82132 2.60308 0.79277 -0.07731 0.60448 0.01219
1403638563.677829504 10.98010 6.73730 2.58696 0.79632 -0.07743 0.59978 0.01234
1403638563.777829409 10.95043 6.64907 2.57721 0.79860 -0.07783 0.59673 0.00939
1403638563.877829552 10.91502 6.55597 2.57656 0.79827 -0.07697 0.59732 0.00633
1403638563.977829456 10.87214 6.45982 2.58180 0.79724 -0.07536 0.59894 0.00301
1403638564.077829599 10.82305 6.35846 2.58418 0.79796 -0.07321 0.59825 -0.00131
1403638564.277829409 10.70958 6.13876 2.57871 0.79650 -0.06307 0.60134 -0.00208
1403638564.377829552 10.64251 6.02287 2.57911 0.79522 -0.05807 0.60353 -0.00208
1403638564.477829456 10.56887 5.90445 2.58777 0.79405 -0.05385 0.60547 -0.00125
1403638564.577829599 10.48647 5.78456 2.60088 0.79587 -0.05351 0.60308 -0.00387
1403638564.677829504 10.39779 5.66103 2.61269 0.79758 -0.05649 0.60049 -0.00891
1403638564.777829409 10.30215 5.53185 2.61864 0.79815 -0.05964 0.59936 -0.01263
1403638564.877829552 10.20223 5.39497 2.61646 0.79763 -0.06208 0.59976 -0.01484
1403638564.977829456 10.09680 5.25137 2.59739 0.79708 -0.06373 0.60027 -0.01675
1403638565.077829599 9.98671 5.10091 2.56178 0.79744 -0.06435 0.59969 -0.01808
1403638565.177829504 9.87457 4.94460 2.51136 0.79819 -0.06446 0.59865 -0.01869
1403638565.277829409 9.75988 4.78294 2.45447 0.79918 -0.06357 0.59747 -0.01718
1403638565.377829552 9.64214 4.61752 2.39490 0.80023 -0.06227 0.59628 -0.01451
1403638565.477829456 9.52112 4.44856 2.33479 0.79958 -0.06128 0.59731 -0.01154
1403638565.577829599 9.39781 4.27599 2.28017 0.79749 -0.05898 0.60042 -0.00487
1403638565.677829504 9.26961 4.10085 2.23454 0.79727 -0.05296 0.60126 0.00693
1403638565.777829409 9.13689 3.92551 2.19541 0.79999 -0.04860 0.59783 0.01597
1403638565.877829552 8.99835 3.75325 2.16356 0.80218 -0.04534 0.59490 0.02321
1403638565.977829456 8.85604 3.58420 2.13496 0.80398 -0.04594 0.59232 0.02567
1403638566.077829599 8.71228 3.41881 2.10008 0.80499 -0.04633 0.59086 0.02721
1403638566.177829504 8.56762 3.25700 2.05625 0.80515 -0.04775 0.59062 0.02514
1403638566.277829409 8.42161 3.09696 2.00428 0.80477 -0.04686 0.59118 0.02568
1403638566.377829552 8.27576 2.94057 1.94389 0.80576 -0.04580 0.58990 0.02586
1403638566.477829456 8.13141 2.78771 1.87735 0.80600 -0.04648 0.58966 0.02245
1403638566.577829599 7.98754 2.63835 1.80581 0.80916 -0.04470 0.58548 0.02166
1403638566.677829504 7.84472 2.49307 1.72714 0.81846 -0.04294 0.57259 0.02070
1403638566.777829409 7.70695 2.35074 1.64409 0.83013 -0.04118 0.55570 0.01976
1403638566.877829552 7.57605 2.21062 1.55799 0.83813 -0.03997 0.54370 0.01794
1403638566.977829456 7.45189 2.07316 1.46943 0.84204 -0.03710 0.53784 0.01784
1403638567.077829599 7.33829 1.93753 1.38266 0.83395 -0.03544 0.55043 0.01758
1403638567.177829504 7.22898 1.80346 1.29347 0.82159 -0.03309 0.56878 0.01963
1403638567.277829409 7.12389 1.67305 1.19975 0.81291 -0.03113 0.58111 0.02274
1403638567.377829552 7.01745 1.54600 1.10109 0.81097 -0.03042 0.58373 0.02557
1403638567.477829456 6.91032 1.42326 1.00645 0.81175 -0.03125 0.58253 0.02741
1403638567.577829599 6.79994 1.30093 0.91878 0.81523 -0.03285 0.57750 0.02862
1403638567.677829504 6.69054 1.18264 0.84046 0.81846 -0.03329 0.57271 0.03186
1403638567.777829409 6.58413 1.06914 0.77194 0.82171 -0.03379 0.56789 0.03379
1403638567.877829552 6.48476 0.96236 0.71199 0.82511 -0.03601 0.56286 0.03292
1403638567.977829456 6.39258 0.86065 0.65928 0.82604 -0.03699 0.56143 0.03286
1403638568.077829599 6.30594 0.76330 0.61480 0.82589 -0.03518 0.56158 0.03587
1403638568.177829504 6.22323 0.67038 0.57845 0.82518 -0.03386 0.56257 0.03792
1403638568.277829409 6.14306 0.58176 0.54897 0.82504 -0.03412 0.56270 0.03888
1403638568.477829456 5.99601 0.41896 0.48605 0.82635 -0.03438 0.56072 0.03934
1403638568.577829599 5.92763 0.34603 0.44902 0.82770 -0.03385 0.55870 0.04032
1403638568.777829409 5.80710 0.21699 0.37644 0.83077 -0.03260 0.55413 0.04128
1403638568.877829552 5.75160 0.15988 0.34849 0.83007 -0.03425 0.55521 0.03936
1403638568.977829456 5.70075 0.10543 0.32708 0.82950 -0.03255 0.55603 0.04122
1403638569.177829504 5.61357 0.00890 0.30529 0.83001 -0.03157 0.55518 0.04327
1403638569.377829552 5.54349 -0.06727 0.28566 0.83113 -0.03042 0.55332 0.04614
1403638569.477829456 5.51670 -0.09526 0.26882 0.82972 -0.03004 0.55541 0.04673
1403638569.677829504 5.48424 -0.13937 0.23558 0.82739 -0.03065 0.55886 0.04648
1403638569.877829552 5.46763 -0.15761 0.22723 0.82542 -0.02891 0.56168 0.04850
1403638569.977829456 5.46409 -0.16001 0.22977 0.82397 -0.02972 0.56388 0.04723
1403638570.177829504 5.46217 -0.15062 0.22280 0.82359 -0.03400 0.56476 0.03988
1403638570.377829552 5.47339 -0.13078 0.19990 0.82273 -0.04595 0.56598 0.02609
1403638570.477829456 5.47899 -0.12201 0.17936 0.82204 -0.06152 0.56566 0.02198
1403638570.677829504 5.49300 -0.11700 0.12156 0.81360 -0.11765 0.56917 0.01611
1403638570.777829409 5.49889 -0.12951 0.08851 0.80221 -0.14501 0.57868 0.02349
1403638570.877829552 5.49988 -0.15347 0.05393 0.79027 -0.16922 0.58782 0.03611
1403638570.977829456 5.49274 -0.18907 0.01635 0.78187 -0.19037 0.59143 0.05148
1403638571.077829599 5.47700 -0.23506 -0.02473 0.77891 -0.20933 0.58722 0.06818
1403638571.177829504 5.45224 -0.28946 -0.06376 0.78138 -0.22167 0.57646 0.08947
1403638571.277829409 5.42012 -0.35071 -0.09445 0.78249 -0.22816 0.56890 0.10955
1403638571.377829552 5.38251 -0.41639 -0.11648 0.78173 -0.23353 0.56520 0.12213
1403638571.477829456 5.33955 -0.48452 -0.13108 0.77881 -0.23823 0.56594 0.12812
1403638571.677829504 5.23967 -0.62700 -0.15787 0.77582 -0.25178 0.56103 0.14124
1403638571.877829552 5.12540 -0.78181 -0.20135 0.77176 -0.28275 0.54767 0.15650
1403638571.977829456 5.06434 -0.86566 -0.22136 0.76541 -0.30257 0.54372 0.16421
1403638572.077829599 5.00013 -0.95365 -0.23200 0.75822 -0.32156 0.54006 0.17331
1403638572.277829409 4.86199 -1.13744 -0.22800 0.74655 -0.35304 0.52608 0.20314
1403638572.377829552 4.79003 -1.23501 -0.22679 0.74141 -0.37124 0.51551 0.21620
1403638572.477829456 4.71785 -1.33741 -0.22933 0.73722 -0.38421 0.50592 0.23008
1403638572.577829599 4.64696 -1.44266 -0.23420 0.73325 -0.39275 0.50004 0.24094
1403638572.677829504 4.57668 -1.55166 -0.23852 0.73133 -0.39808 0.49577 0.24677
1403638572.777829409 4.50801 -1.66484 -0.23597 0.73265 -0.39782 0.49007 0.25454
1403638572.877829552 4.44113 -1.78162 -0.22539 0.73503 -0.39707 0.48525 0.25806
1403638572.977829456 4.37863 -1.90228 -0.21051 0.73718 -0.39596 0.48260 0.25860
1403638573.077829599 4.31922 -2.02460 -0.19892 0.73924 -0.39466 0.48093 0.25783
1403638573.177829504 4.26331 -2.14860 -0.19317 0.74082 -0.39336 0.48053 0.25600
1403638573.277829409 4.21084 -2.27416 -0.18824 0.74221 -0.39128 0.48097 0.25433
1403638573.377829552 4.16300 -2.40251 -0.18213 0.74297 -0.39027 0.48103 0.25355
1403638573.477829456 4.11916 -2.53352 -0.17187 0.74306 -0.39030 0.47926 0.25659
1403638573.577829599 4.08258 -2.66947 -0.15255 0.74297 -0.39049 0.47836 0.25822
1403638573.677829504 4.05273 -2.80586 -0.12568 0.74332 -0.39102 0.47585 0.26106
1403638573.777829409 4.03008 -2.94379 -0.09533 0.73966 -0.39440 0.47494 0.26793
1403638573.877829552 4.01382 -3.08215 -0.06585 0.72929 -0.39993 0.47843 0.28158
1403638573.977829456 4.00377 -3.22045 -0.04202 0.71371 -0.41335 0.48342 0.29337
1403638574.077829599 3.99779 -3.35445 -0.02577 0.69317 -0.43480 0.49084 0.29922
1403638574.177829504 3.99164 -3.48513 -0.01551 0.67071 -0.45866 0.49658 0.30527
1403638574.277829409 3.98021 -3.61413 -0.00848 0.65184 -0.48073 0.49498 0.31462
1403638574.377829552 3.96258 -3.74106 -0.00509 0.63838 -0.50046 0.48489 0.32693
1403638574.477829456 3.94017 -3.86439 -0.00457 0.62661 -0.51835 0.47205 0.34037
1403638574.577829599 3.91412 -3.98436 -0.00146 0.61583 -0.53238 0.46290 0.35077
1403638574.677829504 3.88541 -4.10498 0.00833 0.60943 -0.53939 0.45405 0.36261
1403638574.777829409 3.85323 -4.22223 0.02579 0.60926 -0.54187 0.44251 0.37333
1403638574.877829552 3.81927 -4.33374 0.04520 0.61129 -0.54622 0.43315 0.37464
1403638574.977829456 3.78480 -4.44204 0.05910 0.61368 -0.54942 0.42694 0.37318
1403638575.077829599 3.75000 -4.54771 0.06519 0.61232 -0.55467 0.42865 0.36560
1403638575.177829504 3.71415 -4.65401 0.06650 0.60970 -0.55787 0.43318 0.35972
1403638575.277829409 3.67509 -4.76239 0.06460 0.60843 -0.55860 0.43687 0.35626
1403638575.377829552 3.63250 -4.87354 0.05892 0.61186 -0.55855 0.43476 0.35303
1403638575.477829456 3.58559 -4.98808 0.04999 0.61748 -0.55681 0.43066 0.35102
1403638575.577829599 3.53669 -5.10323 0.04094 0.62260 -0.55422 0.42738 0.35008
1403638575.677829504 3.48652 -5.22004 0.03939 0.62899 -0.54893 0.42193 0.35359
1403638575.777829409 3.43617 -5.34007 0.04538 0.63556 -0.54589 0.41509 0.35465
1403638575.877829552 3.38857 -5.46560 0.06056 0.63980 -0.54380 0.41133 0.35460
1403638575.977829456 3.34558 -5.59683 0.08403 0.64019 -0.54304 0.41216 0.35411
1403638576.077829599 3.30529 -5.73169 0.11447 0.64086 -0.54162 0.41245 0.35471
1403638576.177829504 3.26856 -5.87075 0.15011 0.63931 -0.54119 0.41472 0.35552
1403638576.277829409 3.23501 -6.01411 0.18282 0.63989 -0.53863 0.41371 0.35953
1403638576.377829552 3.20541 -6.16123 0.21014 0.64145 -0.53566 0.41114 0.36411
1403638576.477829456 3.18055 -6.31187 0.23101 0.64407 -0.53315 0.40688 0.36792
1403638576.577829599 3.16145 -6.46580 0.24659 0.64819 -0.53024 0.39999 0.37243
1403638576.677829504 3.15006 -6.62241 0.25742 0.64969 -0.52804 0.39754 0.37555
1403638576.777829409 3.14691 -6.78177 0.26472 0.64737 -0.52432 0.40160 0.38041
1403638576.877829552 3.15079 -6.94305 0.26751 0.64243 -0.52252 0.40928 0.38309
1403638576.977829456 3.16189 -7.10449 0.26624 0.63608 -0.52427 0.41871 0.38108
1403638577.077829599 3.17824 -7.26430 0.26498 0.63232 -0.52764 0.42405 0.37676
1403638577.177829504 3.19801 -7.42141 0.27093 0.62956 -0.52972 0.42809 0.37389
1403638577.277829409 3.22054 -7.57699 0.28331 0.63011 -0.52944 0.42732 0.37422
1403638577.377829552 3.24566 -7.73194 0.30433 0.63438 -0.52453 0.42121 0.38081
1403638577.477829456 3.27451 -7.88533 0.33037 0.63689 -0.52124 0.41758 0.38510
1403638577.577829599 3.30983 -8.03603 0.35385 0.63688 -0.52302 0.41806 0.38217
1403638577.677829504 3.34911 -8.18398 0.37042 0.63584 -0.52512 0.42007 0.37880
1403638577.777829409 3.39229 -8.32895 0.37907 0.63535 -0.52667 0.42131 0.37609
1403638577.877829552 3.43900 -8.47266 0.38149 0.63553 -0.52641 0.42162 0.37580
1403638577.977829456 3.48961 -8.61580 0.38189 0.63611 -0.52501 0.42182 0.37656
1403638578.077829599 3.54510 -8.75941 0.38825 0.63533 -0.52498 0.42396 0.37550
1403638578.177829504 3.60466 -8.90229 0.40199 0.63237 -0.52740 0.42941 0.37089
1403638578.277829409 3.66555 -9.04425 0.42254 0.62750 -0.53291 0.43690 0.36245
1403638578.377829552 3.72474 -9.18463 0.44289 0.62515 -0.53452 0.43997 0.36042
1403638578.477829456 3.78204 -9.32355 0.45673 0.62472 -0.53494 0.43990 0.36062
1403638578.577829599 3.83726 -9.45990 0.46429 0.62414 -0.53564 0.43985 0.36065
1403638578.677829504 3.89033 -9.59434 0.46801 0.62398 -0.53447 0.43943 0.36316
1403638578.777829409 3.94128 -9.72585 0.46815 0.62655 -0.53106 0.43547 0.36848
1403638578.877829552 3.99177 -9.85297 0.46526 0.62934 -0.52739 0.43152 0.37361
1403638578.977829456 4.04318 -9.97683 0.46090 0.63075 -0.52522 0.43001 0.37602
1403638579.077829599 4.09763 -10.10076 0.46473 0.63144 -0.52417 0.42987 0.37649
1403638579.177829504 4.15616 -10.22625 0.47808 0.63155 -0.52332 0.43030 0.37699
1403638579.277829409 4.21755 -10.34820 0.49551 0.63059 -0.52440 0.43230 0.37480
1403638579.377829552 4.28037 -10.46913 0.51462 0.62745 -0.52810 0.43729 0.36903
1403638579.477829456 4.34281 -10.58810 0.52846 0.62322 -0.53194 0.44346 0.36329
1403638579.577829599 4.40413 -10.70572 0.53788 0.62080 -0.52919 0.45112 0.36201
1403638579.677829504 4.46294 -10.81995 0.54395 0.62159 -0.51701 0.46235 0.36410
1403638579.777829409 4.52054 -10.92780 0.54428 0.63227 -0.49808 0.46984 0.36249
1403638579.877829552 4.57643 -11.02665 0.53779 0.65251 -0.47704 0.47211 0.35182
1403638579.977829456 4.63248 -11.11769 0.52556 0.67281 -0.45218 0.48041 0.33476
1403638580.077829599 4.68788 -11.20105 0.51125 0.68765 -0.41782 0.49990 0.32041
1403638580.177829504 4.74238 -11.27446 0.49337 0.70226 -0.38105 0.52083 0.30061
1403638580.277829409 4.79482 -11.33864 0.46954 0.71955 -0.34641 0.53574 0.27428
1403638580.377829552 4.84311 -11.39506 0.43940 0.73601 -0.32025 0.54423 0.24401
1403638580.477829456 4.88808 -11.45142 0.40631 0.74779 -0.30394 0.54861 0.21786
1403638580.577829599 4.93077 -11.50873 0.37223 0.75522 -0.29077 0.55223 0.20037
1403638580.677829504 4.96950 -11.56429 0.33822 0.76546 -0.27632 0.55090 0.18497
1403638580.777829409 5.00524 -11.61939 0.31127 0.77575 -0.26148 0.54715 0.17454
1403638580.877829552 5.03804 -11.67371 0.29397 0.78280 -0.25074 0.54363 0.16974
1403638580.977829456 5.06936 -11.72470 0.28771 0.78432 -0.24729 0.54482 0.16389
1403638581.077829599 5.09817 -11.77342 0.29121 0.78538 -0.24548 0.54448 0.16267
1403638581.177829504 5.12635 -11.82047 0.30471 0.78532 -0.24403 0.54442 0.16532
1403638581.277829409 5.14975 -11.86247 0.32076 0.78539 -0.24380 0.54316 0.16942
1403638581.377829552 5.17194 -11.90066 0.33768 0.78414 -0.24493 0.54339 0.17280
1403638581.477829456 5.19466 -11.93445 0.35660 0.78194 -0.24679 0.54475 0.17578
1403638581.577829599 5.21975 -11.96662 0.38010 0.78139 -0.24892 0.54353 0.17898
1403638581.677829504 5.25033 -11.99928 0.40161 0.77726 -0.24911 0.54754 0.18441
1403638581.777829409 5.28320 -12.03273 0.41594 0.77374 -0.25079 0.55099 0.18666
1403638581.877829552 5.31568 -12.06510 0.42386 0.77074 -0.25079 0.55416 0.18967
1403638581.977829456 5.34573 -12.09406 0.42866 0.76323 -0.24908 0.56387 0.19360
1403638582.077829599 5.37004 -12.11614 0.43201 0.76500 -0.25079 0.56118 0.19226
1403638582.177829504 5.39087 -12.13341 0.44262 0.77231 -0.25404 0.55104 0.18803
1403638582.277829409 5.41171 -12.14890 0.46487 0.77533 -0.25400 0.54671 0.18831
1403638582.377829552 5.43314 -12.16261 0.49853 0.77212 -0.25165 0.55146 0.19076
1403638582.477829456 5.45529 -12.17463 0.53956 0.77101 -0.24997 0.55309 0.19276
1403638582.577829599 5.47823 -12.18440 0.59184 0.77047 -0.24883 0.55402 0.19369
1403638582.677829504 5.50130 -12.19182 0.65300 0.77160 -0.24902 0.55247 0.19337
1403638582.777829409 5.52586 -12.19623 0.72164 0.77320 -0.25077 0.55009 0.19151
1403638582.877829552 5.54897 -12.19544 0.79218 0.77452 -0.25132 0.54784 0.19193
1403638582.977829456 5.57004 -12.18739 0.85480 0.77665 -0.25298 0.54442 0.19084
1403638583.077829599 5.58959 -12.17462 0.90828 0.77907 -0.25474 0.54043 0.18998
1403638583.177829504 5.60910 -12.15808 0.95286 0.78057 -0.25554 0.53785 0.19006
1403638583.277829409 5.63000 -12.13908 0.99014 0.78106 -0.25690 0.53689 0.18893
1403638583.377829552 5.65269 -12.11859 1.02165 0.78069 -0.25654 0.53741 0.18951
1403638583.477829456 5.67670 -12.09628 1.04980 0.78130 -0.25671 0.53634 0.18977
1403638583.577829599 5.70341 -12.07169 1.08368 0.78120 -0.25669 0.53639 0.19005
1403638583.677829504 5.73053 -12.04475 1.12487 0.78145 -0.25553 0.53594 0.19185
1403638583.777829409 5.75897 -12.01533 1.16625 0.78109 -0.25560 0.53649 0.19170
1403638583.877829552 5.78923 -11.98426 1.20101 0.78025 -0.25516 0.53765 0.19246
1403638583.977829456 5.82062 -11.95093 1.22837 0.78023 -0.25489 0.53765 0.19290
1403638584.077829599 5.85350 -11.91599 1.25186 0.77681 -0.25269 0.54254 0.19588
1403638584.177829504 5.88746 -11.87878 1.27259 0.76794 -0.24917 0.55510 0.20010
1403638584.277829409 5.92070 -11.83838 1.28705 0.75897 -0.24681 0.56752 0.20241
1403638584.377829552 5.94943 -11.79300 1.29224 0.75626 -0.24554 0.57109 0.20403
1403638584.477829456 5.97237 -11.74245 1.28994 0.75626 -0.24483 0.57116 0.20473
1403638584.577829599 5.98977 -11.68662 1.28762 0.75652 -0.24486 0.57097 0.20426
1403638584.677829504 6.00118 -11.62564 1.29166 0.75837 -0.24610 0.56885 0.20178
1403638584.777829409 6.00627 -11.55951 1.30109 0.76523 -0.24825 0.56006 0.19781
1403638584.877829552 6.00850 -11.48935 1.31550 0.77288 -0.25275 0.54976 0.19117
1403638584.977829456 6.00940 -11.41743 1.32968 0.77647 -0.25453 0.54458 0.18903
1403638585.077829599 6.00873 -11.34569 1.33866 0.77777 -0.25493 0.54277 0.18837
1403638585.177829504 6.00644 -11.27360 1.34203 0.77763 -0.25626 0.54330 0.18559
1403638585.277829409 6.00501 -11.20127 1.34135 0.77582 -0.25525 0.54608 0.18640
1403638585.377829552 6.00311 -11.12860 1.33547 0.77379 -0.25430 0.54929 0.18668
1403638585.477829456 6.00010 -11.05581 1.32732 0.77412 -0.25427 0.54898 0.18632
1403638585.577829599 6.00005 -10.98176 1.32592 0.77595 -0.25434 0.54670 0.18529
1403638585.677829504 5.99981 -10.90749 1.33283 0.77853 -0.25426 0.54315 0.18500
1403638585.777829409 6.00130 -10.83139 1.34716 0.78351 -0.25640 0.53604 0.18175
1403638585.877829552 6.00859 -10.75628 1.37000 0.78731 -0.25837 0.53034 0.17926
1403638585.977829456 6.01850 -10.68102 1.40009 0.78714 -0.26041 0.53016 0.17756
1403638586.077829599 6.03076 -10.60704 1.43207 0.78293 -0.25974 0.53597 0.17969
1403638586.177829504 6.04294 -10.53112 1.45776 0.78001 -0.25925 0.53979 0.18167
1403638586.277829409 6.05433 -10.45521 1.47783 0.77734 -0.25811 0.54335 0.18410
1403638586.377829552 6.06438 -10.38039 1.49312 0.77419 -0.25446 0.54752 0.18999
1403638586.477829456 6.07301 -10.30550 1.50277 0.77251 -0.24947 0.54933 0.19807
1403638586.577829599 6.08175 -10.22886 1.50675 0.77175 -0.24827 0.55014 0.20028
1403638586.677829504 6.09136 -10.14947 1.50414 0.77260 -0.25048 0.54897 0.19743
1403638586.777829409 6.10213 -10.06837 1.49587 0.77222 -0.25318 0.54970 0.19341
1403638586.877829552 6.11326 -9.98532 1.48213 0.77111 -0.25411 0.55156 0.19131
1403638586.977829456 6.12472 -9.89970 1.46362 0.77086 -0.25388 0.55189 0.19166
1403638587.077829599 6.13580 -9.81273 1.44241 0.77067 -0.25443 0.55213 0.19101
1403638587.177829504 6.14608 -9.72600 1.42560 0.77191 -0.25438 0.55056 0.19060
1403638587.277829409 6.15584 -9.63791 1.41808 0.77364 -0.25454 0.54832 0.18984
1403638587.377829552 6.16509 -9.54773 1.41713 0.77526 -0.25491 0.54605 0.18926
1403638587.477829456 6.17419 -9.45603 1.41988 0.77534 -0.25672 0.54572 0.18745
1403638587.577829599 6.18318 -9.36483 1.41876 0.77541 -0.25770 0.54543 0.18665
1403638587.677829504 6.19130 -9.27406 1.41191 0.77499 -0.25825 0.54585 0.18641
1403638587.777829409 6.19832 -9.18395 1.40052 0.77464 -0.25861 0.54622 0.18630
1403638587.877829552 6.20539 -9.09391 1.38431 0.77423 -0.25946 0.54669 0.18543
1403638587.977829456 6.21145 -9.00474 1.36341 0.77385 -0.25990 0.54710 0.18516
1403638588.077829599 6.21663 -8.91679 1.33902 0.77338 -0.25874 0.54795 0.18623
1403638588.177829504 6.22046 -8.83084 1.31133 0.77427 -0.25430 0.54654 0.19273
1403638588.277829409 6.22503 -8.74264 1.28416 0.77507 -0.25187 0.54553 0.19550
1403638588.377829552 6.23024 -8.65309 1.26246 0.77547 -0.25115 0.54509 0.19607
1403638588.477829456 6.23730 -8.56165 1.24914 0.77541 -0.25214 0.54536 0.19430
1403638588.577829599 6.24350 -8.46700 1.24466 0.77473 -0.25376 0.54644 0.19187
1403638588.677829504 6.24804 -8.37093 1.24866 0.77395 -0.25502 0.54777 0.18952
1403638588.777829409 6.25199 -8.27651 1.25878 0.77253 -0.25631 0.54972 0.18792
1403638588.877829552 6.25460 -8.18196 1.26593 0.77198 -0.25852 0.55031 0.18541
1403638588.977829456 6.25718 -8.08827 1.26665 0.77197 -0.25875 0.55013 0.18565
1403638589.077829599 6.25833 -7.99352 1.26028 0.77221 -0.25897 0.54954 0.18610
1403638589.177829504 6.25844 -7.89898 1.24891 0.77202 -0.25822 0.54962 0.18770
1403638589.277829409 6.25870 -7.80393 1.23319 0.77099 -0.25831 0.55110 0.18744
1403638589.377829552 6.25846 -7.70960 1.21698 0.77085 -0.25813 0.55132 0.18764
1403638589.477829456 6.25820 -7.61262 1.20455 0.77169 -0.25884 0.54991 0.18737
1403638589.577829599 6.25646 -7.51478 1.19764 0.77167 -0.25930 0.54991 0.18676
1403638589.677829504 6.25438 -7.41692 1.19870 0.77224 -0.25941 0.54919 0.18641
1403638589.777829409 6.25083 -7.31959 1.20644 0.77381 -0.25983 0.54664 0.18679
1403638589.877829552 6.24616 -7.22294 1.21283 0.77431 -0.26086 0.54544 0.18678
1403638589.977829456 6.24095 -7.12629 1.21385 0.77432 -0.26132 0.54507 0.18717
1403638590.077829599 6.23519 -7.02967 1.20999 0.77426 -0.26215 0.54491 0.18675
1403638590.177829504 6.22880 -6.93411 1.20220 0.77320 -0.26241 0.54607 0.18737
1403638590.277829409 6.22250 -6.83972 1.18894 0.77244 -0.26298 0.54701 0.18699
1403638590.377829552 6.21489 -6.74607 1.17228 0.77274 -0.26337 0.54632 0.18717
1403638590.477829456 6.20622 -6.65157 1.15228 0.77333 -0.26357 0.54541 0.18717
1403638590.577829599 6.19650 -6.55841 1.13480 0.77440 -0.26420 0.54396 0.18604
1403638590.677829504 6.18773 -6.46761 1.12459 0.77609 -0.26516 0.54175 0.18406
1403638590.777829409 6.17895 -6.37706 1.12313 0.77691 -0.26556 0.54066 0.18324
1403638590.877829552 6.17114 -6.28647 1.12731 0.77772 -0.26550 0.53945 0.18344
1403638590.977829456 6.16386 -6.19461 1.13904 0.77828 -0.26638 0.53863 0.18221
1403638591.077829599 6.15517 -6.10163 1.15276 0.77909 -0.26780 0.53720 0.18091
1403638591.177829504 6.14713 -6.01150 1.16165 0.78323 -0.26903 0.53083 0.17999
1403638591.277829409 6.14172 -5.92582 1.16359 0.78903 -0.27128 0.52187 0.17745
1403638591.377829552 6.14141 -5.84512 1.16132 0.79326 -0.27390 0.51516 0.17413
1403638591.477829456 6.14605 -5.77019 1.15345 0.79595 -0.27605 0.51076 0.17138
1403638591.577829599 6.15699 -5.70355 1.13952 0.79867 -0.27835 0.50620 0.16856
1403638591.677829504 6.17466 -5.64699 1.12227 0.79896 -0.27941 0.50563 0.16712
1403638591.777829409 6.19917 -5.60198 1.10490 0.79717 -0.27829 0.50853 0.16875
1403638591.877829552 6.22967 -5.56751 1.09020 0.79491 -0.27737 0.51227 0.16957
1403638591.977829456 6.26522 -5.54005 1.08317 0.79232 -0.27658 0.51649 0.17021
1403638592.077829599 6.30622 -5.51784 1.08626 0.78977 -0.27547 0.52083 0.17063
1403638592.177829504 6.35170 -5.49941 1.09773 0.78696 -0.27354 0.52671 0.16867
1403638592.277829409 6.39917 -5.48327 1.12090 0.78152 -0.26815 0.53899 0.16375
1403638592.377829552 6.44645 -5.46945 1.15154 0.77902 -0.25925 0.54948 0.15488
1403638592.477829456 6.49164 -5.45794 1.18990 0.78164 -0.24539 0.55527 0.14321
1403638592.577829599 6.53235 -5.45012 1.23460 0.78911 -0.23121 0.55273 0.13543
1403638592.677829504 6.56949 -5.44683 1.28564 0.79663 -0.21996 0.54808 0.12883
1403638592.777829409 6.60498 -5.44818 1.33549 0.80373 -0.21242 0.54186 0.12360
1403638592.877829552 6.64207 -5.45377 1.37912 0.80878 -0.20786 0.53704 0.11945
1403638592.977829456 6.68096 -5.46402 1.41823 0.81132 -0.20417 0.53477 0.11872
1403638593.077829599 6.72318 -5.47945 1.45192 0.81206 -0.20286 0.53439 0.11765
1403638593.177829504 6.76958 -5.49964 1.48591 0.81036 -0.20191 0.53730 0.11771
1403638593.277829409 6.82069 -5.52519 1.52545 0.80711 -0.19812 0.54206 0.12447
1403638593.377829552 6.87551 -5.55319 1.56959 0.80381 -0.19297 0.54667 0.13346
1403638593.477829456 6.93106 -5.58086 1.61095 0.79927 -0.18896 0.55262 0.14169
1403638593.577829599 6.98794 -5.60615 1.64536 0.79647 -0.18760 0.55591 0.14629
1403638593.677829504 7.04532 -5.62843 1.67312 0.79530 -0.18723 0.55701 0.14896
1403638593.777829409 7.10370 -5.64697 1.69549 0.79201 -0.18749 0.56123 0.15029
1403638593.877829552 7.16091 -5.66047 1.72023 0.78161 -0.18744 0.57671 0.14614
1403638593.977829456 7.21325 -5.66877 1.74923 0.77828 -0.18426 0.58381 0.13962
1403638594.077829599 7.25851 -5.67283 1.78190 0.78387 -0.18229 0.57885 0.13131
1403638594.177829504 7.29446 -5.67386 1.81860 0.78998 -0.17772 0.57244 0.12907
1403638594.277829409 7.32471 -5.67287 1.85262 0.79239 -0.17294 0.57049 0.12944
1403638594.377829552 7.34991 -5.66914 1.88425 0.79138 -0.16796 0.57281 0.13190
1403638594.477829456 7.37314 -5.66169 1.91945 0.79009 -0.16247 0.57529 0.13566
1403638594.577829599 7.39100 -5.64890 1.96070 0.79032 -0.16433 0.57574 0.13008
1403638594.677829504 7.40570 -5.63290 2.00720 0.79085 -0.16752 0.57533 0.12444
1403638594.777829409 7.41825 -5.61602 2.05036 0.79152 -0.16953 0.57427 0.12232
1403638594.877829552 7.42940 -5.59801 2.08714 0.79157 -0.17127 0.57396 0.12105
1403638594.977829456 7.43943 -5.57864 2.11778 0.79338 -0.17192 0.57100 0.12226
1403638595.077829599 7.44773 -5.55802 2.14226 0.79454 -0.17387 0.56906 0.12100
1403638595.177829504 7.45453 -5.53694 2.16065 0.79500 -0.17523 0.56801 0.12095
1403638595.277829409 7.45887 -5.51633 2.17214 0.79543 -0.17559 0.56718 0.12154
1403638595.377829552 7.46122 -5.49582 2.17766 0.79511 -0.17638 0.56743 0.12135
1403638595.477829456 7.46172 -5.47462 2.17767 0.79541 -0.17667 0.56687 0.12152
1403638595.577829599 7.46036 -5.45348 2.17331 0.79618 -0.17644 0.56584 0.12163
1403638595.677829504 7.45821 -5.43230 2.17514 0.79622 -0.17486 0.56574 0.12408
1403638595.777829409 7.45462 -5.40988 2.18183 0.79721 -0.17199 0.56426 0.12841
1403638595.877829552 7.45008 -5.38550 2.18443 0.79760 -0.17138 0.56359 0.12974
1403638595.977829456 7.44677 -5.36004 2.17170 0.79733 -0.16996 0.56382 0.13220
1403638596.077829599 7.44507 -5.33267 2.14926 0.79813 -0.16513 0.56231 0.13974
1403638596.177829504 7.44336 -5.30176 2.12588 0.79968 -0.15729 0.55942 0.15105
1403638596.277829409 7.44226 -5.26377 2.10842 0.80151 -0.14864 0.55587 0.16277
1403638596.377829552 7.44456 -5.21699 2.09935 0.80180 -0.14104 0.55463 0.17208
1403638596.477829456 7.44960 -5.15802 2.09923 0.80156 -0.13621 0.55446 0.17758
1403638596.577829599 7.46022 -5.08736 2.10878 0.80240 -0.13070 0.55235 0.18432
1403638596.677829504 7.47605 -5.00198 2.12682 0.80277 -0.12470 0.55062 0.19193
1403638596.777829409 7.49686 -4.90051 2.15197 0.80293 -0.12130 0.54977 0.19579
1403638596.877829552 7.52189 -4.78262 2.18426 0.80232 -0.11828 0.55007 0.19930
1403638596.977829456 7.55169 -4.64952 2.21874 0.80106 -0.11732 0.55149 0.20101
1403638597.077829599 7.58544 -4.50152 2.24823 0.80020 -0.11615 0.55198 0.20374
1403638597.177829504 7.62386 -4.33840 2.27285 0.79839 -0.11582 0.55381 0.20604
1403638597.277829409 7.66630 -4.15800 2.29127 0.79570 -0.11883 0.55791 0.20364
1403638597.377829552 7.71074 -3.96129 2.30440 0.79391 -0.12377 0.56108 0.19895
1403638597.477829456 7.75698 -3.74983 2.31373 0.79059 -0.13079 0.56710 0.19044
1403638597.577829599 7.80314 -3.52602 2.31965 0.78589 -0.14028 0.57539 0.17786
1403638597.677829504 7.84702 -3.29389 2.32206 0.78350 -0.14435 0.57893 0.17357
1403638597.777829409 7.88719 -3.05554 2.31834 0.78530 -0.13928 0.57646 0.17778
1403638597.877829552 7.92493 -2.80954 2.30932 0.78799 -0.12797 0.57410 0.18195
1403638597.977829456 7.96070 -2.55398 2.29723 0.78972 -0.11882 0.57334 0.18305
1403638598.077829599 7.99795 -2.28678 2.28978 0.78997 -0.11628 0.57564 0.17623
1403638598.177829504 8.03313 -2.00789 2.28907 0.79146 -0.12551 0.57787 0.15464
1403638598.277829409 8.06592 -1.72272 2.29270 0.79334 -0.13398 0.57778 0.13721
1403638598.377829552 8.09785 -1.43707 2.29392 0.79515 -0.13930 0.57652 0.12631
1403638598.477829456 8.12729 -1.15285 2.28863 0.79746 -0.14112 0.57379 0.12208
1403638598.577829599 8.15375 -0.86991 2.27671 0.79951 -0.13914 0.57245 0.11714
1403638598.677829504 8.17712 -0.58976 2.25919 0.80195 -0.13056 0.57195 0.11274
1403638598.777829409 8.19857 -0.31255 2.24326 0.80430 -0.11966 0.57264 0.10425
1403638598.877829552 8.21771 -0.03802 2.23382 0.80554 -0.10514 0.57536 0.09495
1403638598.977829456 8.23338 0.23369 2.22581 0.80826 -0.08870 0.57588 0.08494
1403638599.077829599 8.24829 0.50325 2.22150 0.80993 -0.07195 0.57753 0.07276
1403638599.177829504 8.25928 0.77047 2.22302 0.81151 -0.05417 0.57866 0.06063
1403638599.277829409 8.26732 1.03548 2.22818 0.81373 -0.03502 0.57807 0.04952
1403638599.377829552 8.27154 1.29991 2.24112 0.81714 -0.01761 0.57498 0.03690
1403638599.477829456 8.27234 1.56360 2.25927 0.81940 -0.00416 0.57254 0.02774
1403638599.577829599 8.27380 1.82703 2.27556 0.82176 0.00439 0.56938 0.02225
1403638599.677829504 8.27546 2.08915 2.28374 0.82326 0.00901 0.56729 0.01866
1403638599.777829409 8.27870 2.34990 2.28431 0.82337 0.01007 0.56715 0.01747
1403638599.877829552 8.28558 2.60885 2.27862 0.82465 0.00760 0.56537 0.01562
1403638599.977829456 8.29564 2.86641 2.26894 0.82482 0.00197 0.56526 0.01194
1403638600.077829599 8.31050 3.12018 2.25565 0.82592 -0.00584 0.56372 0.00560
1403638600.177829504 8.32911 3.37058 2.23877 0.82757 -0.01768 0.56104 -0.00636
1403638600.277829409 8.34900 3.61380 2.21767 0.82960 -0.02842 0.55739 -0.01623
1403638600.377829552 8.37355 3.84655 2.19740 0.83097 -0.03707 0.55457 -0.02373
1403638600.477829456 8.40332 4.06599 2.18298 0.83213 -0.04358 0.55206 -0.02985
1403638600.577829599 8.43821 4.26809 2.17914 0.83274 -0.04421 0.55119 -0.02776
1403638600.677829504 8.47591 4.45651 2.18208 0.83423 -0.04722 0.54853 -0.03057
1403638600.777829409 8.52068 4.63062 2.19108 0.83799 -0.04711 0.54281 -0.03025
1403638600.877829552 8.57039 4.79194 2.20355 0.84187 -0.03836 0.53797 -0.01926
1403638600.977829456 8.62579 4.94294 2.21267 0.84410 -0.02491 0.53560 -0.00244
1403638601.077829599 8.68952 5.08499 2.21534 0.84460 -0.01691 0.53508 0.00674
1403638601.177829504 8.76101 5.22201 2.21206 0.84332 -0.01047 0.53711 0.01469
1403638601.277829409 8.84001 5.35485 2.20572 0.83703 -0.00282 0.54661 0.02414
1403638601.377829552 8.92324 5.49081 2.19792 0.83205 0.00112 0.55429 0.02145
1403638601.477829456 9.01014 5.63061 2.19656 0.82771 0.00581 0.56106 0.00848
1403638601.577829599 9.09768 5.77104 2.20215 0.82308 0.02015 0.56756 -0.00226
1403638601.677829504 9.18552 5.91174 2.21319 0.82071 0.04026 0.56977 -0.01343
1403638601.777829409 9.27169 6.05103 2.23202 0.81808 0.06578 0.57073 -0.02604
1403638601.877829552 9.35474 6.19255 2.25905 0.81336 0.09489 0.57258 -0.03990
1403638601.977829456 9.43370 6.33603 2.28652 0.81045 0.11833 0.57112 -0.05472
1403638602.077829599 9.51009 6.48032 2.30941 0.80896 0.13528 0.56823 -0.06622
1403638602.177829504 9.58329 6.62499 2.32745 0.80441 0.15098 0.57003 -0.07211
1403638602.277829409 9.65310 6.77305 2.33976 0.79758 0.16850 0.57370 -0.07965
1403638602.377829552 9.71035 6.92681 2.34603 0.78668 0.18111 0.58130 -0.10205
1403638602.477829456 9.77490 7.07666 2.37625 0.76481 0.18770 0.60094 -0.13677
1403638602.577829599 9.82090 7.22257 2.40829 0.74329 0.19281 0.61710 -0.17184
1403638602.677829504 9.85125 7.35385 2.44546 0.73318 0.20629 0.61874 -0.19251
1403638602.777829409 9.86214 7.46540 2.48818 0.72899 0.22596 0.61323 -0.20360
1403638602.877829552 9.85303 7.54945 2.54230 0.72577 0.24561 0.60563 -0.21482
1403638602.977829456 9.83278 7.63551 2.58591 0.72602 0.26097 0.59138 -0.23465
1403638603.077829599 9.80093 7.69771 2.63212 0.72113 0.27570 0.58277 -0.25364
1403638603.177829504 9.76669 7.74670 2.67144 0.71390 0.29011 0.57919 -0.26593
1403638603.277829409 9.71658 7.77739 2.69731 0.72139 0.30716 0.56157 -0.26437
1403638603.377829552 9.66739 7.80296 2.71423 0.73427 0.32133 0.53960 -0.25771
1403638603.477829456 9.61841 7.82427 2.72623 0.74277 0.32827 0.52526 -0.25422
1403638603.577829599 9.56891 7.84432 2.73615 0.74074 0.33234 0.52505 -0.25529
1403638603.677829504 9.51868 7.85733 2.73993 0.73300 0.33486 0.53323 -0.25737
1403638603.777829409 9.46937 7.86625 2.73575 0.72441 0.34122 0.54389 -0.25096
1403638603.877829552 9.41660 7.87379 2.72288 0.71685 0.34621 0.55378 -0.24411
1403638603.977829456 9.35768 7.87908 2.70319 0.71017 0.34903 0.56283 -0.23886
1403638604.077829599 9.29070 7.88170 2.67859 0.70683 0.35164 0.56799 -0.23265
1403638604.177829504 9.21344 7.88330 2.65922 0.70627 0.35253 0.56860 -0.23149
1403638604.277829409 9.12368 7.88171 2.64950 0.71028 0.34866 0.56337 -0.23780
1403638604.377829552 9.02452 7.87515 2.64552 0.71796 0.34548 0.55319 -0.24324
1403638604.477829456 8.91965 7.86445 2.64834 0.72582 0.34702 0.54279 -0.24112
1403638604.577829599 8.81289 7.85223 2.65675 0.73048 0.34832 0.53652 -0.23919
1403638604.677829504 8.70420 7.83750 2.66189 0.73371 0.34675 0.53189 -0.24193
1403638604.777829409 8.59676 7.81864 2.66502 0.73568 0.34404 0.52901 -0.24609
1403638604.877829552 8.48485 7.80086 2.66411 0.73889 0.34330 0.52449 -0.24717
1403638604.977829456 8.37637 7.77845 2.66960 0.74492 0.34495 0.51594 -0.24478
1403638605.077829599 8.26986 7.75638 2.68226 0.75141 0.34677 0.50642 -0.24221
1403638605.277829409 8.06438 7.72619 2.71214 0.75634 0.35122 0.49905 -0.23569
1403638605.377829552 7.96824 7.71071 2.73573 0.75170 0.35548 0.50588 -0.22948
1403638605.477829456 7.87461 7.70409 2.74655 0.74169 0.36108 0.51980 -0.22207
1403638605.677829504 7.68141 7.70307 2.74821 0.72764 0.36867 0.53828 -0.21183
1403638605.777829409 7.57831 7.70819 2.74939 0.72672 0.36981 0.53934 -0.21029
1403638605.877829552 7.46798 7.71900 2.75886 0.72667 0.37145 0.53936 -0.20752
1403638605.977829456 7.35237 7.73779 2.77760 0.72593 0.37342 0.54053 -0.20349
1403638606.077829599 7.23451 7.76231 2.78973 0.72604 0.37422 0.54079 -0.20092
1403638606.277829409 6.97872 7.83058 2.79965 0.72703 0.37624 0.54009 -0.19537
1403638606.377829552 6.83866 7.87432 2.79563 0.73551 0.37134 0.52986 -0.20095
1403638606.477829456 6.69212 7.92797 2.78710 0.74569 0.36451 0.51707 -0.20909
1403638606.577829599 6.54771 7.97933 2.77229 0.75425 0.35968 0.50504 -0.21604
1403638606.677829504 6.40410 8.04064 2.75334 0.75745 0.36164 0.49640 -0.22153
1403638606.877829552 6.13049 8.18222 2.70325 0.75393 0.38341 0.47886 -0.23511
1403638606.977829456 6.00269 8.26082 2.68375 0.74685 0.39892 0.47170 -0.24614
1403638607.077829599 5.88499 8.35328 2.67030 0.73826 0.41334 0.46519 -0.26024
1403638607.177829504 5.77172 8.44865 2.66486 0.72864 0.42038 0.46458 -0.27665
1403638607.277829409 5.66889 8.55095 2.65799 0.71516 0.42483 0.47304 -0.29034
1403638607.377829552 5.56420 8.64929 2.64703 0.70669 0.42494 0.47767 -0.30305
1403638607.477829456 5.46648 8.74821 2.62427 0.70357 0.42615 0.47744 -0.30892
1403638607.577829599 5.37422 8.84716 2.59482 0.70252 0.42752 0.47647 -0.31093
1403638607.677829504 5.29037 8.94187 2.56303 0.70082 0.42753 0.47790 -0.31254
1403638607.877829552 5.12668 9.12930 2.49104 0.70167 0.42587 0.47848 -0.31201
1403638607.977829456 5.05418 9.22131 2.44656 0.70610 0.42250 0.47350 -0.31420
1403638608.077829599 4.98976 9.30887 2.39955 0.70484 0.42002 0.47710 -0.31489
1403638608.277829409 4.87616 9.47702 2.29047 0.69724 0.41984 0.49164 -0.30966
1403638608.477829456 4.76899 9.62480 2.15916 0.69127 0.41842 0.50093 -0.31007
1403638608.577829599 4.71469 9.69080 2.08743 0.69276 0.41914 0.49934 -0.30834
1403638608.677829504 4.65816 9.75272 2.01729 0.68995 0.41527 0.50303 -0.31382
1403638608.777829409 4.60381 9.80757 1.95320 0.69005 0.41500 0.50279 -0.31434
1403638608.977829456 4.49088 9.89539 1.84326 0.69751 0.41718 0.49184 -0.31229
1403638609.077829599 4.43483 9.93499 1.80388 0.70027 0.41761 0.48793 -0.31169
1403638609.277829409 4.32438 10.00443 1.73103 0.70085 0.41034 0.48693 -0.32144
1403638609.377829552 4.29764 10.03068 1.68277 0.70112 0.41077 0.48697 -0.32024
1403638609.477829456 4.24694 10.05667 1.64197 0.70120 0.41288 0.48746 -0.31658
1403638609.577829599 4.20841 10.07135 1.58029 0.70123 0.41482 0.48802 -0.31311
1403638609.777829409 4.14144 10.10121 1.45265 0.70035 0.41707 0.48936 -0.30999
1403638609.877829552 4.11301 10.11233 1.39623 0.70053 0.41679 0.48895 -0.31060
1403638609.977829456 4.08427 10.11996 1.34916 0.70006 0.41595 0.48973 -0.31157
1403638610.077829599 4.05926 10.12372 1.30988 0.69777 0.41346 0.49290 -0.31499
1403638610.277829409 4.01377 10.11663 1.23467 0.69333 0.41059 0.49922 -0.31855
1403638610.377829552 3.99634 10.10719 1.18578 0.69296 0.40988 0.49979 -0.31940
1403638610.477829456 3.96943 10.09143 1.13846 0.69136 0.40937 0.50237 -0.31947
1403638610.677829504 3.92555 10.04187 1.02551 0.68110 0.40390 0.51611 -0.32648
1403638610.777829409 3.89112 9.99569 0.97356 0.68647 0.40646 0.50845 -0.32407
1403638610.877829552 3.87339 9.95853 0.92594 0.69289 0.41025 0.49898 -0.32033
1403638610.977829456 3.84478 9.91753 0.89604 0.69330 0.41054 0.49782 -0.32087
1403638611.177829504 3.80697 9.80208 0.80308 0.68953 0.40886 0.50162 -0.32522
1403638611.277829409 3.78729 9.73901 0.75679 0.68918 0.40979 0.50173 -0.32462
1403638611.377829552 3.76860 9.66864 0.71404 0.68685 0.41424 0.50540 -0.31815
1403638611.577829599 3.72191 9.51325 0.64640 0.68234 0.42737 0.51340 -0.29695
1403638611.677829504 3.69234 9.43225 0.62230 0.68479 0.42769 0.51085 -0.29526
1403638611.877829552 3.62385 9.27298 0.56812 0.69613 0.41888 0.49611 -0.30629
1403638611.977829456 3.59047 9.19211 0.53566 0.69949 0.41623 0.49190 -0.30904
1403638612.177829504 3.52735 9.02907 0.48064 0.70265 0.41433 0.48840 -0.30995
1403638612.377829552 3.47440 8.86224 0.45373 0.70216 0.41424 0.48986 -0.30889
1403638612.477829456 3.45029 8.77484 0.43955 0.70091 0.41353 0.49268 -0.30819
1403638612.677829504 3.40195 8.59576 0.38683 0.69680 0.41656 0.50131 -0.29938
1403638612.877829552 3.35099 8.42234 0.31529 0.69477 0.41415 0.50781 -0.29648
1403638612.977829456 3.32209 8.33557 0.28483 0.69538 0.41211 0.50814 -0.29733
1403638613.177829504 3.25578 8.16333 0.24920 0.70061 0.41066 0.50200 -0.29748
1403638613.377829552 3.18494 7.99121 0.24388 0.70060 0.41144 0.50229 -0.29594
1403638613.577829599 3.11074 7.81837 0.23565 0.70126 0.40608 0.50580 -0.29579
1403638613.777829409 3.03282 7.64453 0.20214 0.70045 0.39176 0.51365 -0.30340
1403638613.977829456 2.95280 7.45642 0.14054 0.70849 0.37367 0.52236 -0.29250
1403638614.077829599 2.91149 7.35466 0.10260 0.71643 0.36166 0.52657 -0.28044
1403638614.277829409 2.82297 7.14206 0.02989 0.73535 0.33483 0.53135 -0.25461
1403638614.477829456 2.72967 6.92727 -0.01667 0.74661 0.31618 0.53274 -0.24249
1403638614.577829599 2.68397 6.82045 -0.02514 0.75103 0.30774 0.53325 -0.23853
1403638614.777829409 2.60534 6.61869 -0.01280 0.76594 0.27893 0.53009 -0.23355
1403638614.977829456 2.54635 6.41836 0.03949 0.78604 0.24200 0.52758 -0.21270
1403638615.077829599 2.52863 6.31560 0.07404 0.79323 0.22116 0.53296 -0.19451
1403638615.177829504 2.51434 6.20441 0.11068 0.79639 0.19902 0.54427 -0.17296
1403638615.277829409 2.50283 6.09007 0.15070 0.79847 0.17758 0.55594 -0.14779
1403638615.377829552 2.49221 5.97343 0.18584 0.80179 0.15218 0.56391 -0.12643
1403638615.477829456 2.48214 5.85567 0.21432 0.80451 0.12632 0.57055 -0.10619
1403638615.577829599 2.47192 5.73741 0.23564 0.80752 0.10204 0.57406 -0.08919
1403638615.677829504 2.46146 5.62112 0.25398 0.80941 0.08478 0.57610 -0.07602
1403638615.777829409 2.45076 5.50734 0.27740 0.81056 0.07237 0.57712 -0.06839
1403638615.877829552 2.43884 5.39370 0.30759 0.81168 0.06065 0.57749 -0.06330
1403638615.977829456 2.42575 5.27952 0.33580 0.81310 0.04880 0.57734 -0.05622
1403638616.077829599 2.41124 5.16476 0.35728 0.81357 0.03659 0.57837 -0.04738
1403638616.177829504 2.39556 5.04989 0.36787 0.81461 0.02253 0.57835 -0.03763
1403638616.277829409 2.37898 4.93168 0.36234 0.81539 0.00440 0.57826 -0.02710
1403638616.377829552 2.36049 4.80947 0.34246 0.81583 -0.01481 0.57794 -0.01400
1403638616.477829456 2.34085 4.68671 0.31450 0.81609 -0.03264 0.57699 -0.00359
1403638616.577829599 2.32127 4.56579 0.28255 0.81759 -0.04513 0.57400 0.00565
1403638616.677829504 2.30099 4.44452 0.24775 0.82209 -0.05482 0.56660 0.01132
1403638616.777829409 2.28261 4.32486 0.20809 0.83038 -0.06522 0.55331 0.00812
1403638616.877829552 2.26991 4.20457 0.16806 0.83600 -0.07212 0.54395 0.00416
1403638616.977829456 2.26266 4.07795 0.13605 0.83422 -0.06975 0.54692 0.00942
1403638617.077829599 2.26148 3.94562 0.11287 0.83062 -0.06467 0.55286 0.01507
1403638617.177829504 2.26285 3.80996 0.09684 0.82783 -0.05769 0.55761 0.02104
1403638617.277829409 2.26589 3.67179 0.08482 0.83023 -0.05297 0.55444 0.02253
1403638617.377829552 2.27308 3.53545 0.07920 0.83428 -0.05008 0.54861 0.02202
1403638617.477829456 2.28580 3.40290 0.08270 0.83707 -0.04687 0.54466 0.02166
1403638617.577829599 2.30470 3.27418 0.09516 0.83782 -0.04393 0.54375 0.02153
1403638617.677829504 2.32945 3.14918 0.11608 0.83647 -0.04000 0.54608 0.02273
1403638617.777829409 2.36168 3.02906 0.14527 0.83488 -0.03727 0.54868 0.02305
1403638617.877829552 2.39985 2.91508 0.18220 0.83497 -0.03399 0.54871 0.02421
1403638617.977829456 2.44381 2.80606 0.22382 0.83398 -0.03361 0.55032 0.02236
1403638618.077829599 2.49288 2.70190 0.26106 0.83367 -0.03246 0.55087 0.02182
1403638618.177829504 2.54640 2.59888 0.29126 0.83388 -0.03248 0.55065 0.01958
1403638618.277829409 2.60375 2.49643 0.31490 0.83395 -0.03096 0.55060 0.02010
1403638618.377829552 2.66429 2.39688 0.33440 0.83329 -0.02995 0.55167 0.01993
1403638618.477829456 2.72853 2.29959 0.35128 0.83348 -0.02869 0.55145 0.01972
1403638618.577829599 2.79621 2.20548 0.36665 0.83253 -0.02789 0.55288 0.02092
1403638618.677829504 2.86792 2.11301 0.38030 0.83240 -0.03096 0.55276 0.02482
1403638618.777829409 2.94386 2.02479 0.39739 0.83169 -0.03413 0.55351 0.02744
1403638618.877829552 3.02332 1.94112 0.42004 0.82991 -0.03746 0.55579 0.03057
1403638618.977829456 3.10573 1.85952 0.44472 0.82568 -0.04632 0.56104 0.03665
1403638619.077829599 3.18993 1.77998 0.46172 0.82191 -0.05993 0.56437 0.04861
1403638619.177829504 3.27437 1.70353 0.47141 0.81809 -0.07878 0.56625 0.06225
1403638619.277829409 3.36030 1.63006 0.47441 0.81384 -0.10283 0.56680 0.07629
1403638619.377829552 3.44610 1.55762 0.46852 0.80903 -0.12724 0.56632 0.09247
1403638619.477829456 3.53203 1.48885 0.45880 0.80448 -0.14835 0.56586 0.10303
1403638619.577829599 3.61983 1.42226 0.44863 0.80063 -0.16399 0.56577 0.10955
1403638619.677829504 3.70720 1.35740 0.43542 0.79694 -0.18035 0.56672 0.10583
1403638619.777829409 3.79139 1.29248 0.42039 0.79435 -0.19185 0.56723 0.10222
1403638619.977829456 3.94256 1.15848 0.38418 0.79118 -0.20195 0.56797 0.10327
1403638620.177829504 4.06615 1.01289 0.35256 0.78551 -0.20228 0.57441 0.11002
1403638620.277829409 4.11592 0.93646 0.34673 0.78609 -0.20102 0.57355 0.11264
1403638620.477829456 4.19635 0.78139 0.35461 0.78873 -0.19659 0.57074 0.11622
1403638620.677829504 4.26507 0.62151 0.35960 0.79277 -0.19474 0.56646 0.11276
1403638620.877829552 4.32388 0.45847 0.34318 0.79948 -0.19054 0.55849 0.11230
1403638620.977829456 4.35202 0.37559 0.33029 0.80020 -0.18460 0.55852 0.11688
1403638621.177829504 4.40336 0.21463 0.30594 0.79752 -0.17774 0.56402 0.11941
1403638621.377829552 4.45440 0.05673 0.30494 0.79730 -0.17219 0.56560 0.12146
1403638621.577829599 4.49701 -0.08463 0.29216 0.79336 -0.16810 0.57218 0.12217
1403638621.677829504 4.51567 -0.15074 0.27834 0.79241 -0.16711 0.57385 0.12187
1403638621.877829552 4.54341 -0.26533 0.23880 0.78739 -0.16404 0.58095 0.12492
1403638622.077829599 4.55334 -0.38064 0.19436 0.78444 -0.16454 0.58498 0.12401
1403638622.277829409 4.54373 -0.46374 0.13627 0.78474 -0.16892 0.58455 0.11811
1403638622.377829552 4.53263 -0.50362 0.11806 0.78574 -0.16948 0.58291 0.11877
1403638622.577829599 4.49197 -0.57170 0.10563 0.78639 -0.16667 0.58134 0.12590
1403638622.777829409 4.43304 -0.62560 0.12609 0.77120 -0.16338 0.60078 0.13274
1403638622.877829552 4.39546 -0.64248 0.14638 0.76640 -0.16294 0.60662 0.13452
1403638623.077829599 4.29321 -0.65257 0.17840 0.77656 -0.16920 0.59294 0.12946
1403638623.177829504 4.23105 -0.64941 0.18600 0.78038 -0.17312 0.58782 0.12447
1403638623.377829552 4.09042 -0.63692 0.18604 0.78623 -0.17741 0.57982 0.11908
1403638623.477829456 4.01503 -0.62965 0.17989 0.78787 -0.17732 0.57747 0.11978
1403638623.677829504 3.85427 -0.61186 0.17853 0.78846 -0.17617 0.57641 0.12266
1403638623.877829552 3.67829 -0.58999 0.20491 0.79064 -0.17605 0.57268 0.12619
1403638623.977829456 3.58597 -0.57673 0.21928 0.79177 -0.17657 0.57061 0.12775
1403638624.177829504 3.39974 -0.54656 0.23285 0.79191 -0.18187 0.56966 0.12366
1403638624.277829409 3.30473 -0.53099 0.23378 0.79155 -0.18448 0.56976 0.12160
1403638624.477829456 3.11319 -0.50126 0.22378 0.79083 -0.18648 0.56989 0.12260
1403638624.577829599 3.01586 -0.48720 0.21410 0.78248 -0.19109 0.58075 0.11808
1403638624.777829409 2.81006 -0.45989 0.18910 0.78441 -0.17893 0.58068 0.12446
1403638624.877829552 2.70073 -0.44452 0.18458 0.79068 -0.17071 0.57435 0.12568
1403638625.077829599 2.47704 -0.40727 0.18948 0.79500 -0.16774 0.57235 0.11074
1403638625.177829504 2.36567 -0.38898 0.18925 0.79592 -0.16794 0.57219 0.10438
1403638625.377829552 2.14261 -0.35662 0.17967 0.79699 -0.16524 0.57206 0.10122
1403638625.577829599 1.91827 -0.32867 0.18830 0.79702 -0.16413 0.57241 0.10089
1403638625.677829504 1.80817 -0.31685 0.20446 0.79865 -0.16407 0.57012 0.10100
1403638625.877829552 1.58479 -0.29775 0.23437 0.80577 -0.16559 0.55977 0.09983
1403638625.977829456 1.47674 -0.29383 0.23300 0.80618 -0.16571 0.55896 0.10085
1403638626.177829504 1.26352 -0.28226 0.24372 0.80782 -0.16794 0.55618 0.09943
1403638626.377829552 1.06825 -0.28000 0.22838 0.80462 -0.16130 0.56070 0.11040
1403638626.577829599 0.88585 -0.28437 0.20074 0.80587 -0.15838 0.55910 0.11356
1403638626.677829504 0.80343 -0.27684 0.18157 0.80783 -0.15890 0.55637 0.11234
1403638626.877829552 0.64595 -0.26949 0.16703 0.81444 -0.16065 0.54679 0.10911
1403638626.977829456 0.57246 -0.26708 0.17087 0.81534 -0.16083 0.54553 0.10842
1403638627.177829504 0.44136 -0.26691 0.16800 0.81539 -0.16037 0.54587 0.10697
1403638627.377829552 0.32865 -0.26733 0.15446 0.81488 -0.15716 0.54689 0.11037
1403638627.477829456 0.27856 -0.26800 0.14058 0.81528 -0.15689 0.54632 0.11060
1403638627.677829504 0.20516 -0.26779 0.10804 0.81119 -0.15570 0.55201 0.11410
1403638627.877829552 0.14738 -0.26611 0.07444 0.80878 -0.15478 0.55522 0.11686
1403638628.077829599 0.09872 -0.26087 0.04189 0.81186 -0.15519 0.55030 0.11815
1403638628.277829409 0.06122 -0.24397 0.01665 0.81268 -0.15642 0.54848 0.11936
1403638628.377829552 0.05494 -0.23800 0.00719 0.81321 -0.15802 0.54750 0.11813
1403638628.477829456 0.04362 -0.23175 0.00598 0.81037 -0.16263 0.55158 0.11230
1403638628.577829599 0.05147 -0.21811 0.00521 0.80317 -0.16821 0.56188 0.10445
1403638628.677829504 0.04780 -0.20947 0.00682 0.79906 -0.17210 0.56753 0.09898
1403638628.777829409 0.04206 -0.20321 0.00190 0.80018 -0.17141 0.56584 0.10077
1403638628.877829552 0.03669 -0.19846 -0.00986 0.80079 -0.16866 0.56497 0.10530
1403638628.977829456 0.02828 -0.19313 -0.02377 0.80145 -0.16578 0.56394 0.11032
1403638629.077829599 0.01998 -0.19022 -0.03602 0.80262 -0.16236 0.56231 0.11511
1403638629.177829504 0.01280 -0.18933 -0.04460 0.80383 -0.16034 0.56067 0.11742
1403638629.277829409 0.01961 -0.18044 -0.05252 0.80417 -0.15952 0.56030 0.11799
1403638629.377829552 0.01045 -0.18104 -0.05923 0.80727 -0.15966 0.55562 0.11874
1403638629.477829456 0.00169 -0.16976 -0.05284 0.81171 -0.16148 0.54893 0.11720
1403638629.577829599 0.00270 -0.16108 -0.05234 0.81466 -0.16437 0.54444 0.11357
1403638629.677829504 0.00788 -0.15410 -0.04866 0.81243 -0.17268 0.54737 0.10261
1403638629.777829409 0.01148 -0.14958 -0.04348 0.80666 -0.17795 0.55534 0.09610
1403638629.877829552 0.01717 -0.14849 -0.04095 0.80018 -0.17955 0.56436 0.09471
1403638629.977829456 0.02388 -0.14574 -0.03991 0.79470 -0.17269 0.57220 0.10590
1403638630.077829599 0.02327 -0.15492 -0.06700 0.79115 -0.16664 0.57708 0.11527
1403638630.177829504 0.01686 -0.15726 -0.10185 0.79395 -0.16327 0.57331 0.11959
1403638630.277829409 0.01285 -0.15637 -0.13701 0.79851 -0.16269 0.56694 0.12040
1403638630.377829552 0.01335 -0.15285 -0.16322 0.81788 -0.16397 0.53918 0.11606
1403638630.477829456 0.02423 -0.15104 -0.15219 0.79993 -0.16203 0.56605 0.11596
1403638630.577829599 0.03357 -0.14961 -0.15410 0.79922 -0.16312 0.56682 0.11557
1403638630.677829504 0.04086 -0.14924 -0.17499 0.81823 -0.16040 0.54048 0.11252
1403638630.777829409 0.04053 -0.15595 -0.18112 0.82517 -0.15465 0.53102 0.11492
1403638630.877829552 0.03294 -0.15603 -0.18667 0.82384 -0.15565 0.53379 0.11016
1403638630.977829456 0.02548 -0.16143 -0.18404 0.82378 -0.15555 0.53396 0.10985
1403638631.077829599 0.01856 -0.16332 -0.18289 0.82387 -0.15501 0.53385 0.11050
1403638631.177829504 0.01896 -0.17025 -0.18178 0.82406 -0.15508 0.53361 0.11013
1403638631.277829409 0.03233 -0.17430 -0.17578 0.82435 -0.15524 0.53311 0.11021
1403638631.377829552 0.04383 -0.17286 -0.17216 0.82447 -0.15603 0.53257 0.11079
1403638631.477829456 0.04825 -0.16939 -0.17118 0.82434 -0.15652 0.53260 0.11090
1403638631.577829599 0.04929 -0.16811 -0.17050 0.82432 -0.15658 0.53266 0.11071
