1311868164.363181 0.0000006 -0.0000095 -0.0000060 0.0000167 -0.0000012 0.0000052 1.0000000
1311868164.963119 0.0849962 0.0039941 -0.0491681 0.0135707 -0.0039852 -0.0194369 0.9997110
1311868164.999037 0.0932455 0.0026897 -0.0495963 0.0111970 -0.0066542 -0.0195127 0.9997247
1311868165.131014 0.1364869 -0.0009389 -0.0592669 0.0118187 -0.0223340 -0.0254688 0.9993562
1311868165.731234 0.3086917 0.0426081 -0.0915137 -0.0030394 -0.0521360 -0.0374424 0.9979332
1311868166.199211 0.3182615 0.0929123 -0.1745384 -0.0272354 -0.0150424 -0.0277020 0.9991319
1311868166.831229 0.3847170 0.1479202 -0.2434312 -0.0464773 -0.0033115 -0.0203418 0.9987067
1311868167.563160 0.6226157 0.1380365 -0.2513291 -0.0334687 -0.0774626 -0.0640641 0.9943718
1311868168.799362 0.6827366 0.0276096 -0.0974394 -0.0263865 -0.1056810 -0.0650094 0.9919219
1311868169.331297 0.7132807 -0.0634788 -0.0076114 -0.0000068 -0.1737476 -0.1011030 0.9795866
1311868169.699466 0.7593704 -0.1430779 0.0571729 0.0337390 -0.2334341 -0.1428421 0.9612316
1311868171.399409 1.0777208 -0.1499186 0.0170196 0.0223264 -0.2874793 -0.1513319 0.9454924
1311868172.299544 1.2973950 -0.1309345 0.1195236 -0.0161361 -0.3177586 -0.1961562 0.9275192
1311868172.831632 1.3670707 -0.1102158 0.2218497 -0.0683780 -0.2956649 -0.2137550 0.9285556
1311868173.731607 1.4006261 -0.2058585 0.4156737 -0.0785464 -0.3126535 -0.2235586 0.9198368
1311868174.067656 1.4382070 -0.2618473 0.4719273 -0.0523513 -0.3626033 -0.2557049 0.8946469
1311868174.631772 1.5136802 -0.3283539 0.5701040 -0.0401671 -0.4109361 -0.2706999 0.8696204
1311868174.967694 1.5014303 -0.3843763 0.6113288 -0.0203896 -0.4211539 -0.2564488 0.8697400
1311868175.199578 1.4661767 -0.4374972 0.6313353 0.0094488 -0.4248776 -0.2558634 0.8682877
1311868175.331887 1.4520706 -0.4534492 0.6473587 0.0383347 -0.4339772 -0.2358166 0.8686684
1311868175.567800 1.4314173 -0.4870414 0.6893773 0.0506783 -0.4523111 -0.2066753 0.8661014
1311868175.799815 1.4264934 -0.5221465 0.7337390 0.0660113 -0.4701824 -0.2004608 0.8569635
1311868176.467865 1.5169094 -0.6089824 0.9157481 0.0569885 -0.5333226 -0.2488429 0.8064716
1311868176.799720 1.5419984 -0.6299657 0.9905187 0.0375316 -0.5399680 -0.2568935 0.8006445
1311868177.331730 1.5078261 -0.6712247 1.0924453 0.0335042 -0.5323693 -0.2740275 0.8002308
1311868177.867810 1.4872313 -0.6973417 1.2108324 0.0136913 -0.5434446 -0.2917107 0.7870104
1311868178.199855 1.5256706 -0.7228007 1.2921367 0.0120595 -0.5836262 -0.3251371 0.7439898
1311868178.567928 1.5819869 -0.7318387 1.3556635 -0.0004283 -0.6065651 -0.3334447 0.7217294
1311868178.932267 1.6694319 -0.7288373 1.3576618 -0.0110587 -0.6153320 -0.3319498 0.7148800
1311868179.300467 1.8012818 -0.7156826 1.3455023 -0.0175436 -0.6049559 -0.3364253 0.7214836
1311868179.832089 1.9423623 -0.7242674 1.3810577 -0.0398474 -0.5852108 -0.3493361 0.7306879
1311868180.432000 2.0597856 -0.7671774 1.4955848 -0.0587259 -0.6167157 -0.3671274 0.6938519
1311868181.932068 1.9601352 -0.8438624 1.6472251 -0.0619056 -0.6014264 -0.3687861 0.7060105
1311868182.368183 1.8219573 -0.8669462 1.6762910 -0.0614399 -0.5994052 -0.3588491 0.7128575
1311868182.636312 1.7363626 -0.8997287 1.7012788 -0.0498894 -0.6119688 -0.3493072 0.7078062
1311868182.800181 1.6791205 -0.9238030 1.7246563 -0.0339983 -0.6345272 -0.3447639 0.6909104
1311868183.000259 1.6038030 -0.9608798 1.7623228 -0.0200861 -0.6615815 -0.3542277 0.6606278
1311868183.368469 1.4631394 -1.0353857 1.8076785 0.0116522 -0.6981694 -0.3814394 0.6057455
1311868183.536275 1.4220850 -1.0482842 1.8116580 -0.0044306 -0.7165487 -0.3803340 0.5847088
1311868183.768221 1.3387272 -1.0743568 1.8327780 -0.0290929 -0.7263000 -0.3760437 0.5746591
1311868183.968498 1.2724655 -1.0960585 1.8319033 -0.0306208 -0.7244766 -0.3846442 0.5711785
1311868184.200464 1.1971128 -1.1195107 1.8313433 -0.0162939 -0.7263237 -0.3658900 0.5816467
1311868184.500438 1.1112567 -1.1373168 1.8513703 -0.0128384 -0.7306355 -0.3618570 0.5788493
1311868184.736501 1.0429503 -1.1538402 1.8768392 -0.0110677 -0.7548416 -0.3583724 0.5492367
1311868184.900445 0.9894515 -1.1861693 1.8939452 0.0024858 -0.7715964 -0.3561834 0.5270353
1311868185.100898 0.9363409 -1.2096632 1.9133189 0.0171517 -0.7825425 -0.3632554 0.5053500
1311868185.300484 0.8781800 -1.2283907 1.9226135 -0.0163881 0.7926832 0.3576190 -0.4934506
1311868185.436438 0.8473250 -1.2317601 1.9346341 -0.0198032 0.7956051 0.3467249 -0.4963891
1311868185.600364 0.8132513 -1.2377378 1.9381118 0.0372377 -0.7925227 -0.3371051 0.5068346
1311868185.768630 0.7810076 -1.2454343 1.9448264 0.0441411 -0.7950712 -0.3212870 0.5125309
1311868186.068672 0.7330061 -1.2422857 1.9702532 -0.0330380 0.8069891 0.3261918 -0.4911985
1311868186.237659 0.7057293 -1.2417288 1.9926014 -0.0275361 0.8179582 0.3393342 -0.4637224
1311868186.636497 0.6780705 -1.2479411 2.0588858 -0.0053880 0.8409364 0.3680125 -0.3966909
1311868187.236433 0.7852733 -1.2672694 2.1363676 0.0043071 0.8337993 0.3845129 -0.3961186
1311868187.736522 0.8446871 -1.2934518 2.2202446 0.0107949 0.8150927 0.4080279 -0.4111212
1311868188.136705 0.8328608 -1.3204309 2.3348644 0.0126498 0.8311477 0.4164641 -0.3682271
1311868188.300900 0.8143896 -1.3193535 2.4019699 0.0137168 0.8321068 0.4340165 -0.3450215
1311868188.502489 0.8096920 -1.3091301 2.4519162 0.0206713 0.8255599 0.4555446 -0.3324195
1311868188.836521 0.8643788 -1.3228792 2.5219793 0.0425381 0.8234053 0.4672662 -0.3191498
1311868189.100649 0.9373590 -1.3338363 2.5734806 0.0736367 0.8125617 0.4820297 -0.3193250
1311868189.500573 1.0416975 -1.3558896 2.6418257 0.0650823 0.7915606 0.5044778 -0.3386712
1311868190.002005 1.0593733 -1.3978848 2.7619991 0.0701098 0.7841151 0.5107607 -0.3455020
1311868190.736730 1.0241778 -1.4849491 2.9334700 0.0657573 0.7861051 0.5006811 -0.3564171
1311868192.404725 0.9049149 -1.5127532 2.9599597 0.0581827 0.7796159 0.5007199 -0.3716092
1311868193.205121 0.8177869 -1.5162282 2.8450234 0.0545237 0.7985778 0.4868062 -0.3497432
1311868193.838095 0.7376241 -1.5748663 2.8010886 0.0304636 0.8225818 0.4899775 -0.2869723
1311868194.645036 0.6915121 -1.6355978 2.7586515 0.0245266 0.8327069 0.4719975 -0.2884719
1311868195.508972 0.6418927 -1.6966177 2.8421378 0.0199331 0.8400486 0.4529335 -0.2979470
1311868195.837123 0.6313636 -1.6979111 2.9156284 0.0188686 0.8274489 0.4676968 -0.3102129
1311868196.507765 0.7147872 -1.7025328 3.0302308 0.0538136 0.7997666 0.4759750 -0.3618359
1311868197.169013 0.7186714 -1.7341275 3.1691604 0.0677477 0.7842662 0.4875920 -0.3776119
1311868197.837217 0.6412074 -1.7596359 3.3215854 0.0701412 0.7833260 0.5249456 -0.3254421
1311868199.069162 0.4587890 -1.7433493 3.3720858 0.0713937 0.7781199 0.5444389 -0.3049896
1311868200.205451 0.2770169 -1.7504790 3.4051588 0.0628818 0.8043018 0.5534350 -0.2070126
1311868201.105420 0.1310170 -1.7932067 3.5179954 0.0682856 0.8079905 0.5626498 -0.1609768
1311868202.737342 -0.0787870 -1.7812208 3.5272641 0.0411110 0.7999709 0.5858942 -0.1228184
1311868203.437674 -0.1451647 -1.8286469 3.4548483 0.0394446 0.8329475 0.5469078 -0.0743938
1311868204.105511 -0.2422758 -1.8954716 3.3264871 0.0270244 0.8324041 0.5534976 -0.0036782
1311868204.573698 -0.3339939 -1.9487987 3.2518125 0.0231003 0.8258182 0.5624603 0.0336008
1311868204.837551 -0.3700072 -1.9818050 3.2338853 0.0221617 0.8271883 0.5603784 0.0352749
1311868205.205555 -0.4201961 -2.0340581 3.1837909 0.0206511 0.8334225 0.5511861 0.0342676
1311868205.605542 -0.4452333 -2.0760550 3.1554608 0.0294091 0.8570851 0.5126457 0.0416494
1311868206.037992 -0.4561121 -2.1014194 3.1207421 0.0231281 0.8696554 0.4924239 0.0261379
1311868207.537787 -0.5906665 -1.9867589 3.1946187 0.0055200 0.8589966 0.5068340 0.0722060
1311868208.173832 -0.6885582 -1.9208457 3.2801960 -0.0091217 0.8495467 0.5233573 0.0654544
1311868208.805683 -0.7747903 -1.8669086 3.3641534 -0.0002166 0.8328425 0.5491753 0.0691362
1311868209.942127 -0.8555700 -1.6869516 3.3496158 0.0048065 0.8158788 0.5741624 0.0682366
1311868211.674030 -1.0795172 -1.6156139 3.3324261 -0.0077001 0.8102026 0.5676140 0.1460373
1311868212.942123 -1.2788569 -1.5970194 3.3069601 -0.0139251 0.8106593 0.5717256 0.1255683
1311868214.074100 -1.3680904 -1.5451956 3.1657224 -0.0131849 0.8157241 0.5508364 0.1760667
1311868215.142266 -1.4626724 -1.5151777 3.0569851 -0.0187700 0.8052269 0.5247987 0.2753972
1311868215.974271 -1.4601179 -1.5651621 2.9248490 -0.0278344 0.7962558 0.5004014 0.3388222
1311868216.774257 -1.4733819 -1.6256918 2.7905633 -0.0035149 0.7997396 0.4897714 0.3471718
1311868217.307288 -1.4883522 -1.6637810 2.7330167 -0.0029735 0.8145608 0.4730284 0.3357468
1311868219.042799 -1.5382398 -1.5520924 2.7569792 -0.0055519 0.8149147 0.4527706 0.3617762
1311868219.310567 -1.5702128 -1.4876231 2.7829821 0.0052071 0.8143923 0.4525908 0.3631800
1311868219.574798 -1.5955020 -1.4186270 2.8084242 0.0154669 0.7964539 0.4690576 0.3813226
1311868220.110558 -1.6205479 -1.3346393 2.8679290 0.0340325 0.7742624 0.4806594 0.4102755
1311868220.542610 -1.6497302 -1.2762167 2.9206285 0.0171902 0.7539662 0.4954181 0.4310457
1311868221.174633 -1.7147645 -1.2287595 2.9539816 0.0040561 0.7373749 0.5146458 0.4374947
1311868223.143721 -1.8250484 -1.1651936 2.8295832 -0.0078536 0.7221891 0.5153459 0.4613023
1311868224.545292 -1.9373870 -1.1006768 2.6943336 0.0063643 0.7061815 0.4954563 0.5057572
1311868225.310787 -2.0434594 -1.0533118 2.5955493 -0.0030751 0.7006639 0.4823995 0.5256912
1311868226.511027 -2.1393423 -0.9956036 2.4976413 -0.0001906 0.6900612 0.4810185 0.5407741
1311868227.010946 -2.1397066 -0.9600216 2.3724506 0.0030740 0.6840638 0.4755158 0.5531112
1311868227.446682 -2.1277416 -0.9265291 2.2656245 0.0126874 0.6801806 0.4651344 0.5664303
1311868227.879151 -2.1323829 -0.8938801 2.1978378 0.0150173 0.6550493 0.4488584 0.6076274
1311868228.312417 -2.1677308 -0.8637022 2.1187789 0.0076014 0.6250246 0.4241945 0.6552446
1311868228.779112 -2.2225347 -0.8288583 2.0312188 -0.0064275 0.6123152 0.4090163 0.6765608
1311868229.148295 -2.2415998 -0.7977375 1.9696995 0.0021882 0.6147844 0.4132491 0.6717592
1311868229.413148 -2.2167344 -0.8120932 1.9283320 -0.0057878 0.6054755 0.4279455 0.6709908
1311868229.647479 -2.1655781 -0.8177242 1.8890457 -0.0125384 0.6042612 0.4296011 0.6709353
1311868229.844489 -2.1157796 -0.8373237 1.8529010 -0.0122352 0.6012229 0.4325495 0.6717754
1311868230.083190 -2.0579195 -0.8617089 1.8154919 -0.0103633 0.6001856 0.4351162 0.6710766
1311868230.214879 -2.0285287 -0.8722649 1.7937459 -0.0112950 0.6090558 0.4333072 0.6642050
1311868230.382061 -1.9936271 -0.8924595 1.7612711 -0.0121107 0.6065125 0.4376925 0.6636423
1311868230.543330 -1.9575605 -0.8952862 1.7295754 -0.0028039 0.5939925 0.4637279 0.6573595
1311868230.713079 -1.9262462 -0.8975265 1.6944808 0.0099984 0.6069893 0.4584511 0.6490660
1311868230.943429 -1.8913867 -0.9062092 1.6516205 -0.0053491 0.6095263 0.4441673 0.6566311
1311868231.180564 -1.8631847 -0.9205690 1.6059793 -0.0231220 0.6168060 0.4256948 0.6616643
1311868231.514222 -1.8011425 -0.9375346 1.5574632 -0.0649767 0.6041766 0.4380811 0.6624451
1311868231.883453 -1.7300971 -0.9882371 1.5348849 -0.0733598 0.6033614 0.4411685 0.6602604
1311868232.243208 -1.6639563 -1.0466371 1.5257998 -0.0874960 0.5956291 0.4375688 0.6679102
1311868232.744002 -1.5855520 -1.1138990 1.5190684 -0.0771372 0.6073322 0.4472766 0.6520284
1311868234.479529 -1.7831371 -0.9799615 1.4163783 -0.0479002 0.5889097 0.3662445 0.7188573
1311868235.211489 -1.9387674 -0.8486019 1.3464923 -0.0517481 0.5756218 0.3669548 0.7289209
1311868235.779537 -1.9845484 -0.7433238 1.2946488 -0.0404269 0.5942912 0.3620822 0.7169939
1311868236.412852 -1.9767551 -0.6302913 1.2370595 -0.0395027 0.5591007 0.3551085 0.7481604
1311868236.979635 -1.9786949 -0.5369876 1.1975369 -0.0148134 0.5322349 0.3479576 0.7716424
1311868237.479718 -1.9857776 -0.4500813 1.1238146 -0.0013375 0.5068841 0.3403855 0.7919624
1311868237.911846 -2.0102797 -0.3743977 1.0181407 -0.0176113 0.4773259 0.3106565 0.8217922
1311868238.279669 -2.0215268 -0.3066272 0.9487635 -0.0212231 0.4568474 0.3152702 0.8315316
1311868238.911768 -1.9748352 -0.2326182 0.8726999 -0.0284852 0.4541004 0.3283538 0.8277470
1311868239.511807 -1.9072061 -0.1752172 0.8218857 -0.0202353 0.4128453 0.3165030 0.8538004
1311868240.012203 -1.8806984 -0.1217565 0.7705824 -0.0293870 0.3700308 0.2917064 0.8815446
1311868240.379758 -1.8691794 -0.0595015 0.6746625 -0.0454025 0.3566605 0.2672609 0.8940377
1311868240.947862 -1.8765539 -0.0016443 0.5933307 -0.0639311 0.3463870 0.2675751 0.8968458
1311868241.512153 -1.7780199 -0.0970017 0.5559163 -0.0651155 0.3473994 0.2803805 0.8924463
1311868241.911969 -1.6930269 -0.1636521 0.5209728 -0.0623057 0.3367082 0.2645646 0.9015271
1311868242.279969 -1.6449668 -0.1938297 0.4585091 -0.0664266 0.3073472 0.2309550 0.9207524
1311868242.648160 -1.6121250 -0.1921528 0.4231768 -0.0564148 0.2702722 0.2190807 0.9358279
1311868242.948092 -1.5885637 -0.1766931 0.4084548 -0.0466908 0.2838052 0.2063122 0.9352592
1311868243.379992 -1.5455072 -0.1527312 0.3743886 -0.0317568 0.2780389 0.2112969 0.9365039
1311868243.611954 -1.5229415 -0.1373275 0.3321794 -0.0365669 0.2631952 0.1872383 0.9456918
1311868243.779970 -1.4997078 -0.1077718 0.3019433 -0.0526932 0.2423613 0.1674367 0.9541747
1311868244.012101 -1.4696568 -0.0783835 0.2486006 -0.0625164 0.2140623 0.1605622 0.9615034
1311868244.348251 -1.4468846 -0.0133786 0.2018068 -0.0577297 0.1808524 0.1363374 0.9723023
1311868244.712115 -1.4172691 0.0573292 0.1623377 -0.0587743 0.1803491 0.1337776 0.9726887
1311868245.048320 -1.3622812 0.1041044 0.1519201 -0.0744629 0.1992608 0.1414612 0.9668191
1311868245.380074 -1.2903148 0.1260052 0.1457494 -0.0609464 0.1882266 0.1335947 0.9710864
1311868245.816257 -1.2061954 0.1763053 0.1122109 -0.0511909 0.1648579 0.1519624 0.9731951
1311868246.148198 -1.1515243 0.2242279 0.0645133 -0.0747408 0.1366765 0.1354744 0.9784580
1311868246.516170 -1.1210387 0.2778275 -0.0103752 -0.0874267 0.1304177 0.1284571 0.9792071
1311868247.480433 -1.0247166 0.3033044 -0.0908342 -0.0987627 0.1503945 0.1353298 0.9743271
1311868248.216356 -0.8603599 0.1918948 -0.0105342 -0.0862748 0.1257854 0.1294512 0.9797842
1311868248.648465 -0.7437229 0.1440654 0.0256179 -0.1033960 0.0925973 0.0986382 0.9853961
1311868248.948257 -0.6577059 0.1008543 0.0362180 -0.1228215 0.0721617 0.0814127 0.9864479
1311868249.116343 -0.6047660 0.0748638 0.0421245 -0.1273649 0.0840327 0.0777039 0.9852303
1311868249.380649 -0.5544550 0.0486332 0.0611833 -0.1251085 0.0857971 0.0764111 0.9854684
1311868249.616312 -0.5255432 0.0121679 0.0860564 -0.1128059 0.0926254 0.0720642 0.9866621
1311868250.080466 -0.4850878 -0.0790942 0.1648529 -0.1042426 0.1034679 0.0735548 0.9864165
1311868250.448319 -0.4691896 -0.1536517 0.2186235 -0.0935492 0.0963627 0.0746184 0.9881269
1311868250.880463 -0.4594349 -0.2227562 0.2506648 -0.0803106 0.0838225 0.0725622 0.9905850
1311868251.916574 -0.3597271 -0.1428809 0.1780335 -0.0784385 0.0725370 0.0458821 0.9932173
1311868252.348634 -0.2534211 -0.1000729 0.0969371 -0.0743424 0.0599805 0.0056677 0.9954112
1311868252.680706 -0.1609992 -0.0443660 0.0450079 -0.0892106 0.0387427 0.0073467 0.9952319
1311868252.948689 -0.1034064 -0.0070255 0.0213943 -0.0993548 0.0369855 0.0141956 0.9942631
1311868253.316664 -0.0218482 0.0172490 0.0176895 -0.1074568 0.0435052 0.0191631 0.9930726
1311868254.216747 0.1913791 0.0431121 0.0455234 -0.1055757 0.0130807 0.0129720 0.9942406
1311868254.948966 0.3968500 0.0938235 0.0059123 -0.1429169 -0.0639175 -0.0292680 0.9872349
1311868255.285013 0.4560152 0.1183338 -0.0147406 -0.1441580 -0.0785409 -0.0330064 0.9858805
1311868255.984771 0.5732805 0.1099195 0.0133489 -0.1465989 -0.0853154 -0.0322355 0.9849827
1311868256.417708 0.6751358 0.0648619 0.0646256 -0.1370950 -0.0959029 -0.0594956 0.9841077
1311868256.785171 0.7543306 0.0213523 0.1051262 -0.1230214 -0.1107979 -0.0538318 0.9847292
1311868257.216830 0.8403636 -0.0328327 0.1462102 -0.1173438 -0.1525952 -0.0921028 0.9769658
1311868257.617970 0.9228593 -0.0987726 0.1780157 -0.1236846 -0.1857014 -0.1302685 0.9660472
1311868258.086178 0.9603345 -0.1794989 0.2162993 -0.1331591 -0.2306947 -0.1592380 0.9506271
1311868258.416975 0.9618005 -0.2517763 0.2741002 -0.1475458 -0.2391523 -0.1801644 0.9426438
1311868258.885648 0.9538089 -0.3755964 0.3566878 -0.1322648 -0.2554633 -0.1739490 0.9417995
1311868259.316960 0.9697368 -0.4415840 0.4460114 -0.1085449 -0.2828609 -0.2011555 0.9315279
1311868259.717139 1.0204835 -0.4846061 0.5165601 -0.0928012 -0.2900487 -0.2296680 0.9243984
1311868260.985735 0.9977193 -0.4492580 0.5152763 -0.1052675 -0.3189363 -0.2256305 0.9144886
