1403638523.327829599 0.36309 0.01319 -0.11536 0.05291 0.04894 0.02000 0.99720
1403638523.527829409 0.28150 0.02490 -0.08343 0.04762 0.03626 0.01156 0.99814
1403638523.627829552 0.23438 0.03343 -0.07141 0.04358 0.01858 0.00445 0.99887
1403638523.727829456 0.18691 0.04019 -0.05865 0.04115 0.00635 -0.00054 0.99913
1403638523.827829599 0.14034 0.04791 -0.04596 0.04076 0.00237 -0.00407 0.99916
1403638523.927829504 0.10019 0.05169 -0.03757 0.03694 0.00340 -0.01180 0.99924
1403638524.027829409 0.07525 0.05318 -0.03493 0.03356 0.00068 -0.02304 0.99917
1403638524.127829552 0.07368 0.05248 -0.03862 0.03430 -0.00776 -0.03126 0.99889
1403638524.227829456 0.10105 0.05106 -0.05039 0.03933 -0.01428 -0.03058 0.99866
1403638524.327829599 0.14889 0.05036 -0.06777 0.04553 -0.01270 -0.02561 0.99855
1403638524.427829504 0.20558 0.04925 -0.08577 0.05121 -0.00460 -0.01890 0.99850
1403638524.527829409 0.26491 0.04814 -0.10432 0.05467 0.00989 -0.01573 0.99833
1403638524.627829552 0.32382 0.04515 -0.12059 0.05262 0.02402 -0.01291 0.99824
1403638524.727829456 0.37161 0.04277 -0.13070 0.04193 0.03314 -0.01382 0.99848
1403638524.827829599 0.40490 0.03822 -0.13928 0.02859 0.03791 -0.01635 0.99874
1403638525.027829409 0.42099 0.02894 -0.13194 0.03712 0.04343 -0.01466 0.99826
1403638525.327829599 0.31819 0.03225 -0.09234 0.04075 0.03611 -0.02850 0.99811
1403638525.427829504 0.26876 0.03113 -0.07605 0.04692 0.01618 -0.02825 0.99837
1403638525.527829409 0.21971 0.03018 -0.06013 0.05478 -0.00459 -0.02339 0.99821
1403638525.627829552 0.17793 0.03110 -0.04788 0.05661 -0.01537 -0.01982 0.99808
1403638525.727829456 0.14400 0.03250 -0.03764 0.05285 -0.01572 -0.01733 0.99833
1403638525.827829599 0.11969 0.03192 -0.02937 0.04585 -0.00954 -0.01529 0.99879
1403638525.927829504 0.10508 0.03281 -0.01792 0.03671 -0.00364 -0.01817 0.99915
1403638526.027829409 0.09926 0.04621 -0.02684 0.03138 -0.00421 -0.02117 0.99927
1403638526.127829552 0.10070 0.07044 -0.03210 0.02559 -0.00850 -0.01709 0.99949
1403638526.227829456 0.10966 0.10438 -0.04166 0.01860 -0.00993 -0.01025 0.99973
1403638526.327829599 0.12063 0.14293 -0.05354 0.01142 -0.00440 -0.00484 0.99991
1403638526.427829504 0.13019 0.18622 -0.06794 0.00423 0.00472 0.00179 0.99998
1403638526.527829409 0.13653 0.23427 -0.08236 -0.00275 0.01395 0.01098 0.99984
1403638526.627829552 0.13921 0.28990 -0.09706 -0.00987 0.02378 0.01770 0.99951
1403638526.727829456 0.13913 0.35181 -0.11325 -0.01816 0.03079 0.02035 0.99915
1403638526.827829599 0.13672 0.41654 -0.12925 -0.02886 0.03434 0.01742 0.99884
1403638526.927829504 0.13240 0.47827 -0.14413 -0.03483 0.03213 0.01821 0.99871
1403638527.027829409 0.12887 0.53683 -0.15827 -0.04514 0.02408 0.02318 0.99842
1403638527.127829552 0.12765 0.58982 -0.17061 -0.06019 0.01659 0.03144 0.99755
1403638527.227829456 0.12914 0.63412 -0.17960 -0.07568 0.01620 0.03901 0.99624
1403638527.327829599 0.13403 0.66508 -0.18524 -0.09425 0.02198 0.04038 0.99449
1403638527.427829504 0.13789 0.67657 -0.18210 -0.10959 0.02836 0.03778 0.99285
1403638527.827829599 0.16000 0.54953 -0.12826 -0.09998 0.02787 0.03270 0.99406
1403638527.927829504 0.16979 0.49181 -0.11180 -0.08640 0.02530 0.03665 0.99527
1403638528.027829409 0.17892 0.43250 -0.09581 -0.07870 0.02754 0.03476 0.99591
1403638528.127829552 0.18494 0.37374 -0.07858 -0.06761 0.03007 0.03285 0.99672
1403638528.227829456 0.18958 0.31977 -0.05923 -0.05408 0.02901 0.03086 0.99764
1403638528.327829599 0.19473 0.27429 -0.02634 -0.04024 0.02854 0.02844 0.99838
1403638528.427829504 0.20230 0.24244 0.00528 -0.03623 0.03104 0.02485 0.99855
1403638528.627829552 0.22235 0.20360 0.07562 -0.04274 0.02622 0.03041 0.99828
1403638528.827829599 0.24986 0.19095 0.12326 -0.05298 0.02749 0.03823 0.99748
1403638529.127829552 0.26712 0.16086 0.08220 -0.05850 0.02648 0.04638 0.99686
1403638529.227829456 0.26817 0.12890 0.04640 -0.06836 0.02362 0.03184 0.99687
1403638529.327829599 0.23755 0.12754 0.02698 -0.07155 0.01870 0.02346 0.99699
1403638529.427829504 0.20879 0.11103 0.00263 -0.07115 0.00492 0.01974 0.99726
1403638529.527829409 0.18079 0.09020 -0.01663 -0.06749 -0.01537 0.02082 0.99738
1403638529.627829552 0.14886 0.07711 -0.02522 -0.06672 -0.02922 0.01784 0.99718
1403638529.727829456 0.12108 0.06510 -0.02700 -0.06576 -0.02910 0.01608 0.99728
1403638529.827829599 0.09962 0.05697 -0.02414 -0.06519 -0.01765 0.01681 0.99757
1403638529.927829504 0.08424 0.05146 -0.01931 -0.06543 -0.00865 0.01666 0.99768
1403638530.127829552 0.06929 0.04790 0.00555 -0.06786 -0.01180 0.01801 0.99746
1403638530.227829456 0.06720 0.04905 0.02422 -0.07272 -0.01319 0.02204 0.99702
1403638530.327829599 0.06161 0.05127 0.04439 -0.07710 -0.01215 0.02640 0.99660
1403638530.427829504 0.05776 0.05523 0.05868 -0.08226 -0.01160 0.02780 0.99616
1403638530.527829409 0.05605 0.05926 0.06962 -0.08250 -0.01136 0.03236 0.99600
1403638530.627829552 0.05374 0.06504 0.07688 -0.08522 -0.01390 0.03358 0.99570
1403638530.727829456 0.05168 0.06715 0.08167 -0.08703 -0.02133 0.03508 0.99536
1403638530.827829599 0.04689 0.07184 0.08527 -0.08704 -0.02499 0.03599 0.99524
1403638531.127829552 0.04188 0.07240 0.08904 -0.08443 -0.01130 0.03434 0.99577
1403638534.927829504 0.04037 0.07031 0.09001 -0.08519 -0.00410 0.02957 0.99592
1403638538.927829504 0.04365 0.07002 0.09235 -0.08399 0.00345 0.02878 0.99604
1403638539.027829409 0.04789 0.07093 0.09505 -0.08521 0.01169 0.02841 0.99589
1403638539.127829552 0.05272 0.07325 0.10646 -0.08559 0.02373 0.02957 0.99561
1403638539.227829456 0.06138 0.11146 0.09474 -0.08380 0.03196 0.02808 0.99557
1403638539.327829599 0.08205 0.07578 0.10546 -0.08445 0.03384 0.02866 0.99544
1403638539.427829504 0.10887 0.07864 0.10776 -0.08363 0.03113 0.02801 0.99562
1403638539.527829409 0.13525 0.08022 0.10608 -0.08263 0.02801 0.02744 0.99581
1403638539.627829552 0.19694 0.08019 0.09731 -0.08147 0.02571 0.02708 0.99598
1403638539.827829599 0.23136 0.08810 0.10960 -0.07931 0.02219 0.02569 0.99627
1403638540.027829409 0.25167 0.08934 0.13010 -0.07690 0.00596 0.02774 0.99663
1403638540.127829552 0.26361 0.09070 0.14595 -0.07656 -0.00450 0.02817 0.99666
1403638540.227829456 0.27949 0.09188 0.16539 -0.07632 -0.00434 0.02676 0.99671
1403638540.327829599 0.30489 0.09704 0.18360 -0.07620 0.00644 0.02464 0.99677
1403638540.427829504 0.32667 0.10303 0.21433 -0.07340 0.01460 0.02151 0.99696
1403638540.527829409 0.35120 0.10318 0.24527 -0.06426 0.01607 0.01718 0.99766
1403638540.627829552 0.37191 0.10393 0.28025 -0.04931 0.01646 0.01032 0.99859
1403638540.727829456 0.39617 0.10080 0.31754 -0.03189 0.01812 -0.00372 0.99932
1403638540.827829599 0.41934 0.09394 0.35835 -0.01026 0.01854 -0.02092 0.99956
1403638540.927829504 0.44336 0.08577 0.39786 0.01492 0.01811 -0.03814 0.99900
1403638541.027829409 0.46654 0.07146 0.44138 0.03956 0.01854 -0.04889 0.99785
1403638541.127829552 0.48510 0.05946 0.48711 0.05877 0.02006 -0.05580 0.99651
1403638541.227829456 0.50690 0.03943 0.53322 0.07109 0.01916 -0.06099 0.99542
1403638541.427829504 0.55244 -0.01383 0.62317 0.08030 0.01818 -0.06358 0.99458
1403638541.627829552 0.61959 -0.08498 0.70694 0.08170 0.02227 -0.06659 0.99418
1403638541.727829456 0.66070 -0.13420 0.74606 0.08972 0.02418 -0.06630 0.99346
1403638541.827829599 0.70569 -0.18703 0.78209 0.10334 0.02398 -0.06488 0.99224
1403638541.927829504 0.75168 -0.24128 0.81507 0.11936 0.02262 -0.06810 0.99025
1403638542.027829409 0.79110 -0.29707 0.84936 0.13865 0.02076 -0.07390 0.98736
1403638542.127829552 0.82906 -0.35828 0.88308 0.16000 0.01903 -0.08238 0.98349
1403638542.227829456 0.85979 -0.41367 0.91965 0.18509 0.01743 -0.09101 0.97834
1403638542.327829599 0.88773 -0.47327 0.95876 0.21014 0.01611 -0.10282 0.97212
1403638542.427829504 0.91235 -0.53068 0.99654 0.22992 0.02637 -0.11467 0.96607
1403638542.527829409 0.93601 -0.58515 1.03582 0.24160 0.04170 -0.13066 0.96063
1403638542.627829552 0.95781 -0.64318 1.06895 0.24777 0.05015 -0.14475 0.95663
1403638542.727829456 0.97896 -0.70874 1.09232 0.25351 0.04706 -0.14593 0.95510
1403638542.827829599 1.00403 -0.77681 1.10812 0.25985 0.03869 -0.13793 0.95496
1403638542.927829504 1.03263 -0.84854 1.11723 0.26305 0.02938 -0.13163 0.95531
1403638543.127829552 1.09256 -0.99639 1.12740 0.26410 0.02020 -0.12350 0.95634
1403638543.427829504 1.15324 -1.22520 1.15496 0.26335 0.01850 -0.12108 0.95689
1403638543.527829409 1.16387 -1.30500 1.16726 0.27078 0.01761 -0.12491 0.95434
1403638543.627829552 1.17570 -1.38666 1.18090 0.28381 0.01709 -0.13502 0.94917
1403638543.727829456 1.18597 -1.46912 1.19389 0.30231 0.01743 -0.14629 0.94176
1403638543.827829599 1.19693 -1.55236 1.20523 0.32328 0.01999 -0.16010 0.93245
1403638543.927829504 1.21372 -1.64096 1.21219 0.34648 0.02100 -0.16956 0.92237
1403638544.027829409 1.23443 -1.72868 1.21592 0.36660 0.01931 -0.17350 0.91385
1403638544.127829552 1.26126 -1.81911 1.21791 0.38147 0.01573 -0.17473 0.90758
1403638544.227829456 1.28651 -1.90876 1.22095 0.39175 0.01452 -0.17297 0.90355
1403638544.327829599 1.30445 -1.99873 1.22813 0.39703 0.01401 -0.17303 0.90124
1403638544.627829552 1.34880 -2.26676 1.27342 0.40120 0.02139 -0.17143 0.89955
1403638544.727829456 1.36821 -2.35765 1.28699 0.40417 0.02779 -0.16981 0.89835
1403638544.927829504 1.40849 -2.52895 1.31207 0.40426 0.01840 -0.17353 0.89785
1403638545.127829552 1.42849 -2.69938 1.34836 0.40625 0.02009 -0.17290 0.89703
1403638545.427829504 1.42681 -2.94680 1.42145 0.40821 0.02353 -0.17335 0.89597
1403638545.627829552 1.42399 -3.11314 1.46973 0.42368 0.01909 -0.17792 0.88796
1403638545.727829456 1.42610 -3.19898 1.48945 0.43831 0.01656 -0.18525 0.87937
1403638545.827829599 1.43782 -3.28188 1.50345 0.45713 0.01661 -0.19492 0.86762
1403638545.927829504 1.45848 -3.36626 1.51697 0.47777 0.01537 -0.20702 0.85360
1403638546.027829409 1.48076 -3.45110 1.52574 0.49637 0.01535 -0.21958 0.83974
1403638546.127829552 1.49866 -3.53624 1.53422 0.51055 0.01682 -0.22953 0.82848
1403638546.227829456 1.51258 -3.62209 1.54330 0.52167 0.01577 -0.23347 0.82043
1403638546.327829599 1.52326 -3.71030 1.55212 0.52927 0.01364 -0.23420 0.81538
1403638546.527829409 1.52623 -3.88210 1.58146 0.53590 0.00993 -0.23321 0.81138
1403638546.727829456 1.53978 -4.06012 1.60420 0.54673 0.01116 -0.23910 0.80237
1403638546.927829504 1.57544 -4.24298 1.61655 0.55288 0.01339 -0.24721 0.79563
1403638547.127829552 1.59835 -4.42827 1.62783 0.55265 0.01861 -0.25663 0.79270
1403638547.427829504 1.59643 -4.71933 1.64099 0.55347 0.01596 -0.25474 0.79279
1403638547.627829552 1.56994 -4.92171 1.64796 0.55548 0.00855 -0.24503 0.79456
1403638547.827829599 1.53007 -5.12965 1.65676 0.55186 0.01310 -0.24982 0.79553
1403638548.027829409 1.48419 -5.34758 1.65976 0.55343 0.01285 -0.24998 0.79439
1403638548.127829552 1.47503 -5.45803 1.65399 0.55860 0.01128 -0.25143 0.79033
1403638548.227829456 1.46881 -5.57114 1.63836 0.56737 0.00986 -0.25375 0.78333
1403638548.327829599 1.46648 -5.68608 1.61852 0.57920 0.00820 -0.25773 0.77333
1403638548.427829504 1.47433 -5.80368 1.59716 0.59226 0.00642 -0.26413 0.76120
1403638548.527829409 1.48292 -5.92455 1.57007 0.60365 0.00574 -0.26717 0.75113
1403638548.627829552 1.48025 -6.04329 1.55072 0.61221 0.00650 -0.26975 0.74323
1403638548.727829456 1.47701 -6.16304 1.53073 0.61794 0.00631 -0.27144 0.73785
1403638548.927829504 1.48212 -6.40826 1.48887 0.62404 0.00573 -0.27294 0.73215
1403638549.127829552 1.50705 -6.65759 1.43594 0.62538 0.00485 -0.27227 0.73126
1403638549.327829599 1.55178 -6.91511 1.37210 0.62584 0.00389 -0.26869 0.73219
1403638549.527829409 1.60024 -7.17378 1.31300 0.62662 0.00179 -0.26311 0.73356
1403638549.627829552 1.61842 -7.30551 1.28967 0.62753 0.00412 -0.26021 0.73381
1403638549.827829599 1.66453 -7.56502 1.24292 0.62681 0.00330 -0.26066 0.73427
1403638550.027829409 1.72317 -7.82867 1.19238 0.62624 0.00104 -0.26100 0.73464
1403638550.227829456 1.81274 -8.09254 1.13804 0.62749 -0.00146 -0.26065 0.73370
1403638550.427829504 1.91593 -8.35632 1.08901 0.62923 -0.00048 -0.26005 0.73242
1403638550.627829552 2.01125 -8.62542 1.04125 0.63261 -0.00224 -0.25283 0.73203
1403638550.727829456 2.05161 -8.75989 1.02697 0.63472 -0.00009 -0.24819 0.73180
1403638550.827829599 2.08362 -8.90107 1.00752 0.63546 0.00425 -0.24443 0.73241
1403638550.927829504 2.11003 -9.03705 0.99209 0.63752 0.01297 -0.23725 0.73288
1403638551.027829409 2.13816 -9.16691 0.98451 0.63937 0.01850 -0.23153 0.73298
1403638551.127829552 2.16712 -9.28848 0.98021 0.64052 0.02003 -0.22784 0.73309
1403638551.327829599 2.24150 -9.50548 0.98084 0.63957 0.01403 -0.22435 0.73513
1403638551.427829504 2.28410 -9.60453 0.98958 0.63106 0.00803 -0.22163 0.74336
1403638551.527829409 2.32044 -9.69433 1.00641 0.61783 0.00281 -0.21411 0.75660
1403638551.627829552 2.35496 -9.78104 1.03191 0.60287 -0.00201 -0.20167 0.77193
1403638551.727829456 2.39441 -9.86000 1.06690 0.58621 -0.00433 -0.19034 0.78747
1403638551.827829599 2.43032 -9.93315 1.10745 0.56829 -0.00383 -0.18046 0.80278
1403638551.927829504 2.47105 -10.00460 1.15318 0.55206 0.00273 -0.17828 0.81452
1403638552.027829409 2.52133 -10.06824 1.20235 0.53967 0.01221 -0.17925 0.82248
1403638552.127829552 2.58035 -10.12899 1.25112 0.53095 0.01506 -0.18079 0.82776
1403638552.227829456 2.64358 -10.17999 1.30336 0.52623 0.01105 -0.18144 0.83068
1403638552.427829504 2.77437 -10.27048 1.41544 0.52627 0.01172 -0.17434 0.83217
1403638552.527829409 2.83907 -10.30701 1.48246 0.52988 0.01742 -0.16721 0.83124
1403638552.627829552 2.89643 -10.33860 1.55342 0.53227 0.02234 -0.16459 0.83012
1403638552.827829599 2.99715 -10.38588 1.70078 0.53366 0.02250 -0.16979 0.82818
1403638553.027829409 3.08400 -10.40576 1.86185 0.53265 0.02484 -0.18495 0.82550
1403638553.227829456 3.15707 -10.40290 2.02908 0.53897 0.03452 -0.17953 0.82224
1403638553.327829599 3.19639 -10.38932 2.11296 0.54227 0.04274 -0.17598 0.82046
1403638553.427829504 3.24029 -10.36852 2.19293 0.54201 0.05060 -0.17993 0.81932
1403638553.527829409 3.29076 -10.33658 2.26970 0.54135 0.05724 -0.18477 0.81825
1403638553.627829552 3.34053 -10.29672 2.33783 0.54007 0.06193 -0.18859 0.81788
1403638553.827829599 3.45701 -10.19027 2.45426 0.53853 0.05985 -0.19382 0.81782
1403638554.027829409 3.57741 -10.05773 2.55205 0.53729 0.04961 -0.19547 0.81893
1403638554.227829456 3.66873 -9.89707 2.64500 0.53232 0.03810 -0.20743 0.81985
1403638554.327829599 3.71405 -9.81614 2.69352 0.52941 0.02954 -0.21591 0.81990
1403638554.427829504 3.74842 -9.73453 2.73815 0.52776 0.02500 -0.22030 0.81995
1403638554.627829552 3.80751 -9.57297 2.83120 0.52878 0.02019 -0.21943 0.81965
1403638554.827829599 3.87748 -9.41845 2.91001 0.53359 0.01703 -0.20837 0.81950
1403638555.027829409 3.95949 -9.26254 2.98797 0.53248 0.01738 -0.20087 0.82208
1403638555.127829552 3.99382 -9.18203 3.04067 0.52489 0.01743 -0.20000 0.82715
1403638555.227829456 4.02439 -9.10050 3.09387 0.51523 0.01636 -0.19609 0.83416
1403638555.327829599 4.05440 -9.01810 3.15245 0.50673 0.01610 -0.19341 0.83998
1403638555.427829504 4.07862 -8.93553 3.21529 0.49896 0.01907 -0.19517 0.84415
1403638555.527829409 4.10096 -8.85609 3.27570 0.49465 0.01980 -0.19386 0.84696
1403638555.627829552 4.12181 -8.77828 3.33263 0.49186 0.02044 -0.19380 0.84858
1403638555.827829599 4.18026 -8.62172 3.43611 0.49077 0.01818 -0.19401 0.84922
1403638556.027829409 4.26655 -8.46724 3.53010 0.49038 0.01973 -0.19774 0.84855
1403638556.227829456 4.35506 -8.31879 3.62821 0.48914 0.00800 -0.20096 0.84870
1403638556.427829504 4.42646 -8.17799 3.73846 0.48849 0.00019 -0.20276 0.84868
1403638556.527829409 4.46110 -8.11466 3.79992 0.48708 -0.00565 -0.20512 0.84891
1403638556.727829456 4.54209 -8.00439 3.92482 0.49181 -0.00875 -0.19016 0.84964
1403638556.827829599 4.59322 -7.95193 3.98803 0.49455 -0.00340 -0.18332 0.84959
1403638556.927829504 4.65228 -7.90170 4.05177 0.49642 -0.00087 -0.17791 0.84966
1403638557.027829409 4.71326 -7.85104 4.12128 0.49700 0.00104 -0.17687 0.84953
1403638557.127829552 4.76674 -7.80017 4.20065 0.49626 0.00384 -0.18001 0.84930
1403638557.227829456 4.81828 -7.75028 4.28905 0.49629 0.00597 -0.18161 0.84893
1403638557.427829504 4.91183 -7.64601 4.46855 0.49505 0.01068 -0.18760 0.84830
1403638557.527829409 4.96307 -7.59561 4.55811 0.49268 0.01549 -0.19453 0.84805
1403638557.627829552 5.02299 -7.54470 4.64628 0.49138 0.01915 -0.19850 0.84781
1403638557.827829599 5.14607 -7.44622 4.82016 0.48996 0.02146 -0.20133 0.84790
1403638557.927829504 5.19751 -7.39707 4.90757 0.48881 0.02136 -0.20416 0.84790
1403638558.027829409 5.24311 -7.34961 4.99393 0.48810 0.01678 -0.20564 0.84805
1403638558.127829552 5.28483 -7.30496 5.08226 0.48694 0.00785 -0.20714 0.84848
1403638558.327829599 5.37633 -7.23144 5.25530 0.48289 -0.00573 -0.21349 0.84924
1403638558.427829504 5.43315 -7.20388 5.33991 0.47973 -0.01028 -0.21962 0.84942
1403638558.527829409 5.49695 -7.18381 5.42251 0.47772 -0.01571 -0.22264 0.84969
1403638558.627829552 5.57049 -7.17410 5.50430 0.47956 -0.01746 -0.21662 0.85017
1403638558.827829599 5.72120 -7.17518 5.67908 0.48637 -0.01536 -0.19778 0.85094
1403638558.927829504 5.78968 -7.18148 5.77560 0.48680 -0.00935 -0.19698 0.85096
1403638559.027829409 5.85352 -7.19129 5.87689 0.48739 0.00001 -0.19665 0.85075
1403638559.127829552 5.91211 -7.20291 5.98072 0.48824 0.00662 -0.19584 0.85043
1403638559.227829456 5.96419 -7.21874 6.08711 0.48819 0.01189 -0.19769 0.84997
1403638559.327829599 6.00868 -7.23528 6.19398 0.48782 0.01556 -0.20016 0.84954
1403638559.427829504 6.05037 -7.25193 6.30104 0.48627 0.01944 -0.20524 0.84914
1403638559.527829409 6.08320 -7.27143 6.40877 0.48577 0.02250 -0.20703 0.84892
1403638559.627829552 6.11363 -7.29259 6.51607 0.48625 0.02494 -0.20736 0.84850
1403638559.727829456 6.14377 -7.31511 6.62105 0.48683 0.02598 -0.20786 0.84801
1403638559.927829504 6.21498 -7.36639 6.81318 0.48622 0.02459 -0.20536 0.84900
1403638560.027829409 6.24603 -7.39084 6.90875 0.47819 0.02365 -0.19877 0.85514
1403638560.127829552 6.27365 -7.41559 7.00559 0.46302 0.02366 -0.18931 0.86557
1403638560.227829456 6.29517 -7.43999 7.10411 0.44229 0.02504 -0.17919 0.87843
1403638560.327829599 6.31507 -7.46073 7.20479 0.41964 0.02997 -0.16626 0.89183
1403638560.427829504 6.32989 -7.48191 7.30549 0.39605 0.03644 -0.15184 0.90485
1403638560.527829409 6.34336 -7.50089 7.40529 0.37133 0.04136 -0.13735 0.91735
1403638560.627829552 6.35007 -7.51720 7.49985 0.34714 0.04190 -0.11944 0.92923
1403638560.727829456 6.35450 -7.52718 7.59327 0.32598 0.03989 -0.10012 0.93921
1403638560.827829599 6.36298 -7.52967 7.68299 0.30465 0.04075 -0.08658 0.94765
1403638560.927829504 6.37521 -7.52922 7.76964 0.28337 0.04344 -0.07308 0.95523
1403638561.027829409 6.39923 -7.51171 7.84702 0.26194 0.04994 -0.06378 0.96168
1403638561.127829552 6.42916 -7.49003 7.91867 0.24164 0.05485 -0.05400 0.96731
1403638561.227829456 6.46273 -7.46111 7.98345 0.22550 0.05958 -0.04571 0.97134
1403638561.327829599 6.49938 -7.42944 8.04158 0.21469 0.06079 -0.04057 0.97394
1403638561.427829504 6.53061 -7.39049 8.09321 0.20477 0.05276 -0.04688 0.97626
1403638561.527829409 6.54951 -7.34892 8.14387 0.19688 0.04635 -0.05730 0.97765
1403638561.627829552 6.56487 -7.30677 8.19001 0.19308 0.04186 -0.06387 0.97821
1403638561.827829599 6.58047 -7.21075 8.29111 0.19326 0.04070 -0.06910 0.97786
1403638561.927829504 6.57982 -7.16070 8.34093 0.18915 0.04174 -0.07044 0.97853
1403638562.027829409 6.57415 -7.10984 8.38935 0.18058 0.04261 -0.06720 0.98034
1403638562.127829552 6.57172 -7.05747 8.43267 0.16896 0.04311 -0.06307 0.98266
1403638562.227829456 6.57473 -7.00689 8.47003 0.15862 0.04409 -0.06009 0.98452
1403638562.327829599 6.58251 -6.95730 8.50124 0.14822 0.04541 -0.05508 0.98637
1403638562.427829504 6.59283 -6.90890 8.52877 0.13476 0.04710 -0.04718 0.98863
1403638562.527829409 6.60812 -6.85839 8.55031 0.11753 0.04663 -0.03689 0.99129
1403638562.627829552 6.62770 -6.80980 8.56569 0.09793 0.04786 -0.02268 0.99378
1403638562.727829456 6.64716 -6.75589 8.57855 0.07709 0.04790 -0.00661 0.99585
1403638562.827829599 6.66569 -6.70183 8.58813 0.05381 0.04826 0.00872 0.99735
1403638562.927829504 6.67610 -6.64069 8.59598 0.02976 0.04823 0.02142 0.99816
1403638563.027829409 6.68010 -6.57554 8.60208 0.00772 0.04896 0.03385 0.99820
1403638563.127829552 6.67931 -6.50939 8.60841 -0.01100 0.04843 0.05016 0.99751
1403638563.227829456 6.67099 -6.44258 8.61327 -0.03066 0.05097 0.05603 0.99666
1403638563.327829599 6.65463 -6.37140 8.61769 -0.04463 0.05832 0.05956 0.99552
1403638563.427829504 6.63447 -6.29771 8.61964 -0.05214 0.07220 0.06407 0.99396
1403638563.527829409 6.61021 -6.22008 8.61967 -0.05640 0.07555 0.06442 0.99346
1403638563.627829552 6.58227 -6.13855 8.60999 -0.05879 0.07136 0.06213 0.99378
1403638563.827829599 6.54586 -5.96581 8.56105 -0.05403 0.06421 0.06628 0.99427
1403638564.127829552 6.49771 -5.66648 8.43130 -0.04138 0.06659 0.06612 0.99473
1403638564.327829599 6.44534 -5.44688 8.32394 -0.03618 0.07041 0.05551 0.99532
1403638564.527829409 6.40194 -5.21263 8.18690 -0.03133 0.07415 0.05096 0.99545
1403638564.727829456 6.35982 -4.95936 8.01753 -0.02557 0.06790 0.05950 0.99559
1403638564.827829599 6.32256 -4.82864 7.93414 -0.02474 0.06745 0.06345 0.99540
1403638564.927829504 6.27028 -4.69497 7.85039 -0.02420 0.06913 0.06634 0.99510
1403638565.027829409 6.20498 -4.55827 7.76705 -0.02362 0.06907 0.06782 0.99502
1403638565.127829552 6.12346 -4.41802 7.68773 -0.02319 0.06785 0.06890 0.99504
1403638565.227829456 6.03180 -4.27201 7.61204 -0.02323 0.06662 0.06836 0.99516
1403638565.327829599 5.93578 -4.11893 7.53355 -0.02458 0.06508 0.06649 0.99536
1403638565.427829504 5.83825 -3.96620 7.44220 -0.02595 0.06318 0.06438 0.99558
1403638565.527829409 5.74573 -3.81227 7.34548 -0.03004 0.06629 0.05973 0.99556
1403638565.627829552 5.65992 -3.65093 7.24867 -0.03544 0.06867 0.05231 0.99564
1403638565.727829456 5.57406 -3.49005 7.13649 -0.04231 0.06657 0.04082 0.99605
1403638565.827829599 5.49071 -3.33219 7.02193 -0.04664 0.06159 0.03524 0.99639
1403638565.927829504 5.40927 -3.17576 6.90526 -0.05079 0.05727 0.03044 0.99660
1403638566.027829409 5.32403 -3.02220 6.78610 -0.05217 0.05540 0.03118 0.99661
1403638566.127829552 5.23347 -2.87245 6.66851 -0.05297 0.05489 0.03142 0.99659
1403638566.227829456 5.14264 -2.72832 6.55146 -0.05334 0.05465 0.03165 0.99658
1403638566.327829599 5.03897 -2.58138 6.43803 -0.05283 0.05287 0.03213 0.99669
1403638566.427829504 4.93969 -2.44478 6.33451 -0.05199 0.05171 0.03117 0.99682
1403638566.527829409 4.83222 -2.31205 6.22492 -0.05025 0.05049 0.03187 0.99695
1403638566.627829552 4.71434 -2.18073 6.12567 -0.04817 0.03935 0.03227 0.99754
1403638566.727829456 4.58167 -2.05416 6.03494 -0.04685 0.01884 0.03232 0.99820
1403638566.827829599 4.45913 -1.92843 5.94207 -0.04569 0.00141 0.03021 0.99850
1403638566.927829504 4.33269 -1.79835 5.85493 -0.04391 -0.01011 0.02856 0.99858
1403638567.027829409 4.20545 -1.66802 5.77739 -0.04230 -0.00939 0.02815 0.99866
1403638567.127829552 4.08365 -1.54381 5.71155 -0.04298 0.01336 0.02424 0.99869
1403638567.227829456 3.96782 -1.42164 5.64999 -0.04402 0.03293 0.02127 0.99826
1403638567.327829599 3.85421 -1.30635 5.58875 -0.04648 0.04146 0.01813 0.99789
1403638567.427829504 3.74074 -1.19301 5.52813 -0.04895 0.04120 0.01704 0.99781
1403638567.527829409 3.62623 -1.08913 5.46175 -0.05162 0.03605 0.01709 0.99787
1403638567.627829552 3.51985 -0.98103 5.39253 -0.05402 0.02890 0.01732 0.99797
1403638567.727829456 3.42102 -0.87716 5.32443 -0.05659 0.02290 0.01676 0.99799
1403638567.827829599 3.32632 -0.77769 5.25508 -0.05845 0.01578 0.01645 0.99803
1403638567.927829504 3.24593 -0.68221 5.18793 -0.05801 0.01289 0.02046 0.99802
1403638568.027829409 3.17184 -0.58580 5.12279 -0.05893 0.01144 0.02003 0.99800
1403638568.127829552 3.10859 -0.49376 5.05773 -0.06017 0.01239 0.01738 0.99796
1403638568.227829456 3.05053 -0.40735 4.99566 -0.06120 0.01335 0.01556 0.99791
1403638568.427829504 2.93223 -0.25834 4.87814 -0.06268 0.01147 0.01541 0.99785
1403638568.627829552 2.81103 -0.12093 4.77783 -0.06329 0.00740 0.01406 0.99787
1403638568.827829599 2.69007 -0.00329 4.69392 -0.06274 0.00626 0.01389 0.99791
1403638569.027829409 2.61010 0.09684 4.62113 -0.06326 0.00817 0.01281 0.99788
1403638569.227829456 2.56787 0.18039 4.55722 -0.06487 0.00484 0.00899 0.99784
1403638569.527829409 2.49951 0.26704 4.50414 -0.06633 0.00752 0.00689 0.99775
1403638570.327829599 2.43701 0.28984 4.49077 -0.05747 0.02079 0.02732 0.99776
1403638570.527829409 2.39804 0.27955 4.51286 -0.06595 0.02287 0.05991 0.99576
1403638570.627829552 2.37344 0.27754 4.52877 -0.07838 0.02674 0.08659 0.99280
1403638570.727829456 2.34462 0.28137 4.54101 -0.09823 0.03658 0.10610 0.98882
1403638570.827829599 2.31565 0.29472 4.55209 -0.12112 0.05264 0.12288 0.98359
1403638570.927829504 2.28073 0.32595 4.55658 -0.14479 0.06321 0.13401 0.97831
1403638571.027829409 2.23794 0.36605 4.55729 -0.16837 0.06798 0.14327 0.97289
1403638571.127829552 2.18519 0.41240 4.55096 -0.19350 0.06004 0.14562 0.96837
1403638571.227829456 2.13425 0.47097 4.53247 -0.21530 0.05060 0.14095 0.96500
1403638571.327829599 2.08736 0.53355 4.50243 -0.23244 0.04567 0.13476 0.96215
1403638571.427829504 2.05582 0.60096 4.46795 -0.24173 0.04592 0.13569 0.95971
1403638571.527829409 2.03139 0.66589 4.42659 -0.24847 0.04873 0.13543 0.95789
1403638571.727829456 1.97322 0.79469 4.33384 -0.27036 0.04155 0.14433 0.95097
1403638571.827829599 1.93721 0.86375 4.28354 -0.28572 0.03590 0.15297 0.94534
1403638571.927829504 1.89988 0.93305 4.23519 -0.30293 0.03433 0.16518 0.93796
1403638572.027829409 1.86443 1.00606 4.18103 -0.32142 0.03456 0.17670 0.92966
1403638572.127829552 1.83436 1.08831 4.11701 -0.34034 0.03576 0.18590 0.92105
1403638572.227829456 1.81044 1.17133 4.05004 -0.36247 0.03283 0.18908 0.91202
1403638572.327829599 1.78256 1.25807 3.98167 -0.38344 0.02654 0.19675 0.90197
1403638572.427829504 1.75018 1.35035 3.91317 -0.40389 0.02063 0.20340 0.89167
1403638572.527829409 1.71477 1.44648 3.84464 -0.42020 0.01548 0.20537 0.88375
1403638572.627829552 1.67913 1.54601 3.77610 -0.43084 0.01368 0.20607 0.87848
1403638572.727829456 1.64810 1.64884 3.70539 -0.43790 0.00981 0.20426 0.87546
1403638572.827829599 1.62528 1.75404 3.63651 -0.44219 0.00410 0.20058 0.87420
1403638572.927829504 1.61097 1.85959 3.56760 -0.44311 0.00065 0.19924 0.87405
1403638573.027829409 1.59997 1.96856 3.50221 -0.44274 -0.00321 0.19814 0.87448
1403638573.227829456 1.57069 2.19505 3.38584 -0.43848 -0.00555 0.19698 0.87687
1403638573.427829504 1.55002 2.43328 3.29354 -0.43734 -0.00836 0.19575 0.87770
1403638573.527829409 1.55031 2.55609 3.25131 -0.43977 -0.00975 0.19409 0.87683
1403638573.627829552 1.55997 2.68312 3.21140 -0.44098 -0.01019 0.19354 0.87634
1403638573.727829456 1.57937 2.81216 3.17694 -0.44578 -0.01248 0.19257 0.87409
1403638573.827829599 1.60099 2.94532 3.14604 -0.45715 -0.00764 0.18954 0.86892
1403638573.927829504 1.61693 3.08468 3.12376 -0.47373 0.00232 0.18822 0.86032
1403638574.027829409 1.62419 3.22391 3.10644 -0.49008 0.01883 0.19844 0.84858
1403638574.127829552 1.62956 3.35576 3.09127 -0.50744 0.03724 0.21368 0.83394
1403638574.227829456 1.63114 3.47849 3.07327 -0.52632 0.05205 0.22906 0.81720
1403638574.327829599 1.62797 3.59984 3.05485 -0.54668 0.05579 0.24052 0.80011
1403638574.427829504 1.61688 3.71835 3.03002 -0.56786 0.05248 0.24849 0.78297
1403638574.527829409 1.60265 3.83430 3.00393 -0.58647 0.04934 0.25620 0.76680
1403638574.627829552 1.59597 3.94674 2.97251 -0.60105 0.04890 0.25939 0.75437
1403638574.727829456 1.59311 4.05939 2.93586 -0.61339 0.04125 0.25596 0.74601
1403638574.827829599 1.59356 4.16755 2.89377 -0.62014 0.03022 0.25498 0.74129
1403638574.927829504 1.59424 4.27380 2.85146 -0.62127 0.02274 0.25970 0.73896
1403638575.127829552 1.58228 4.47542 2.77266 -0.61658 0.02524 0.27277 0.73810
1403638575.327829599 1.54881 4.68045 2.69646 -0.61181 0.03089 0.27850 0.73971
1403638575.427829504 1.52233 4.78767 2.65619 -0.60875 0.02494 0.28030 0.74177
1403638575.527829409 1.49324 4.90014 2.61652 -0.60644 0.01975 0.27943 0.74415
1403638575.627829552 1.46889 5.01322 2.57323 -0.60594 0.01086 0.27455 0.74655
1403638575.727829456 1.45245 5.12869 2.52416 -0.60557 0.00247 0.26956 0.74874
1403638575.827829599 1.44247 5.24627 2.47281 -0.60484 -0.00602 0.26707 0.75021
1403638575.927829504 1.44175 5.37010 2.42198 -0.60361 -0.00784 0.26648 0.75139
1403638576.027829409 1.44747 5.49991 2.37139 -0.60324 -0.00730 0.26500 0.75221
1403638576.127829552 1.46102 5.63534 2.31975 -0.60360 -0.00651 0.26397 0.75229
1403638576.227829456 1.47895 5.77468 2.27077 -0.60484 -0.00491 0.26111 0.75231
1403638576.327829599 1.49275 5.91742 2.22764 -0.60724 -0.00692 0.25577 0.75220
1403638576.427829504 1.50315 6.06227 2.19054 -0.60904 -0.01104 0.25206 0.75195
1403638576.527829409 1.51185 6.20808 2.15789 -0.61150 -0.01829 0.24616 0.75176
1403638576.627829552 1.52002 6.35849 2.13515 -0.61332 -0.02398 0.24233 0.75136
1403638576.727829456 1.52700 6.51031 2.11890 -0.61483 -0.02241 0.23852 0.75139
1403638576.827829599 1.53217 6.66339 2.11138 -0.61717 -0.01498 0.23247 0.75156
1403638576.927829504 1.53261 6.81811 2.11368 -0.61766 -0.00480 0.23199 0.75143
1403638577.027829409 1.53751 6.96855 2.11974 -0.61608 0.00422 0.23645 0.75134
1403638577.127829552 1.54646 7.12043 2.13273 -0.61510 0.01059 0.24001 0.75096
1403638577.227829456 1.56127 7.26857 2.14321 -0.61429 0.01327 0.24248 0.75079
1403638577.327829599 1.58064 7.41454 2.15259 -0.61590 0.00904 0.23797 0.75097
1403638577.427829504 1.61539 7.55573 2.16333 -0.61833 0.00066 0.23084 0.75126
1403638577.527829409 1.64952 7.69729 2.17986 -0.61848 -0.00019 0.23004 0.75138
1403638577.627829552 1.67956 7.83919 2.20279 -0.61719 0.00177 0.23334 0.75142
1403638577.827829599 1.72719 8.11440 2.26728 -0.61482 0.00377 0.23824 0.75181
1403638578.027829409 1.76726 8.38444 2.35171 -0.61472 0.00422 0.23565 0.75271
1403638578.127829552 1.79717 8.51805 2.39639 -0.61331 0.00798 0.23734 0.75330
1403638578.227829456 1.83411 8.64820 2.43465 -0.60955 0.01789 0.24557 0.75354
1403638578.327829599 1.87293 8.77596 2.47366 -0.60699 0.02418 0.25172 0.75340
1403638578.527829409 1.93511 9.02912 2.54733 -0.60738 0.02525 0.25244 0.75281
1403638578.727829456 1.98007 9.27683 2.62129 -0.61007 0.02285 0.24786 0.75224
1403638578.927829504 2.00952 9.52108 2.70481 -0.61430 0.01354 0.23740 0.75239
1403638579.127829552 2.05346 9.75728 2.79155 -0.61440 0.01250 0.23347 0.75355
1403638579.327829599 2.11952 9.98708 2.87640 -0.61229 0.01669 0.23595 0.75442
1403638579.427829504 2.15793 10.09885 2.91950 -0.60883 0.02520 0.24424 0.75434
1403638579.527829409 2.18887 10.21121 2.96965 -0.60611 0.03206 0.24843 0.75491
1403638579.627829552 2.21980 10.31830 3.01264 -0.60334 0.04215 0.24021 0.75928
1403638579.727829456 2.24830 10.41966 3.05825 -0.59593 0.04568 0.22573 0.76930
1403638579.827829599 2.26933 10.51647 3.10337 -0.57993 0.04043 0.21272 0.78537
1403638579.927829504 2.28379 10.61002 3.15202 -0.55577 0.03230 0.20180 0.80582
1403638580.027829409 2.29960 10.69113 3.19787 -0.52651 0.03305 0.18615 0.82888
1403638580.127829552 2.27833 10.79037 3.26379 -0.49290 0.04559 0.16511 0.85306
1403638580.227829456 2.29910 10.85510 3.32846 -0.45445 0.05041 0.14738 0.87705
1403638580.327829599 2.29792 10.92140 3.38518 -0.41350 0.04951 0.13731 0.89873
1403638580.427829504 2.30758 10.96516 3.41655 -0.37727 0.04634 0.13724 0.91471
1403638580.527829409 2.29564 11.02047 3.46943 -0.35208 0.04553 0.13720 0.92474
1403638580.627829552 2.28532 11.06597 3.51414 -0.33166 0.04186 0.13445 0.93283
1403638580.727829456 2.27671 11.11174 3.55551 -0.31215 0.03280 0.12914 0.94064
1403638580.827829599 2.27350 11.15700 3.59043 -0.29940 0.02511 0.12250 0.94590
1403638580.927829504 2.27789 11.20225 3.62004 -0.29169 0.02153 0.11793 0.94897
1403638581.027829409 2.28492 11.25020 3.65048 -0.28730 0.02167 0.11840 0.95025
1403638581.227829456 2.32462 11.34247 3.70239 -0.28930 0.02073 0.11437 0.95016
1403638581.427829504 2.37860 11.43075 3.74551 -0.29614 0.02209 0.11152 0.94835
1403638581.527829409 2.41213 11.47442 3.76440 -0.29926 0.02306 0.11215 0.94728
1403638581.627829552 2.45010 11.51418 3.78287 -0.30310 0.02585 0.11065 0.94616
1403638581.727829456 2.47783 11.55425 3.80213 -0.30663 0.03288 0.10774 0.94514
1403638581.827829599 2.50409 11.58946 3.82346 -0.30869 0.03479 0.10790 0.94438
1403638581.927829504 2.52555 11.61931 3.84344 -0.31098 0.04544 0.10523 0.94348
1403638582.127829552 2.55448 11.66166 3.88576 -0.31215 0.04019 0.10643 0.94320
1403638582.227829456 2.57377 11.67740 3.90179 -0.31111 0.03002 0.11041 0.94346
1403638582.327829599 2.60415 11.69037 3.91060 -0.31197 0.03276 0.10774 0.94339
1403638582.527829409 2.68087 11.70802 3.91472 -0.31284 0.03961 0.10389 0.94328
1403638582.827829599 2.82399 11.70117 3.90109 -0.31268 0.03438 0.10608 0.94329
1403638583.027829409 2.91966 11.68250 3.89083 -0.31289 0.02744 0.10897 0.94312
1403638583.627829552 3.10690 11.58605 3.92967 -0.31309 0.02105 0.11110 0.94297
1403638583.827829599 3.18613 11.54365 3.94838 -0.31374 0.02175 0.10896 0.94299
1403638584.127829552 3.27220 11.47388 3.99123 -0.31548 0.03679 0.10228 0.94269
1403638584.227829456 3.29591 11.43984 4.02001 -0.31741 0.05328 0.09636 0.94187
1403638584.327829599 3.30709 11.40049 4.03557 -0.31768 0.06329 0.09459 0.94134
1403638584.627829552 3.32443 11.25453 4.08046 -0.31675 0.06428 0.09566 0.94148
1403638584.827829599 3.35219 11.12299 4.06903 -0.31291 0.04507 0.10388 0.94301
1403638584.927829504 3.37148 11.05259 4.06666 -0.31075 0.03445 0.11031 0.94344
1403638585.127829552 3.39931 10.90909 4.06224 -0.30982 0.02879 0.11418 0.94347
1403638585.327829599 3.40674 10.76262 4.07142 -0.31051 0.03417 0.11236 0.94329
1403638585.527829409 3.40452 10.61595 4.08166 -0.31054 0.03323 0.11200 0.94335
1403638585.727829456 3.42229 10.46845 4.08230 -0.30910 0.02287 0.11442 0.94384
1403638585.827829599 3.44021 10.39815 4.07608 -0.30759 0.01488 0.11809 0.94405
1403638586.027829409 3.48454 10.25717 4.07921 -0.30687 0.01645 0.12232 0.94371
1403638586.227829456 3.53296 10.12305 4.09392 -0.30988 0.02693 0.11846 0.94298
1403638586.427829504 3.56240 9.99068 4.12372 -0.31585 0.03658 0.10632 0.94213
1403638586.727829456 3.58496 9.77911 4.15880 -0.31641 0.03665 0.10617 0.94195
1403638586.927829504 3.56859 9.62314 4.20118 -0.31482 0.03999 0.10905 0.94202
1403638587.127829552 3.54296 9.46362 4.24262 -0.31404 0.04045 0.11052 0.94209
1403638587.327829599 3.53446 9.29593 4.27464 -0.31375 0.03400 0.11102 0.94238
1403638587.527829409 3.54804 9.12549 4.29600 -0.31283 0.03338 0.11415 0.94233
1403638587.727829456 3.54430 8.95828 4.31875 -0.31289 0.03360 0.11571 0.94212
1403638587.927829504 3.52592 8.79057 4.34766 -0.31313 0.03465 0.11757 0.94177
1403638588.127829552 3.49478 8.62749 4.37752 -0.31429 0.03457 0.11385 0.94184
1403638588.327829599 3.45848 8.46247 4.41007 -0.31685 0.03145 0.10534 0.94208
1403638588.527829409 3.44188 8.29032 4.43634 -0.31527 0.03271 0.10785 0.94229
1403638588.727829456 3.45435 8.11125 4.44873 -0.31264 0.03762 0.11296 0.94238
1403638588.927829504 3.46093 7.92859 4.46219 -0.31207 0.03992 0.11571 0.94214
1403638589.127829552 3.45116 7.74410 4.48319 -0.31329 0.03923 0.11519 0.94183
1403638589.327829599 3.42326 7.55799 4.50405 -0.31347 0.04124 0.11533 0.94167
1403638589.527829409 3.39807 7.37198 4.52451 -0.31300 0.04121 0.11624 0.94171
1403638589.727829456 3.39438 7.18478 4.52769 -0.31309 0.03897 0.11686 0.94170
1403638589.927829504 3.39872 6.99703 4.52977 -0.31450 0.03647 0.11754 0.94125
1403638590.127829552 3.38640 6.81131 4.53157 -0.31536 0.03786 0.11887 0.94074
1403638590.327829599 3.36027 6.62714 4.54115 -0.31639 0.03968 0.11878 0.94032
1403638590.527829409 3.32316 6.44569 4.54701 -0.31653 0.03741 0.12017 0.94020
1403638590.727829456 3.30103 6.26934 4.54349 -0.31500 0.03227 0.12352 0.94047
1403638590.927829504 3.30970 6.09868 4.52822 -0.31469 0.02904 0.12428 0.94057
1403638591.127829552 3.32957 5.93477 4.51083 -0.31416 0.02249 0.12711 0.94055
1403638591.227829456 3.35316 5.86081 4.49738 -0.31318 0.01182 0.12988 0.94070
1403638591.327829599 3.33154 5.78766 4.50388 -0.31175 0.00319 0.13399 0.94067
1403638591.427829504 3.33110 5.71970 4.51106 -0.31064 -0.00275 0.13736 0.94054
1403638591.527829409 3.32870 5.65660 4.52665 -0.30945 -0.00765 0.14114 0.94035
1403638591.727829456 3.32188 5.55014 4.57110 -0.30897 -0.00970 0.14409 0.94004
1403638591.927829504 3.32357 5.47594 4.63749 -0.31016 -0.00018 0.13999 0.94032
1403638592.127829552 3.35833 5.42635 4.70676 -0.30986 0.00836 0.13752 0.94075
1403638592.227829456 3.39040 5.40686 4.74228 -0.30525 0.01905 0.13618 0.94229
1403638592.327829599 3.43193 5.39181 4.77395 -0.29605 0.03169 0.13362 0.94525
1403638592.427829504 3.48076 5.37960 4.80174 -0.28086 0.03907 0.12955 0.95016
1403638592.527829409 3.53284 5.37051 4.82435 -0.26458 0.03694 0.12323 0.95574
1403638592.627829552 3.58968 5.36585 4.84266 -0.25197 0.02942 0.11642 0.96026
1403638592.727829456 3.64847 5.36379 4.85828 -0.24235 0.02049 0.11191 0.96349
1403638592.827829599 3.70373 5.36704 4.87417 -0.23521 0.01173 0.11055 0.96557
1403638593.127829552 3.84136 5.40977 4.93977 -0.22791 0.00584 0.10612 0.96786
1403638593.227829456 3.89210 5.43300 4.96661 -0.22928 0.01179 0.10253 0.96787
1403638593.327829599 3.94322 5.45885 4.99630 -0.23330 0.01644 0.09412 0.96770
1403638593.427829504 3.99929 5.48658 5.02250 -0.23841 0.02404 0.08377 0.96725
1403638593.527829409 4.05073 5.51263 5.04823 -0.24157 0.03044 0.07889 0.96669
1403638593.727829456 4.13780 5.55275 5.11697 -0.24526 0.03675 0.07546 0.96582
1403638593.827829599 4.18131 5.56632 5.15476 -0.24507 0.04753 0.07654 0.96531
1403638593.927829504 4.22196 5.57487 5.19116 -0.23939 0.06489 0.07690 0.96570
1403638594.027829409 4.26448 5.57906 5.21814 -0.23131 0.06324 0.07890 0.96761
1403638594.227829456 4.35616 5.57713 5.25523 -0.22252 0.04793 0.07595 0.97078
1403638594.427829504 4.43419 5.56908 5.27794 -0.22067 0.05120 0.06432 0.97188
1403638594.627829552 4.52500 5.54499 5.28716 -0.21519 0.05241 0.06932 0.97270
1403638594.927829504 4.65200 5.48741 5.28226 -0.21389 0.04919 0.07724 0.97256
1403638595.527829409 4.72825 5.35693 5.28836 -0.21603 0.04216 0.08140 0.97207
1403638596.127829552 4.70472 5.20952 5.29425 -0.22629 0.03541 0.05641 0.97178
1403638596.327829599 4.69301 5.13225 5.30567 -0.23597 0.02676 0.03049 0.97091
1403638596.627829552 4.72742 4.94086 5.32278 -0.24378 0.02324 0.00490 0.96954
1403638596.827829599 4.78546 4.74252 5.34557 -0.24791 0.02155 -0.00762 0.96851
1403638596.927829504 4.82946 4.61712 5.35932 -0.24913 0.02300 -0.01043 0.96814
1403638597.027829409 4.86788 4.48132 5.37993 -0.25038 0.02492 -0.01143 0.96776
1403638597.127829552 4.90691 4.32941 5.40524 -0.25205 0.02719 -0.01377 0.96723
1403638597.227829456 4.94413 4.16475 5.43373 -0.25265 0.03061 -0.01313 0.96698
1403638597.327829599 4.97886 3.98711 5.47397 -0.25135 0.03444 -0.00854 0.96725
1403638597.427829504 5.00406 3.79422 5.52114 -0.24931 0.03968 -0.00024 0.96761
1403638597.527829409 5.03234 3.58925 5.56627 -0.24423 0.04932 0.01341 0.96837
1403638597.627829552 5.05344 3.37397 5.61606 -0.24075 0.05616 0.02424 0.96866
1403638597.727829456 5.06871 3.15133 5.66905 -0.24086 0.05733 0.02498 0.96854
1403638597.827829599 5.07823 2.91939 5.72264 -0.24004 0.05303 0.01408 0.96921
1403638597.927829504 5.08739 2.67992 5.77468 -0.23726 0.04870 0.00242 0.97022
1403638598.027829409 5.09871 2.43082 5.82412 -0.23170 0.04827 -0.00182 0.97159
1403638598.127829552 5.11171 2.17170 5.86803 -0.22084 0.05109 0.00959 0.97392
1403638598.227829456 5.13077 1.90892 5.90305 -0.20807 0.05285 0.02916 0.97625
1403638598.327829599 5.14173 1.64045 5.94237 -0.19976 0.05087 0.04282 0.97759
1403638598.427829504 5.15412 1.36700 5.98002 -0.19566 0.04795 0.04998 0.97822
1403638598.527829409 5.15680 1.09856 6.01557 -0.19203 0.04571 0.05197 0.97895
1403638598.627829552 5.15101 0.83629 6.05297 -0.18487 0.04178 0.05046 0.98058
1403638598.727829456 5.14564 0.57319 6.09002 -0.17397 0.04089 0.04526 0.98286
1403638598.827829599 5.14049 0.30712 6.12256 -0.15963 0.04205 0.03946 0.98549
1403638598.927829504 5.13470 0.03928 6.15590 -0.14370 0.04110 0.03144 0.98827
1403638599.027829409 5.14146 -0.22556 6.17961 -0.12478 0.04073 0.02524 0.99103
1403638599.127829552 5.15340 -0.49147 6.20001 -0.10627 0.04059 0.01584 0.99338
1403638599.227829456 5.16672 -0.74742 6.21802 -0.08653 0.03940 0.00650 0.99545
1403638599.327829599 5.17921 -1.00596 6.22844 -0.06564 0.03719 -0.00142 0.99715
1403638599.427829504 5.19646 -1.26515 6.24168 -0.04918 0.03281 -0.00987 0.99820
1403638599.527829409 5.20975 -1.51791 6.25430 -0.03748 0.02956 -0.01522 0.99874
1403638599.627829552 5.22385 -1.76654 6.26595 -0.02949 0.02674 -0.01642 0.99907
1403638599.727829456 5.23563 -2.01961 6.28302 -0.02608 0.02438 -0.01789 0.99920
1403638599.827829599 5.24035 -2.27061 6.30532 -0.02582 0.02350 -0.01662 0.99925
1403638599.927829504 5.23020 -2.51841 6.33381 -0.02575 0.02236 -0.01113 0.99936
1403638600.027829409 5.23488 -2.75732 6.36402 -0.02505 0.02344 -0.00308 0.99941
1403638600.127829552 5.23519 -3.00264 6.39464 -0.02353 0.01996 0.00986 0.99948
1403638600.227829456 5.23625 -3.23467 6.42916 -0.01986 0.01500 0.02651 0.99934
1403638600.327829599 5.22773 -3.46334 6.46906 -0.01791 0.01195 0.03964 0.99898
1403638600.427829504 5.22042 -3.67326 6.51139 -0.01582 0.01000 0.05100 0.99852
1403638600.527829409 5.22569 -3.87378 6.54991 -0.01638 0.00834 0.05434 0.99835
1403638600.627829552 5.23803 -4.06022 6.59109 -0.01740 0.00584 0.05531 0.99830
1403638600.727829456 5.26159 -4.22923 6.62912 -0.01735 0.00162 0.05681 0.99823
1403638600.827829599 5.29272 -4.38440 6.66852 -0.01843 -0.00575 0.05246 0.99844
1403638600.927829504 5.32593 -4.52499 6.71436 -0.02434 -0.01125 0.03394 0.99906
1403638601.027829409 5.35796 -4.65991 6.77136 -0.02930 -0.01293 0.01726 0.99934
1403638601.127829552 5.39409 -4.78968 6.83349 -0.03150 -0.01118 0.00882 0.99940
1403638601.227829456 5.42302 -4.91022 6.90528 -0.03446 -0.00592 -0.00249 0.99939
1403638601.327829599 5.45435 -5.03911 6.98012 -0.03603 0.00691 -0.01195 0.99926
1403638601.427829504 5.49165 -5.16834 7.06050 -0.02579 0.01519 -0.00906 0.99951
1403638601.527829409 5.53044 -5.30083 7.14312 -0.01073 0.02282 -0.01100 0.99962
1403638601.627829552 5.57536 -5.43098 7.22316 0.00800 0.02777 -0.01965 0.99939
1403638601.727829456 5.62582 -5.55873 7.29966 0.03101 0.03011 -0.03272 0.99853
1403638601.827829599 5.68155 -5.69023 7.36866 0.05762 0.03356 -0.04904 0.99657
1403638601.927829504 5.73933 -5.82126 7.43125 0.08482 0.03578 -0.06458 0.99366
1403638602.027829409 5.78902 -5.95868 7.49236 0.10644 0.03532 -0.07473 0.99088
1403638602.127829552 5.83735 -6.09301 7.55448 0.12172 0.03630 -0.08297 0.98842
1403638602.227829456 5.88168 -6.22808 7.61641 0.13573 0.04223 -0.09412 0.98536
1403638602.327829599 5.90764 -6.36923 7.67963 0.15586 0.05161 -0.10031 0.98132
1403638602.427829504 5.94893 -6.50330 7.72981 0.18773 0.07095 -0.09023 0.97549
1403638602.527829409 5.99730 -6.63861 7.76277 0.22073 0.10070 -0.07657 0.96710
1403638602.627829552 6.04027 -6.77027 7.78780 0.24984 0.11840 -0.06785 0.95862
1403638602.727829456 6.07991 -6.89163 7.79550 0.27161 0.11866 -0.07354 0.95223
1403638602.827829599 6.12188 -6.99173 7.78304 0.29020 0.11453 -0.08672 0.94612
1403638602.927829504 6.15910 -7.08293 7.75881 0.31200 0.10597 -0.09387 0.93947
1403638603.027829409 6.19083 -7.15741 7.72409 0.33823 0.09570 -0.09317 0.93154
1403638603.127829552 6.21372 -7.22204 7.68075 0.35989 0.09602 -0.09547 0.92312
1403638603.227829456 6.22526 -7.27294 7.63593 0.37234 0.08807 -0.10592 0.91782
1403638603.327829599 6.22480 -7.31182 7.58743 0.37633 0.06280 -0.12214 0.91625
1403638603.427829504 6.22167 -7.33960 7.53873 0.37766 0.04042 -0.13377 0.91534
1403638603.527829409 6.21468 -7.36428 7.48996 0.37888 0.03179 -0.13895 0.91440
1403638603.627829552 6.20260 -7.38169 7.44623 0.38400 0.03922 -0.13867 0.91202
1403638603.727829456 6.18518 -7.39503 7.40132 0.38443 0.05192 -0.14460 0.91028
1403638603.927829504 6.12726 -7.41205 7.31527 0.37920 0.07608 -0.16118 0.90799
1403638604.127829552 6.04018 -7.41585 7.20993 0.37433 0.08987 -0.17039 0.90706
1403638604.327829599 5.95289 -7.41017 7.05851 0.37949 0.07702 -0.15986 0.90802
1403638604.427829504 5.91096 -7.39885 6.96793 0.38089 0.06393 -0.15691 0.90896
1403638604.527829409 5.87197 -7.38565 6.86760 0.37961 0.05207 -0.15945 0.90981
1403638604.627829552 5.83237 -7.37357 6.76553 0.37907 0.04666 -0.16033 0.91018
1403638604.727829456 5.78884 -7.36187 6.66425 0.38084 0.04215 -0.15565 0.91047
1403638604.827829599 5.74424 -7.34493 6.56085 0.38218 0.03812 -0.15183 0.91073
1403638604.927829504 5.70112 -7.32651 6.45735 0.38145 0.03081 -0.15323 0.91108
1403638605.027829409 5.66513 -7.30697 6.35189 0.38019 0.01779 -0.15634 0.91142
1403638605.127829552 5.63738 -7.29006 6.24684 0.37879 0.00764 -0.15953 0.91159
1403638605.327829599 5.58932 -7.26698 6.05459 0.37527 0.00578 -0.16855 0.91144
1403638605.427829504 5.56430 -7.26115 5.96574 0.37234 0.01859 -0.17712 0.91085
1403638605.527829409 5.53339 -7.26040 5.87999 0.36962 0.03588 -0.18489 0.90989
1403638605.627829552 5.49861 -7.26316 5.79535 0.36692 0.04784 -0.19258 0.90884
1403638605.827829599 5.42621 -7.28161 5.61024 0.36505 0.05209 -0.19768 0.90826
1403638606.027829409 5.36518 -7.32075 5.39581 0.36118 0.05449 -0.20419 0.90823
1403638606.227829456 5.28368 -7.38811 5.16313 0.35725 0.05462 -0.20933 0.90861
1403638606.327829599 5.23090 -7.42743 5.04194 0.35741 0.04886 -0.20660 0.90950
1403638606.427829504 5.16848 -7.47615 4.92243 0.36005 0.03288 -0.19732 0.91123
1403638606.527829409 5.10451 -7.52603 4.80123 0.36362 0.01567 -0.18631 0.91259
1403638606.627829552 5.03409 -7.58346 4.68627 0.36776 0.00351 -0.18163 0.91200
1403638606.827829599 4.88114 -7.71602 4.46702 0.38669 -0.01055 -0.19008 0.90235
1403638606.927829504 4.80702 -7.79242 4.36590 0.40285 -0.01367 -0.19666 0.89378
1403638607.027829409 4.74143 -7.87573 4.27016 0.42246 -0.01527 -0.20212 0.88343
1403638607.127829552 4.68957 -7.96752 4.17267 0.44156 -0.01690 -0.20093 0.87428
1403638607.227829456 4.64494 -8.06385 4.08392 0.45717 -0.00568 -0.19899 0.86681
1403638607.327829599 4.59856 -8.16462 4.00125 0.46907 0.00757 -0.19442 0.86146
1403638607.427829504 4.54916 -8.26522 3.92587 0.47721 0.01364 -0.19020 0.85785
1403638607.527829409 4.49315 -8.36008 3.85801 0.48121 0.01246 -0.18839 0.85603
1403638607.627829552 4.43594 -8.45356 3.79359 0.48278 0.01296 -0.18871 0.85507
1403638607.827829599 4.31642 -8.63147 3.69249 0.48235 0.01697 -0.18941 0.85509
1403638607.927829504 4.25399 -8.71445 3.64495 0.48251 0.01099 -0.18496 0.85607
1403638608.227829456 4.05052 -8.95698 3.54067 0.47742 0.02450 -0.18351 0.85895
1403638608.427829504 3.90123 -9.10274 3.49342 0.47638 0.04081 -0.18187 0.85926
1403638608.527829409 3.82217 -9.16831 3.47392 0.47532 0.03792 -0.18355 0.85962
1403638608.727829456 3.66079 -9.28595 3.42943 0.47757 0.04428 -0.17679 0.85949
1403638608.827829599 3.58799 -9.33575 3.40851 0.47700 0.03951 -0.17870 0.85964
1403638608.927829504 3.52033 -9.37907 3.38920 0.47676 0.03261 -0.18030 0.85973
1403638609.027829409 3.45890 -9.41838 3.36408 0.47717 0.02615 -0.17979 0.85983
1403638609.227829456 3.35182 -9.48559 3.31953 0.48035 0.02378 -0.17256 0.85960
1403638609.427829504 3.23958 -9.53960 3.27739 0.48014 0.02375 -0.17092 0.86005
1403638609.627829552 3.10774 -9.57531 3.26211 0.47739 0.02460 -0.17605 0.86052
1403638609.827829599 2.96919 -9.60102 3.24812 0.47572 0.02515 -0.17857 0.86091
1403638610.127829552 2.80955 -9.61928 3.22138 0.47718 0.03353 -0.17163 0.86123
1403638610.627829552 2.53599 -9.56361 3.21675 0.48007 0.05872 -0.16015 0.86049
1403638610.827829599 2.40912 -9.49545 3.20351 0.47912 0.04478 -0.16301 0.86132
1403638610.927829504 2.35926 -9.45401 3.19148 0.47872 0.03880 -0.16539 0.86138
1403638611.227829456 2.21218 -9.29943 3.16692 0.48123 0.04474 -0.16081 0.86056
1403638611.427829504 2.11724 -9.16741 3.15278 0.47479 0.05391 -0.17611 0.86061
1403638611.527829409 2.09240 -9.09562 3.15324 0.47047 0.05805 -0.18841 0.86011
1403638611.627829552 2.07228 -9.02173 3.13913 0.46786 0.05483 -0.19417 0.86046
1403638611.827829599 2.01272 -8.87365 3.09946 0.47169 0.03869 -0.18370 0.86155
1403638611.927829504 1.96928 -8.79855 3.08335 0.47327 0.03147 -0.17836 0.86210
1403638612.127829552 1.88736 -8.64575 3.04081 0.47390 0.02441 -0.17366 0.86294
1403638612.327829599 1.82800 -8.49018 2.99794 0.47288 0.02461 -0.17464 0.86330
1403638612.527829409 1.78144 -8.33170 2.96547 0.47050 0.03168 -0.17634 0.86402
1403638612.727829456 1.71280 -8.17189 2.93961 0.46444 0.03971 -0.18411 0.86535
1403638612.927829504 1.63056 -8.01523 2.90959 0.46202 0.04521 -0.18116 0.86699
1403638613.127829552 1.57297 -7.85796 2.86707 0.46146 0.03942 -0.17931 0.86796
1403638613.327829599 1.53292 -7.70147 2.80046 0.46047 0.03586 -0.17998 0.86850
1403638613.627829552 1.47349 -7.46351 2.70173 0.45731 0.04012 -0.17144 0.87170
1403638613.827829599 1.40176 -7.30276 2.64004 0.45236 0.04899 -0.15804 0.87635
1403638613.927829504 1.35086 -7.21892 2.61208 0.44263 0.05073 -0.15308 0.88208
1403638614.027829409 1.30014 -7.12960 2.58544 0.42759 0.05080 -0.14952 0.89007
1403638614.227829456 1.19716 -6.93680 2.53592 0.39051 0.04542 -0.14136 0.90855
1403638614.327829599 1.15753 -6.83673 2.51092 0.37617 0.04232 -0.13713 0.91537
1403638614.427829504 1.12407 -6.73644 2.47638 0.36659 0.03947 -0.13168 0.92017
1403638614.627829552 1.07413 -6.53337 2.39396 0.35120 0.03620 -0.11950 0.92794
1403638614.727829456 1.06234 -6.43066 2.35010 0.34142 0.03141 -0.10836 0.93312
1403638614.927829504 1.05803 -6.21481 2.26073 0.30878 0.01624 -0.08667 0.94704
1403638615.027829409 1.07091 -6.10054 2.22304 0.28547 0.01346 -0.07690 0.95520
1403638615.127829552 1.08742 -5.98568 2.18830 0.25636 0.01694 -0.07011 0.96389
1403638615.227829456 1.11216 -5.86848 2.16002 0.22437 0.02703 -0.06599 0.97189
1403638615.327829599 1.13630 -5.75233 2.13005 0.19229 0.03418 -0.05795 0.97903
1403638615.427829504 1.15375 -5.63426 2.10305 0.16049 0.03928 -0.04777 0.98510
1403638615.527829409 1.16718 -5.51103 2.09038 0.13092 0.04148 -0.03655 0.98985
1403638615.627829552 1.16935 -5.38664 2.07069 0.10753 0.04397 -0.02631 0.99288
1403638615.727829456 1.18222 -5.27691 2.04342 0.09056 0.04381 -0.01929 0.99474
1403638615.827829599 1.19721 -5.16506 2.00908 0.07886 0.04403 -0.01385 0.99582
1403638615.927829504 1.21444 -5.05257 1.97400 0.06740 0.04414 -0.00602 0.99673
1403638616.027829409 1.22721 -4.93489 1.94021 0.05429 0.04327 -0.00023 0.99759
1403638616.127829552 1.23431 -4.81963 1.90927 0.03923 0.04336 0.00547 0.99827
1403638616.227829456 1.22868 -4.70616 1.88343 0.02201 0.04222 0.01391 0.99877
1403638616.327829599 1.20977 -4.59287 1.86420 0.00107 0.04141 0.02295 0.99888
1403638616.427829504 1.17829 -4.47569 1.85143 -0.01982 0.04064 0.03175 0.99847
1403638616.527829409 1.14017 -4.35821 1.83607 -0.03597 0.03897 0.03996 0.99779
1403638616.627829552 1.10316 -4.24123 1.82399 -0.04815 0.03296 0.04496 0.99728
1403638616.727829456 1.05628 -4.12471 1.81585 -0.05425 0.02005 0.05271 0.99693
1403638616.827829599 1.00915 -4.00638 1.81023 -0.05483 0.00624 0.06336 0.99646
1403638616.927829504 0.96481 -3.88601 1.80976 -0.05588 0.00275 0.06617 0.99624
1403638617.027829409 0.93366 -3.76006 1.81172 -0.05892 0.00915 0.05797 0.99654
1403638617.127829552 0.91144 -3.63455 1.81625 -0.06117 0.01662 0.04803 0.99683
1403638617.227829456 0.89833 -3.50581 1.82188 -0.06073 0.01722 0.04117 0.99716
1403638617.327829599 0.89237 -3.38038 1.82731 -0.05839 0.01181 0.03930 0.99745
1403638617.427829504 0.89911 -3.25784 1.83417 -0.05699 0.00424 0.03585 0.99772
1403638617.627829552 0.93969 -3.01440 1.85616 -0.05337 0.00168 0.03072 0.99810
1403638617.727829456 0.98142 -2.89765 1.87301 -0.05273 0.00447 0.02596 0.99826
1403638617.827829599 1.02865 -2.78454 1.89135 -0.05165 0.00445 0.02339 0.99838
1403638617.927829504 1.08073 -2.67261 1.91051 -0.04981 0.00685 0.02316 0.99847
1403638618.127829552 1.17785 -2.45812 1.96419 -0.04647 0.00802 0.02358 0.99861
1403638618.327829599 1.26635 -2.25524 2.04102 -0.04505 0.00955 0.02118 0.99871
1403638618.527829409 1.34439 -2.05928 2.13909 -0.04307 0.01122 0.01959 0.99882
1403638618.627829552 1.38554 -1.96663 2.19249 -0.04632 0.01168 0.01940 0.99867
1403638618.727829456 1.42915 -1.87712 2.24881 -0.05106 0.01206 0.01867 0.99845
1403638618.827829599 1.48353 -1.79262 2.30428 -0.05433 0.01389 0.02066 0.99821
1403638618.927829504 1.54368 -1.70981 2.36263 -0.06118 0.01802 0.02207 0.99772
1403638619.027829409 1.60178 -1.62833 2.42088 -0.07477 0.02478 0.02628 0.99655
1403638619.127829552 1.65370 -1.54897 2.48474 -0.09508 0.02914 0.03165 0.99454
1403638619.227829456 1.70030 -1.47385 2.54886 -0.11829 0.03221 0.04217 0.99156
1403638619.327829599 1.73870 -1.40091 2.61203 -0.14459 0.03365 0.05459 0.98741
1403638619.427829504 1.76673 -1.33022 2.67884 -0.16812 0.03640 0.06666 0.98284
1403638619.527829409 1.78914 -1.26371 2.74854 -0.18495 0.03888 0.07722 0.97894
1403638619.627829552 1.81316 -1.19632 2.81414 -0.19506 0.04022 0.08850 0.97596
1403638619.727829456 1.83080 -1.13182 2.88311 -0.19822 0.04243 0.10362 0.97374
1403638619.927829504 1.85699 -1.00025 3.01616 -0.20374 0.04661 0.11611 0.97100
1403638620.127829552 1.87280 -0.86053 3.13428 -0.20952 0.05167 0.11411 0.96975
1403638620.327829599 1.90297 -0.71663 3.22699 -0.21350 0.05182 0.10758 0.96962
1403638620.627829552 1.96002 -0.49734 3.31727 -0.21095 0.04490 0.10336 0.97098
1403638620.927829504 1.97603 -0.27276 3.40354 -0.20727 0.03231 0.09790 0.97284
1403638621.127829552 1.97198 -0.12139 3.46089 -0.20709 0.03657 0.08688 0.97377
1403638621.327829599 1.98745 0.02413 3.50270 -0.20537 0.03958 0.08165 0.97447
1403638621.527829409 2.00358 0.15473 3.54146 -0.20410 0.04566 0.07704 0.97484
1403638621.827829599 1.99081 0.33184 3.59859 -0.20362 0.05382 0.07202 0.97491
1403638622.027829409 1.96227 0.43205 3.62859 -0.20353 0.06192 0.07004 0.97460
1403638622.327829599 1.89787 0.55705 3.64387 -0.20051 0.05983 0.07891 0.97467
1403638622.527829409 1.87233 0.62302 3.62060 -0.20385 0.05750 0.07452 0.97447
1403638622.727829456 1.86787 0.67179 3.57100 -0.20861 0.07240 0.06588 0.97309
1403638622.827829599 1.87114 0.68885 3.53359 -0.21002 0.08766 0.06363 0.97168
1403638623.027829409 1.86179 0.70339 3.43335 -0.20956 0.07793 0.06933 0.97222
1403638623.127829552 1.84927 0.70202 3.37799 -0.20815 0.06851 0.07491 0.97281
1403638623.327829599 1.80105 0.69473 3.25804 -0.20518 0.05809 0.08279 0.97349
1403638623.527829409 1.73386 0.68149 3.13173 -0.20459 0.05273 0.08427 0.97379
1403638623.827829599 1.65899 0.65145 2.91189 -0.20889 0.05016 0.07910 0.97344
1403638624.027829409 1.62488 0.62209 2.75157 -0.21162 0.04527 0.07971 0.97304
1403638624.327829599 1.53639 0.57107 2.51759 -0.21139 0.04537 0.08921 0.97226
1403638624.627829552 1.41024 0.52140 2.29392 -0.21238 0.06631 0.09542 0.97026
1403638624.827829599 1.31456 0.48662 2.13190 -0.21005 0.05277 0.07807 0.97314
1403638624.927829504 1.27502 0.46216 2.04250 -0.20523 0.04696 0.07514 0.97470
1403638625.127829552 1.20473 0.41809 1.85886 -0.19212 0.04549 0.08259 0.97683
1403638625.327829599 1.12026 0.37864 1.68110 -0.18682 0.04444 0.08355 0.97783
1403638625.627829552 1.01155 0.32651 1.40003 -0.18620 0.04282 0.08188 0.97816
1403638625.827829599 0.95531 0.29522 1.20528 -0.18576 0.03019 0.08484 0.97846
1403638626.027829409 0.88952 0.27531 1.02248 -0.18722 0.02671 0.08493 0.97828
1403638626.327829599 0.76460 0.25785 0.78115 -0.19128 0.02905 0.07903 0.97792
1403638626.627829552 0.62584 0.24761 0.56943 -0.19373 0.02655 0.07180 0.97806
1403638626.827829599 0.54368 0.23977 0.43955 -0.19170 0.01629 0.07526 0.97843
1403638627.127829552 0.46208 0.23042 0.26566 -0.19008 0.01291 0.07524 0.97880
1403638627.627829552 0.32928 0.22575 0.07498 -0.19270 0.01712 0.06753 0.97878
1403638627.827829599 0.28240 0.22206 0.02819 -0.19430 0.02429 0.06543 0.97846
1403638628.027829409 0.23668 0.21385 -0.00797 -0.19605 0.01918 0.06434 0.97829
1403638628.127829552 0.21922 0.20274 -0.02242 -0.19707 0.01708 0.06455 0.97811
1403638628.527829409 0.17214 0.16990 -0.05033 -0.19392 0.02714 0.07844 0.97750
1403638628.627829552 0.16812 0.15975 -0.05476 -0.19131 0.03913 0.08528 0.97703
1403638628.927829504 0.14043 0.14354 -0.07008 -0.19446 0.03738 0.07981 0.97694
1403638629.127829552 0.11512 0.14263 -0.07709 -0.19800 0.03319 0.07012 0.97713
1403638629.327829599 0.10063 0.13504 -0.09037 -0.19911 0.02973 0.06661 0.97726
1403638629.427829504 0.09664 0.12850 -0.09582 -0.19913 0.02239 0.06779 0.97737
1403638629.527829409 0.09454 0.12199 -0.09872 -0.19807 0.01410 0.07168 0.97746
1403638629.627829552 0.09670 0.11396 -0.09788 -0.19515 0.01385 0.08026 0.97739
1403638629.727829456 0.10183 0.10960 -0.09144 -0.19104 0.02138 0.09192 0.97703
1403638629.827829599 0.10628 0.10612 -0.08582 -0.18973 0.03210 0.09638 0.97657
1403638629.927829504 0.10508 0.10732 -0.07749 -0.19267 0.04276 0.09087 0.97611
1403638630.027829409 0.09563 0.11230 -0.06793 -0.19780 0.05245 0.07854 0.97568
1403638630.127829552 0.07428 0.11624 -0.05691 -0.20071 0.05180 0.07089 0.97571
1403638630.227829456 0.04422 0.11904 -0.04663 -0.20174 0.04496 0.06790 0.97605
1403638630.327829599 0.01268 0.12237 -0.02951 -0.20321 0.03454 0.06682 0.97624
1403638630.427829504 0.04236 0.12553 -0.05209 -0.19451 0.02315 0.07939 0.97741
1403638630.527829409 0.02425 0.13358 -0.03231 -0.19799 0.04093 0.06730 0.97703
1403638630.627829552 0.02282 0.13414 -0.01726 -0.19876 0.04228 0.06714 0.97683
1403638630.727829456 -0.01437 0.16113 -0.00823 -0.18643 -0.00078 0.06801 0.98011
1403638630.827829599 -0.03232 0.13201 0.04983 -0.19212 0.00444 0.06778 0.97902
1403638631.027829409 -0.01981 0.15526 0.01068 -0.18952 0.00233 0.06696 0.97959
