1403638528.027829 0.0000000 0.0000000 0.0000000 0.0000000 0.0000000 0.0000000 1.0000000
1403638528.327830 -0.0154768 -0.0006112 0.0022326 0.0003129 -0.0393049 -0.0048845 0.9992152
1403638528.377830 -0.0173321 -0.0007853 0.0033120 0.0015450 -0.0430937 -0.0057653 0.9990532
1403638530.127830 -0.0364414 0.0134709 0.0007719 -0.0382401 -0.0124982 -0.0196381 0.9989974
1403638530.327830 -0.0365146 0.0142160 0.0041655 -0.0392975 -0.0028528 -0.0120299 0.9991511
1403638531.427830 -0.0358193 0.0165998 0.0093857 -0.0328188 0.0057217 -0.0082522 0.9994109
1403638541.227829 -0.0550943 -0.0274671 0.0587517 -0.0007864 -0.1514128 -0.0902650 0.9843403
1403638541.927830 -0.0904384 -0.0505666 0.0843716 0.0023309 -0.2005746 -0.0949042 0.9750680
1403638542.377830 -0.1214189 -0.0646434 0.0961445 0.0018370 -0.3017613 -0.1314458 0.9442769
1403638543.227829 -0.1878878 -0.0841242 0.1027684 0.0020559 -0.3432649 -0.1442340 0.9280956
1403638543.577830 -0.2186103 -0.0879336 0.1018045 0.0003853 -0.3570748 -0.1506304 0.9218503
1403638543.727829 -0.2319463 -0.0877105 0.1013620 0.0025820 -0.3822318 -0.1659618 0.9090373
1403638544.177830 -0.2752507 -0.0953357 0.0962020 0.0010744 -0.4653205 -0.1893635 0.8646486
1403638544.627830 -0.3213428 -0.1013492 0.0934272 0.0072409 -0.4781520 -0.1866369 0.8581870
1403638545.077830 -0.3658217 -0.1069357 0.0932510 0.0052860 -0.4828108 -0.1877205 0.8553519
1403638545.377830 -0.3944561 -0.1055871 0.0948027 0.0098913 -0.4842061 -0.1885580 0.8543375
1403638545.727829 -0.4274528 -0.1019826 0.0973281 0.0037890 -0.5137059 -0.1990648 0.8345448
1403638545.877830 -0.4410181 -0.1033351 0.0973618 0.0041646 -0.5417725 -0.2126043 0.8131818
1403638546.527829 -0.5028099 -0.1075529 0.0947576 0.0022069 -0.6074276 -0.2421186 0.7565748
1403638546.677830 -0.5170972 -0.1073405 0.0934796 0.0036791 -0.6144818 -0.2462234 0.7495149
1403638547.027829 -0.5529674 -0.1108668 0.0894937 0.0103394 -0.6239825 -0.2583424 0.7374266
1403638547.627830 -0.6184629 -0.1047219 0.0794835 0.0025294 -0.6255441 -0.2531046 0.7379880
1403638547.777829 -0.6352144 -0.1004152 0.0768776 0.0044802 -0.6237566 -0.2542161 0.7391087
1403638548.177830 -0.6822508 -0.0892190 0.0657120 0.0049632 -0.6318529 -0.2598470 0.7302169
1403638548.327830 -0.7001680 -0.0881993 0.0590508 0.0036557 -0.6474274 -0.2643909 0.7147880
1403638548.977829 -0.7830730 -0.0864153 0.0261722 0.0025825 -0.6889818 -0.2784464 0.6691525
1403638549.227829 -0.8161712 -0.0897487 0.0123877 0.0018241 -0.6902444 -0.2765788 0.6686280
1403638549.677830 -0.8793720 -0.0987114 -0.0145828 -0.0003165 -0.6916301 -0.2658380 0.6715489
1403638550.077830 -0.9354115 -0.1087228 -0.0364327 -0.0043370 -0.6901479 -0.2678360 0.6722655
1403638550.277829 -0.9639480 -0.1166326 -0.0483907 -0.0050327 -0.6906152 -0.2680860 0.6716809
1403638550.477829 -0.9926066 -0.1265489 -0.0586849 -0.0056946 -0.6925157 -0.2657573 0.6706434
1403638550.727829 -1.0290000 -0.1362315 -0.0697795 -0.0054971 -0.6973730 -0.2544526 0.6699960
1403638551.127830 -1.0849533 -0.1469303 -0.0825537 0.0118372 -0.7043320 -0.2317228 0.6708806
1403638551.327830 -1.1094871 -0.1544400 -0.0863366 0.0051634 -0.7034955 -0.2295065 0.6726025
1403638551.577830 -1.1373454 -0.1631594 -0.0880351 -0.0090153 -0.6752310 -0.2171153 0.7048708
1403638551.827830 -1.1615715 -0.1709862 -0.0817504 -0.0176533 -0.6350267 -0.1931167 0.7477536
1403638552.327830 -1.2012107 -0.1966298 -0.0588109 -0.0044991 -0.5931315 -0.1950326 0.7811127
1403638552.577830 -1.2165186 -0.2119944 -0.0436293 0.0049208 -0.5994125 -0.1769739 0.7806156
1403638553.377830 -1.2380666 -0.2454159 0.0272158 0.0307285 -0.6110159 -0.1852916 0.7690139
1403638553.927830 -1.2203119 -0.2768553 0.0733429 0.0438768 -0.6064970 -0.2025328 0.7676045
1403638554.427830 -1.1845238 -0.3018376 0.1072132 0.0144874 -0.5968453 -0.2302845 0.7684627
1403638555.027829 -1.1410259 -0.3268858 0.1458912 0.0039710 -0.6011806 -0.2123040 0.7703850
1403638555.927830 -1.0763373 -0.3564401 0.2135533 0.0044978 -0.5596994 -0.2101361 0.8015979
1403638556.527829 -1.0387113 -0.3836131 0.2563010 -0.0187848 -0.5554376 -0.2219098 0.8011818
1403638557.527829 -1.0022138 -0.4363310 0.3509654 0.0007764 -0.5606449 -0.2091375 0.8012105
1403638558.177830 -0.9828184 -0.4720535 0.4201444 -0.0105957 -0.5537471 -0.2249257 0.8016610
1403638558.477829 -0.9788198 -0.4878273 0.4498735 -0.0245750 -0.5455619 -0.2415175 0.8021393
1403638558.777829 -0.9841383 -0.5095030 0.4781416 -0.0297970 -0.5515519 -0.2201994 0.8039992
1403638558.927830 -0.9886885 -0.5203348 0.4930254 -0.0239299 -0.5527569 -0.2155637 0.8046238
1403638559.127830 -0.9965862 -0.5319608 0.5150772 -0.0083092 -0.5540425 -0.2132056 0.8046808
1403638559.277829 -1.0026997 -0.5390512 0.5323473 -0.0008969 -0.5541624 -0.2157802 0.8039541
1403638559.477829 -1.0107951 -0.5464696 0.5550376 0.0068642 -0.5525692 -0.2229014 0.8030786
1403638560.277829 -1.0479620 -0.5656695 0.6388786 0.0088189 -0.5002630 -0.1930224 0.8440388
1403638560.427830 -1.0549005 -0.5670910 0.6544442 0.0168495 -0.4663610 -0.1726587 0.8674172
1403638560.577830 -1.0609218 -0.5674399 0.6699796 0.0210652 -0.4307520 -0.1503055 0.8896163
1403638561.927830 -1.0476720 -0.5862965 0.7749099 0.0186746 -0.2613750 -0.1014102 0.9597137
1403638562.077830 -1.0419018 -0.5852888 0.7840311 0.0195381 -0.2465621 -0.0970375 0.9640587
1403638562.227829 -1.0354784 -0.5857449 0.7921880 0.0203619 -0.2303386 -0.0919019 0.9685472
1403638562.727829 -1.0121040 -0.5944710 0.8107407 0.0204490 -0.1479061 -0.0417697 0.9879074
1403638563.027829 -0.9945146 -0.5991825 0.8183492 0.0193242 -0.0774260 -0.0036677 0.9968041
1403638563.777829 -0.9309692 -0.5902034 0.8278475 0.0327853 -0.0144105 0.0263906 0.9990100
1403638564.177830 -0.8854790 -0.5875479 0.8168126 0.0340223 -0.0299081 0.0261924 0.9986300
1403638564.477829 -0.8444394 -0.5833610 0.8037613 0.0430234 -0.0376864 0.0139703 0.9982653
1403638564.627830 -0.8222638 -0.5818564 0.7945090 0.0388065 -0.0413783 0.0165608 0.9982523
1403638564.827830 -0.7907478 -0.5780546 0.7811148 0.0349290 -0.0444202 0.0254964 0.9980765
1403638565.377830 -0.6939112 -0.5406494 0.7453079 0.0302189 -0.0429340 0.0271073 0.9982528
1403638565.527829 -0.6635389 -0.5265350 0.7351553 0.0344820 -0.0394313 0.0220408 0.9983839
1403638565.977829 -0.5709406 -0.4934280 0.6953729 0.0284808 -0.0198002 -0.0096489 0.9993516
1403638566.127830 -0.5423416 -0.4815817 0.6813442 0.0268351 -0.0183254 -0.0086070 0.9994348
1403638566.477829 -0.4760388 -0.4474778 0.6492268 0.0250093 -0.0216116 -0.0069442 0.9994295
1403638566.627830 -0.4494312 -0.4300898 0.6357455 0.0141579 -0.0243419 -0.0087426 0.9995652
1403638566.777829 -0.4232805 -0.4113014 0.6224290 -0.0164482 -0.0258292 -0.0132612 0.9994431
1403638567.027829 -0.3810189 -0.3792121 0.6047429 -0.0338788 -0.0299346 -0.0169113 0.9988344
1403638567.277829 -0.3411962 -0.3496667 0.5924308 0.0155785 -0.0296977 -0.0203939 0.9992294
1403638567.427830 -0.3178328 -0.3317952 0.5853269 0.0189506 -0.0270966 -0.0222648 0.9992052
1403638567.527829 -0.3029697 -0.3191212 0.5805622 0.0151144 -0.0252974 -0.0226069 0.9993100
1403638567.827830 -0.2627739 -0.2878145 0.5647460 -0.0034357 -0.0183466 -0.0260054 0.9994875
1403638568.127830 -0.2276140 -0.2649403 0.5482416 -0.0051413 -0.0156176 -0.0257577 0.9995330
1403638568.277829 -0.2116974 -0.2566915 0.5403056 -0.0044094 -0.0137590 -0.0279105 0.9995060
1403638568.427830 -0.1972794 -0.2487470 0.5333035 -0.0061188 -0.0128693 -0.0276529 0.9995160
1403638569.027829 -0.1528552 -0.2199728 0.5129506 -0.0112309 -0.0113120 -0.0309997 0.9993923
1403638569.327830 -0.1382973 -0.2146053 0.5058268 -0.0154038 -0.0085529 -0.0358404 0.9992022
1403638569.977829 -0.1261776 -0.2058962 0.5017133 -0.0014958 -0.0076677 -0.0359953 0.9993214
1403638571.577830 -0.0821462 -0.1632042 0.5010415 0.0200557 0.1851656 0.0933274 0.9780601
1403638572.127830 -0.0309315 -0.1453534 0.4773315 0.0064975 0.2746335 0.1392085 0.9513965
1403638572.877830 0.0602601 -0.1286085 0.4355441 -0.0249513 0.3809187 0.1488638 0.9122050
1403638573.077830 0.0867546 -0.1284437 0.4258288 -0.0310795 0.3797052 0.1464384 0.9129151
1403638573.227829 0.1069539 -0.1274584 0.4202687 -0.0323215 0.3763083 0.1457588 0.9143860
1403638573.377830 0.1280069 -0.1271361 0.4162998 -0.0338764 0.3740104 0.1452320 0.9153558
1403638573.677830 0.1711437 -0.1311871 0.4113114 -0.0383997 0.3811397 0.1411380 0.9128735
1403638573.827830 0.1933609 -0.1359785 0.4101665 -0.0324249 0.3956882 0.1390061 0.9072248
1403638573.977829 0.2163054 -0.1403165 0.4105439 -0.0143580 0.4213473 0.1436137 0.8953409
1403638574.127830 0.2393217 -0.1438939 0.4124078 0.0108853 0.4480469 0.1684674 0.8779261
1403638574.277829 0.2613541 -0.1458692 0.4135783 0.0269617 0.4786831 0.1922536 0.8562558
1403638574.427830 0.2826889 -0.1460360 0.4138771 0.0239176 0.5127820 0.2050910 0.8333188
1403638574.577830 0.3036704 -0.1452040 0.4121629 0.0207307 0.5404617 0.2155591 0.8130226
1403638574.927830 0.3486821 -0.1472622 0.4048313 -0.0040756 0.5702571 0.2140495 0.7930782
1403638575.127830 0.3734954 -0.1474189 0.4006454 -0.0030288 0.5656790 0.2276614 0.7925707
1403638575.327830 0.3983760 -0.1455643 0.3968071 0.0018367 0.5608224 0.2341162 0.7941439
1403638575.527829 0.4237784 -0.1413548 0.3919993 -0.0095207 0.5554346 0.2341392 0.7978600
1403638575.727829 0.4508165 -0.1382539 0.3864226 -0.0258063 0.5543169 0.2224810 0.8016040
1403638575.927830 0.4794101 -0.1389371 0.3805053 -0.0356593 0.5522932 0.2186771 0.8036672
1403638576.127830 0.5100396 -0.1434396 0.3749632 -0.0345651 0.5521719 0.2163376 0.8044311
1403638576.327830 0.5421028 -0.1490302 0.3706464 -0.0340500 0.5555313 0.2081724 0.8042946
1403638576.527829 0.5751065 -0.1527318 0.3688207 -0.0442473 0.5594845 0.1974964 0.8037502
1403638576.727829 0.6087237 -0.1559927 0.3707476 -0.0475226 0.5627112 0.1890910 0.8033320
1403638576.977829 0.6512235 -0.1593084 0.3789333 -0.0238774 0.5641893 0.1871298 0.8038052
1403638577.477829 0.7295278 -0.1735488 0.4006081 -0.0250071 0.5662020 0.1819441 0.8035461
1403638577.727829 0.7658247 -0.1835946 0.4149971 -0.0232552 0.5630883 0.1895765 0.8040221
1403638578.027829 0.8075855 -0.1921865 0.4360299 -0.0215457 0.5610248 0.1899055 0.8054333
1403638578.577830 0.8800592 -0.2154977 0.4766189 -0.0021264 0.5533980 0.2099787 0.8060118
1403638578.827830 0.9119151 -0.2213669 0.4953219 -0.0099114 0.5584341 0.1986147 0.8053604
1403638579.077830 0.9427230 -0.2268799 0.5141330 -0.0124633 0.5603886 0.1904456 0.8059403
1403638580.927830 1.0809762 -0.2579513 0.6328092 -0.0016211 0.2203055 0.0786071 0.9722570
1403638584.927830 1.0477815 -0.3782329 0.6847314 0.0082329 0.2388743 0.0707541 0.9684344
1403638585.277829 1.0196364 -0.3785448 0.6799781 0.0066251 0.2381116 0.0736131 0.9684215
1403638585.577830 0.9953549 -0.3775385 0.6767888 0.0059903 0.2375747 0.0735516 0.9685621
1403638586.727829 0.9050483 -0.3927436 0.6656297 0.0109680 0.2429690 0.0671590 0.9676443
1403638587.627830 0.8219025 -0.3853320 0.6644282 0.0047974 0.2394139 0.0759411 0.9679313
1403638587.977829 0.7888309 -0.3798119 0.6633141 0.0061620 0.2397326 0.0782193 0.9676632
1403638588.927830 0.6956159 -0.3690950 0.6586682 0.0104615 0.2402183 0.0764934 0.9676438
1403638589.277829 0.6602095 -0.3646185 0.6551129 0.0113231 0.2414799 0.0757090 0.9673817
1403638589.577830 0.6298354 -0.3584366 0.6519355 0.0108444 0.2410539 0.0769171 0.9673982
1403638590.327830 0.5557294 -0.3510147 0.6374105 0.0086523 0.2436033 0.0792845 0.9665902
1403638590.677830 0.5214952 -0.3425657 0.6309348 0.0017128 0.2429165 0.0820087 0.9665729
1403638591.527829 0.4484825 -0.3410667 0.6158744 -0.0405924 0.2394377 0.0967762 0.9652234
1403638591.927830 0.4266888 -0.3385572 0.6243457 -0.0331051 0.2399695 0.0966775 0.9653870
1403638592.327830 0.4150578 -0.3483137 0.6375398 -0.0008434 0.2236315 0.0941404 0.9701164
1403638592.677830 0.4089977 -0.3676343 0.6450918 -0.0063762 0.1723938 0.0747322 0.9821684
1403638592.977829 0.4093701 -0.3848842 0.6521659 -0.0255230 0.1550139 0.0661910 0.9853619
1403638593.277829 0.4131509 -0.4006285 0.6630815 -0.0164513 0.1560094 0.0582784 0.9858976
1403638593.727829 0.4200710 -0.4264174 0.6822819 0.0073567 0.1696688 0.0367019 0.9847900
1403638594.177830 0.4191083 -0.4482983 0.6975608 0.0195849 0.1469324 0.0408123 0.9881101
1403638594.877830 0.4076168 -0.4811009 0.7014880 0.0195856 0.1363054 0.0401984 0.9896572
1403638595.627830 0.3887641 -0.4893964 0.6989733 0.0107608 0.1392312 0.0423456 0.9892955
1403638596.377830 0.3655249 -0.4818640 0.6952329 0.0041748 0.1585699 -0.0152468 0.9872212
1403638596.677830 0.3425136 -0.4846707 0.6927344 0.0035007 0.1654125 -0.0400062 0.9854065
1403638596.927830 0.3112435 -0.4933906 0.6901917 0.0051277 0.1683313 -0.0509628 0.9843988
1403638597.377830 0.2276213 -0.5045097 0.6896864 0.0193510 0.1700191 -0.0436371 0.9842839
1403638597.627830 0.1677887 -0.5081674 0.6907856 0.0344828 0.1602118 -0.0130245 0.9863942
1403638597.877830 0.1023624 -0.5063101 0.6927620 0.0310418 0.1576836 -0.0298911 0.9865489
1403638598.127830 0.0298026 -0.5044651 0.6940970 0.0311868 0.1403124 -0.0273034 0.9892393
1403638598.377830 -0.0463020 -0.5030185 0.6893704 0.0251288 0.1178049 0.0108969 0.9926590
1403638598.677830 -0.1361574 -0.4980724 0.6847439 0.0161331 0.1012144 0.0106454 0.9946768
1403638599.027829 -0.2409501 -0.4911572 0.6780009 0.0161042 0.0464818 -0.0104420 0.9987347
1403638599.327830 -0.3259442 -0.4894004 0.6667926 0.0144344 -0.0138899 -0.0348615 0.9991913
1403638599.827830 -0.4661154 -0.4884051 0.6502045 0.0007224 -0.0527334 -0.0505124 0.9973300
1403638600.277829 -0.5854770 -0.4780819 0.6417986 -0.0131938 -0.0585280 -0.0019156 0.9981967
1403638600.627830 -0.6640655 -0.4737749 0.6421267 -0.0244202 -0.0597011 0.0178012 0.9977587
1403638601.027829 -0.7334279 -0.4806791 0.6498935 -0.0379494 -0.0479611 -0.0227019 0.9978698
1403638601.527829 -0.8114715 -0.4928828 0.6767756 -0.0006637 -0.0664219 -0.0460824 0.9967267
1403638601.877830 -0.8654994 -0.5076694 0.6951110 0.0151668 -0.1494179 -0.0883553 0.9847018
1403638602.527829 -0.9731176 -0.5319453 0.7174779 0.0775695 -0.2958435 -0.0941928 0.9474108
1403638603.977829 -1.0436380 -0.5414230 0.6523980 0.0663239 -0.4525310 -0.1772061 0.8714440
1403638604.377830 -1.0368972 -0.5241468 0.6219795 0.0538728 -0.4541686 -0.1730451 0.8722867
1403638605.427830 -1.0003070 -0.4919735 0.5119056 0.0046042 -0.4445885 -0.1982849 0.8735004
1403638605.827830 -0.9936324 -0.4795590 0.4737003 0.0400987 -0.4391724 -0.2150359 0.8713663
1403638606.227829 -0.9951038 -0.4660750 0.4233671 0.0445370 -0.4320144 -0.2261377 0.8719184
1403638606.627830 -1.0048783 -0.4415939 0.3656074 -0.0099598 -0.4404015 -0.2043802 0.8741716
1403638607.027829 -1.0250080 -0.4111522 0.3142105 -0.0276201 -0.4936210 -0.2236756 0.8399671
1403638607.677830 -1.0778415 -0.3745964 0.2459598 0.0002924 -0.5524482 -0.2035332 0.8083162
1403638608.277829 -1.1229324 -0.3302107 0.2083917 0.0136845 -0.5463556 -0.1976846 0.8137746
1403638610.327830 -1.1729419 -0.1908455 0.1574516 0.0214704 -0.5494224 -0.1841435 0.8147179
1403638610.877830 -1.1563413 -0.1589453 0.1591412 0.0203525 -0.5511381 -0.1834276 0.8137487
1403638611.327830 -1.1285348 -0.1384486 0.1600556 0.0254253 -0.5532882 -0.1825374 0.8123459
1403638611.827830 -1.0866238 -0.1218374 0.1595468 0.0225303 -0.5445091 -0.2012982 0.8139295
1403638612.327830 -1.0421033 -0.1057714 0.1559458 0.0070176 -0.5451788 -0.1938372 0.8155722
1403638613.827830 -0.9044830 -0.0701833 0.1411269 0.0295616 -0.5253931 -0.1753358 0.8320730
1403638614.327830 -0.8512342 -0.0491215 0.1364815 0.0216450 -0.4517836 -0.1603571 0.8773304
1403638614.827830 -0.7932848 -0.0447530 0.1248296 -0.0026776 -0.4031186 -0.1254043 0.9065109
1403638615.377830 -0.7227551 -0.0615666 0.1169656 0.0086211 -0.2526910 -0.0882388 0.9634764
1403638615.677830 -0.6824570 -0.0689430 0.1181988 0.0138567 -0.1749757 -0.0616454 0.9825433
1403638615.927830 -0.6501174 -0.0761189 0.1159026 0.0129386 -0.1449982 -0.0461112 0.9882722
1403638616.327830 -0.5981895 -0.0789473 0.1146580 0.0100583 -0.0791315 -0.0199411 0.9966140
1403638616.827830 -0.5343240 -0.0611399 0.1199852 -0.0271049 -0.0197402 0.0152385 0.9993215
1403638618.277829 -0.3579770 -0.0969971 0.1754538 -0.0225713 -0.0305491 -0.0241439 0.9989867
1403638618.827830 -0.3106823 -0.1227992 0.2185735 -0.0163514 -0.0216484 -0.0239970 0.9993439
1403638619.327830 -0.2761090 -0.1485468 0.2644545 0.0035118 0.0698233 0.0109584 0.9974930
1403638620.177830 -0.2240397 -0.1622030 0.3401937 0.0202441 0.1389884 0.0709389 0.9875425
1403638622.227829 -0.0822759 -0.1679295 0.4218445 0.0306651 0.1259112 0.0374704 0.9908592
1403638624.227829 -0.0502820 -0.1369070 0.3046392 0.0130797 0.1369569 0.0478009 0.9893366
1403638624.877830 -0.0484418 -0.1086227 0.2443107 0.0189400 0.1327935 0.0360927 0.9903052
1403638625.527829 -0.0482477 -0.0836561 0.1747571 0.0135150 0.1099473 0.0444859 0.9928494
1403638626.077830 -0.0433471 -0.0679376 0.1161175 -0.0062991 0.1113090 0.0465323 0.9926759
1403638628.027829 -0.0230025 -0.0038313 0.0076566 -0.0101599 0.1192301 0.0242723 0.9925179
1403638629.027829 -0.0274941 0.0063015 -0.0008143 0.0039094 0.1191084 0.0360086 0.9922204
1403638629.527829 -0.0294537 0.0093305 -0.0040791 -0.0171564 0.1209367 0.0316718 0.9920065
1403638630.027829 -0.0310811 0.0094787 -0.0017281 0.0192377 0.1200584 0.0428814 0.9916537
1403638630.527829 -0.0327081 0.0156268 0.0020796 0.0074941 0.1206938 0.0318241 0.9921512
1403638630.977829 -0.0307693 0.0174769 0.0063984 -0.0327547 0.1122974 0.0276359 0.9927500
