1403636581.913555384 -0.00985 0.00301 -0.11289 0.81132 0.05698 0.57874 -0.05982
1403636582.013555527 0.00107 -0.00131 -0.17198 0.81970 0.05784 0.56625 -0.06401
1403636582.113555431 -0.01453 0.00571 -0.22386 0.82917 0.06675 0.55036 -0.07161
1403636582.213555574 -0.02028 0.01187 -0.24904 0.83568 0.07401 0.53842 -0.07917
1403636582.413555384 -0.01822 0.01700 -0.19459 0.83230 0.08366 0.53998 -0.09325
1403636582.513555527 -0.01612 0.01777 -0.13510 0.82378 0.08833 0.55115 -0.09908
1403636582.613555431 -0.01487 0.01547 -0.06957 0.81950 0.08853 0.55788 -0.09671
1403636582.713555574 -0.01363 0.01157 -0.00502 0.81754 0.08457 0.56194 -0.09325
1403636582.813555479 -0.00699 0.00780 0.05994 0.81445 0.07281 0.56911 -0.08647
1403636582.913555384 -0.00457 0.00249 0.12244 0.80693 0.05946 0.58225 -0.07942
1403636583.013555527 -0.00482 -0.00074 0.16870 0.79725 0.05098 0.59726 -0.07128
1403636583.113555431 -0.01421 -0.00638 0.19169 0.79226 0.05163 0.60399 -0.06967
1403636583.313555479 0.00186 -0.00134 0.12620 0.79363 0.05426 0.60268 -0.06314
1403636583.413555384 -0.01561 -0.00194 0.08571 0.79520 0.05684 0.60002 -0.06634
1403636583.513555527 -0.00455 -0.00411 0.00692 0.79771 0.06287 0.59573 -0.06935
1403636583.613555431 -0.00676 -0.00562 -0.06094 0.80360 0.06635 0.58770 -0.06663
1403636583.713555574 -0.00841 -0.00406 -0.13040 0.81413 0.06755 0.57197 -0.07396
1403636583.813555479 -0.01286 -0.00296 -0.18852 0.82645 0.06633 0.55344 -0.07925
1403636583.913555384 -0.01550 -0.00223 -0.23583 0.83316 0.07067 0.54293 -0.07789
1403636584.013555527 -0.01942 0.00032 -0.26380 0.83483 0.07816 0.53920 -0.07886
1403636584.113555431 -0.02182 0.00246 -0.26511 0.83421 0.08205 0.53892 -0.08324
1403636584.213555574 -0.01972 0.00250 -0.23780 0.83416 0.08182 0.53923 -0.08186
1403636584.313555479 -0.01536 0.00222 -0.18920 0.83233 0.07770 0.54329 -0.07764
1403636584.413555384 -0.00760 0.00129 -0.12778 0.83061 0.07759 0.54693 -0.07016
1403636584.513555527 -0.00113 -0.00152 -0.05608 0.82637 0.07611 0.55429 -0.06392
1403636584.613555431 0.00511 -0.00427 0.01758 0.81795 0.06973 0.56779 -0.06084
1403636584.713555574 0.01009 -0.00467 0.08733 0.80576 0.06414 0.58572 -0.05973
1403636584.813555479 0.01185 -0.00735 0.14628 0.79548 0.06181 0.59957 -0.06249
1403636584.913555384 0.01022 -0.00875 0.18793 0.78899 0.05849 0.60788 -0.06758
1403636585.213555574 0.01317 -0.00923 0.15264 0.79436 0.05001 0.60178 -0.06595
1403636585.313555479 0.01658 -0.01060 0.10371 0.79781 0.05166 0.59802 -0.05660
1403636585.413555384 0.01863 -0.01255 0.04995 0.80122 0.05467 0.59398 -0.04739
1403636585.513555527 0.01867 -0.01334 -0.00306 0.80719 0.06444 0.58426 -0.05417
1403636585.613555431 0.01093 -0.01530 -0.04945 0.81305 0.07388 0.57393 -0.06403
1403636585.713555574 -0.00026 -0.01618 -0.08036 0.82011 0.07821 0.56182 -0.07524
1403636585.813555479 -0.01083 -0.01812 -0.09645 0.82865 0.07803 0.54789 -0.08407
1403636585.913555384 -0.02021 -0.01915 -0.10091 0.83855 0.07813 0.53135 -0.09164
1403636586.013555527 -0.02779 -0.02078 -0.09949 0.85089 0.07421 0.51229 -0.08963
1403636586.113555431 -0.03324 -0.02096 -0.09602 0.86414 0.06548 0.49292 -0.07749
1403636586.213555574 -0.04013 -0.01804 -0.09078 0.87421 0.05782 0.47673 -0.07172
1403636586.313555479 -0.04937 -0.01634 -0.08673 0.88486 0.05388 0.45735 -0.07039
1403636586.413555384 -0.06009 -0.01747 -0.08429 0.89534 0.04958 0.43708 -0.06982
1403636586.513555527 -0.07020 -0.02208 -0.08240 0.90340 0.05421 0.41942 -0.07091
1403636586.613555431 -0.07533 -0.02970 -0.07879 0.90769 0.06069 0.40832 -0.07538
1403636586.813555479 -0.06909 -0.04751 -0.07270 0.90369 0.06371 0.41481 -0.08496
1403636587.013555527 -0.05778 -0.05255 -0.07373 0.89883 0.07403 0.42259 -0.08971
1403636587.313555479 -0.03535 -0.06933 -0.07561 0.90264 0.07774 0.41419 -0.08739
1403636587.413555384 -0.02362 -0.08737 -0.07729 0.90385 0.07411 0.41253 -0.08593
1403636587.513555527 -0.01159 -0.11203 -0.07911 0.90522 0.06942 0.41027 -0.08616
1403636587.613555431 0.00072 -0.14320 -0.08020 0.90576 0.06459 0.40998 -0.08573
1403636587.713555574 0.01469 -0.17793 -0.07999 0.90400 0.05803 0.41496 -0.08501
1403636587.813555479 0.02882 -0.21355 -0.07983 0.90194 0.04993 0.42079 -0.08336
1403636587.913555384 0.04110 -0.24801 -0.08299 0.90261 0.04358 0.42061 -0.08056
1403636588.013555527 0.05118 -0.27981 -0.08891 0.90709 0.03803 0.41280 -0.07298
1403636588.113555431 0.05947 -0.30539 -0.09582 0.91087 0.03312 0.40529 -0.07043
1403636588.213555574 0.06566 -0.32458 -0.10180 0.91176 0.03353 0.40337 -0.06978
1403636588.713555574 0.05207 -0.30132 -0.09997 0.90887 0.03444 0.40850 -0.07673
1403636588.813555479 0.04071 -0.27560 -0.09782 0.90974 0.03899 0.40565 -0.07938
1403636588.913555384 0.02826 -0.24321 -0.09535 0.90962 0.04237 0.40469 -0.08376
1403636589.013555527 0.01365 -0.20607 -0.09017 0.90802 0.04717 0.40696 -0.08751
1403636589.113555431 -0.00234 -0.16586 -0.08275 0.90515 0.05312 0.41176 -0.09127
1403636589.213555574 -0.01815 -0.12298 -0.07415 0.90303 0.05731 0.41507 -0.09474
1403636589.313555479 -0.03461 -0.07779 -0.06727 0.90309 0.06275 0.41362 -0.09700
1403636589.413555384 -0.05087 -0.03178 -0.06355 0.90415 0.06876 0.40995 -0.09857
1403636589.513555527 -0.06641 0.01421 -0.06113 0.90362 0.07201 0.41054 -0.09866
1403636589.613555431 -0.08221 0.05992 -0.05912 0.90205 0.07487 0.41297 -0.10077
1403636589.713555574 -0.09787 0.10425 -0.05806 0.90097 0.07744 0.41475 -0.10115
1403636589.813555479 -0.11155 0.14709 -0.06008 0.90130 0.08201 0.41230 -0.10458
1403636589.913555384 -0.12297 0.18386 -0.06408 0.90321 0.08793 0.40607 -0.10764
1403636590.013555527 -0.13184 0.21477 -0.06817 0.90307 0.09171 0.40413 -0.11280
1403636590.113555431 -0.13777 0.23665 -0.06851 0.90005 0.09420 0.40952 -0.11542
1403636590.413555384 -0.13765 0.23093 -0.06685 0.89980 0.09117 0.41428 -0.10205
1403636590.513555527 -0.13380 0.20512 -0.06478 0.90015 0.08681 0.41650 -0.09336
1403636590.613555431 -0.12792 0.17138 -0.06205 0.89964 0.08251 0.42022 -0.08517
1403636590.713555574 -0.11992 0.13249 -0.06058 0.90018 0.07740 0.42139 -0.07822
1403636590.913555384 -0.09805 0.04606 -0.06474 0.90548 0.06729 0.41256 -0.07327
1403636591.013555527 -0.08468 0.00068 -0.06792 0.90622 0.06534 0.41157 -0.07152
1403636591.113555431 -0.07104 -0.04278 -0.07060 0.90556 0.06465 0.41272 -0.07376
1403636591.213555574 -0.05746 -0.08300 -0.07313 0.90604 0.06179 0.41197 -0.07455
1403636591.313555479 -0.04549 -0.11830 -0.07744 0.90749 0.05877 0.40957 -0.07256
1403636591.413555384 -0.03572 -0.14538 -0.08406 0.90866 0.05444 0.40801 -0.06998
1403636591.513555527 -0.02633 -0.16482 -0.09243 0.90852 0.05095 0.40911 -0.06794
1403636591.713555574 -0.00632 -0.18841 -0.10655 0.89702 0.03378 0.43770 -0.05129
1403636591.813555479 0.00204 -0.19366 -0.10802 0.88777 0.02778 0.45731 -0.04418
1403636591.913555384 0.01021 -0.19786 -0.10767 0.88141 0.02078 0.47014 -0.04069
1403636592.013555527 0.02052 -0.20356 -0.10837 0.88324 0.01144 0.46712 -0.03950
1403636592.113555431 0.03811 -0.21246 -0.11025 0.88696 -0.00022 0.46038 -0.03673
1403636592.213555574 0.06053 -0.22199 -0.11266 0.89128 -0.00927 0.45209 -0.03395
1403636592.313555479 0.08623 -0.22795 -0.11425 0.89526 -0.01133 0.44412 -0.03386
1403636592.413555384 0.11526 -0.22569 -0.11503 0.89793 -0.00947 0.43810 -0.04115
1403636592.513555527 0.14632 -0.21356 -0.11354 0.89666 0.00011 0.43981 -0.05070
1403636592.713555574 0.20188 -0.16140 -0.11109 0.88763 0.03448 0.45380 -0.07066
1403636592.813555479 0.21935 -0.12095 -0.11058 0.88543 0.05594 0.45311 -0.08702
1403636592.913555384 0.22398 -0.07214 -0.11154 0.88458 0.07837 0.44725 -0.10650
1403636593.013555527 0.21248 -0.01777 -0.11214 0.88383 0.10041 0.43986 -0.12365
1403636593.113555431 0.18572 0.03797 -0.11082 0.88207 0.12232 0.43394 -0.13671
1403636593.213555574 0.14692 0.09191 -0.10959 0.87976 0.13632 0.42976 -0.15080
1403636593.313555479 0.09962 0.13596 -0.10794 0.87865 0.14455 0.42483 -0.16311
1403636593.413555384 0.04943 0.16487 -0.10888 0.87999 0.14879 0.42016 -0.16412
1403636593.513555527 0.00011 0.17434 -0.11323 0.88276 0.14600 0.41799 -0.15716
1403636593.613555431 -0.04527 0.16724 -0.12010 0.88796 0.13410 0.41360 -0.14994
1403636593.713555574 -0.08631 0.14443 -0.12759 0.89524 0.11493 0.40691 -0.14059
1403636593.813555479 -0.12001 0.10746 -0.13410 0.90171 0.08624 0.40542 -0.12296
1403636593.913555384 -0.14634 0.05918 -0.13663 0.90314 0.05120 0.41388 -0.10211
1403636594.013555527 -0.16286 0.00437 -0.13571 0.90115 0.01658 0.42618 -0.07765
1403636594.113555431 -0.16690 -0.05263 -0.13356 0.89948 -0.01573 0.43332 -0.05409
1403636594.213555574 -0.15516 -0.10858 -0.13336 0.89961 -0.04169 0.43329 -0.03489
1403636594.313555479 -0.12600 -0.16131 -0.13494 0.89977 -0.05652 0.43229 -0.01876
1403636594.413555384 -0.08094 -0.20907 -0.13706 0.89820 -0.06227 0.43510 -0.00623
1403636594.513555527 -0.02731 -0.25001 -0.13810 0.89376 -0.06028 0.44447 0.00119
1403636594.613555431 0.02920 -0.27430 -0.13979 0.88895 -0.05977 0.45409 -0.00173
1403636594.713555574 0.07867 -0.27563 -0.14091 0.88619 -0.05688 0.45975 -0.00751
1403636594.813555479 0.11849 -0.25169 -0.14326 0.88480 -0.04237 0.46365 -0.01889
1403636594.913555384 0.14670 -0.20251 -0.14578 0.88293 -0.01768 0.46799 -0.03338
1403636595.013555527 0.15773 -0.13321 -0.14726 0.88052 0.01599 0.47059 -0.05464
1403636595.113555431 0.15355 -0.05590 -0.14860 0.87928 0.05183 0.46686 -0.07895
1403636595.213555574 0.13473 0.01964 -0.15045 0.87837 0.08212 0.45935 -0.10352
1403636595.313555479 0.10641 0.07949 -0.15204 0.87692 0.10726 0.45172 -0.12434
1403636595.413555384 0.07375 0.11612 -0.15382 0.87578 0.12276 0.44676 -0.13543
1403636595.513555527 0.04179 0.12547 -0.15559 0.87650 0.12817 0.44265 -0.13924
1403636595.613555431 0.01198 0.10750 -0.15818 0.87876 0.12993 0.43818 -0.13750
1403636595.713555574 -0.01257 0.06815 -0.16252 0.88214 0.12293 0.43631 -0.12790
1403636595.813555479 -0.03309 0.01308 -0.16828 0.88566 0.10747 0.43871 -0.10768
1403636595.913555384 -0.05191 -0.04747 -0.17500 0.88920 0.08425 0.44153 -0.08535
1403636596.013555527 -0.07420 -0.10350 -0.17954 0.89360 0.05956 0.44023 -0.06429
1403636596.113555431 -0.10286 -0.14357 -0.18204 0.89752 0.03517 0.43703 -0.04713
1403636596.213555574 -0.13548 -0.15772 -0.18070 0.89878 0.01949 0.43616 -0.03980
1403636596.313555479 -0.17264 -0.14537 -0.17338 0.89767 0.01131 0.43863 -0.04089
1403636596.413555384 -0.21648 -0.11849 -0.16113 0.89547 0.00991 0.44320 -0.04009
1403636596.513555527 -0.26037 -0.08747 -0.14913 0.89265 0.01518 0.44874 -0.03975
1403636596.613555431 -0.29585 -0.05894 -0.13987 0.89147 0.02031 0.45097 -0.03864
1403636596.713555574 -0.31726 -0.03739 -0.13543 0.89257 0.02236 0.44868 -0.03879
1403636596.913555384 -0.29509 -0.02539 -0.13738 0.88836 0.03053 0.45684 -0.03423
1403636597.013555527 -0.25114 -0.02970 -0.14040 0.88939 0.03240 0.45502 -0.02999
1403636597.113555431 -0.19299 -0.03576 -0.14476 0.89440 0.03501 0.44484 -0.03074
1403636597.213555574 -0.12669 -0.04173 -0.14557 0.89747 0.04494 0.43721 -0.03697
1403636597.313555479 -0.05712 -0.04466 -0.14112 0.89623 0.05867 0.43747 -0.04424
1403636597.413555384 0.01125 -0.04165 -0.13631 0.89292 0.07384 0.44098 -0.05263
1403636597.513555527 0.06994 -0.03293 -0.13329 0.88919 0.09184 0.44393 -0.06191
1403636597.613555431 0.10920 -0.01663 -0.13283 0.88375 0.10802 0.44850 -0.07852
1403636597.713555574 0.12321 0.00585 -0.13400 0.87706 0.12240 0.45438 -0.09652
1403636597.813555479 0.11340 0.02770 -0.13620 0.87096 0.13410 0.46031 -0.10754
1403636597.913555384 0.08523 0.04347 -0.13804 0.86699 0.14516 0.46378 -0.11028
1403636598.013555527 0.04365 0.05025 -0.13975 0.86706 0.15341 0.46131 -0.10893
1403636598.113555431 0.00060 0.05004 -0.14657 0.87162 0.15467 0.45248 -0.10778
1403636598.213555574 -0.04141 0.04345 -0.15621 0.88020 0.15348 0.43740 -0.10183
1403636598.313555479 -0.07125 0.03273 -0.16966 0.88825 0.15297 0.42294 -0.09350
1403636598.413555384 -0.08206 0.02092 -0.18433 0.89205 0.15074 0.41778 -0.08360
1403636598.513555527 -0.07218 0.01143 -0.19963 0.89104 0.15027 0.42080 -0.07994
1403636598.613555431 -0.04519 0.00474 -0.21226 0.88489 0.15302 0.43154 -0.08563
1403636598.713555574 -0.00961 0.00221 -0.22638 0.87573 0.15770 0.44615 -0.09579
1403636598.813555479 0.02516 0.00175 -0.24578 0.86377 0.16204 0.46451 -0.10894
1403636598.913555384 0.05704 0.00043 -0.26856 0.85244 0.16082 0.48354 -0.11697
1403636599.013555527 0.08285 -0.00091 -0.29201 0.84377 0.16077 0.49822 -0.11822
1403636599.113555431 0.10189 -0.00082 -0.31158 0.83378 0.15983 0.51296 -0.12703
1403636599.213555574 0.11661 -0.00030 -0.32345 0.81797 0.15816 0.53624 -0.13547
1403636599.313555479 0.12959 0.00099 -0.33254 0.80210 0.15202 0.56009 -0.14083
1403636599.413555384 0.13767 0.00245 -0.34409 0.79396 0.14815 0.57321 -0.13825
1403636599.513555527 0.14862 0.00284 -0.35259 0.79468 0.14355 0.57510 -0.13091
1403636599.613555431 0.15374 0.00339 -0.36201 0.79956 0.13809 0.57065 -0.12645
1403636599.713555574 0.15615 0.00264 -0.37024 0.80067 0.13618 0.57003 -0.12432
1403636600.113555431 0.15604 -0.00360 -0.37400 0.78524 0.12699 0.59108 -0.13378
1403636624.413555384 0.15443 -0.00823 -0.37401 0.79274 0.12354 0.58303 -0.12795
1403636624.513555527 0.15220 -0.01392 -0.37474 0.79871 0.12201 0.57583 -0.12489
1403636624.613555431 0.14882 -0.02191 -0.37473 0.80130 0.12194 0.57306 -0.12105
1403636624.713555574 0.14546 -0.03303 -0.37612 0.79973 0.12515 0.57578 -0.11506
1403636624.813555479 0.13896 -0.04933 -0.37387 0.79960 0.13149 0.57614 -0.10678
1403636624.913555384 0.13098 -0.06433 -0.37163 0.80458 0.14178 0.56902 -0.09365
1403636625.013555527 0.11890 -0.08177 -0.35872 0.81062 0.15060 0.55988 -0.08214
1403636625.113555431 0.11073 -0.09292 -0.33849 0.81679 0.15399 0.55051 -0.07800
1403636625.213555574 0.10168 -0.10008 -0.31002 0.81815 0.14938 0.54864 -0.08547
1403636625.313555479 0.09960 -0.10262 -0.28484 0.81430 0.14586 0.55419 -0.09224
1403636625.713555574 0.10742 -0.09031 -0.28665 0.81381 0.14960 0.55324 -0.09622
1403636625.813555479 0.12735 -0.08788 -0.25411 0.80788 0.14916 0.56163 -0.09830
1403636625.913555384 0.14009 -0.07679 -0.21358 0.80257 0.14716 0.56907 -0.10193
1403636626.013555527 0.15095 -0.07035 -0.15600 0.79963 0.14620 0.57297 -0.10456
1403636626.113555431 0.16694 -0.05462 -0.12162 0.79926 0.14098 0.57318 -0.11297
1403636626.213555574 0.17922 -0.04858 -0.07686 0.79918 0.13561 0.57283 -0.12159
1403636626.313555479 0.18894 -0.04604 -0.04540 0.79916 0.13366 0.57254 -0.12520
1403636626.513555527 0.20960 -0.04882 -0.02636 0.79547 0.13865 0.57772 -0.11936
1403636626.613555431 0.21856 -0.05549 -0.02456 0.79058 0.14333 0.58419 -0.11471
1403636626.913555384 0.22003 -0.08686 -0.04296 0.79575 0.15157 0.57561 -0.11170
1403636627.013555527 0.21581 -0.09934 -0.05614 0.80079 0.15357 0.56842 -0.10976
1403636627.113555431 0.21292 -0.11186 -0.06840 0.80574 0.15489 0.56131 -0.10828
1403636627.313555479 0.20531 -0.13220 -0.05594 0.79921 0.15426 0.57017 -0.11123
1403636627.513555527 0.20064 -0.15889 -0.01355 0.79901 0.14950 0.57117 -0.11401
1403636627.613555431 0.19325 -0.16496 0.00544 0.80160 0.14260 0.57009 -0.10999
1403636627.713555574 0.18953 -0.17816 0.00131 0.80718 0.13651 0.56489 -0.10359
1403636627.913555384 0.18639 -0.20677 -0.02367 0.82221 0.12027 0.54993 -0.08416
1403636628.013555527 0.19081 -0.21894 -0.02878 0.82501 0.11439 0.54810 -0.07657
1403636628.213555574 0.21765 -0.23565 -0.00269 0.81150 0.10222 0.57025 -0.07639
1403636628.313555479 0.24088 -0.23782 0.01329 0.80619 0.09503 0.57806 -0.08286
1403636628.513555527 0.26027 -0.26140 0.06268 0.80556 0.09037 0.57871 -0.08942
1403636628.813555479 0.29891 -0.31944 0.08086 0.81008 0.09124 0.57345 -0.08118
1403636628.913555384 0.31126 -0.34546 0.08002 0.81547 0.08882 0.56735 -0.07230
1403636629.013555527 0.32177 -0.37781 0.08816 0.81949 0.08620 0.56258 -0.06718
1403636629.113555431 0.33631 -0.40050 0.10065 0.82100 0.08318 0.56127 -0.06333
1403636629.313555479 0.37517 -0.45491 0.12433 0.81977 0.06696 0.56599 -0.05605
1403636629.413555384 0.40202 -0.48089 0.12692 0.81735 0.05773 0.57034 -0.05754
1403636629.613555431 0.45627 -0.53729 0.11164 0.81778 0.03102 0.57250 -0.05026
1403636629.713555574 0.48485 -0.57049 0.09199 0.82408 0.01752 0.56502 -0.03654
1403636629.913555384 0.55251 -0.63955 0.03969 0.83089 -0.01563 0.55617 -0.00748
1403636630.013555527 0.60040 -0.67183 0.01269 0.83089 -0.02827 0.55571 0.00233
1403636630.213555574 0.67384 -0.74374 0.00701 0.81884 -0.04202 0.57235 0.01253
1403636630.513555527 0.80806 -0.85013 0.03600 0.81694 -0.04245 0.57491 0.01671
1403636630.813555479 0.94275 -0.94814 0.08211 0.82028 -0.03187 0.57084 0.01664
1403636631.113555431 1.08750 -1.03486 0.07406 0.81843 -0.03232 0.57363 0.00838
1403636631.313555479 1.17371 -1.09073 0.07372 0.81558 -0.03119 0.57775 0.00739
1403636631.713555574 1.35887 -1.19060 0.01335 0.81647 -0.02410 0.57679 0.01046
1403636632.113555431 1.52736 -1.26712 0.01383 0.81571 -0.02072 0.57788 0.01558
1403636632.413555384 1.64989 -1.30960 0.00394 0.81473 -0.02307 0.57906 0.01930
1403636632.613555431 1.72751 -1.31959 -0.02846 0.82470 -0.02740 0.56491 0.00013
1403636632.713555574 1.76845 -1.32398 -0.04746 0.82823 -0.02005 0.55987 -0.01333
1403636632.813555479 1.81128 -1.33084 -0.06117 0.82831 -0.00289 0.55967 -0.02556
1403636633.013555527 1.90971 -1.34899 -0.06532 0.81921 0.04468 0.57052 -0.03744
1403636633.113555431 1.96015 -1.35799 -0.06229 0.81718 0.06006 0.57162 -0.04304
1403636633.313555479 2.06049 -1.37341 -0.07125 0.81731 0.07339 0.56897 -0.05374
1403636633.513555527 2.16713 -1.38526 -0.10033 0.82157 0.07120 0.56218 -0.06252
1403636633.713555574 2.28407 -1.39652 -0.12938 0.82492 0.06644 0.55805 -0.06057
1403636633.913555384 2.41439 -1.40904 -0.13399 0.82395 0.05738 0.56027 -0.06246
1403636634.113555431 2.55287 -1.42634 -0.13498 0.82252 0.04765 0.56263 -0.06811
1403636634.313555479 2.70034 -1.45608 -0.12014 0.82165 0.05671 0.56404 -0.05951
1403636634.413555384 2.77779 -1.47277 -0.10767 0.81618 0.06117 0.57180 -0.05615
1403636634.513555527 2.85556 -1.48959 -0.10130 0.81229 0.06457 0.57709 -0.05468
1403636634.713555574 3.00488 -1.52025 -0.10847 0.80856 0.07624 0.58069 -0.05680
1403636634.913555384 3.14307 -1.54560 -0.11108 0.81170 0.08861 0.57367 -0.06475
1403636635.113555431 3.27901 -1.56390 -0.09601 0.81387 0.09950 0.56841 -0.06801
1403636635.313555479 3.41294 -1.57731 -0.09937 0.81637 0.10137 0.56361 -0.07486
1403636635.513555527 3.55279 -1.58765 -0.10437 0.81855 0.09645 0.56005 -0.08378
1403636635.713555574 3.69681 -1.60225 -0.08443 0.81715 0.09300 0.56241 -0.08550
1403636635.813555479 3.77515 -1.61144 -0.06353 0.81330 0.08789 0.56799 -0.09062
1403636635.913555384 3.85385 -1.62449 -0.03532 0.81303 0.08239 0.56831 -0.09600
1403636636.013555527 3.93307 -1.64178 -0.00570 0.81812 0.08297 0.56131 -0.09344
1403636636.113555431 4.01326 -1.66191 0.02057 0.82160 0.08840 0.55681 -0.08443
1403636636.213555574 4.09630 -1.68252 0.04869 0.81745 0.09306 0.56313 -0.07748
1403636636.313555479 4.18043 -1.70220 0.08466 0.81052 0.09546 0.57317 -0.07365
1403636636.413555384 4.26291 -1.72034 0.12294 0.80141 0.09601 0.58588 -0.07257
1403636636.613555431 4.41247 -1.75602 0.17702 0.79386 0.10203 0.59612 -0.06339
1403636636.813555479 4.53947 -1.78391 0.19704 0.79358 0.11257 0.59606 -0.04762
1403636637.013555527 4.64679 -1.79419 0.18716 0.79976 0.10794 0.58772 -0.05762
1403636637.213555574 4.73950 -1.79213 0.16078 0.80779 0.10104 0.57643 -0.07068
1403636637.513555527 4.86837 -1.77933 0.14582 0.81359 0.10409 0.56733 -0.07336
1403636637.813555479 5.00077 -1.75711 0.19470 0.81234 0.10582 0.56834 -0.07684
1403636637.913555384 5.04724 -1.74878 0.22287 0.81007 0.10645 0.57130 -0.07788
1403636638.113555431 5.14112 -1.72995 0.25159 0.80506 0.10678 0.57796 -0.08021
1403636638.413555384 5.26723 -1.70620 0.21751 0.81443 0.10211 0.56413 -0.08965
1403636638.513555527 5.30941 -1.70154 0.19684 0.82534 0.09823 0.54773 -0.09566
1403636638.713555574 5.40677 -1.69909 0.17622 0.82616 0.10438 0.54680 -0.08709
1403636638.813555479 5.46778 -1.69920 0.18166 0.82038 0.10672 0.55540 -0.08436
1403636638.913555384 5.53129 -1.69914 0.19240 0.81609 0.10510 0.56162 -0.08677
1403636639.013555527 5.59623 -1.69931 0.20757 0.81478 0.10045 0.56327 -0.09364
1403636639.113555431 5.66547 -1.70093 0.21937 0.81455 0.09400 0.56309 -0.10296
1403636639.313555479 5.80789 -1.71613 0.20477 0.81580 0.09146 0.56111 -0.10608
1403636639.413555384 5.88303 -1.73151 0.18392 0.81559 0.09900 0.56205 -0.09547
1403636639.513555527 5.95950 -1.74855 0.15848 0.81411 0.10685 0.56450 -0.08455
1403636639.613555431 6.03690 -1.76584 0.12987 0.81098 0.11468 0.56892 -0.07410
1403636639.713555574 6.11296 -1.78065 0.10436 0.80652 0.11495 0.57511 -0.07457
1403636639.913555384 6.25536 -1.80687 0.07284 0.80251 0.10887 0.58052 -0.08438
1403636640.113555431 6.38513 -1.83250 0.06976 0.80043 0.11619 0.58166 -0.08653
1403636640.213555574 6.44931 -1.84538 0.07977 0.79900 0.12394 0.58125 -0.09154
1403636640.413555384 6.56282 -1.87091 0.10119 0.79839 0.13585 0.57844 -0.09757
1403636640.713555574 6.71536 -1.90476 0.08809 0.79802 0.14309 0.57653 -0.10155
1403636641.113555431 6.89096 -1.93906 0.07534 0.79967 0.14452 0.57405 -0.10050
1403636641.413555384 7.00799 -1.95556 0.04052 0.80067 0.13449 0.57350 -0.10925
1403636641.713555574 7.11192 -1.98131 0.00241 0.79988 0.13706 0.57557 -0.10066
1403636642.013555527 7.19761 -2.01129 0.02777 0.79929 0.12973 0.57904 -0.09495
1403636642.113555431 7.22505 -2.02257 0.04363 0.79946 0.12205 0.58137 -0.08931
1403636642.213555574 7.24936 -2.03326 0.05527 0.79940 0.11619 0.58330 -0.08494
1403636642.413555384 7.28868 -2.05487 0.06130 0.80010 0.10087 0.58630 -0.07700
1403636642.513555527 7.30486 -2.06683 0.05607 0.80169 0.09471 0.58564 -0.07307
1403636642.613555431 7.31771 -2.07879 0.04477 0.80653 0.09080 0.58002 -0.06960
1403636642.713555574 7.33019 -2.08974 0.02914 0.81180 0.08804 0.57335 -0.06712
1403636642.913555384 7.35795 -2.10996 0.00920 0.81795 0.08566 0.56499 -0.06646
1403636643.113555431 7.39090 -2.13129 0.01691 0.81337 0.08435 0.57146 -0.06886
1403636643.613555431 7.49602 -2.19195 0.02187 0.82033 0.08710 0.56075 -0.07098
1403636643.913555384 7.59377 -2.23098 0.07359 0.82837 0.09291 0.54819 -0.06829
1403636644.213555574 7.73663 -2.26131 0.08963 0.82710 0.09262 0.55005 -0.06900
1403636644.313555479 7.79443 -2.26768 0.08660 0.81899 0.08410 0.56189 -0.08038
1403636644.413555384 7.85455 -2.27585 0.07717 0.81160 0.07711 0.57217 -0.08934
1403636644.513555527 7.91482 -2.28827 0.06019 0.80602 0.07156 0.57953 -0.09669
1403636644.713555574 8.03120 -2.33171 0.00446 0.80221 0.07480 0.58520 -0.09165
1403636644.813555479 8.08681 -2.36084 -0.03160 0.80177 0.08502 0.58666 -0.07597
1403636644.913555384 8.13825 -2.39178 -0.07242 0.80416 0.08914 0.58381 -0.06743
1403636645.013555527 8.18642 -2.42117 -0.10843 0.81033 0.08919 0.57544 -0.06547
1403636645.113555431 8.23400 -2.45029 -0.13810 0.82372 0.08743 0.55632 -0.06596
1403636645.213555574 8.28412 -2.47932 -0.15996 0.83453 0.08755 0.54015 -0.06433
1403636645.413555384 8.41487 -2.53060 -0.17716 0.83157 0.08742 0.54486 -0.06305
1403636645.513555527 8.49398 -2.55369 -0.18713 0.82758 0.08676 0.55096 -0.06338
1403636645.713555574 8.66116 -2.59556 -0.21647 0.82402 0.08703 0.55639 -0.06196
1403636645.913555384 8.84473 -2.63006 -0.22322 0.82408 0.08515 0.55622 -0.06531
1403636646.013555527 8.94122 -2.64537 -0.20841 0.81958 0.07863 0.56368 -0.06618
1403636646.113555431 9.03534 -2.66300 -0.18910 0.81687 0.06413 0.56953 -0.06512
1403636646.213555574 9.13243 -2.68298 -0.17135 0.81448 0.04347 0.57559 -0.05864
1403636646.313555479 9.22860 -2.70683 -0.15887 0.81118 0.01792 0.58250 -0.04865
1403636646.413555384 9.32140 -2.73574 -0.15229 0.80721 -0.00735 0.58924 -0.03399
1403636646.513555527 9.40907 -2.76868 -0.14794 0.80123 -0.02333 0.59773 -0.01418
1403636646.613555431 9.49126 -2.80379 -0.14222 0.79907 -0.03488 0.60022 0.00045
1403636646.713555574 9.56686 -2.84023 -0.12965 0.80112 -0.04231 0.59690 0.01129
1403636646.813555479 9.63912 -2.87553 -0.10658 0.80128 -0.04780 0.59614 0.01693
1403636646.913555384 9.70687 -2.91075 -0.07633 0.80160 -0.05136 0.59533 0.01957
1403636647.113555431 9.83226 -2.97919 -0.02730 0.80747 -0.05192 0.58722 0.02153
1403636647.413555384 10.00830 -3.08224 0.00844 0.80829 -0.05018 0.58645 0.01514
1403636647.613555431 10.11576 -3.15298 0.01397 0.79977 -0.05104 0.59812 0.00461
1403636647.813555479 10.20313 -3.23621 0.03027 0.80182 -0.05225 0.59516 0.01128
1403636647.913555384 10.24059 -3.28232 0.03630 0.80285 -0.05751 0.59315 0.01730
1403636648.013555527 10.27212 -3.33046 0.03304 0.80243 -0.06877 0.59219 0.02616
1403636648.113555431 10.29936 -3.37867 0.02111 0.80152 -0.08629 0.59046 0.03846
1403636648.213555574 10.32400 -3.42774 0.00442 0.79912 -0.10699 0.58919 0.05313
1403636648.313555479 10.34607 -3.47771 -0.01636 0.79604 -0.12971 0.58728 0.06782
1403636648.413555384 10.36341 -3.52805 -0.03975 0.79223 -0.15192 0.58500 0.08409
1403636648.513555527 10.37699 -3.57816 -0.06586 0.78826 -0.17520 0.58139 0.09967
1403636648.613555431 10.38636 -3.62919 -0.08770 0.78428 -0.19379 0.57857 0.11226
1403636648.713555574 10.39352 -3.67807 -0.10374 0.78427 -0.20540 0.57245 0.12261
1403636648.813555479 10.40228 -3.72617 -0.11358 0.78883 -0.21406 0.56202 0.12672
1403636648.913555384 10.41098 -3.77460 -0.11507 0.79579 -0.21955 0.54964 0.12809
1403636649.113555431 10.43347 -3.87314 -0.08937 0.79298 -0.21937 0.55243 0.13371
1403636649.213555574 10.44942 -3.92208 -0.06639 0.78477 -0.21642 0.56439 0.13694
1403636649.313555479 10.46254 -3.96962 -0.03827 0.78111 -0.21356 0.57022 0.13821
1403636649.613555431 10.48970 -4.10364 0.08086 0.78364 -0.20731 0.57081 0.13080
1403636649.713555574 10.49460 -4.14406 0.12654 0.77872 -0.21282 0.57540 0.13120
1403636649.813555479 10.49553 -4.18457 0.16575 0.77563 -0.21857 0.57595 0.13755
1403636649.913555384 10.49384 -4.22394 0.19846 0.77325 -0.22290 0.57603 0.14351
1403636650.013555527 10.49164 -4.26178 0.22190 0.77233 -0.22602 0.57476 0.14858
1403636650.113555431 10.48436 -4.29861 0.23496 0.77022 -0.23152 0.57440 0.15236
1403636650.213555574 10.47140 -4.33443 0.23984 0.76709 -0.24279 0.57154 0.16117
1403636650.313555479 10.45338 -4.36854 0.23782 0.76234 -0.26103 0.56644 0.17279
1403636650.413555384 10.43243 -4.40098 0.23014 0.75737 -0.28255 0.55827 0.18678
1403636650.513555527 10.40701 -4.43038 0.21917 0.75309 -0.30474 0.54747 0.20065
1403636650.613555431 10.37981 -4.45731 0.20362 0.74961 -0.32297 0.53817 0.21014
1403636650.713555574 10.35394 -4.48354 0.18690 0.74654 -0.33514 0.53180 0.21805
1403636650.813555479 10.32980 -4.50800 0.17512 0.74284 -0.34354 0.52933 0.22355
1403636650.913555384 10.30798 -4.53216 0.17367 0.73744 -0.34635 0.53221 0.23014
1403636651.013555527 10.28619 -4.55450 0.17775 0.73284 -0.34661 0.53640 0.23468
1403636651.813555479 10.05635 -4.64683 0.24862 0.73034 -0.34290 0.54693 0.22337
1403636651.913555384 10.02003 -4.65055 0.24050 0.72267 -0.35511 0.54837 0.22568
1403636652.013555527 9.97698 -4.65438 0.22910 0.71367 -0.37088 0.54565 0.23537
1403636652.113555431 9.92644 -4.65972 0.21246 0.70668 -0.38950 0.53389 0.25269
1403636652.213555574 9.87014 -4.66403 0.19321 0.69848 -0.41310 0.51660 0.27314
1403636652.313555479 9.80911 -4.66386 0.16923 0.68912 -0.44125 0.49648 0.28969
1403636652.413555384 9.74787 -4.66359 0.14081 0.67912 -0.46746 0.47824 0.30260
1403636652.513555527 9.68952 -4.66585 0.11595 0.67001 -0.48708 0.46619 0.31066
1403636652.613555431 9.63407 -4.67196 0.09865 0.66524 -0.50212 0.45446 0.31431
1403636652.713555574 9.58021 -4.68356 0.09034 0.66430 -0.51009 0.44388 0.31856
1403636652.813555479 9.52947 -4.69956 0.09237 0.66234 -0.51409 0.44060 0.32076
1403636653.013555527 9.43577 -4.74658 0.11505 0.65855 -0.51168 0.44437 0.32716
1403636653.213555574 9.34975 -4.80716 0.11015 0.65455 -0.50101 0.45599 0.33560
1403636653.313555479 9.30863 -4.83772 0.10540 0.65179 -0.49377 0.46393 0.34077
1403636653.713555574 9.15480 -4.94072 0.14232 0.65468 -0.47980 0.47566 0.33902
1403636654.213555574 8.97234 -4.99129 0.13027 0.64729 -0.48612 0.47989 0.33825
1403636654.313555479 8.93342 -4.98948 0.12673 0.64272 -0.49351 0.47337 0.34537
1403636654.413555384 8.89424 -4.98838 0.13240 0.63685 -0.50516 0.46378 0.35234
1403636654.513555527 8.85542 -4.98548 0.14540 0.62834 -0.51836 0.45379 0.36134
1403636654.713555574 8.77894 -4.97409 0.17704 0.61142 -0.54612 0.43607 0.37117
1403636654.813555479 8.74226 -4.96763 0.18472 0.60619 -0.55456 0.42941 0.37498
1403636654.913555384 8.70734 -4.96110 0.18492 0.60179 -0.55957 0.42509 0.37950
1403636655.113555431 8.63957 -4.94834 0.17243 0.58888 -0.55797 0.43234 0.39366
1403636655.313555479 8.57283 -4.92428 0.15103 0.57930 -0.55939 0.43769 0.39991
1403636655.413555384 8.53808 -4.90362 0.13945 0.57207 -0.56486 0.43764 0.40267
1403636655.513555527 8.50170 -4.87881 0.13493 -0.56554 0.57122 -0.43357 -0.40729
1403636655.713555574 8.42322 -4.81059 0.12655 -0.55643 0.59936 -0.41152 -0.40224
1403636655.813555479 8.38144 -4.77691 0.10839 -0.54986 0.61104 -0.40238 -0.40296
1403636655.913555384 8.33667 -4.74494 0.07804 -0.53855 0.62402 -0.39419 -0.40643
1403636656.013555527 8.28970 -4.71525 0.04748 -0.52539 0.63505 -0.38761 -0.41283
1403636656.113555431 8.24034 -4.68606 0.02575 -0.51674 0.64214 -0.38012 -0.41970
1403636656.213555574 8.18888 -4.65877 0.01397 -0.51325 0.64654 -0.37161 -0.42482
1403636656.313555479 8.13647 -4.63235 0.01263 -0.51131 0.64992 -0.36633 -0.42658
1403636656.413555384 8.08339 -4.61021 0.02196 -0.51059 0.65187 -0.36376 -0.42667
1403636656.613555431 7.97329 -4.57318 0.05511 -0.51201 0.64891 -0.36333 -0.42982
1403636656.713555574 7.91803 -4.55861 0.06953 -0.50873 0.64223 -0.37120 -0.43698
1403636656.813555479 7.86282 -4.54337 0.07800 -0.50615 0.63457 -0.37813 -0.44514
1403636657.013555527 7.75590 -4.50445 0.07210 -0.50569 0.62679 -0.38520 -0.45058
1403636657.313555479 7.60426 -4.41105 0.03848 -0.50463 0.63054 -0.39194 -0.44063
1403636657.413555384 7.55350 -4.37050 0.03444 -0.50581 0.63609 -0.38948 -0.43342
1403636657.513555527 7.50167 -4.32802 0.02708 -0.50789 0.64209 -0.38583 -0.42533
1403636657.613555431 7.44702 -4.28499 0.01601 -0.50934 0.64449 -0.38276 -0.42273
1403636657.813555479 7.32645 -4.20294 -0.01709 -0.50525 0.64742 -0.38292 -0.42301
1403636657.913555384 7.26157 -4.16176 -0.03862 -0.50102 0.65376 -0.38393 -0.41733
1403636658.013555527 7.19156 -4.12159 -0.05472 -0.49973 0.65727 -0.38189 -0.41524
1403636658.113555431 7.11597 -4.08238 -0.06099 -0.50281 0.65563 -0.37492 -0.42045
1403636658.213555574 7.03615 -4.04532 -0.06140 -0.50599 0.65326 -0.36788 -0.42649
1403636658.313555479 6.95459 -4.01055 -0.06449 -0.50920 0.65100 -0.36144 -0.43159
1403636658.413555384 6.87391 -3.97825 -0.07209 -0.51091 0.65058 -0.35732 -0.43364
1403636658.513555527 6.79372 -3.94974 -0.08266 -0.51375 0.64906 -0.35221 -0.43673
1403636658.613555431 6.71545 -3.92533 -0.09458 -0.51717 0.64596 -0.34685 -0.44155
1403636658.713555574 6.64013 -3.90460 -0.10910 -0.51819 0.64400 -0.34500 -0.44466
1403636658.813555479 6.56838 -3.88789 -0.12577 -0.51907 0.63928 -0.34356 -0.45150
1403636658.913555384 6.50125 -3.87390 -0.14457 -0.51636 0.63619 -0.34733 -0.45606
1403636659.113555431 6.38299 -3.84642 -0.19406 -0.50618 0.63485 -0.36232 -0.45768
1403636659.313555479 6.27812 -3.81289 -0.25289 -0.50469 0.63488 -0.36548 -0.45678
1403636659.413555384 6.22965 -3.79423 -0.27629 -0.50826 0.63804 -0.36096 -0.45197
1403636659.513555527 6.18441 -3.77609 -0.29266 -0.51165 0.64012 -0.35613 -0.44903
1403636659.713555574 6.10366 -3.73870 -0.32133 -0.50908 0.63867 -0.35755 -0.45287
1403636659.913555384 6.03651 -3.70150 -0.37073 -0.50672 0.63989 -0.35696 -0.45427
1403636660.013555527 6.00754 -3.68186 -0.40348 -0.50912 0.64408 -0.35147 -0.44992
1403636660.113555431 5.98176 -3.66274 -0.43936 -0.51144 0.64845 -0.34608 -0.44517
1403636660.213555574 5.95881 -3.64641 -0.47765 -0.51263 0.65057 -0.34361 -0.44260
1403636660.313555479 5.93815 -3.63416 -0.51590 -0.51526 0.65365 -0.33887 -0.43865
1403636660.413555384 5.91934 -3.62691 -0.54876 -0.51996 0.65960 -0.33105 -0.43009
1403636660.713555574 5.87474 -3.65153 -0.62288 -0.51513 0.64542 -0.34080 -0.44937
1403636660.813555479 5.86542 -3.67082 -0.65544 -0.51459 0.63595 -0.34265 -0.46191
1403636661.013555527 5.86562 -3.70830 -0.73598 -0.51268 0.63007 -0.34681 -0.46893
1403636661.213555574 5.89013 -3.74428 -0.82906 -0.50525 0.63270 -0.35800 -0.46502
1403636661.413555384 5.93048 -3.76850 -0.90345 -0.50359 0.63363 -0.36094 -0.46329
1403636661.613555431 5.98239 -3.78373 -0.94698 -0.50366 0.63719 -0.36234 -0.45719
1403636661.813555479 6.04138 -3.78756 -0.96127 -0.49753 0.63878 -0.37290 -0.45317
1403636662.013555527 6.09825 -3.77903 -0.94823 -0.49492 0.63835 -0.37875 -0.45179
1403636662.313555479 6.17483 -3.73799 -0.91401 -0.50521 0.63410 -0.36352 -0.45884
1403636662.513555527 6.23194 -3.70047 -0.91838 -0.51233 0.64028 -0.35055 -0.45242
1403636662.613555431 6.26448 -3.68289 -0.92755 -0.51024 0.64651 -0.35224 -0.44453
1403636662.713555574 6.29879 -3.66749 -0.93976 -0.50102 0.65311 -0.36344 -0.43628
1403636662.913555384 6.35537 -3.64028 -0.97700 -0.49514 0.65860 -0.36912 -0.42992
1403636663.013555527 6.37680 -3.62741 -1.00105 -0.49579 0.66317 -0.36706 -0.42387
1403636663.113555431 6.39242 -3.61716 -1.01990 -0.49307 0.66859 -0.36955 -0.41629
1403636663.313555479 6.40102 -3.60593 -1.04603 -0.50592 0.66296 -0.35034 -0.42637
1403636663.413555384 6.39923 -3.60527 -1.06659 -0.51562 0.65941 -0.33648 -0.43139
1403636663.513555527 6.39800 -3.61106 -1.09303 -0.52210 0.65918 -0.32679 -0.43140
1403636663.713555574 6.40190 -3.64908 -1.15398 -0.52813 0.65774 -0.31848 -0.43246
1403636663.913555384 6.41869 -3.72655 -1.19768 -0.53473 0.64174 -0.31375 -0.45143
1403636664.013555527 6.43808 -3.78036 -1.20692 -0.53504 0.63111 -0.31646 -0.46398
1403636664.113555431 6.46818 -3.83845 -1.21010 -0.53215 0.62736 -0.32432 -0.46696
1403636664.213555574 6.50697 -3.90033 -1.20792 -0.52613 0.62629 -0.33736 -0.46598
1403636664.313555479 6.55245 -3.96203 -1.20951 -0.52118 0.62475 -0.34932 -0.46479
1403636664.413555384 6.60286 -4.02177 -1.22709 -0.51951 0.62329 -0.35675 -0.46297
1403636664.513555527 6.65735 -4.07862 -1.25584 -0.51922 0.62156 -0.36258 -0.46109
1403636664.613555431 6.71548 -4.13300 -1.28585 -0.51705 0.62173 -0.37216 -0.45563
1403636664.713555574 6.77669 -4.18364 -1.31072 -0.51649 0.62227 -0.37884 -0.45000
1403636664.813555479 6.83826 -4.23028 -1.32808 -0.52303 0.61990 -0.37443 -0.44941
1403636664.913555384 6.90154 -4.27522 -1.33714 -0.52532 0.61871 -0.37605 -0.44701
1403636665.013555527 6.96621 -4.31911 -1.34157 -0.52886 0.62129 -0.37483 -0.44024
1403636665.113555431 7.03239 -4.36006 -1.33803 -0.53318 0.62486 -0.37153 -0.43271
1403636665.213555574 7.09937 -4.40195 -1.32763 -0.53354 0.62772 -0.37302 -0.42679
1403636665.313555479 7.16556 -4.44520 -1.31371 -0.52664 0.62784 -0.38361 -0.42580
1403636665.413555384 7.22934 -4.48902 -1.30034 -0.52588 0.62613 -0.38478 -0.42819
1403636665.513555527 7.29086 -4.53184 -1.28817 -0.53126 0.62364 -0.37544 -0.43345
1403636665.613555431 7.35329 -4.57237 -1.27438 -0.53602 0.62130 -0.36659 -0.43851
1403636665.813555479 7.48278 -4.65362 -1.24133 -0.53280 0.61864 -0.36575 -0.44681
1403636665.913555384 7.55145 -4.69544 -1.22251 -0.52200 0.62328 -0.37895 -0.44208
1403636666.013555527 7.62105 -4.73475 -1.20668 -0.51433 0.62920 -0.38722 -0.43547
1403636666.113555431 7.68801 -4.77160 -1.19619 -0.51297 0.63006 -0.38788 -0.43525
1403636666.313555479 7.81483 -4.83494 -1.19236 -0.51343 0.62619 -0.38659 -0.44140
1403636666.413555384 7.87596 -4.86270 -1.19710 -0.51096 0.62786 -0.39122 -0.43778
1403636666.513555527 7.93490 -4.88655 -1.19918 -0.51177 0.62998 -0.39200 -0.43307
1403636666.613555431 7.99071 -4.90566 -1.19321 -0.51767 0.63035 -0.38563 -0.43124
1403636666.713555574 8.04400 -4.92238 -1.18104 -0.52572 0.62995 -0.37667 -0.43001
1403636666.813555479 8.09692 -4.93935 -1.16626 -0.53108 0.63228 -0.37111 -0.42479
1403636666.913555384 8.14964 -4.95883 -1.15599 -0.53034 0.64171 -0.37281 -0.40983
1403636667.013555527 8.19932 -4.98079 -1.15171 -0.52645 0.64898 -0.37816 -0.39834
1403636667.113555431 8.24264 -5.00670 -1.15048 -0.52507 0.64323 -0.38108 -0.40662
1403636667.213555574 8.28130 -5.03564 -1.15219 -0.52570 0.62975 -0.38159 -0.42597
1403636667.313555479 8.31861 -5.06417 -1.15862 -0.52814 0.62002 -0.37921 -0.43914
1403636667.513555527 8.39909 -5.11202 -1.18336 -0.53277 0.62032 -0.37438 -0.43726
1403636667.613555431 8.44160 -5.13487 -1.19577 -0.53356 0.62843 -0.37319 -0.42557
1403636667.713555574 8.48309 -5.15824 -1.19954 -0.53210 0.63373 -0.37546 -0.41749
1403636667.913555384 8.56039 -5.21018 -1.19000 -0.52799 0.63542 -0.37937 -0.41658
1403636668.313555479 8.69090 -5.33003 -1.22273 -0.53146 0.63463 -0.36325 -0.42761
1403636668.613555431 8.79367 -5.44143 -1.28988 -0.52647 0.63536 -0.36033 -0.43511
1403636668.913555384 8.91595 -5.56741 -1.35213 -0.53048 0.62188 -0.34828 -0.45886
1403636669.013555527 8.96872 -5.61157 -1.35950 -0.52505 0.62265 -0.35561 -0.45844
1403636669.113555431 9.02661 -5.65311 -1.35924 -0.51847 0.62520 -0.36413 -0.45577
1403636669.313555479 9.14907 -5.72534 -1.36381 -0.51434 0.62670 -0.36749 -0.45568
1403636669.513555527 9.27999 -5.78809 -1.38996 -0.51118 0.62467 -0.37190 -0.45844
1403636669.613555431 9.34930 -5.81627 -1.40712 -0.50839 0.61956 -0.37634 -0.46482
1403636669.713555574 9.42131 -5.84030 -1.42267 -0.50490 0.61412 -0.38221 -0.47100
1403636669.813555479 9.49643 -5.85666 -1.43207 -0.49962 0.61622 -0.39134 -0.46638
1403636669.913555384 9.57250 -5.86290 -1.43464 -0.48939 0.62904 -0.40756 -0.44576
1403636670.013555527 9.64224 -5.86006 -1.42937 -0.48567 0.63923 -0.41294 -0.43011
1403636670.113555431 9.70241 -5.84796 -1.41918 -0.48508 0.64432 -0.41609 -0.42002
1403636670.213555574 9.75236 -5.82991 -1.40458 -0.47993 0.64317 -0.42959 -0.41407
1403636670.313555479 9.79067 -5.80423 -1.39351 -0.47411 0.64054 -0.44523 -0.40830
1403636670.413555384 9.81565 -5.76976 -1.38896 -0.47606 0.63878 -0.45389 -0.39914
1403636670.513555527 9.82350 -5.72564 -1.38432 -0.48272 0.63528 -0.46245 -0.38671
1403636670.613555431 9.81330 -5.67369 -1.37377 -0.49432 0.62695 -0.47083 -0.37536
1403636670.713555574 9.78327 -5.61560 -1.35539 -0.50865 0.61478 -0.47875 -0.36622
1403636670.813555479 9.73515 -5.55310 -1.33365 -0.52187 0.60167 -0.48993 -0.35443
1403636671.013555527 9.58628 -5.41123 -1.29376 -0.54377 0.56993 -0.52650 -0.31983
1403636671.113555431 9.47703 -5.33154 -1.26330 0.56386 -0.54579 0.53667 0.31008
1403636671.213555574 9.34405 -5.24748 -1.22670 0.58809 -0.52315 0.53805 0.30162
1403636671.313555479 9.18967 -5.15929 -1.18630 0.61561 -0.50392 0.52692 0.29907
1403636671.413555384 9.02215 -5.07017 -1.14712 0.64869 -0.48160 0.50353 0.30614
1403636671.513555527 8.85181 -4.98186 -1.11269 0.67666 -0.46359 0.48480 0.30362
1403636671.613555431 8.68364 -4.89780 -1.08556 0.69602 -0.45451 0.47198 0.29362
1403636671.713555574 8.51998 -4.82110 -1.06277 0.70864 -0.45114 0.46227 0.28390
1403636671.813555479 8.36186 -4.75385 -1.04591 0.71709 -0.44921 0.45405 0.27897
1403636671.913555384 8.21350 -4.69788 -1.02872 0.72374 -0.45162 0.44405 0.27396
1403636672.013555527 8.07458 -4.65251 -1.00333 0.73137 -0.45348 0.43000 0.27306
1403636672.113555431 7.94921 -4.62318 -0.96722 0.73616 -0.44795 0.42045 0.28397
1403636672.213555574 7.83863 -4.60462 -0.92303 0.73720 -0.44316 0.41620 0.29484
1403636672.313555479 7.74450 -4.59792 -0.87894 0.73633 -0.44029 0.41484 0.30309
1403636672.413555384 7.66466 -4.59930 -0.83998 0.73441 -0.43015 0.41721 0.31865
1403636672.513555527 7.59883 -4.60708 -0.81220 0.72268 -0.42290 0.43576 0.33015
1403636672.613555431 7.54506 -4.61906 -0.80157 0.70561 -0.42289 0.46276 0.33035
1403636672.713555574 7.49775 -4.62623 -0.80860 0.69539 -0.42769 0.47806 0.32401
1403636672.813555479 7.45628 -4.63047 -0.83532 0.69800 -0.43480 0.47665 0.31073
1403636672.913555384 7.42045 -4.63385 -0.85897 0.70408 -0.42971 0.47720 0.30314
1403636673.013555527 7.39114 -4.63671 -0.87630 0.71259 -0.41768 0.47963 0.29617
1403636673.113555431 7.36786 -4.63924 -0.88735 0.72257 -0.40467 0.48040 0.28872
1403636673.213555574 7.35058 -4.64405 -0.89026 0.73551 -0.39854 0.47317 0.27623
1403636673.313555479 7.33977 -4.65092 -0.88687 0.74731 -0.39451 0.46405 0.26560
1403636673.513555527 7.34880 -4.68014 -0.87383 0.75359 -0.38675 0.46436 0.25862
1403636673.613555431 7.36647 -4.70434 -0.87382 0.75005 -0.38112 0.47299 0.26163
1403636673.713555574 7.39268 -4.73186 -0.87708 0.74356 -0.37522 0.48512 0.26642
1403636673.813555479 7.42480 -4.75810 -0.88029 0.73673 -0.36953 0.49698 0.27148
1403636674.113555431 7.54940 -4.82107 -0.87952 0.73661 -0.36846 0.49818 0.27105
1403636674.313555479 7.65493 -4.85467 -0.90120 0.72891 -0.37452 0.50899 0.26337
1403636674.413555384 7.71075 -4.86888 -0.92403 0.72590 -0.37935 0.51619 0.25041
1403636674.513555527 7.76723 -4.88226 -0.95042 0.72539 -0.37624 0.52481 0.23836
1403636674.613555431 7.82028 -4.89553 -0.98188 0.72818 -0.36828 0.52960 0.23162
1403636674.713555574 7.87080 -4.91057 -1.01597 0.73171 -0.36088 0.53180 0.22705
1403636674.813555479 7.91758 -4.92733 -1.05501 0.74081 -0.35938 0.52420 0.21738
1403636674.913555384 7.96123 -4.94661 -1.08925 0.75020 -0.35998 0.51394 0.20850
1403636675.013555527 8.00493 -4.97202 -1.11552 0.75732 -0.36098 0.50506 0.20266
1403636675.213555574 8.09785 -5.04491 -1.13844 0.76877 -0.34956 0.49007 0.21595
1403636675.313555479 8.15676 -5.10313 -1.13996 0.77094 -0.34244 0.48673 0.22691
1403636675.413555384 8.22228 -5.14712 -1.13362 0.76612 -0.33324 0.49617 0.23626
1403636675.513555527 8.29610 -5.19807 -1.12959 0.76254 -0.32118 0.50799 0.23942
1403636675.613555431 8.37433 -5.24556 -1.13169 0.76086 -0.30722 0.51751 0.24267
1403636675.713555574 8.45610 -5.28710 -1.13948 0.76052 -0.29554 0.52638 0.23915
1403636675.813555479 8.54042 -5.32049 -1.15284 0.75797 -0.28798 0.54095 0.22344
1403636675.913555384 8.62414 -5.34874 -1.17262 0.75687 -0.28592 0.55454 0.19466
1403636676.013555527 8.70449 -5.37427 -1.19782 0.76249 -0.27934 0.55875 0.16846
1403636676.113555431 8.78023 -5.40068 -1.22459 0.77213 -0.26248 0.55724 0.15621
1403636676.213555574 8.85378 -5.42936 -1.25344 0.78345 -0.23512 0.55356 0.15652
1403636676.313555479 8.92504 -5.45549 -1.28459 0.79561 -0.20503 0.54794 0.15722
1403636676.413555384 9.00350 -5.48222 -1.31031 0.80360 -0.17525 0.54704 0.15576
1403636676.513555527 9.08320 -5.50067 -1.32771 0.80970 -0.15556 0.54800 0.14101
1403636676.613555431 9.16746 -5.51398 -1.33959 0.81127 -0.14452 0.55386 0.11912
1403636676.713555574 9.25517 -5.52335 -1.34296 0.81070 -0.13852 0.55965 0.10185
1403636676.813555479 9.34121 -5.52888 -1.34034 0.80965 -0.13620 0.56408 0.08791
1403636676.913555384 9.43233 -5.54169 -1.32002 0.80962 -0.13424 0.56629 0.07631
1403636677.113555431 9.59887 -5.56423 -1.34740 0.80994 -0.12404 0.56738 0.08179
1403636677.313555479 9.76566 -5.58129 -1.39746 0.80606 -0.11372 0.57345 0.09218
1403636677.413555384 9.85202 -5.58708 -1.41454 0.80014 -0.10389 0.58381 0.09031
1403636677.513555527 9.93240 -5.58691 -1.43006 0.79444 -0.09376 0.59451 0.08142
1403636677.613555431 10.00871 -5.57979 -1.42439 0.79298 -0.08327 0.59981 0.06696
1403636677.713555574 10.07391 -5.57060 -1.43108 0.79548 -0.07257 0.59969 0.04812
1403636677.813555479 10.13465 -5.55858 -1.42549 0.80222 -0.06044 0.59339 0.02608
1403636677.913555384 10.18733 -5.54678 -1.42116 0.81029 -0.04781 0.58407 -0.00047
1403636678.013555527 10.23954 -5.53926 -1.40695 0.81588 -0.02906 0.57716 -0.01965
1403636678.113555431 10.28806 -5.53702 -1.39972 0.81670 -0.00705 0.57636 -0.02767
1403636678.213555574 10.33483 -5.53948 -1.39861 0.81638 0.01374 0.57671 -0.02741
1403636678.313555479 10.37985 -5.54378 -1.40010 0.81551 0.03135 0.57712 -0.03007
1403636678.413555384 10.42339 -5.54777 -1.39727 0.81515 0.04469 0.57604 -0.04125
1403636678.513555527 10.46523 -5.55180 -1.38832 0.81519 0.06025 0.57379 -0.05104
1403636678.713555574 10.54477 -5.55777 -1.35454 0.81001 0.10338 0.57314 -0.06860
1403636678.813555479 10.58257 -5.55918 -1.34373 0.80591 0.13478 0.57225 -0.06982
1403636678.913555384 10.61860 -5.55729 -1.33901 0.80179 0.16278 0.57078 -0.06959
1403636679.013555527 10.65185 -5.54873 -1.34090 0.79794 0.18275 0.56902 -0.07820
1403636679.113555431 10.68119 -5.53305 -1.34747 0.79275 0.19712 0.56880 -0.09572
1403636679.213555574 10.70680 -5.51099 -1.35822 0.78659 0.20618 0.56878 -0.12352
1403636679.313555479 10.72841 -5.48555 -1.36687 0.78013 0.21684 0.56691 -0.15164
1403636679.413555384 10.74634 -5.46049 -1.36942 0.77378 0.23352 0.56296 -0.17261
1403636679.513555527 10.76039 -5.43800 -1.36455 0.76831 0.25207 0.55727 -0.18871
1403636679.613555431 10.77259 -5.41853 -1.35313 0.76473 0.26707 0.55125 -0.19997
1403636679.713555574 10.78211 -5.40365 -1.33577 0.76349 0.27856 0.54487 -0.20638
1403636679.813555479 10.78928 -5.39280 -1.31141 0.75866 0.28698 0.54629 -0.20891
1403636679.913555384 10.79597 -5.38233 -1.27844 0.75116 0.29275 0.55391 -0.20794
1403636680.013555527 10.79937 -5.37271 -1.24098 0.74747 0.29966 0.55816 -0.19987
1403636680.113555431 10.79536 -5.36418 -1.19903 0.74331 0.30814 0.56382 -0.18612
1403636680.313555479 10.76285 -5.34114 -1.12956 0.74085 0.30842 0.56900 -0.17961
1403636680.513555527 10.69602 -5.30582 -1.08715 0.74600 0.31469 0.56472 -0.15983
1403636680.713555574 10.59493 -5.24784 -1.06479 0.75274 0.30487 0.55940 -0.16585
1403636680.813555479 10.53472 -5.21052 -1.06046 0.75950 0.29336 0.55210 -0.17968
1403636680.913555384 10.47082 -5.17039 -1.06014 0.76808 0.28003 0.54134 -0.19643
1403636681.013555527 10.40617 -5.13079 -1.06658 0.77849 0.27638 0.52688 -0.19991
1403636681.113555431 10.34557 -5.09033 -1.07824 0.78588 0.27900 0.51619 -0.19517
1403636681.313555479 10.24104 -5.00196 -1.09686 0.77203 0.28461 0.53593 -0.18906
1403636681.413555384 10.19295 -4.95431 -1.09999 0.76532 0.28317 0.54503 -0.19249
1403636681.513555527 10.14340 -4.90711 -1.09751 0.76265 0.28123 0.54804 -0.19732
1403636681.613555431 10.09188 -4.86233 -1.09398 0.76133 0.28431 0.54859 -0.19645
1403636681.713555574 10.03833 -4.81805 -1.09392 0.75986 0.28723 0.54945 -0.19551
1403636681.813555479 9.98313 -4.77237 -1.09749 0.75849 0.28906 0.55034 -0.19563
1403636681.913555384 9.92596 -4.72574 -1.09866 0.75715 0.28964 0.55114 -0.19768
1403636682.013555527 9.86721 -4.67836 -1.09304 0.75714 0.28943 0.55012 -0.20085
1403636682.113555431 9.80587 -4.63277 -1.07990 0.75725 0.28895 0.54908 -0.20396
1403636682.213555574 9.74217 -4.58808 -1.06283 0.75933 0.28877 0.54572 -0.20548
1403636682.313555479 9.67781 -4.54466 -1.05047 0.76533 0.28908 0.53738 -0.20475
1403636682.413555384 9.61458 -4.50106 -1.04510 0.77090 0.28920 0.52984 -0.20332
1403636682.613555431 9.49404 -4.41457 -1.04237 0.76276 0.28785 0.54322 -0.20061
1403636682.813555479 9.37241 -4.32741 -1.04462 0.75813 0.28198 0.55198 -0.20262
1403636683.013555527 9.24562 -4.24437 -1.02712 0.75613 0.28584 0.55629 -0.19262
1403636683.213555574 9.10743 -4.16185 -1.01258 0.75786 0.28449 0.55336 -0.19622
1403636683.313555479 9.03547 -4.12052 -1.01454 0.75872 0.28411 0.55128 -0.19927
1403636683.413555384 8.96187 -4.07917 -1.02032 0.75919 0.28437 0.54959 -0.20179
1403636683.513555527 8.88782 -4.03971 -1.03134 0.75927 0.28530 0.54834 -0.20356
1403636683.613555431 8.81307 -4.00119 -1.04376 0.75995 0.28613 0.54666 -0.20434
1403636683.713555574 8.73787 -3.96406 -1.06127 0.76250 0.28741 0.54227 -0.20476
1403636683.813555479 8.66293 -3.92715 -1.07706 0.76569 0.28851 0.53711 -0.20492
1403636683.913555384 8.58757 -3.88995 -1.08161 0.76687 0.29003 0.53435 -0.20558
1403636684.013555527 8.51761 -3.85336 -1.06610 0.76553 0.28986 0.53541 -0.20806
1403636684.113555431 8.44727 -3.81483 -1.06652 0.76281 0.29091 0.53812 -0.20957
1403636684.213555574 8.37655 -3.77890 -1.04935 0.76093 0.29184 0.53951 -0.21154
1403636684.313555479 8.30591 -3.74366 -1.02796 0.75832 0.29256 0.54203 -0.21347
1403636684.413555384 8.23585 -3.71112 -1.01134 0.75605 0.29316 0.54421 -0.21514
1403636684.513555527 8.16746 -3.67891 -1.00725 0.75569 0.29155 0.54379 -0.21958
1403636684.613555431 8.09647 -3.65241 -1.00132 0.75500 0.28967 0.54418 -0.22344
1403636684.813555479 7.95846 -3.60601 -1.01279 0.75354 0.28953 0.54560 -0.22510
1403636685.013555527 7.81739 -3.57462 -1.03719 0.75240 0.29746 0.54786 -0.21274
1403636685.213555574 7.67468 -3.54995 -1.05133 0.75689 0.29908 0.54377 -0.20491
1403636685.413555384 7.52377 -3.51755 -1.02029 0.75978 0.29908 0.54301 -0.19604
1403636685.613555431 7.37769 -3.48133 -1.02349 0.76257 0.29231 0.54133 -0.20002
1403636685.813555479 7.22391 -3.44090 -1.03413 0.76000 0.29376 0.54568 -0.19581
1403636686.013555527 7.06783 -3.39813 -1.06962 0.76180 0.29152 0.54287 -0.19991
1403636686.113555431 6.99618 -3.37895 -1.09301 0.76501 0.28960 0.53785 -0.20397
1403636686.313555479 6.85017 -3.34365 -1.09033 0.76754 0.28736 0.53466 -0.20603
1403636686.513555527 6.71124 -3.30477 -1.07534 0.77057 0.28712 0.53022 -0.20653
1403636686.713555574 6.58288 -3.26123 -1.08168 0.76991 0.28915 0.53063 -0.20507
1403636686.913555384 6.46733 -3.21322 -1.09913 0.76644 0.28773 0.53475 -0.20934
1403636687.113555431 6.35416 -3.16998 -1.07957 0.76500 0.28680 0.53605 -0.21255
1403636687.313555479 6.24852 -3.13072 -1.05933 0.76277 0.28771 0.53845 -0.21326
1403636687.513555527 6.14845 -3.09615 -1.06369 0.75963 0.28885 0.54235 -0.21303
1403636687.713555574 6.05144 -3.06862 -1.09569 0.75825 0.28719 0.54294 -0.21863
1403636687.913555384 5.95395 -3.04724 -1.15058 0.75842 0.28909 0.54208 -0.21764
1403636688.113555431 5.85864 -3.03119 -1.21904 0.75642 0.29591 0.54474 -0.20863
1403636688.313555479 5.75831 -3.01667 -1.26638 0.75741 0.29453 0.54308 -0.21130
1403636688.413555384 5.70835 -3.00892 -1.28539 0.75880 0.29338 0.54085 -0.21362
1403636688.613555431 5.60446 -2.99316 -1.33531 0.75717 0.30178 0.54307 -0.20175
1403636688.713555574 5.55271 -2.98490 -1.36577 0.75597 0.30521 0.54391 -0.19882
1403636688.813555479 5.49882 -2.97324 -1.39800 0.75595 0.30658 0.54259 -0.20035
1403636688.913555384 5.44271 -2.95750 -1.42422 0.75601 0.31032 0.53887 -0.20437
1403636689.013555527 5.38500 -2.93834 -1.44298 0.75668 0.31326 0.53359 -0.21116
1403636689.113555431 5.32769 -2.91668 -1.45343 0.75716 0.31559 0.52834 -0.21900
1403636689.213555574 5.27173 -2.89385 -1.45681 0.75768 0.31916 0.52330 -0.22411
1403636689.313555479 5.21794 -2.86989 -1.45310 0.75775 0.32214 0.51968 -0.22799
1403636689.413555384 5.16902 -2.84331 -1.44117 0.75628 0.32521 0.51901 -0.23000
1403636689.513555527 5.12288 -2.81629 -1.42075 0.75581 0.32678 0.51779 -0.23207
1403636689.613555431 5.07945 -2.78978 -1.39437 0.75797 0.32772 0.51343 -0.23340
1403636689.813555479 5.00749 -2.73185 -1.34770 0.76854 0.32082 0.49790 -0.24190
1403636689.913555384 4.98329 -2.69971 -1.33095 0.76969 0.31343 0.49686 -0.24995
1403636690.113555431 4.95909 -2.63835 -1.30847 0.76885 0.31149 0.50102 -0.24660
1403636690.313555479 4.96450 -2.58011 -1.28576 0.76694 0.31909 0.50613 -0.23200
1403636690.513555527 4.99213 -2.51522 -1.24683 0.76574 0.31576 0.50886 -0.23452
1403636690.613555431 5.01265 -2.48139 -1.23199 0.76701 0.30914 0.50712 -0.24281
1403636690.713555574 5.03840 -2.44928 -1.22309 0.76696 0.29951 0.50668 -0.25563
1403636690.813555479 5.06959 -2.42021 -1.22837 0.76624 0.28754 0.50654 -0.27134
1403636690.913555384 5.10751 -2.39886 -1.24435 0.76072 0.27967 0.51331 -0.28214
1403636691.013555527 5.15310 -2.38720 -1.25942 0.75084 0.27225 0.52578 -0.29269
1403636691.113555431 5.20470 -2.38960 -1.26751 0.74183 0.27048 0.53712 -0.29670
1403636691.213555574 5.25934 -2.40786 -1.26625 0.73241 0.27709 0.55063 -0.28913
1403636691.313555479 5.31264 -2.44212 -1.25881 0.72543 0.29093 0.56138 -0.27197
1403636691.413555384 5.36173 -2.48733 -1.24760 0.72801 0.30244 0.55776 -0.25971
1403636691.513555527 5.40694 -2.54083 -1.22828 0.73728 0.30971 0.54393 -0.25424
1403636691.613555431 5.45010 -2.59788 -1.19927 0.74193 0.31491 0.53601 -0.25114
1403636691.713555574 5.49292 -2.65797 -1.16574 0.74306 0.32437 0.53391 -0.23996
1403636691.813555479 5.53341 -2.71890 -1.13657 0.74264 0.32932 0.53387 -0.23457
1403636691.913555384 5.57129 -2.78014 -1.11425 0.74366 0.32766 0.53198 -0.23790
1403636692.013555527 5.60750 -2.84126 -1.09528 0.73978 0.32312 0.53707 -0.24469
1403636692.113555431 5.64138 -2.90474 -1.07798 0.74012 0.32275 0.53678 -0.24479
1403636692.213555574 5.67402 -2.96940 -1.05453 0.73971 0.32751 0.53784 -0.23725
1403636692.313555479 5.70309 -3.03554 -1.02460 0.74118 0.32796 0.53601 -0.23620
1403636692.413555384 5.72871 -3.10162 -0.98742 0.74326 0.32664 0.53346 -0.23726
1403636692.513555527 5.75379 -3.16577 -0.94340 0.74291 0.33019 0.53466 -0.23067
1403636692.613555431 5.77638 -3.22729 -0.89343 0.74357 0.32922 0.53428 -0.23079
1403636692.713555574 5.79560 -3.28803 -0.83843 0.74519 0.32967 0.53302 -0.22782
1403636692.913555384 5.83014 -3.40051 -0.74385 0.74669 0.34668 0.53112 -0.20043
1403636693.213555574 5.85600 -3.51829 -0.63715 0.74974 0.33840 0.52596 -0.21621
1403636693.413555384 5.86701 -3.57183 -0.59692 0.76013 0.33558 0.50933 -0.22400
1403636693.513555527 5.87586 -3.59263 -0.58266 0.76642 0.33556 0.49929 -0.22519
1403636693.613555431 5.88873 -3.60821 -0.57174 0.77209 0.33774 0.48980 -0.22341
1403636693.813555479 5.93012 -3.61970 -0.55469 0.76631 0.33739 0.49755 -0.22670
1403636693.913555384 5.95787 -3.61819 -0.54727 0.75793 0.33421 0.50951 -0.23292
1403636694.013555527 5.98772 -3.61507 -0.54158 0.74886 0.33161 0.52191 -0.23843
1403636694.113555431 6.01745 -3.61143 -0.53996 0.74346 0.33043 0.52887 -0.24160
1403636694.513555527 6.11965 -3.59996 -0.50515 0.74696 0.33347 0.52321 -0.23896
1403636694.813555479 6.19051 -3.59101 -0.50439 0.74616 0.33053 0.52603 -0.23935
1403636695.013555527 6.23408 -3.58332 -0.52729 0.75131 0.31923 0.51974 -0.25199
1403636695.213555574 6.28910 -3.58751 -0.54617 0.75102 0.32283 0.52294 -0.24140
1403636695.413555384 6.34327 -3.59718 -0.53198 0.74938 0.32415 0.52781 -0.23402
1403636695.613555431 6.39379 -3.60473 -0.51115 0.74709 0.32605 0.53269 -0.22757
1403636696.013555527 6.47193 -3.61247 -0.52487 0.75236 0.32225 0.52766 -0.22735
1403636696.213555574 6.50363 -3.61240 -0.55284 0.75721 0.32737 0.52197 -0.21681
1403636696.413555384 6.53757 -3.60856 -0.57778 0.74541 0.32075 0.53933 -0.22495
1403636697.113555431 6.54172 -3.59872 -0.62363 0.74207 0.33197 0.54533 -0.20433
1403636697.413555384 6.48763 -3.58054 -0.61150 0.74717 0.32864 0.53920 -0.20737
1403636697.513555527 6.44844 -3.56304 -0.58196 0.75233 0.32404 0.53226 -0.21376
1403636697.713555574 6.38382 -3.52645 -0.53138 0.75988 0.30746 0.53554 -0.20308
1403636697.813555479 6.34830 -3.50288 -0.51780 0.76686 0.29115 0.53942 -0.19024
1403636697.913555384 6.31345 -3.48707 -0.50235 0.77262 0.27472 0.54319 -0.18037
1403636698.013555527 6.27348 -3.46230 -0.49081 0.77741 0.26081 0.54542 -0.17359
1403636698.213555574 6.19773 -3.40761 -0.49730 0.78222 0.24321 0.54918 -0.16545
1403636698.413555384 6.12550 -3.35274 -0.51511 0.78906 0.22072 0.55383 -0.14814
1403636698.513555527 6.08984 -3.32439 -0.52887 0.79418 0.20517 0.55568 -0.13567
1403636698.613555431 6.05446 -3.29426 -0.54718 0.79905 0.18590 0.55852 -0.12254
1403636698.713555574 6.01934 -3.26415 -0.57092 0.80433 0.16353 0.56063 -0.10962
1403636698.813555479 5.98523 -3.23227 -0.59721 0.80934 0.13938 0.56266 -0.09468
1403636699.013555527 5.91954 -3.16473 -0.64650 0.81648 0.08790 0.56673 -0.06671
1403636699.113555431 5.88994 -3.13000 -0.66024 0.81822 0.06192 0.56902 -0.05383
1403636699.213555574 5.86005 -3.09604 -0.66667 0.81989 0.03287 0.56992 -0.04346
1403636699.313555479 5.83204 -3.06527 -0.66679 0.82189 0.00271 0.56875 -0.03184
1403636699.413555384 5.80779 -3.03841 -0.66216 0.82283 -0.02546 0.56739 -0.01939
1403636699.513555527 5.78615 -3.01621 -0.65653 0.82284 -0.05016 0.56602 -0.00593
1403636699.713555574 5.74812 -2.98758 -0.65854 0.81875 -0.09766 0.56544 0.01975
1403636699.813555479 5.73222 -2.98185 -0.66653 0.81583 -0.11089 0.56622 0.03896
1403636699.913555384 5.71796 -2.97943 -0.67706 0.81171 -0.11948 0.56932 0.05224
1403636700.113555431 5.68956 -2.98278 -0.71030 0.80791 -0.13015 0.57180 0.05817
1403636700.413555384 5.64132 -3.00770 -0.78270 0.80825 -0.14364 0.56786 0.06032
1403636700.513555527 5.62754 -3.02412 -0.81846 0.80462 -0.14996 0.57047 0.06826
1403636700.613555431 5.61360 -3.04408 -0.85577 0.80013 -0.15503 0.57400 0.07922
1403636700.813555479 5.58096 -3.09006 -0.93039 0.79457 -0.16938 0.57425 0.10097
1403636700.913555384 5.56261 -3.11284 -0.95811 0.79656 -0.17465 0.56914 0.10525
1403636701.113555431 5.52618 -3.15979 -0.99131 0.80560 -0.17934 0.55473 0.10547
1403636701.613555431 5.47627 -3.29559 -0.95429 0.80295 -0.16317 0.56391 0.10322
1403636701.813555479 5.47228 -3.35472 -0.94848 0.80011 -0.16537 0.56702 0.10472
1403636701.913555384 5.46928 -3.38435 -0.95298 0.79870 -0.17634 0.56456 0.11064
1403636702.013555527 5.46460 -3.41435 -0.96236 0.79547 -0.19132 0.56252 0.11916
1403636702.113555431 5.45967 -3.44478 -0.97746 0.79025 -0.21019 0.56077 0.12983
1403636702.213555574 5.45558 -3.47610 -0.99878 0.78464 -0.22906 0.55822 0.14234
1403636702.313555479 5.45107 -3.50662 -1.02480 0.78275 -0.24295 0.55239 0.15213
1403636702.413555384 5.44798 -3.53776 -1.05490 0.78257 -0.25094 0.54628 0.16181
1403636702.513555527 5.44627 -3.56798 -1.08869 0.78303 -0.25644 0.54079 0.16926
1403636702.613555431 5.44746 -3.59869 -1.12624 0.78376 -0.25974 0.53674 0.17369
1403636702.813555479 5.45751 -3.65974 -1.21301 0.78698 -0.26151 0.52992 0.17736
1403636703.213555574 5.52608 -3.78669 -1.35591 0.77584 -0.26699 0.54767 0.16387
1403636703.313555479 5.54817 -3.82136 -1.37418 0.76960 -0.27191 0.55637 0.15565
1403636703.513555527 5.57935 -3.89741 -1.39062 0.77252 -0.26222 0.55329 0.16831
1403636703.713555574 5.60456 -3.97432 -1.38446 0.77878 -0.25722 0.54522 0.17344
1403636703.913555384 5.63182 -4.04807 -1.38738 0.77444 -0.25833 0.55278 0.16714
1403636704.313555479 5.67700 -4.19323 -1.44188 0.78284 -0.25486 0.54387 0.16251
1403636704.513555527 5.70468 -4.27233 -1.45857 0.78885 -0.25149 0.53597 0.16493
1403636704.713555574 5.74484 -4.35391 -1.45826 0.79531 -0.25059 0.52674 0.16503
1403636704.913555384 5.80303 -4.43967 -1.48109 0.80270 -0.25077 0.51668 0.16071
1403636705.113555431 5.88814 -4.53573 -1.52119 0.80390 -0.24696 0.51610 0.16249
1403636705.213555574 5.94271 -4.58794 -1.54088 0.79483 -0.24235 0.53043 0.16782
1403636705.313555479 6.00190 -4.63934 -1.55329 0.78877 -0.23908 0.53976 0.17130
1403636705.513555527 6.12723 -4.73564 -1.56706 0.79111 -0.24103 0.53615 0.16906
1403636705.713555574 6.26397 -4.82822 -1.59401 0.79322 -0.24275 0.53256 0.16810
1403636705.813555479 6.33873 -4.87567 -1.61414 0.78924 -0.24403 0.53833 0.16660
1403636705.913555384 6.41479 -4.92272 -1.63065 0.78331 -0.24638 0.54699 0.16284
1403636706.013555527 6.49139 -4.96947 -1.63899 0.77757 -0.25142 0.55539 0.15402
1403636706.113555431 6.56450 -5.01723 -1.64115 0.77272 -0.25676 0.56231 0.14419
1403636706.313555479 6.69738 -5.11857 -1.65381 0.77726 -0.24208 0.55807 0.16072
1403636706.513555527 6.82371 -5.21681 -1.69121 0.78542 -0.23301 0.54746 0.17060
1403636706.713555574 6.95433 -5.30519 -1.71073 0.78926 -0.23346 0.54133 0.17184
1403636706.913555384 7.09481 -5.39023 -1.70550 0.79271 -0.23878 0.53455 0.16988
1403636707.013555527 7.17078 -5.43263 -1.69891 0.79048 -0.24039 0.53652 0.17178
1403636707.113555431 7.24725 -5.47240 -1.69111 0.78697 -0.24132 0.54022 0.17492
1403636707.313555479 7.40480 -5.54914 -1.67165 0.78638 -0.24566 0.53749 0.17988
1403636707.513555527 7.57158 -5.62031 -1.62598 0.78689 -0.24934 0.53485 0.18049
1403636707.713555574 7.74851 -5.68763 -1.57190 0.78624 -0.25907 0.53537 0.16760
1403636707.913555384 7.92925 -5.75950 -1.55951 0.78344 -0.26103 0.54043 0.16132
1403636708.013555527 8.02171 -5.80130 -1.56960 0.78266 -0.25724 0.54297 0.16264
1403636708.113555431 8.11469 -5.83591 -1.58621 0.78213 -0.25176 0.54541 0.16560
1403636708.313555479 8.30112 -5.92709 -1.62848 0.77735 -0.25189 0.55427 0.15833
1403636708.413555384 8.39111 -5.97053 -1.65274 0.77262 -0.25893 0.56081 0.14664
1403636708.613555431 8.55837 -6.06860 -1.68125 0.76901 -0.25845 0.56578 0.14740
1403636708.713555574 8.63254 -6.12325 -1.69229 0.77084 -0.25023 0.56315 0.16142
1403636708.813555479 8.70289 -6.17774 -1.70801 0.77169 -0.24220 0.56116 0.17586
1403636709.013555527 8.83646 -6.27208 -1.74146 0.76810 -0.24170 0.56257 0.18741
1403636709.213555574 8.96196 -6.34194 -1.74877 0.76720 -0.24583 0.55992 0.19356
1403636709.413555384 9.07958 -6.38634 -1.74180 0.77400 -0.24892 0.54891 0.19407
1403636709.713555574 9.26112 -6.42118 -1.76312 0.77816 -0.24859 0.54365 0.19265
1403636709.913555384 9.39118 -6.42542 -1.78350 0.77849 -0.24635 0.54492 0.19059
1403636710.113555431 9.52843 -6.41347 -1.78231 0.77807 -0.24335 0.54750 0.18875
1403636710.313555479 9.67112 -6.39045 -1.79765 0.77655 -0.24274 0.55274 0.18034
1403636710.413555384 9.74452 -6.36818 -1.81838 0.77516 -0.24650 0.55790 0.16468
1403636710.513555527 9.81627 -6.34761 -1.84129 0.77604 -0.24460 0.56195 0.14879
1403636710.613555431 9.88451 -6.33002 -1.86841 0.77768 -0.23767 0.56562 0.13712
1403636710.713555574 9.94873 -6.31474 -1.89992 0.78048 -0.22518 0.56881 0.12886
1403636710.813555479 10.00919 -6.30240 -1.92812 0.78446 -0.20608 0.57152 0.12458
1403636710.913555384 10.06589 -6.29065 -1.94969 0.79049 -0.18350 0.57146 0.12200
1403636711.013555527 10.12078 -6.27857 -1.96545 0.79585 -0.16249 0.57038 0.12201
1403636711.113555431 10.17443 -6.26467 -1.98676 0.79836 -0.14869 0.57099 0.12037
1403636711.213555574 10.22386 -6.24668 -1.97817 0.79892 -0.14010 0.57259 0.11937
1403636711.313555479 10.27160 -6.22469 -1.98035 0.79835 -0.13728 0.57477 0.11585
1403636711.413555384 10.32166 -6.19643 -1.98316 0.79425 -0.13861 0.58097 0.11149
1403636711.513555527 10.36472 -6.16688 -1.99362 0.78557 -0.13974 0.59254 0.11063
1403636711.613555431 10.40464 -6.13253 -1.97472 0.78056 -0.13833 0.59840 0.11620
1403636711.913555384 10.48292 -6.00065 -1.94510 0.78564 -0.14948 0.58978 0.11219
1403636712.013555527 10.49224 -5.95359 -1.94624 0.78836 -0.15872 0.58562 0.10172
1403636712.213555574 10.51361 -5.85317 -1.89346 0.78888 -0.16103 0.58548 0.09464
1403636712.313555479 10.51684 -5.80646 -1.86252 0.79087 -0.14495 0.58635 0.09855
1403636712.413555384 10.51714 -5.75546 -1.82673 0.79270 -0.12782 0.58779 0.09893
1403636712.513555527 10.50984 -5.70689 -1.80277 0.79323 -0.11393 0.59040 0.09605
1403636712.613555431 10.50514 -5.65101 -1.74762 0.79220 -0.10488 0.59450 0.08936
1403636712.713555574 10.49148 -5.59557 -1.71258 0.78898 -0.09973 0.60088 0.08065
1403636712.813555479 10.47509 -5.53729 -1.68311 0.78918 -0.09601 0.60204 0.07434
1403636712.913555384 10.45057 -5.47719 -1.66386 0.79235 -0.09422 0.59853 0.07118
1403636713.113555431 10.38623 -5.35532 -1.62471 0.79541 -0.09275 0.59497 0.06877
1403636713.213555574 10.34889 -5.29184 -1.60114 0.79714 -0.09357 0.59286 0.06584
1403636713.413555384 10.26017 -5.16627 -1.53147 0.80095 -0.09574 0.58766 0.06308
1403636713.613555431 10.16580 -5.04557 -1.44472 0.80259 -0.10363 0.58483 0.05552
1403636713.813555479 10.06005 -4.93640 -1.37994 0.80449 -0.11309 0.58113 0.04798
1403636714.013555527 9.94792 -4.84433 -1.33655 0.80580 -0.11312 0.57866 0.05510
1403636714.213555574 9.83454 -4.76222 -1.31013 0.80469 -0.11244 0.57935 0.06467
1403636714.413555384 9.71433 -4.69141 -1.30211 0.80584 -0.11883 0.57675 0.06217
1403636714.513555527 9.65573 -4.65950 -1.30629 0.81146 -0.11668 0.56955 0.05940
1403636714.613555431 9.59593 -4.63006 -1.31301 0.81669 -0.10988 0.56413 0.05202
1403636714.713555574 9.54179 -4.60134 -1.31929 0.82063 -0.09572 0.56166 0.04408
1403636714.813555479 9.49040 -4.57625 -1.31687 0.82341 -0.07458 0.56140 0.03543
1403636714.913555384 9.44304 -4.55421 -1.30631 0.82502 -0.04941 0.56234 0.02609
1403636715.013555527 9.40082 -4.53208 -1.28844 0.82673 -0.02704 0.56176 0.01445
1403636715.113555431 9.36245 -4.50932 -1.26361 0.82814 -0.00860 0.56042 0.00647
1403636715.213555574 9.32860 -4.48792 -1.23590 0.82858 0.00308 0.55986 -0.00030
1403636715.313555479 9.29998 -4.46711 -1.21236 0.82679 0.00864 0.56240 -0.00722
1403636715.513555527 9.25282 -4.42672 -1.18515 0.81971 0.00529 0.57229 -0.02330
1403636715.713555574 9.21094 -4.39933 -1.18496 0.81173 0.00075 0.58336 -0.02799
1403636715.813555479 9.18991 -4.39338 -1.18842 0.80569 0.00448 0.59203 -0.01875
1403636716.013555527 9.13684 -4.38553 -1.17896 0.79809 0.00571 0.60243 -0.00969
1403636716.213555574 9.06168 -4.37868 -1.15333 0.80625 -0.00190 0.59147 -0.01087
1403636716.413555384 8.97236 -4.37666 -1.12939 0.81289 -0.00809 0.58230 -0.00814
1403636716.713555574 8.83749 -4.37666 -1.14018 0.81267 0.00092 0.58266 -0.00811
1403636716.813555479 8.79342 -4.37540 -1.15630 0.81217 0.01104 0.58310 -0.01613
1403636716.913555384 8.74871 -4.37199 -1.16986 0.81216 0.02517 0.58225 -0.02735
1403636717.013555527 8.70075 -4.36832 -1.17764 0.81179 0.04459 0.58089 -0.03981
1403636717.113555431 8.65281 -4.36490 -1.17889 0.81087 0.06459 0.57930 -0.05227
1403636717.313555479 8.55790 -4.36190 -1.16919 0.80850 0.09607 0.57744 -0.06047
1403636717.513555527 8.45841 -4.35494 -1.15551 0.80554 0.11602 0.57853 -0.05424
1403636717.713555574 8.35296 -4.33158 -1.16153 0.80526 0.11244 0.57869 -0.06346
1403636717.913555384 8.24473 -4.29238 -1.18560 0.80449 0.12698 0.57671 -0.06380
1403636718.013555527 8.19085 -4.26327 -1.18642 0.80253 0.13941 0.57584 -0.07011
1403636718.113555431 8.13349 -4.22968 -1.18179 0.80051 0.15185 0.57359 -0.08439
1403636718.213555574 8.07358 -4.19301 -1.18673 0.79886 0.16293 0.57004 -0.10163
1403636718.313555479 8.01449 -4.15721 -1.17609 0.79782 0.17172 0.56626 -0.11549
1403636718.413555384 7.95298 -4.11719 -1.18707 0.79632 0.18178 0.56258 -0.12782
1403636718.513555527 7.89303 -4.07618 -1.20092 0.79378 0.19202 0.55941 -0.14178
1403636718.613555431 7.83459 -4.03503 -1.21914 0.79225 0.19922 0.55546 -0.15530
1403636718.713555574 7.78079 -3.99604 -1.24173 0.79206 0.20281 0.55037 -0.16914
1403636718.813555479 7.72937 -3.96105 -1.26912 0.79002 0.21043 0.54940 -0.17250
1403636718.913555384 7.68073 -3.93063 -1.29147 0.78695 0.22099 0.55136 -0.16693
1403636719.113555431 7.58855 -3.86860 -1.31927 0.78058 0.23083 0.55798 -0.16146
1403636719.313555479 7.49684 -3.81124 -1.32714 0.77406 0.22649 0.56721 -0.16675
1403636719.513555527 7.39582 -3.76100 -1.35145 0.77258 0.22095 0.57056 -0.16960
1403636719.613555431 7.34128 -3.73848 -1.36397 0.77645 0.21882 0.56616 -0.16943
1403636719.713555574 7.29272 -3.72181 -1.39604 0.78112 0.21767 0.56102 -0.16653
1403636719.913555384 7.17856 -3.69212 -1.38725 0.78606 0.21246 0.55703 -0.16336
1403636720.113555431 7.07364 -3.66704 -1.38546 0.78860 0.21017 0.55513 -0.16050
1403636720.313555479 6.97973 -3.64521 -1.40886 0.78950 0.20917 0.55389 -0.16170
1403636720.513555527 6.89037 -3.62939 -1.44264 0.78974 0.21034 0.55238 -0.16411
1403636720.713555574 6.80774 -3.62083 -1.45085 0.78880 0.21218 0.55248 -0.16597
1403636720.913555384 6.74909 -3.62280 -1.44883 0.79263 0.20061 0.55419 -0.15610
1403636721.013555527 6.71073 -3.62190 -1.44600 0.79402 0.18908 0.55779 -0.15052
1403636721.113555431 6.68128 -3.62657 -1.45267 0.79530 0.17606 0.56183 -0.14438
1403636721.213555574 6.65368 -3.63109 -1.46562 0.79632 0.16171 0.56698 -0.13514
1403636721.313555479 6.62433 -3.63709 -1.46954 0.79708 0.14932 0.57097 -0.12786
1403636721.413555384 6.59635 -3.64865 -1.46935 0.79809 0.14079 0.57340 -0.12021
1403636721.513555527 6.56752 -3.66023 -1.46317 0.80002 0.13401 0.57375 -0.11320
1403636721.713555574 6.50875 -3.68677 -1.46170 0.80366 0.12092 0.57444 -0.09757
1403636721.913555384 6.44493 -3.71328 -1.47997 0.80407 0.11652 0.57574 -0.09177
1403636722.213555574 6.34765 -3.74551 -1.49572 0.80367 0.12344 0.57552 -0.08745
1403636722.613555431 6.20748 -3.77436 -1.49669 0.80543 0.11537 0.57509 -0.08513
1403636722.813555479 6.13747 -3.78473 -1.51552 0.80643 0.11354 0.57494 -0.07891
1403636723.213555574 5.99147 -3.78991 -1.48828 0.80676 0.10831 0.57471 -0.08435
1403636723.513555527 5.88409 -3.79115 -1.48547 0.80416 0.10039 0.58200 -0.06724
1403636723.613555431 5.85088 -3.78835 -1.48199 0.79800 0.08797 0.59253 -0.06603
1403636723.813555479 5.76778 -3.78288 -1.46408 0.80651 0.07338 0.58371 -0.05870
1403636724.013555527 5.67732 -3.77736 -1.45694 0.81656 0.06344 0.57124 -0.05380
1403636724.113555431 5.63431 -3.77714 -1.46082 0.82131 0.05522 0.56583 -0.04728
1403636724.213555574 5.59365 -3.77638 -1.47142 0.82283 0.04310 0.56535 -0.03848
1403636724.313555479 5.55613 -3.77689 -1.48417 0.82268 0.02864 0.56716 -0.02672
1403636724.413555384 5.52177 -3.77563 -1.49287 0.82015 0.01308 0.57180 -0.01475
1403636724.513555527 5.48891 -3.77702 -1.49026 0.81739 0.00119 0.57606 -0.00505
1403636724.613555431 5.45603 -3.76405 -1.50149 0.81559 -0.00716 0.57859 0.00166
1403636724.813555479 5.39172 -3.76474 -1.46933 0.81586 -0.01562 0.57799 0.00719
1403636725.113555431 5.30679 -3.72610 -1.35942 0.81764 -0.02093 0.57532 -0.00493
1403636725.513555527 5.20688 -3.70688 -1.22123 0.81870 -0.01497 0.57402 -0.00118
1403636726.313555479 5.06399 -3.68128 -1.19559 0.81620 -0.00985 0.57768 -0.00189
1403636726.613555431 5.02237 -3.67229 -1.18319 0.81287 -0.01679 0.58186 -0.01989
1403636726.913555384 4.97535 -3.68080 -1.11321 0.81033 -0.00555 0.58579 -0.01375
1403636727.313555479 4.88842 -3.71284 -0.98505 0.81164 0.01341 0.58400 -0.00158
1403636727.813555479 4.75043 -3.71890 -0.85999 0.81164 0.01206 0.58401 -0.00457
1403636728.213555574 4.62622 -3.65691 -0.72432 0.81055 0.01135 0.58555 -0.00345
1403636728.513555527 4.52032 -3.59148 -0.68273 0.81117 -0.00126 0.58445 -0.02032
1403636728.713555574 4.44819 -3.55963 -0.68071 0.81139 0.00914 0.58394 -0.02392
1403636728.813555479 4.40989 -3.54217 -0.66974 0.81131 0.02631 0.58351 -0.02446
1403636728.913555384 4.36970 -3.52405 -0.65631 0.80979 0.04144 0.58457 -0.02845
1403636729.013555527 4.32824 -3.50554 -0.64354 0.80782 0.05170 0.58617 -0.03398
1403636729.313555479 4.19794 -3.44939 -0.63565 0.80733 0.06634 0.58462 -0.04520
1403636729.613555431 4.04836 -3.38773 -0.63381 0.80735 0.06823 0.58411 -0.04837
1403636729.913555384 3.88824 -3.32132 -0.59706 0.81275 0.06568 0.57679 -0.04931
1403636730.113555431 3.78359 -3.27573 -0.59258 0.81553 0.06618 0.57280 -0.04921
1403636730.413555384 3.63447 -3.20757 -0.61353 0.81678 0.06650 0.57082 -0.05115
1403636730.513555527 3.59064 -3.18582 -0.62065 0.82095 0.06768 0.56473 -0.05035
1403636730.613555431 3.55085 -3.16330 -0.62093 0.82498 0.06747 0.55876 -0.05131
1403636730.913555384 3.45837 -3.09052 -0.57189 0.82829 0.06447 0.55377 -0.05579
1403636731.113555431 3.41765 -3.04657 -0.53974 0.82073 0.04990 0.56432 -0.07383
1403636731.313555479 3.39123 -3.01957 -0.52833 0.81220 0.05316 0.57719 -0.06597
1403636732.013555527 3.29834 -3.00932 -0.60759 0.81172 0.06019 0.57809 -0.05753
1403636732.513555527 3.22002 -3.04444 -0.70511 0.80343 0.07702 0.58915 -0.03834
1403636732.713555574 3.16418 -3.04754 -0.69800 0.79672 0.08175 0.59781 -0.03435
1403636732.913555384 3.08968 -3.03328 -0.67852 0.79733 0.07501 0.59707 -0.04637
1403636733.113555431 2.99732 -3.01368 -0.67510 0.80427 0.07555 0.58748 -0.04809
1403636733.413555384 2.84129 -2.96982 -0.62772 0.80861 0.07706 0.58109 -0.05045
1403636733.613555431 2.73622 -2.93210 -0.57738 0.81276 0.07614 0.57517 -0.05290
1403636733.913555384 2.57857 -2.86940 -0.53817 0.81532 0.07715 0.57142 -0.05269
1403636734.113555431 2.47673 -2.82427 -0.53200 0.80942 0.07760 0.57992 -0.05013
1403636734.413555384 2.32013 -2.74975 -0.49851 0.81114 0.07454 0.57721 -0.05762
1403636734.613555431 2.22317 -2.70041 -0.46254 0.81555 0.07573 0.57058 -0.05980
1403636734.913555384 2.08366 -2.63040 -0.44914 0.81730 0.08007 0.56742 -0.06031
1403636735.213555574 1.96404 -2.56054 -0.46696 0.81766 0.07822 0.56684 -0.06324
1403636735.613555431 1.84249 -2.47533 -0.39970 0.81701 0.06853 0.56941 -0.05982
1403636736.113555431 1.74071 -2.38441 -0.30582 0.81395 0.07245 0.57324 -0.06028
1403636736.213555574 1.72449 -2.36819 -0.28855 0.81058 0.08258 0.57575 -0.06819
1403636736.313555479 1.70976 -2.35082 -0.26488 0.80860 0.09289 0.57620 -0.07440
1403636736.613555431 1.66021 -2.29662 -0.22049 0.80372 0.11934 0.57851 -0.07162
1403636736.913555384 1.59753 -2.22951 -0.21973 0.80206 0.12632 0.57914 -0.07312
1403636737.113555431 1.54562 -2.17182 -0.23235 0.80218 0.12223 0.57784 -0.08752
1403636737.313555479 1.48850 -2.11253 -0.25920 0.80383 0.12389 0.57416 -0.09408
1403636737.513555527 1.43287 -2.05382 -0.26939 0.80821 0.12791 0.56683 -0.09558
1403636737.713555574 1.38317 -1.99874 -0.25098 0.81179 0.12326 0.56105 -0.10501
1403636738.113555431 1.31886 -1.92601 -0.14766 0.81255 0.11872 0.56078 -0.10579
1403636738.413555384 1.30073 -1.88831 -0.06099 0.81209 0.11656 0.56301 -0.09968
1403636738.613555431 1.30123 -1.87374 -0.04054 0.81704 0.10202 0.56023 -0.09045
1403636738.713555574 1.30826 -1.86843 -0.04022 0.81880 0.08652 0.56156 -0.08206
1403636738.813555479 1.31761 -1.87020 -0.04856 0.81769 0.06622 0.56719 -0.07277
1403636739.013555527 1.32964 -1.87394 -0.06856 0.81617 0.01616 0.57513 -0.05313
1403636739.213555574 1.33814 -1.90205 -0.10302 0.81597 -0.02954 0.57714 -0.01500
1403636739.313555479 1.35418 -1.92126 -0.13917 0.81497 -0.04825 0.57739 0.01070
1403636739.513555527 1.36416 -1.97523 -0.18187 0.81214 -0.08586 0.57460 0.05376
1403636739.713555574 1.37102 -2.01709 -0.19151 0.80805 -0.11710 0.57304 0.07055
1403636739.913555384 1.37879 -2.04976 -0.20229 0.80647 -0.13047 0.57206 0.07301
1403636740.213555574 1.39407 -2.11192 -0.26704 0.80737 -0.11989 0.57156 0.08419
1403636740.613555431 1.40346 -2.17955 -0.39194 0.80452 -0.11656 0.57799 0.07133
1403636740.813555479 1.39838 -2.20432 -0.43289 0.80852 -0.11548 0.57319 0.06643
1403636741.113555431 1.39020 -2.24176 -0.51691 0.80462 -0.10160 0.57841 0.08776
1403636741.313555479 1.37517 -2.26658 -0.60921 0.80053 -0.12276 0.58051 0.08425
1403636741.413555384 1.36433 -2.27190 -0.65765 0.80405 -0.13247 0.57397 0.08068
1403636741.513555527 1.35249 -2.27672 -0.70019 0.81014 -0.13796 0.56406 0.08047
1403636742.013555527 1.32969 -2.32627 -0.83417 0.81132 -0.12456 0.56321 0.09512
1403636742.113555431 1.33248 -2.33755 -0.86652 0.81619 -0.12195 0.55715 0.09244
1403636742.313555479 1.34538 -2.35016 -0.91061 0.81814 -0.12388 0.55595 0.07884
1403636742.513555527 1.36648 -2.36283 -0.92848 0.81099 -0.12131 0.56744 0.07486
1403636742.813555479 1.40589 -2.38678 -0.95268 0.80453 -0.11658 0.57774 0.07317
1403636743.113555431 1.43105 -2.40963 -1.04136 0.81178 -0.12726 0.56526 0.07278
1403636743.213555574 1.43745 -2.41942 -1.07370 0.82203 -0.13430 0.54853 0.07312
1403636743.313555479 1.44899 -2.43096 -1.09965 0.82820 -0.13897 0.53777 0.07463
1403636743.613555431 1.52868 -2.48519 -1.14511 0.81907 -0.14151 0.55017 0.08010
1403636743.813555479 1.60485 -2.53223 -1.19547 0.80916 -0.14076 0.56330 0.09023
1403636743.913555384 1.64404 -2.55598 -1.23059 0.80433 -0.14625 0.56824 0.09361
1403636744.113555431 1.72395 -2.60089 -1.31725 0.79881 -0.15406 0.57214 0.10408
1403636744.213555574 1.76025 -2.62196 -1.36872 0.79585 -0.16149 0.57359 0.10743
1403636744.413555384 1.82981 -2.65771 -1.48710 0.79153 -0.17509 0.57620 0.10402
1403636744.713555574 1.91371 -2.71500 -1.69723 0.78556 -0.18134 0.58409 0.09408
1403636744.913555384 1.94659 -2.76308 -1.83637 0.79083 -0.17155 0.57764 0.10724
1403636745.013555527 1.95572 -2.78619 -1.89419 0.79564 -0.16979 0.57170 0.10624
1403636745.113555431 1.96636 -2.80815 -1.94318 0.80127 -0.16758 0.56493 0.10367
1403636745.313555479 1.99148 -2.85227 -2.02211 0.80449 -0.16006 0.56343 0.09863
1403636745.513555527 2.02412 -2.89717 -2.06966 0.79627 -0.15200 0.57681 0.10072
1403636745.713555574 2.05264 -2.93600 -2.08769 0.79309 -0.15712 0.57880 0.10633
1403636745.913555384 2.07445 -2.96594 -2.08015 0.79270 -0.16364 0.57481 0.12019
1403636746.013555527 2.08358 -2.97595 -2.06892 0.79269 -0.16549 0.57230 0.12936
1403636746.213555574 2.09927 -2.97954 -2.02494 0.79134 -0.16881 0.57038 0.14124
1403636746.313555479 2.10648 -2.97294 -1.99495 0.78327 -0.16943 0.58044 0.14443
1403636746.413555384 2.11173 -2.95934 -1.97142 0.77763 -0.17033 0.58768 0.14459
1403636746.613555431 2.11410 -2.91421 -1.95376 0.79377 -0.17834 0.56727 0.12775
1403636746.713555574 2.11509 -2.88812 -1.95596 0.80604 -0.18418 0.55102 0.11297
1403636746.813555479 2.11907 -2.86430 -1.96008 0.81035 -0.18903 0.54552 0.10001
1403636747.013555527 2.13889 -2.82962 -1.96407 0.80776 -0.18813 0.55094 0.09270
1403636747.213555574 2.17014 -2.81277 -1.93562 0.80077 -0.17363 0.56214 0.11232
1403636747.413555384 2.21146 -2.79731 -1.87946 0.79782 -0.17033 0.56538 0.12172
1403636747.913555384 2.32407 -2.72592 -1.74580 0.79651 -0.18779 0.56224 0.11912
1403636748.013555527 2.34834 -2.70927 -1.70614 0.79175 -0.19924 0.56737 0.10739
1403636748.413555384 2.43715 -2.67730 -1.60869 0.79554 -0.19155 0.56088 0.12589
1403636748.713555574 2.50397 -2.66387 -1.53612 0.79158 -0.19555 0.56610 0.12118
1403636748.913555384 2.54320 -2.65708 -1.48904 0.78806 -0.20611 0.56907 0.11241
1403636749.213555574 2.58957 -2.66838 -1.44481 0.78337 -0.21796 0.57160 0.10999
1403636749.413555384 2.60442 -2.69358 -1.40238 0.78540 -0.20749 0.56831 0.13080
1403636749.613555431 2.61067 -2.71969 -1.34253 0.78804 -0.19605 0.56500 0.14604
1403636749.813555479 2.61862 -2.73832 -1.29840 0.78394 -0.19330 0.57221 0.14370
1403636749.913555384 2.62019 -2.74457 -1.28478 0.77960 -0.19205 0.57923 0.14084
1403636750.213555574 2.60885 -2.73599 -1.26354 0.78140 -0.18697 0.58057 0.13193
1403636750.413555384 2.58642 -2.71710 -1.22752 0.78853 -0.18413 0.57315 0.12577
1403636750.613555431 2.55878 -2.69239 -1.15282 0.79158 -0.17767 0.57185 0.12180
1403636750.913555384 2.51263 -2.65031 -0.99514 0.79661 -0.17046 0.56706 0.12160
1403636751.313555479 2.45426 -2.56680 -0.79170 0.80607 -0.17533 0.55244 0.11965
1403636751.513555527 2.44134 -2.52864 -0.70721 0.79910 -0.18691 0.56137 0.10664
1403636751.613555431 2.43399 -2.51091 -0.66232 0.79631 -0.18644 0.56681 0.09922
1403636751.813555479 2.42368 -2.49026 -0.59809 0.80452 -0.18243 0.55854 0.08662
1403636752.013555527 2.41374 -2.48675 -0.53405 0.81338 -0.16814 0.54854 0.09615
1403636752.213555574 2.41783 -2.49395 -0.47369 0.80758 -0.15866 0.55923 0.09949
1403636752.313555479 2.42417 -2.50015 -0.44457 0.80315 -0.14986 0.56878 0.09479
1403636752.513555527 2.43466 -2.50387 -0.37088 0.80316 -0.12096 0.57838 0.07604
1403636752.713555574 2.43858 -2.50720 -0.30000 0.81096 -0.08421 0.57668 0.05179
1403636752.913555384 2.44675 -2.51651 -0.25679 0.81542 -0.04163 0.57661 0.02949
1403636753.013555527 2.44858 -2.51754 -0.24515 0.81674 -0.01731 0.57639 0.02009
1403636753.213555574 2.44976 -2.50895 -0.23815 0.81741 0.03014 0.57525 -0.00451
1403636753.413555384 2.45020 -2.48762 -0.25224 0.81328 0.07353 0.57652 -0.02818
1403636753.513555527 2.44927 -2.47267 -0.25686 0.81184 0.08127 0.57658 -0.04316
1403636753.813555479 2.43476 -2.41552 -0.23974 0.80867 0.08688 0.57883 -0.05887
1403636754.213555574 2.39746 -2.32348 -0.23712 0.80179 0.07929 0.59001 -0.05229
1403636754.513555527 2.33903 -2.24431 -0.18963 0.80162 0.08312 0.58989 -0.05021
1403636754.613555431 2.31259 -2.21271 -0.17856 0.80276 0.09295 0.58656 -0.05372
1403636754.713555574 2.28233 -2.17870 -0.17302 0.80223 0.10451 0.58443 -0.06279
1403636754.913555384 2.21177 -2.10556 -0.17345 0.79840 0.12898 0.58249 -0.08145
1403636755.113555431 2.13009 -2.03014 -0.18606 0.79652 0.14308 0.58021 -0.09187
1403636755.313555479 2.03159 -1.95246 -0.17992 0.80077 0.14751 0.57238 -0.09690
1403636755.713555574 1.84539 -1.77539 -0.13249 0.80793 0.14682 0.56310 -0.09276
1403636755.913555384 1.76201 -1.67708 -0.13366 0.80331 0.14240 0.57032 -0.09564
1403636756.113555431 1.67920 -1.57555 -0.12980 0.80109 0.14104 0.57355 -0.09698
1403636756.313555479 1.59467 -1.47275 -0.10847 0.79930 0.14111 0.57580 -0.09829
1403636756.513555527 1.50255 -1.37183 -0.09538 0.79803 0.14295 0.57692 -0.09943
1403636756.713555574 1.40438 -1.27115 -0.09968 0.79635 0.14410 0.57861 -0.10136
1403636756.913555384 1.29682 -1.17438 -0.08833 0.79552 0.14507 0.57914 -0.10346
1403636757.113555431 1.17932 -1.08259 -0.06320 0.79548 0.14514 0.57862 -0.10655
1403636757.313555479 1.05482 -0.99455 -0.05553 0.79595 0.14767 0.57769 -0.10456
1403636757.513555527 0.92736 -0.90581 -0.06575 0.79945 0.15366 0.57190 -0.10104
1403636757.613555431 0.86298 -0.86417 -0.06282 0.80402 0.16083 0.56316 -0.10266
1403636757.713555574 0.80143 -0.80901 -0.06057 0.80988 0.16794 0.55209 -0.10528
1403636757.913555384 0.68954 -0.69931 -0.02194 0.81440 0.17691 0.54073 -0.11431
1403636758.013555527 0.64702 -0.63288 0.00308 0.80804 0.17764 0.54870 -0.12019
1403636758.213555574 0.55521 -0.52472 0.05697 0.79394 0.17671 0.56711 -0.12967
1403636758.413555384 0.46701 -0.40933 0.07067 0.79659 0.17348 0.56312 -0.13510
1403636758.513555527 0.41967 -0.35230 0.06538 0.80885 0.16947 0.54537 -0.14001
1403636758.613555431 0.37821 -0.29888 0.05766 0.82056 0.16343 0.52747 -0.14747
1403636758.713555574 0.34950 -0.25163 0.05235 0.81826 0.16162 0.53144 -0.14797
1403636758.813555479 0.32960 -0.20424 0.04505 0.80857 0.16155 0.54671 -0.14572
1403636759.013555527 0.29815 -0.11752 0.02574 0.79575 0.16705 0.56601 -0.13607
1403636759.113555431 0.28348 -0.07975 0.01166 0.79440 0.16117 0.56751 -0.14450
1403636759.313555479 0.25685 -0.02009 -0.02627 0.79591 0.14233 0.56270 -0.17216
1403636759.513555527 0.23881 0.00427 -0.08016 0.79228 0.16115 0.56993 -0.14661
1403636759.613555431 0.22929 0.00748 -0.10765 0.79051 0.16872 0.57241 -0.13775
1403636759.913555384 0.19162 0.00856 -0.14062 0.79270 0.17415 0.56895 -0.13263
1403636760.013555527 0.17677 0.00770 -0.14954 0.79867 0.17499 0.56064 -0.13112
1403636760.313555479 0.14419 0.00885 -0.19009 0.79558 0.17124 0.56535 -0.13456
1403636760.513555527 0.12198 0.00062 -0.21054 0.79059 0.17425 0.57245 -0.13003
1403636760.613555431 0.10920 -0.00228 -0.22745 0.79644 0.17694 0.56413 -0.12700
1403636760.713555574 0.09630 -0.00464 -0.24270 0.80010 0.18074 0.55866 -0.12278
1403636760.913555384 0.07202 -0.00291 -0.26692 0.79369 0.18464 0.56709 -0.11989
1403636761.013555527 0.05629 0.00056 -0.27738 0.79598 0.18452 0.56363 -0.12119
1403636761.113555431 0.04299 0.00693 -0.29006 0.80277 0.18334 0.55377 -0.12366
1403636761.213555574 0.03217 0.01640 -0.30475 0.81075 0.18525 0.54171 -0.12213
1403636761.313555479 0.02274 0.02741 -0.31348 0.81397 0.18562 0.53678 -0.12196
1403636761.513555527 0.02598 0.06274 -0.32120 0.79993 0.18275 0.55749 -0.12616
1403636761.613555431 0.02615 0.07814 -0.31928 0.79387 0.18034 0.56638 -0.12832
1403636761.713555574 0.02737 0.09804 -0.31514 0.79282 0.17297 0.56800 -0.13747
1403636761.813555479 0.03101 0.11571 -0.31270 0.79361 0.16606 0.56670 -0.14646
1403636762.013555527 0.04801 0.14210 -0.30127 0.79322 0.17179 0.56802 -0.13655
1403636762.113555431 0.03009 0.13652 -0.28784 0.79041 0.18382 0.57230 -0.11804
1403636762.313555479 0.02327 0.15472 -0.27446 0.80235 0.18963 0.55567 -0.10726
1403636762.513555527 0.01957 0.19147 -0.28851 0.81008 0.17204 0.54481 -0.13176
1403636762.613555431 0.02291 0.21257 -0.30663 0.80568 0.15495 0.55009 -0.15577
1403636762.713555574 0.03015 0.22834 -0.33246 0.79942 0.15189 0.55863 -0.16060
1403636762.913555384 0.03586 0.22905 -0.36607 0.77024 0.15548 0.59891 -0.15445
1403636763.113555431 0.01195 0.19206 -0.38418 0.79255 0.12755 0.58123 -0.13328
1403636763.213555574 0.00472 0.18592 -0.38570 0.79089 0.11618 0.58609 -0.13229
1403636763.413555384 -0.01034 0.18456 -0.39896 0.79476 0.11502 0.58069 -0.13388
