1403636858.651666 0.0000000 0.0000000 0.0000000 0.0000000 0.0000000 0.0000000 1.0000000
1403636862.951667 0.0831297 -0.4469081 -0.1246500 -0.0431308 0.0743186 -0.0020818 0.9962992
1403636863.101666 0.0840936 -0.4714731 -0.1329234 -0.0276152 0.0754944 -0.0096997 0.9967166
1403636863.301666 0.0889338 -0.3954840 -0.1108958 -0.0271258 0.0810638 -0.0251223 0.9960229
1403636867.751667 0.0784278 -0.1979052 -0.1504227 -0.2299165 0.0524888 0.0081815 0.9717594
1403636867.901666 0.0782344 -0.1921242 -0.1583429 -0.2927916 0.0596814 0.0175764 0.9541500
1403636869.901666 0.1146083 -0.2069798 -0.1908620 -0.2529343 0.0704154 0.0244724 0.9646072
1403636870.151666 0.2326909 -0.2179557 -0.1743214 -0.2519914 0.0900038 0.0350824 0.9628961
1403636870.451667 0.3867972 -0.2322809 -0.1595388 -0.2435987 0.1074477 0.0351360 0.9632654
1403636870.701667 0.4769441 -0.2306215 -0.1510269 -0.2559078 0.1237240 0.0422562 0.9578194
1403636872.251667 0.0461884 -0.2099755 -0.1243926 -0.2372840 0.0654861 0.0450200 0.9681844
1403636872.401666 -0.0160864 -0.1986045 -0.1211964 -0.2480010 0.0532288 0.0407743 0.9664366
1403636872.551666 -0.0448619 -0.1948938 -0.1188287 -0.2500182 0.0442339 0.0379837 0.9664841
1403636873.251667 0.1727463 -0.2052687 -0.1169448 -0.2481457 0.0771928 0.0425724 0.9647034
1403636873.551666 0.3512651 -0.2088856 -0.1192074 -0.2532100 0.1009582 0.0533965 0.9606461
1403636873.801666 0.4541106 -0.1986393 -0.1258423 -0.2622081 0.1147463 0.0577178 0.9564250
1403636874.751667 0.2227528 -0.1916280 -0.1033346 -0.2568294 0.0816320 0.0484112 0.9617854
1403636875.551666 -0.0283152 -0.1576970 -0.0966823 -0.2159461 0.1331023 0.1184258 0.9600137
1403636875.701667 -0.0248735 -0.1416827 -0.1503791 -0.2177353 0.1467022 0.1331075 0.9556946
1403636875.801666 -0.0085404 -0.1301567 -0.1889400 -0.2157838 0.1641579 0.1385987 0.9525124
1403636875.901666 0.0140372 -0.1181352 -0.2276866 -0.2176459 0.1845455 0.1456924 0.9472840
1403636876.001667 0.0461035 -0.1107325 -0.2645797 -0.2179925 0.2079090 0.1550561 0.9408564
1403636876.201667 0.1355828 -0.1080749 -0.3130466 -0.2031735 0.2628393 0.1655981 0.9285544
1403636876.451667 0.2767092 -0.1174818 -0.3037308 -0.2088841 0.3009495 0.1778384 0.9133292
1403636876.701667 0.4165316 -0.1520997 -0.2169516 -0.1924643 0.3053876 0.1506759 0.9203221
1403636876.801666 0.4481645 -0.1716662 -0.1695089 -0.1868949 0.2900830 0.1375317 0.9284434
1403636876.951667 0.4541965 -0.1994315 -0.0900837 -0.1813654 0.2561360 0.1112583 0.9429330
1403636877.051666 0.4317632 -0.2142126 -0.0365180 -0.1774577 0.2230825 0.0945846 0.9538326
1403636877.201667 0.3616580 -0.2309078 0.0326415 -0.1765006 0.1621641 0.0680615 0.9684616
1403636877.301666 0.2984120 -0.2379172 0.0647598 -0.1780161 0.1205852 0.0529696 0.9751737
1403636877.401666 0.2275883 -0.2391832 0.0827309 -0.1808826 0.0824618 0.0356729 0.9793921
1403636877.651666 0.0643632 -0.2181404 0.0583870 -0.2042455 0.0113932 0.0194947 0.9786592
1403636877.751667 0.0168992 -0.2024137 0.0266480 -0.2143717 -0.0022965 0.0248214 0.9764341
1403636877.951667 -0.0408820 -0.1673033 -0.0585963 -0.2337388 0.0099848 0.0367061 0.9715550
1403636878.051666 -0.0472628 -0.1466704 -0.1032127 -0.2402035 0.0297655 0.0434496 0.9692928
1403636878.101666 -0.0443539 -0.1380652 -0.1245907 -0.2423882 0.0429109 0.0489309 0.9679940
1403636878.201667 -0.0263031 -0.1193803 -0.1653340 -0.2384455 0.0701071 0.0587418 0.9668393
1403636878.301666 0.0062991 -0.1049681 -0.2012980 -0.2337485 0.0959627 0.0723993 0.9648374
1403636878.351666 0.0271346 -0.0991731 -0.2175987 -0.2307435 0.1080896 0.0807317 0.9636164
1403636878.451667 0.0787695 -0.0914591 -0.2441223 -0.2268377 0.1339737 0.0947788 0.9600066
1403636878.551666 0.1376327 -0.0916719 -0.2606404 -0.2239379 0.1626274 0.1039138 0.9553042
1403636878.651666 0.2023915 -0.1000309 -0.2664593 -0.2205452 0.1880783 0.1092331 0.9508178
1403636878.751667 0.2663396 -0.1123454 -0.2602722 -0.2143144 0.2117900 0.1090973 0.9472656
1403636878.901666 0.3332936 -0.1283770 -0.2443444 -0.2040262 0.2338677 0.1027904 0.9450467
1403636879.051666 0.3768992 -0.1411183 -0.2237383 -0.1991189 0.2432071 0.0957284 0.9444777
1403636879.101666 0.4438739 -0.1683856 -0.1838767 -0.2049466 0.2265996 0.1131124 0.9454391
1403636879.151666 0.5020327 -0.1855071 -0.1434466 -0.2043744 0.2142816 0.1240842 0.9470574
1403636880.301666 0.1263896 -0.2181685 -0.1331045 -0.1976311 0.0871094 0.0517699 0.9750250
1403636880.501667 0.1524248 -0.2001352 -0.2255644 -0.1854317 0.1435328 0.0627510 0.9700906
1403636880.801666 0.1074743 -0.1821676 -0.3474790 -0.2002191 0.1801375 0.0789219 0.9598094
1403636881.201667 -0.0377158 -0.1853689 -0.3341598 -0.1732830 0.1193001 0.0567046 0.9759739
1403636881.251667 -0.0544926 -0.1914120 -0.3215962 -0.1712070 0.1060859 0.0524594 0.9781012
1403636881.601666 -0.0356467 -0.2386989 -0.1890763 -0.1588159 0.0598455 0.0115027 0.9854257
1403636881.801666 0.0531727 -0.2593558 -0.1062200 -0.1587880 0.0592701 -0.0070563 0.9855068
1403636882.051666 0.1881218 -0.2645521 -0.0426627 -0.1620708 0.0823475 0.0092110 0.9832940
1403636882.301666 0.2849327 -0.2301754 -0.0509203 -0.1513754 0.1080959 0.0182689 0.9823782
1403636882.751667 0.2441423 -0.1645006 -0.0631204 -0.1009332 0.0584074 0.0168910 0.9930336
1403636897.601666 0.2014214 -0.0300129 0.0840498 -0.0148715 -0.0765051 -0.0492794 0.9957396
1403636897.701667 0.2146639 -0.0299609 0.0683642 -0.0325191 -0.0685726 -0.0573370 0.9954661
1403636897.751667 0.2211877 -0.0322529 0.0596328 -0.0405549 -0.0663460 -0.0615339 0.9950714
1403636897.851666 0.2331625 -0.0429945 0.0419565 -0.0527442 -0.0635192 -0.0676948 0.9942840
1403636897.901666 0.2384286 -0.0513411 0.0343452 -0.0563916 -0.0633239 -0.0693196 0.9939843
1403636897.951667 0.2429330 -0.0620120 0.0281238 -0.0535497 -0.0643171 -0.0699383 0.9940344
1403636898.001667 0.2461983 -0.0720616 0.0235723 -0.0476182 -0.0654177 -0.0704083 0.9942312
1403636898.101666 0.2524605 -0.0871109 0.0191998 -0.0370991 -0.0697273 -0.0687622 0.9945017
1403636898.201667 0.2565118 -0.0998673 0.0173904 -0.0322655 -0.0728607 -0.0693893 0.9944021
1403636898.451667 0.2610756 -0.1442661 0.0163465 -0.0320169 -0.0818818 -0.0709082 0.9936007
1403636898.651666 0.2586485 -0.1900400 0.0191894 -0.0331777 -0.0875898 -0.0729464 0.9929280
1403636898.951667 0.2470082 -0.2502653 0.0434282 -0.0368906 -0.0948616 -0.0672240 0.9925328
1403636899.301666 0.2468237 -0.3140195 0.1094682 -0.0175489 -0.0598635 -0.0461615 0.9969842
1403636899.351666 0.2513787 -0.3225715 0.1213814 -0.0123213 -0.0482731 -0.0431845 0.9978241
1403636899.801666 0.3082078 -0.3798156 0.1995354 -0.0267252 0.0213088 -0.0100371 0.9993653
1403636900.001667 0.3517440 -0.3966520 0.2373447 -0.0206746 0.0334316 -0.0205722 0.9990153
1403636900.151666 0.3866451 -0.4096290 0.2658125 -0.0076701 0.0350301 -0.0234937 0.9990807
1403636900.451667 0.4503711 -0.4806908 0.2871543 -0.0196712 0.0292326 -0.0279161 0.9989891
1403636900.601666 0.4820576 -0.5209255 0.2927717 -0.0260095 0.0246407 -0.0289267 0.9989392
1403636900.951667 0.5585875 -0.5721664 0.3362297 -0.0352384 0.0130692 -0.0151111 0.9991792
1403636901.151666 0.6186831 -0.5838308 0.3856754 -0.0293921 0.0099192 -0.0076809 0.9994892
1403636901.351666 0.6954878 -0.5989566 0.4368188 -0.0267496 0.0121497 -0.0139297 0.9994712
1403636901.451667 0.7405205 -0.6179836 0.4624939 -0.0262383 0.0141623 -0.0192120 0.9993708
1403636901.601666 0.8107322 -0.6459755 0.4988958 -0.0241876 0.0169175 -0.0258873 0.9992290
1403636901.701667 0.8572314 -0.6640282 0.5269764 -0.0214190 0.0175023 -0.0268813 0.9992559
1403636901.851666 0.9290521 -0.6778069 0.5690086 -0.0208897 0.0173970 -0.0266729 0.9992745
1403636902.001667 1.0005003 -0.6757269 0.6154194 -0.0203448 0.0175511 -0.0288181 0.9992235
1403636902.251667 1.1217854 -0.6898649 0.6813652 -0.0199813 0.0164254 -0.0298983 0.9992182
1403636902.551666 1.2658064 -0.6722876 0.7673781 -0.0219036 0.0221138 -0.0295306 0.9990792
1403636903.001667 1.4704927 -0.6565166 0.8923827 -0.0161113 0.0262023 -0.0334596 0.9989666
1403636903.551666 1.6681941 -0.7936351 0.9710588 -0.0242556 0.0183039 -0.0400128 0.9987370
1403636904.201667 1.8879979 -0.9155558 1.1069025 -0.0271194 0.0088737 -0.0163289 0.9994594
1403636904.651666 2.0909216 -1.0547060 1.2070478 -0.0231700 0.0175682 -0.0254227 0.9992538
1403636905.201667 2.3619719 -1.1415701 1.3502947 -0.0219782 0.0319062 -0.0375982 0.9985416
1403636905.801666 2.5714660 -1.2681891 1.4986604 -0.0311158 0.0187631 -0.0445558 0.9983459
1403636906.801666 2.7568944 -1.3873591 1.9013143 -0.0262130 0.0047133 -0.0333647 0.9990883
1403636907.651666 2.9154334 -1.5169153 2.2954879 -0.0415822 -0.0084671 -0.0254895 0.9987740
1403636908.201667 3.0655463 -1.6747072 2.6271198 -0.0230972 -0.0093547 -0.0410185 0.9988476
1403636908.601666 3.1821034 -1.7508227 2.8825190 -0.0267537 -0.0170958 -0.0457155 0.9984498
1403636908.901666 3.2651684 -1.8244891 3.0666306 -0.0390721 -0.0225374 -0.0426068 0.9980732
1403636909.101666 3.3158615 -1.9122132 3.1904531 -0.0414725 -0.0246614 -0.0383156 0.9981001
1403636909.401666 3.4021888 -2.0125780 3.4065173 -0.0399860 -0.0228811 -0.0372913 0.9982419
1403636909.651666 3.4804077 -2.0637586 3.6069424 -0.0298306 -0.0203385 -0.0348627 0.9987397
1403636909.801666 3.5346873 -2.0826766 3.7323349 -0.0190307 -0.0175830 -0.0384147 0.9989259
1403636909.901666 3.5705700 -2.0861764 3.8211622 -0.0129359 -0.0120131 -0.0532941 0.9984228
1403636910.001667 3.6044817 -2.0878081 3.9021223 -0.0054516 -0.0069933 -0.0671682 0.9977022
1403636910.101666 3.6335077 -2.0846517 3.9822907 -0.0037105 -0.0079590 -0.0656218 0.9978060
1403636910.251667 3.6669903 -2.0864830 4.0889082 -0.0146908 -0.0130778 -0.0531453 0.9983931
1403636910.501667 3.7110586 -2.1239541 4.2500281 -0.0242736 -0.0177813 -0.0477429 0.9984064
1403636910.801666 3.7565939 -2.1667769 4.4401250 -0.0258681 -0.0193739 -0.0485167 0.9982994
1403636911.101666 3.7972734 -2.1860895 4.6386719 -0.0036788 -0.0240168 -0.0390876 0.9989403
1403636911.351666 3.8347359 -2.2278285 4.7724380 -0.0219192 -0.0206092 -0.0469244 0.9984453
1403636911.601666 3.8693395 -2.3030739 4.8919592 -0.0239566 -0.0191562 -0.0490342 0.9983260
1403636911.851666 3.8999515 -2.3579795 5.0180345 -0.0248598 -0.0212523 -0.0400379 0.9986628
1403636912.101666 3.9384716 -2.3810723 5.1555490 -0.0308685 -0.0214017 -0.0318732 0.9987859
1403636912.351666 3.9904168 -2.4056933 5.2941833 -0.0249459 -0.0180615 -0.0403117 0.9987124
1403636912.651666 4.0546069 -2.4518170 5.4587302 -0.0248571 -0.0189857 -0.0284953 0.9991044
1403636912.901666 4.1284261 -2.4636683 5.6105218 -0.0237051 -0.0191309 -0.0231617 0.9992675
1403636913.001667 4.1673789 -2.4591291 5.6723576 -0.0176721 -0.0169364 -0.0302690 0.9992420
1403636913.201667 4.2480774 -2.4503720 5.7854161 -0.0083922 -0.0145481 -0.0396708 0.9990717
1403636913.401666 4.3255105 -2.4652307 5.8857660 -0.0155643 -0.0159239 -0.0361961 0.9990966
1403636913.601666 4.4097719 -2.4922616 5.9702687 -0.0207894 -0.0160916 -0.0341364 0.9990714
1403636913.901666 4.5354977 -2.5072842 6.1030102 -0.0193068 -0.0127480 -0.0396129 0.9989472
1403636914.351666 4.7326055 -2.5835845 6.2649522 -0.0189291 -0.0134032 -0.0385695 0.9989867
1403636914.601666 4.8384938 -2.6255822 6.3522129 -0.0186740 -0.0101209 -0.0447027 0.9987745
1403636915.001667 4.9927959 -2.7148168 6.4619193 -0.0205097 -0.0060477 -0.0455838 0.9987317
1403636915.301666 5.1005645 -2.7324631 6.5557837 -0.0361809 -0.0036483 -0.0467183 0.9982460
1403636915.751667 5.2328939 -2.7700968 6.7312684 -0.0200167 -0.0119824 -0.0247842 0.9994206
1403636916.001667 5.3233137 -2.8412488 6.8105083 -0.0164061 -0.0112058 -0.0317081 0.9992997
1403636916.251667 5.4225879 -2.8964694 6.8897834 -0.0170178 -0.0079314 -0.0463627 0.9987482
1403636916.551666 5.5319967 -2.9704199 6.9718118 -0.0171713 0.0070573 -0.0475179 0.9986978
1403636916.751667 5.5953455 -3.0018115 7.0307455 -0.0163860 0.0328960 -0.0408631 0.9984887
1403636917.001667 5.6646328 -3.0091281 7.1041594 -0.0153413 0.0492063 -0.0360772 0.9980190
1403636917.151666 5.6942921 -2.9997852 7.1524277 -0.0155316 0.0518763 -0.0293065 0.9981026
1403636917.251667 5.7159953 -2.9857531 7.1806903 -0.0150336 0.0574554 -0.0244220 0.9979361
1403636917.401666 5.7456164 -2.9595056 7.2318172 -0.0125963 0.0824783 -0.0189817 0.9963325
1403636917.501667 5.7717533 -2.9338853 7.2613664 -0.0121320 0.1017264 -0.0130685 0.9946526
1403636917.601666 5.7884517 -2.9108188 7.2927918 -0.0105772 0.1162682 -0.0060128 0.9931433
1403636917.801666 5.8173466 -2.8885040 7.3379574 -0.0080224 0.1370234 0.0011891 0.9905346
1403636918.101666 5.8460765 -2.8815138 7.3817506 -0.0097772 0.1531227 0.0019409 0.9881569
1403636918.651666 5.8297925 -2.9174302 7.4470849 -0.0380928 0.1521119 -0.0039775 0.9876209
1403636919.551666 5.8445354 -3.2869337 7.5262904 -0.0010028 0.1750614 0.0268214 0.9841916
1403636919.751667 5.8872266 -3.3249447 7.5208421 -0.0007018 0.1826142 0.0169078 0.9830390
1403636919.901666 5.9155107 -3.3370035 7.5129070 0.0018864 0.1822000 0.0196042 0.9830642
1403636920.051666 5.9424753 -3.3332071 7.5059252 0.0063486 0.1789565 0.0276422 0.9834481
1403636920.401666 6.0133843 -3.2693272 7.4595075 0.0070267 0.1795319 0.0184623 0.9835538
1403636920.651666 6.0600643 -3.2289159 7.3987889 -0.0084517 0.1810732 0.0114751 0.9833664
1403636921.751667 6.1335607 -3.1727636 7.1190610 -0.0283445 0.1793467 0.0389228 0.9826069
1403636922.451667 6.2312336 -3.0381765 7.0177903 -0.0301443 0.2119015 0.0245232 0.9765182
1403636923.251667 6.2958021 -2.9599831 6.9686460 -0.0008955 0.2657152 0.0586555 0.9622651
1403636923.951667 6.3711648 -2.8770573 6.9208674 -0.0495197 0.2986824 0.0622842 0.9510296
1403636924.801666 6.5843754 -2.9609778 7.1731381 0.0016791 0.2802708 0.0844836 0.9561945
1403636925.501667 6.9062243 -2.8654466 7.3281646 -0.0464956 0.3220664 0.0679168 0.9431324
1403636926.951667 7.5933990 -2.9682398 7.9337630 -0.0074529 0.3294303 0.0901084 0.9398407
1403636927.401666 7.8197732 -2.9527273 7.9933491 -0.0142643 0.4138294 0.1134655 0.9031430
1403636927.751667 8.0166168 -2.8921859 8.0515852 -0.0492631 0.4406635 0.1246937 0.8876037
1403636928.301666 8.4229403 -2.9264929 8.2302389 -0.0117538 0.4436595 0.1153606 0.8886619
1403636929.101666 8.9913502 -3.0306332 8.5176373 0.0021381 0.4409945 0.1098883 0.8907546
1403636929.601666 9.3033886 -3.1905107 8.6051207 0.0012747 0.4369730 0.1099984 0.8927224
1403636930.701667 9.8327160 -3.3412955 8.6417532 0.0007149 0.4350474 0.1075066 0.8939662
1403636930.901666 9.8972082 -3.3462529 8.6451178 0.0086720 0.4327013 0.1223839 0.8931498
1403636931.051666 9.9614086 -3.3273115 8.6305828 0.0147339 0.4394705 0.1354413 0.8878650
1403636931.451667 10.1156673 -3.3064618 8.5158987 0.0157204 0.4766431 0.1032103 0.8728756
1403636931.601666 10.1495695 -3.3133259 8.4602547 0.0050409 0.4857087 0.0894489 0.8695174
1403636932.101666 10.1658802 -3.2829511 8.3059587 0.0035357 0.4814120 0.1160534 0.8687701
1403636932.401666 10.1407080 -3.2369118 8.2176275 0.0062875 0.4929714 0.0931729 0.8650194
1403636933.401666 9.7009172 -3.2048285 7.9034739 -0.0279953 0.5563393 0.1649470 0.8139382
1403636934.351666 9.3251657 -3.0759084 7.7491498 0.0108592 0.6191269 0.1690909 0.7667935
1403636934.551666 9.2440643 -3.0385261 7.7097468 0.0187793 0.6555231 0.1954507 0.7292022
1403636934.601666 9.2179270 -3.0300932 7.7007008 0.0187775 0.6659590 0.1983414 0.7188927
1403636934.651666 9.1964235 -3.0195918 7.6896420 0.0199334 0.6748273 0.2022735 0.7094337
1403636934.701667 9.1765404 -3.0163169 7.6705360 0.0164115 0.6820897 0.2062728 0.7013814
1403636934.801666 9.1315956 -3.0084484 7.6302395 0.0067390 0.6934619 0.2098581 0.6892204
1403636935.101666 8.9961090 -3.0334442 7.5210242 -0.0047095 0.7075143 0.2090831 0.6750449
1403636935.251667 8.9360456 -3.0649421 7.4652939 0.0074701 0.7065397 0.2050510 0.6772739
1403636935.451667 8.8550024 -3.0901785 7.3907037 0.0140413 0.7009872 0.2066958 0.6824197
1403636935.951667 8.6468821 -3.0211208 7.2282186 -0.0068314 0.6901897 0.2198151 0.6894003
1403636936.351666 8.5533533 -2.8952887 7.0970287 -0.0114730 0.6922894 0.2165362 0.6882702
1403636936.751667 8.5308180 -2.8351903 6.9358807 0.0038270 0.7014769 0.2036293 0.6829719
1403636937.251667 8.5077696 -2.7856669 6.7523713 0.0010017 0.7056082 0.2053505 0.6781941
1403636937.701667 8.4938707 -2.7173958 6.6144547 -0.0036013 0.7109471 0.1999472 0.6742124
1403636938.251667 8.4687891 -2.5350468 6.5568829 0.0198812 0.7286434 0.1773266 0.6612404
1403636938.801666 8.2817841 -2.4577162 6.4800706 0.0356464 0.7218909 0.2343462 0.6501421
1403636939.601666 7.9286833 -2.2869227 6.1309595 0.0189083 0.7270494 0.1992357 0.6567701
1403636939.901666 7.7828784 -2.2656772 5.9947991 0.0249684 0.7264237 0.1987156 0.6574172
1403636940.401666 7.4668541 -2.0925293 5.7707372 0.0253937 0.7409578 0.2203661 0.6338577
1403636940.751667 7.2233629 -1.9629902 5.5942907 0.0074003 0.7446625 0.2319156 0.6258101
1403636941.101666 6.9990902 -1.9269985 5.3846793 -0.0003036 0.7475682 0.2269865 0.6241945
1403636941.201667 6.9447393 -1.9227186 5.3198113 0.0023247 0.7478161 0.2237246 0.6250703
1403636941.301666 6.8854251 -1.9252492 5.2603498 0.0061838 0.7483491 0.2191550 0.6260244
1403636941.451667 6.8050299 -1.9194950 5.1672096 0.0083112 0.7470866 0.2144543 0.6291278
1403636941.551666 6.7480798 -1.9076774 5.1147342 0.0078186 0.7459744 0.2123546 0.6311628
1403636941.651666 6.6914916 -1.8909442 5.0605259 0.0068279 0.7443004 0.2119532 0.6332821
1403636941.751667 6.6380668 -1.8708377 5.0068107 0.0054473 0.7428647 0.2116947 0.6350651
1403636941.851666 6.5815787 -1.8549185 4.9583101 0.0053699 0.7412767 0.2128419 0.6365362
1403636942.001667 6.5013170 -1.8411334 4.8770409 0.0055053 0.7386357 0.2171380 0.6381521
1403636942.201667 6.3903170 -1.8396220 4.7707868 0.0112342 0.7377084 0.2193512 0.6383926
1403636942.551666 6.2037024 -1.7782847 4.5864935 0.0198542 0.7373303 0.2297642 0.6349474
1403636943.001667 5.9737802 -1.6509790 4.3299112 0.0075958 0.7451447 0.2224676 0.6286572
1403636943.551666 5.7155490 -1.5507181 4.0001512 0.0110463 0.7544295 0.2125950 0.6209006
1403636944.101666 5.4259710 -1.3212879 3.7724020 -0.0152833 0.7342867 0.2340259 0.6370411
1403636946.001667 4.9044027 -1.1612389 3.3743460 -0.0187523 0.7165274 0.2132824 0.6638882
1403636946.901666 4.7824335 -0.8783758 3.5695052 0.0268836 0.7199976 0.2329761 0.6531484
1403636947.251667 4.7113433 -0.7567026 3.5928214 0.0028525 0.7194365 0.2405958 0.6515495
1403636949.251667 5.3484917 -0.5955254 3.7350361 0.0091250 0.7168244 0.1974449 0.6686517
1403636949.901666 5.5521674 -0.5754817 3.9990120 0.0014604 0.7070550 0.2206719 0.6718445
1403636950.451667 5.7377229 -0.6176366 4.1177592 -0.0106002 0.7117478 0.2138310 0.6690135
1403636951.101666 6.0142756 -0.6777717 4.2853050 0.0093917 0.7115791 0.2043842 0.6721563
1403636951.401666 6.1232176 -0.7209595 4.3645296 -0.0106963 0.7056501 0.2241394 0.6720901
1403636951.551666 6.1867466 -0.7274844 4.4015160 -0.0171626 0.7059316 0.2248763 0.6714139
1403636951.751667 6.2891526 -0.7269413 4.4504161 -0.0163811 0.7094423 0.2150005 0.6709681
1403636951.951667 6.3958855 -0.7549421 4.4974055 -0.0157676 0.7144653 0.2004181 0.6701667
1403636952.201667 6.5392499 -0.7896068 4.5713792 -0.0076422 0.7161336 0.1958146 0.6698887
1403636952.351666 6.6230931 -0.7973736 4.6291084 0.0079078 0.7142913 0.1996540 0.6707188
1403636952.451667 6.6744924 -0.7914412 4.6687570 0.0123989 0.7142977 0.1982110 0.6710718
1403636952.551666 6.7253566 -0.7860079 4.7100334 0.0097278 0.7151605 0.1957142 0.6709297
1403636952.701667 6.7893143 -0.7759976 4.7702584 0.0073158 0.7162877 0.1916505 0.6709310
1403636952.851666 6.8621502 -0.7701167 4.8246675 -0.0007104 0.7135945 0.1996114 0.6715189
1403636953.001667 6.9158216 -0.7715945 4.8864532 -0.0020861 0.7093421 0.2147256 0.6713586
1403636953.451667 7.1137695 -0.7194285 5.0462279 -0.0012581 0.7082126 0.2179175 0.6715246
1403636953.601666 7.1879544 -0.7146352 5.0820055 -0.0068719 0.7104195 0.2073376 0.6725088
1403636953.751667 7.2618966 -0.7254362 5.1156392 -0.0191453 0.7100738 0.2042549 0.6735789
1403636953.851666 7.3150272 -0.7462658 5.1388021 -0.0251848 0.7107831 0.1992708 0.6741248
1403636953.951667 7.3699903 -0.7735304 5.1653676 -0.0219085 0.7093338 0.2011148 0.6752173
1403636954.201667 7.5128846 -0.8362325 5.2411680 -0.0147452 0.7074106 0.2049324 0.6762807
1403636954.401666 7.6324120 -0.8826878 5.3157196 -0.0183098 0.7068148 0.2098522 0.6753071
1403636954.501667 7.6962686 -0.9174677 5.3541012 -0.0187628 0.7071391 0.2130839 0.6739418
1403636955.051666 8.0890331 -0.9778647 5.6168094 -0.0027163 0.7241485 0.2008370 0.6597470
1403636955.251667 8.2283440 -0.9874427 5.7279134 -0.0056302 0.7300395 0.2024718 0.6526989
1403636956.051666 8.7435551 -1.1299592 6.2013636 0.0128869 0.7363800 0.2215930 0.6391205
1403636956.101666 8.7693472 -1.1464690 6.2320137 0.0187410 0.7353973 0.2256059 0.6387030
1403636956.301666 8.8755970 -1.2051737 6.3344641 0.0217984 0.7360924 0.2300808 0.6362041
1403636956.451667 8.9531860 -1.2313772 6.4062238 0.0048387 0.7422652 0.2164885 0.6341544
1403636956.601666 9.0253067 -1.2436162 6.4806161 0.0081594 0.7393155 0.2056328 0.6411405
1403636956.751667 9.0905266 -1.2534863 6.5626941 0.0240943 0.7202772 0.2091538 0.6609651
1403636956.901666 9.1443806 -1.2610325 6.6365881 0.0254376 0.6916730 0.2102900 0.6904488
1403636956.951667 9.1591597 -1.2701548 6.6604238 0.0225904 0.6826381 0.2054707 0.7009113
1403636957.201667 9.2234716 -1.3222816 6.7418680 0.0020381 0.6343799 0.1723689 0.7535562
1403636957.351666 9.2526789 -1.3562031 6.7842560 -0.0015239 0.6114781 0.1627444 0.7743426
1403636957.451667 9.2723694 -1.3740244 6.8139181 -0.0017503 0.6008086 0.1605364 0.7831054
1403636957.601666 9.2982292 -1.3836045 6.8620777 0.0008524 0.5891315 0.1592977 0.7921790
1403636957.801666 9.3335161 -1.3803053 6.9324822 0.0021142 0.5620325 0.1567371 0.8121259
1403636958.001667 9.3546515 -1.3654389 7.0069780 0.0010327 0.5115327 0.1443243 0.8470559
1403636958.051666 9.3318701 -1.3831483 7.0120449 -0.0007881 0.4981740 0.1415928 0.8554376
1403636958.151666 9.3853092 -1.3601760 7.0421734 -0.0027974 0.4711471 0.1309179 0.8722804
1403636959.301666 9.6013288 -1.4500031 7.2316842 -0.0182179 0.4165138 0.0951356 0.9039544
1403636960.001667 9.7164783 -1.3867005 7.4419756 -0.0130811 0.4236880 0.1017978 0.8999748
1403636960.551666 9.7644281 -1.4413503 7.5958252 -0.0137008 0.4254640 0.0739318 0.9018463
1403636961.201667 9.6773863 -1.4224346 7.8832679 -0.0098784 0.3227024 0.0649814 0.9442155
1403636961.651666 9.5853844 -1.5217165 8.0062561 -0.0108558 0.2387244 0.0375014 0.9703022
1403636961.851666 9.5370655 -1.6007556 8.0464802 -0.0123919 0.2040932 0.0239119 0.9785810
1403636961.901666 9.5204229 -1.6204187 8.0553541 -0.0124718 0.1951197 0.0194150 0.9805080
1403636962.251667 9.4310951 -1.7089375 8.1224422 -0.0139362 0.1182335 -0.0066221 0.9928659
1403636962.451667 9.3694859 -1.7806066 8.1444006 -0.0147509 0.0705151 -0.0245798 0.9970987
1403636962.651666 9.3110180 -1.8646375 8.1541319 -0.0165561 0.0250604 -0.0548966 0.9980402
1403636962.851666 9.2295303 -1.9253820 8.1736012 -0.0155945 -0.0028114 -0.0768610 0.9969159
1403636963.001667 9.1596766 -1.9552487 8.1859684 -0.0091462 -0.0159379 -0.0692654 0.9974290
1403636963.601666 8.8561335 -1.9640518 8.1945887 -0.0117426 -0.0090155 -0.0471609 0.9987776
1403636964.001667 8.6477604 -2.0014007 8.1364594 -0.0099351 0.0041275 -0.0474579 0.9988153
1403636964.451667 8.4009943 -2.0665667 8.0228453 -0.0054579 0.0028168 -0.0542835 0.9985067
1403636964.851666 8.1326132 -2.0334656 7.8979416 -0.0041809 -0.0342935 -0.0864236 0.9956593
1403636964.951667 8.0562038 -2.0259166 7.8629627 -0.0001430 -0.0585480 -0.0898503 0.9942329
1403636965.101666 7.9335413 -2.0173950 7.7984810 -0.0008394 -0.0960414 -0.0961826 0.9907191
1403636965.301666 7.7548962 -2.0151062 7.6819429 -0.0259960 -0.1249018 -0.1044060 0.9863180
1403636965.351666 7.7087107 -2.0207791 7.6526875 -0.0379820 -0.1283651 -0.1068567 0.9852215
1403636965.451667 7.6167936 -2.0321558 7.5943751 -0.0592128 -0.1326926 -0.1090244 0.9833617
1403636965.601666 7.4701052 -2.0712426 7.5227809 -0.0555066 -0.1399105 -0.0932999 0.9841947
1403636966.401666 6.7319198 -2.2197802 7.2462845 -0.0044138 -0.1305567 -0.0802724 0.9881760
1403636966.851666 6.3990622 -2.1325336 7.0747800 -0.0034170 -0.1233037 -0.0716059 0.9897763
1403636967.151666 6.2322974 -2.0929427 6.9310360 -0.0032197 -0.1196572 -0.0743996 0.9900184
1403636968.101666 5.7585249 -1.7694215 6.3413305 0.0030816 -0.1123979 -0.0798002 0.9904490
1403636968.451667 5.6106939 -1.5670689 6.0713415 -0.0017520 -0.1136791 -0.0764819 0.9905677
1403636968.601666 5.5495901 -1.5062661 5.9401464 -0.0013554 -0.1131513 -0.0780974 0.9905028
1403636968.851666 5.4376397 -1.4237394 5.7033358 -0.0006871 -0.1082526 -0.0899602 0.9900445
1403636969.151666 5.3016272 -1.3415104 5.3948703 -0.0068028 -0.1120088 -0.0768186 0.9907102
1403636969.201667 5.2759919 -1.3366065 5.3360467 -0.0118988 -0.1115695 -0.0769908 0.9906983
1403636969.401666 5.1845026 -1.3138667 5.1106315 -0.0306889 -0.1095180 -0.0784649 0.9904076
1403636969.601666 5.0896230 -1.3003870 4.8984194 -0.0376682 -0.1063822 -0.0801939 0.9903701
1403636969.651666 5.0679193 -1.2932870 4.8498235 -0.0372971 -0.1060987 -0.0800350 0.9904274
1403636969.751667 5.0176616 -1.2775075 4.7528501 -0.0366673 -0.1052903 -0.0793514 0.9905921
1403636969.901666 4.9464869 -1.2464379 4.6212549 -0.0378303 -0.1047731 -0.0791411 0.9906201
1403636970.051666 4.8742986 -1.2040104 4.5034890 -0.0272962 -0.1064340 -0.0767537 0.9909771
1403636970.251667 4.7742367 -1.1385485 4.3532557 -0.0105052 -0.1078962 -0.0766752 0.9911453
1403636970.301666 4.7507501 -1.1218567 4.3169622 -0.0120119 -0.1081962 -0.0766117 0.9911004
1403636970.401666 4.7018509 -1.0888906 4.2406006 -0.0199844 -0.1080537 -0.0775813 0.9909118
1403636970.551666 4.6256104 -1.0418148 4.1276827 -0.0344487 -0.1081381 -0.0783650 0.9904435
1403636970.751667 4.5215378 -1.0034355 3.9877849 -0.0494607 -0.1092487 -0.0811852 0.9894581
1403636971.101666 4.3169589 -0.9611202 3.8077135 -0.0606659 -0.1148402 -0.0688054 0.9891396
1403636971.451667 4.1376400 -0.8936275 3.7323928 -0.0368682 -0.1271968 -0.0334475 0.9906275
1403636972.001667 4.0187974 -0.7177779 3.7145851 -0.0095836 -0.1221053 -0.0630355 0.9904670
1403636973.851666 4.0281796 -0.5584397 3.5641780 -0.0139895 -0.0613502 -0.0633796 0.9960037
1403636974.601666 4.0478835 -0.4695799 3.5498486 -0.0159929 0.0718820 -0.0192991 0.9970981
1403636975.201667 4.0764408 -0.4196785 3.5476663 -0.0233767 0.2066277 0.0413797 0.9772647
1403636975.401666 4.0982051 -0.4151833 3.5546746 -0.0107254 0.2245728 0.0345035 0.9737872
1403636975.701667 4.1202054 -0.3901648 3.5719657 -0.0251256 0.2251998 0.0328378 0.9734349
1403636976.201667 4.1568856 -0.4324540 3.6180649 -0.0051372 0.2691934 0.0734738 0.9602656
1403636976.401666 4.1934214 -0.4214592 3.6338980 0.0061595 0.3141116 0.1012667 0.9439497
1403636976.451667 4.1937757 -0.4161498 3.6568017 0.0071502 0.3296652 0.1046869 0.9382486
1403636976.801666 4.2960229 -0.3280432 3.6419294 -0.0072234 0.3902797 0.0969275 0.9155515
1403636977.051666 4.3602700 -0.2547735 3.6483481 -0.0171371 0.3942355 0.1115128 0.9120579
1403636977.201667 4.4036174 -0.2390561 3.6445251 -0.0190154 0.3915578 0.1151283 0.9127247
1403636977.351666 4.4559503 -0.2328882 3.6380310 -0.0160174 0.3878629 0.1127635 0.9146531
1403636977.451667 4.5004973 -0.2246827 3.6319315 -0.0104859 0.3860525 0.1060563 0.9162999
1403636977.701667 4.6019711 -0.1864116 3.6307831 -0.0009111 0.3842587 0.0976732 0.9180438
1403636978.151666 4.7982249 -0.0853280 3.6013925 -0.0037001 0.3963081 0.1041333 0.9121855
1403636978.351666 4.8860474 -0.0733970 3.5703249 -0.0133723 0.4001163 0.1019368 0.9106794
1403636978.501667 4.9507551 -0.0832197 3.5407169 -0.0266683 0.4009143 0.1042063 0.9097788
1403636978.651666 5.0190401 -0.0892715 3.5249169 -0.0397337 0.4016277 0.1094294 0.9083731
1403636978.801666 5.0889540 -0.0874167 3.5197909 -0.0462868 0.4020890 0.1109593 0.9076728
1403636978.901666 5.1429105 -0.0845188 3.5263591 -0.0405685 0.4029585 0.1088912 0.9078113
1403636979.001667 5.2010813 -0.0785992 3.5342977 -0.0270703 0.4049152 0.1023144 0.9082084
1403636979.301666 5.3623824 -0.0334468 3.5895200 -0.0177549 0.4065379 0.0966265 0.9083364
1403636979.451667 5.4463401 -0.0154514 3.6188502 -0.0321459 0.4047359 0.1020463 0.9081531
1403636979.851666 5.6759839 -0.0696721 3.7186022 -0.0356991 0.4087487 0.1020294 0.9062230
1403636980.151666 5.8669181 -0.1298915 3.8327382 -0.0213299 0.4154165 0.0975739 0.9041313
1403636980.351666 5.9813581 -0.1456963 3.9312687 -0.0132759 0.4177619 0.0980238 0.9031556
1403636980.501667 6.0669804 -0.1502258 4.0062180 -0.0023392 0.4168524 0.0997408 0.9034823
1403636980.651666 6.1468806 -0.1478062 4.0846729 0.0044785 0.4139563 0.1051222 0.9041955
1403636980.851666 6.2452283 -0.1484851 4.1666050 -0.0061641 0.4131967 0.0987033 0.9052559
1403636981.001667 6.3134475 -0.1666538 4.2242293 -0.0165107 0.4127716 0.0954094 0.9056733
1403636981.301666 6.4360628 -0.1941035 4.3502736 0.0007536 0.4080925 0.1134165 0.9058679
1403636981.451667 6.4995155 -0.1916261 4.4118171 0.0053470 0.4084335 0.1194328 0.9049250
1403636981.601666 6.5620046 -0.1846783 4.4673648 -0.0099691 0.4168964 0.1051796 0.9027930
1403636981.951667 6.7053785 -0.2242085 4.5822215 -0.0385863 0.4258099 0.1044940 0.8979298
1403636982.051666 6.7479291 -0.2480210 4.6192441 -0.0465852 0.4249524 0.1124098 0.8970001
1403636982.201667 6.8134480 -0.2781567 4.6886311 -0.0524559 0.4231648 0.1215497 0.8963289
1403636982.251667 6.8377051 -0.2884519 4.7154288 -0.0500599 0.4221430 0.1250303 0.8964691
1403636982.351666 6.8906655 -0.3070766 4.7737284 -0.0413621 0.4208785 0.1287072 0.8969865
1403636982.501667 6.9862485 -0.3370405 4.8624902 -0.0183289 0.4206944 0.1242476 0.8984669
1403636982.601666 7.0495081 -0.3615719 4.9203382 -0.0108233 0.4212213 0.1186773 0.8990946
1403636982.801666 7.1875992 -0.4211264 5.0230904 -0.0174444 0.4172989 0.1184802 0.9008439
1403636982.951667 7.2975821 -0.4592121 5.1049957 -0.0233203 0.4176790 0.1144825 0.9010517
1403636983.101666 7.4130111 -0.4868135 5.1867795 -0.0167508 0.4188769 0.1084439 0.9013886
1403636983.151666 7.4523621 -0.4922585 5.2118049 -0.0147575 0.4194422 0.1061991 0.9014279
1403636983.401666 7.6399617 -0.5011141 5.3542247 -0.0120598 0.4234624 0.0963909 0.9006903
1403636983.601666 7.7791891 -0.5114311 5.4665923 -0.0165154 0.4253124 0.0980516 0.8995680
1403636983.751667 7.8806615 -0.5340058 5.5526905 -0.0263280 0.4266753 0.1013366 0.8983240
1403636983.851666 7.9443021 -0.5608740 5.6072860 -0.0316235 0.4280916 0.1023056 0.8973690
1403636983.951667 8.0101042 -0.5931862 5.6663966 -0.0345846 0.4288826 0.1043558 0.8966457
1403636984.051666 8.0763626 -0.6312662 5.7296548 -0.0369471 0.4298373 0.1068626 0.8957987
1403636984.201667 8.1771498 -0.6902280 5.8247952 -0.0339351 0.4326460 0.1052278 0.8947586
1403636984.251667 8.2128677 -0.7072341 5.8579283 -0.0295873 0.4333901 0.1049319 0.8945876
1403636984.401666 8.3168459 -0.7472270 5.9701724 -0.0226035 0.4363030 0.1021910 0.8936922
1403636984.701667 8.5115366 -0.8021072 6.2076292 -0.0173549 0.4382036 0.0980483 0.8933437
1403636984.801666 8.5707855 -0.8237641 6.2892213 -0.0138123 0.4369025 0.1004713 0.8937734
1403636984.951667 8.6551409 -0.8740119 6.4066706 -0.0101306 0.4345287 0.1064028 0.8942934
1403636985.001667 8.6840830 -0.8957301 6.4431443 -0.0100043 0.4342731 0.1073201 0.8943093
1403636985.051666 8.7114325 -0.9164333 6.4794912 -0.0106039 0.4341936 0.1075908 0.8943085
1403636985.151666 8.7655792 -0.9488918 6.5567966 -0.0136395 0.4355057 0.1052158 0.8939118
1403636985.251667 8.8176136 -0.9695612 6.6351390 -0.0140736 0.4369444 0.1025607 0.8935115
1403636985.451667 8.9223452 -0.9928715 6.7965627 -0.0171999 0.4316490 0.0964378 0.8967068
1403636985.701667 9.0206060 -1.0541778 7.0047965 -0.0177561 0.4164566 0.0797567 0.9054764
1403636986.401666 9.1218958 -1.2131505 7.5678082 -0.0125329 0.4025481 0.0744874 0.9122772
1403636986.801666 9.0641832 -1.2883179 7.8801918 -0.0062207 0.3926601 0.1015598 0.9140378
1403636987.101666 9.0240259 -1.3863691 8.0907297 -0.0010833 0.3984905 0.0933652 0.9124073
1403636987.901666 8.8491926 -1.6492661 8.4496832 0.0131109 0.3887624 0.0807937 0.9176951
1403636988.151666 8.7484169 -1.7068915 8.5194988 0.0069133 0.3794435 0.1043048 0.9192907
1403636988.501667 8.6236343 -1.7539300 8.5747385 0.0308580 0.3805422 0.1039960 0.9183791
1403636988.701667 8.5597286 -1.7868954 8.5525084 0.0367680 0.3802955 0.1027847 0.9184001
1403636989.101666 8.4089537 -1.7765963 8.4148674 0.0505364 0.3807720 0.1019997 0.9176354
1403636989.351666 8.3106565 -1.7250658 8.2503939 0.0310303 0.3861594 0.0959623 0.9169020
1403636989.501667 8.2381382 -1.7069104 8.1219501 0.0082471 0.3890358 0.0954895 0.9162232
1403636989.651666 8.1699142 -1.6959764 7.9853649 -0.0023290 0.3913257 0.0918391 0.9156551
1403636990.051666 7.9810748 -1.6278331 7.6439543 0.0072122 0.3933113 0.0854211 0.9154001
1403636990.601666 7.6763573 -1.5681924 7.1443748 -0.0075878 0.3875777 0.0847603 0.9179007
1403636990.651666 7.6479821 -1.5592800 7.1011453 -0.0093141 0.3864490 0.0858013 0.9182639
1403636990.801666 7.5599742 -1.5231241 6.9778199 -0.0126479 0.3852885 0.0837000 0.9189054
1403636990.901666 7.5029402 -1.4952037 6.8996229 -0.0133390 0.3842911 0.0838590 0.9192987
1403636991.001667 7.4452748 -1.4575752 6.8255076 -0.0130974 0.3843189 0.0829858 0.9193698
1403636991.151666 7.3593483 -1.4048164 6.7231297 -0.0124516 0.3852014 0.0824201 0.9190603
1403636991.301666 7.2721786 -1.3540673 6.6198778 -0.0140461 0.3862628 0.0824489 0.9185891
1403636991.501667 7.1578703 -1.3163971 6.4859743 -0.0162929 0.3883214 0.0838323 0.9175583
1403636991.601666 7.1005163 -1.3085463 6.4208841 -0.0148868 0.3887716 0.0874501 0.9170537
1403636991.901666 6.9322443 -1.3179044 6.2208214 -0.0087173 0.3889945 0.1098359 0.9146274
1403636992.301666 6.7538280 -1.2753847 5.9678159 -0.0037279 0.4029391 0.0907782 0.9107060
1403636992.551666 6.6442504 -1.2310358 5.8173780 -0.0163730 0.4074174 0.0927606 0.9083713
1403636992.751667 6.5567870 -1.2197033 5.6994386 -0.0204052 0.4104209 0.0941171 0.9067968
1403636993.001667 6.4517970 -1.2000920 5.5766611 -0.0194964 0.4157588 0.0907995 0.9047209
1403636993.201667 6.3670416 -1.1717378 5.4981422 -0.0056456 0.4081127 0.0946828 0.9079908
1403636993.401666 6.2695584 -1.1707969 5.4127965 -0.0016240 0.3818918 0.0880127 0.9200053
1403636993.601666 6.1664205 -1.1919423 5.3186078 -0.0029809 0.3455939 0.0755721 0.9353314
1403636993.801666 6.0663500 -1.2082715 5.2235699 -0.0088399 0.3195767 0.0677117 0.9450967
1403636994.501667 5.7029262 -1.1119239 4.9161143 0.0210343 0.3073453 0.0454333 0.9502801
1403636994.651666 5.5990210 -1.0803280 4.8315310 0.0119517 0.3055263 0.0550243 0.9505173
1403636994.951667 5.3803120 -1.0435725 4.6376133 -0.0015501 0.2989384 0.0853477 0.9504468
1403636995.551666 4.9916043 -0.9613379 4.1897292 -0.0015268 0.3024033 0.0603090 0.9512690
1403636996.951667 4.1806493 -0.8366687 3.0869627 -0.0233783 0.2044015 0.0330989 0.9780480
1403636997.051666 4.1322904 -0.8098916 3.0242035 -0.0244935 0.1819127 0.0255029 0.9826787
1403636997.201667 4.0632296 -0.7633370 2.9369476 -0.0277775 0.1560221 0.0185260 0.9871891
1403636997.351666 4.0006700 -0.7144948 2.8558767 -0.0297201 0.1418648 0.0126551 0.9893588
1403636997.501667 3.9431896 -0.6822390 2.7848363 -0.0298579 0.1369119 0.0091748 0.9900906
1403636997.801666 3.8400931 -0.6793391 2.6478193 -0.0341710 0.1407159 0.0077279 0.9894300
1403636998.201667 3.7158251 -0.7814472 2.4962628 -0.0324012 0.1485670 0.0127822 0.9882887
1403636998.451667 3.6485579 -0.8361159 2.4356930 -0.0326334 0.1514846 0.0154996 0.9877992
1403636998.601666 3.6134987 -0.8711397 2.4131379 -0.0266137 0.1532453 0.0144714 0.9877237
1403636998.801666 3.5700488 -0.9408532 2.3778498 -0.0043388 0.1571661 0.0057616 0.9875458
1403636999.151666 3.4860878 -1.0264629 2.3040204 -0.0053913 0.1633951 -0.0077235 0.9865158
1403636999.551666 3.3474138 -1.0340363 2.2336664 -0.0069031 0.1612494 0.0045586 0.9868790
1403636999.851666 3.2286932 -0.9987869 2.1862614 -0.0016010 0.1622646 0.0062745 0.9867260
1403637000.301666 3.0297248 -0.9505786 2.0622289 -0.0087824 0.1639642 0.0011336 0.9864265
1403637000.451667 2.9532604 -0.9370835 2.0171154 -0.0074409 0.1637120 0.0019842 0.9864781
1403637000.801666 2.7577834 -0.9129519 1.9052798 -0.0047371 0.1640806 0.0033738 0.9864298
1403637001.051666 2.6102095 -0.9039003 1.8064525 -0.0038680 0.1650521 0.0051900 0.9862636
1403637001.451667 2.3657517 -0.8697847 1.6396422 -0.0071922 0.1647462 0.0122133 0.9862341
1403637001.951667 2.0708854 -0.8330572 1.3941518 -0.0134351 0.1682779 0.0154194 0.9855274
1403637002.201667 1.9360893 -0.7727000 1.2826858 -0.0161549 0.1685626 0.0160186 0.9854284
1403637002.351666 1.8559237 -0.7328110 1.2243854 -0.0167844 0.1696051 0.0134668 0.9852771
1403637002.651666 1.6956744 -0.6925749 1.0942895 -0.0171626 0.1720925 0.0062727 0.9849113
1403637002.901666 1.5563353 -0.6789466 0.9871969 -0.0155390 0.1732247 0.0111425 0.9846967
1403637003.101666 1.4449193 -0.6455494 0.9136429 -0.0163006 0.1749012 0.0142151 0.9843484
1403637003.501667 1.2269005 -0.5599226 0.7794116 -0.0091436 0.1784053 0.0176254 0.9837567
1403637003.901666 1.0101783 -0.5316765 0.6234055 -0.0133728 0.1779111 0.0189636 0.9837729
1403637004.051666 0.9346368 -0.5039248 0.5668746 -0.0210310 0.1765498 0.0153178 0.9839478
1403637004.201667 0.8623503 -0.4660827 0.5200433 -0.0242335 0.1749797 0.0137222 0.9841781
1403637004.351666 0.7863891 -0.4412362 0.4741596 -0.0243079 0.1727343 0.0158958 0.9845402
1403637004.451667 0.7377809 -0.4386298 0.4451078 -0.0192907 0.1724195 0.0184615 0.9846616
1403637004.651666 0.6400872 -0.4650581 0.3747013 -0.0091454 0.1744254 0.0254935 0.9842978
1403637004.901666 0.5315294 -0.4769430 0.2894102 -0.0117315 0.1741254 0.0469673 0.9835328
1403637005.001667 0.4975304 -0.4538285 0.2600392 -0.0192913 0.1766875 0.0455886 0.9830214
1403637005.301666 0.4204382 -0.3626162 0.1895090 -0.0224032 0.1858625 0.0263966 0.9819656
1403637005.751667 0.3189071 -0.2569001 0.1008888 -0.0264936 0.1770833 0.0294569 0.9833981
1403637006.351666 0.2040306 -0.2564731 -0.0046868 -0.0295822 0.1750242 0.0294554 0.9836787
1403637007.001667 0.1588905 -0.2110737 -0.0291967 -0.0184467 0.1083028 0.0039444 0.9939390
1403637007.551666 0.1559668 -0.1471655 -0.0438615 -0.0088756 0.0606011 -0.0304197 0.9976590
1403637008.001667 0.1213625 -0.0875799 -0.0627280 -0.0135246 0.0620215 -0.0149962 0.9978705
1403637008.201667 0.1043099 -0.0664921 -0.0698422 -0.0325978 0.0688559 -0.0169921 0.9969491
1403637008.351666 0.0918685 -0.0590028 -0.0736659 -0.0460964 0.0736849 -0.0198647 0.9960176
1403637008.501667 0.0766989 -0.0666000 -0.0692933 -0.0305449 0.0752769 -0.0164774 0.9965585
1403637008.651666 0.0614976 -0.0766735 -0.0603486 -0.0160482 0.0761719 -0.0107867 0.9969072
1403637008.801666 0.0484127 -0.0767890 -0.0502109 -0.0196995 0.0716380 0.0106576 0.9971792
1403637009.701667 0.1231362 -0.0045087 -0.0008915 0.0458368 0.0350919 0.0438395 0.9973693
