1311868164.363181 0.0000000 0.0000000 0.0000000 0.0000000 0.0000000 0.0000000 1.0000000
1311868166.863222 0.0000769 0.0000310 -0.0000569 -0.0433711 -0.0085502 -0.0212363 0.9987967
1311868169.363470 0.0001379 -0.0000128 -0.0000038 0.0051110 -0.1815159 -0.1071601 0.9775186
1311868172.031533 0.0002444 -0.0000271 0.0000139 0.0019343 -0.3186019 -0.1912298 0.9283966
1311868174.131747 0.0002852 -0.0000530 0.0000936 -0.0489687 -0.3750740 -0.2576919 0.8891099
1311868175.799815 0.0002805 -0.0001021 0.0001439 0.0679600 -0.4751774 -0.1989851 0.8543962
1311868177.531751 0.0002935 -0.0001349 0.0002258 0.0339528 -0.5379476 -0.2737236 0.7965770
1311868179.132026 0.0003413 -0.0001424 0.0002666 -0.0156481 -0.6172060 -0.3314884 0.7133914
1311868181.000013 0.0004105 -0.0001583 0.0003075 -0.0638282 -0.6191324 -0.3707471 0.6893095
1311868183.000259 0.0003128 -0.0001889 0.0003445 -0.0187447 -0.6627262 -0.3562735 0.6584162
1311868184.200464 0.0002312 -0.0002216 0.0003584 -0.0173762 -0.7276780 -0.3691903 0.5778246
1311868185.168559 0.0001759 -0.0002408 0.0003753 -0.0130649 0.7871630 0.3672919 -0.4952781
1311868186.000413 0.0001397 -0.0002451 0.0003842 -0.0289763 0.8066228 0.3250972 -0.4927798
1311868187.468568 0.0001545 -0.0002517 0.0004259 0.0088257 0.8218771 0.4073597 -0.3981183
1311868188.637504 0.0001543 -0.0002603 0.0004870 0.0363374 0.8304598 0.4596216 -0.3126725
1311868190.136685 0.0001978 -0.0002841 0.0005472 0.0749606 0.7826520 0.5164760 -0.3392481
1311868196.837005 0.0001330 -0.0003453 0.0006079 0.0809549 0.7829841 0.4901045 -0.3744059
1311868199.805309 0.0000619 -0.0003476 0.0006599 0.0889285 0.7924334 0.5519682 -0.2438689
1311868202.873426 -0.0000332 -0.0003550 0.0006903 0.0472200 0.8071238 0.5789765 -0.1053934
1311868204.337676 -0.0000701 -0.0003858 0.0006455 0.0423195 0.8328557 0.5508154 0.0341007
1311868209.805796 -0.0001788 -0.0003326 0.0006546 0.0279040 0.8128004 0.5739382 0.0957694
1311868214.942194 -0.0002893 -0.0002875 0.0006005 0.0144473 0.8053276 0.5231572 0.2784696
1311868217.506647 -0.0003024 -0.0003187 0.0005320 0.0164694 0.8172417 0.4508376 0.3585948
1311868220.542610 -0.0003278 -0.0002378 0.0005688 0.0392915 0.7500796 0.4790141 0.4542931
1311868225.045354 -0.0003907 -0.0001929 0.0005098 0.0184816 0.6969403 0.4681647 0.5429130
1311868228.312417 -0.0004139 -0.0001515 0.0004148 0.0272201 0.6154472 0.4004586 0.6783191
1311868230.083190 -0.0003908 -0.0001526 0.0003578 0.0069690 0.5908008 0.4089597 0.6954551
1311868230.843194 -0.0003620 -0.0001622 0.0003311 0.0262659 0.6002978 0.4216828 0.6790701
1311868231.543183 -0.0003407 -0.0001714 0.0003099 -0.0475012 0.5959300 0.4125071 0.6873493
1311868232.343193 -0.0003148 -0.0001953 0.0003049 -0.0710972 0.5866556 0.4149196 0.6918252
1311868235.443732 -0.0003697 -0.0001434 0.0002654 -0.0244729 0.5686052 0.3425364 0.7475011
1311868236.511583 -0.0003678 -0.0001071 0.0002473 -0.0204634 0.5461848 0.3272645 0.7708186
1311868237.647688 -0.0003670 -0.0000685 0.0002193 0.0035876 0.4837968 0.2902933 0.8256255
1311868238.879655 -0.0003604 -0.0000337 0.0001801 -0.0116821 0.4403307 0.2918234 0.8490062
1311868241.547948 -0.0003173 -0.0000151 0.0001197 -0.0534849 0.3320155 0.2448305 0.9093751
1311868243.180098 -0.0002790 -0.0000290 0.0000903 -0.0279169 0.2710564 0.1798467 0.9452006
1311868244.648157 -0.0002476 0.0000057 0.0000486 -0.0516690 0.1698461 0.0958537 0.9794359
1311868246.480362 -0.0001853 0.0000459 0.0000190 -0.0816342 0.1138281 0.0893040 0.9861054
1311868248.980371 -0.0001016 0.0000068 0.0000320 -0.1185837 0.0660831 0.0418616 0.9898579
1311868250.416431 -0.0000754 -0.0000403 0.0000654 -0.0867508 0.0890936 0.0330666 0.9916871
1311868253.480853 0.0000184 -0.0000165 0.0000318 -0.1076142 0.0432975 -0.0172072 0.9931004
1311868255.484846 0.0001101 -0.0000031 0.0000252 -0.1406929 -0.0872594 -0.0709703 0.9836435
1311868258.048909 0.0001926 -0.0000657 0.0000747 -0.1348973 -0.2305461 -0.1986350 0.9429716
1311868260.249110 0.0002061 -0.0001267 0.0001366 -0.1023764 -0.3118750 -0.2615702 0.9076530
