1403636581.913555384 0.00410 -0.00130 -0.11220 0.81968 0.08931 0.55404 -0.11488
1403636582.013555527 -0.02608 -0.01042 -0.17837 0.82876 0.08702 0.54120 -0.11263
1403636582.113555431 -0.02893 -0.00272 -0.21640 0.83806 0.08870 0.52727 -0.10849
1403636582.213555574 -0.04081 -0.00100 -0.23374 0.84415 0.09087 0.51709 -0.10852
1403636582.413555384 -0.02936 0.00409 -0.18259 0.84170 0.09141 0.52030 -0.11170
1403636582.513555527 -0.02670 0.00214 -0.12075 0.83434 0.09038 0.53228 -0.11126
1403636582.613555431 -0.02085 0.00083 -0.05105 0.83063 0.08810 0.53954 -0.10572
1403636582.713555574 -0.01391 -0.00597 0.01727 0.82860 0.08411 0.54401 -0.10199
1403636582.813555479 -0.00534 -0.01273 0.08192 0.82454 0.07738 0.55117 -0.10179
1403636582.913555384 0.00179 -0.01996 0.14546 0.81694 0.06806 0.56380 -0.10052
1403636583.013555527 0.00485 -0.02553 0.19418 0.80732 0.06479 0.57774 -0.10123
1403636583.113555431 0.00319 -0.03814 0.21387 0.80146 0.06556 0.58595 -0.10012
1403636583.313555479 0.00172 -0.02785 0.16132 0.80266 0.07017 0.58431 -0.09694
1403636583.413555384 0.00164 -0.02297 0.10099 0.80446 0.07196 0.58135 -0.09845
1403636583.513555527 -0.00712 -0.02116 0.03814 0.80690 0.07741 0.57694 -0.10030
1403636583.613555431 -0.00622 -0.02026 -0.03631 0.81235 0.07794 0.57053 -0.09222
1403636583.713555574 -0.01155 -0.01666 -0.10478 0.82259 0.07523 0.55594 -0.09282
1403636583.813555479 -0.01732 -0.01357 -0.16397 0.83493 0.07296 0.53699 -0.09596
1403636583.913555384 -0.02325 -0.01225 -0.21051 0.84174 0.07494 0.52684 -0.09112
1403636584.013555527 -0.02662 -0.00796 -0.23853 0.84345 0.08102 0.52330 -0.09042
1403636584.113555431 -0.03048 -0.00632 -0.23879 0.84273 0.08337 0.52364 -0.09307
1403636584.213555574 -0.02730 -0.00470 -0.21105 0.84243 0.08473 0.52382 -0.09347
1403636584.313555479 -0.02182 -0.00397 -0.16176 0.84049 0.08422 0.52704 -0.09339
1403636584.413555384 -0.01626 -0.00503 -0.09764 0.83854 0.08520 0.53103 -0.08715
1403636584.513555527 -0.00271 -0.00796 -0.02708 0.83431 0.08490 0.53842 -0.08256
1403636584.613555431 0.00964 -0.00805 0.04668 0.82634 0.08015 0.55135 -0.08218
1403636584.713555574 0.01434 -0.01207 0.11730 0.81482 0.07352 0.56944 -0.07999
1403636584.813555479 0.01728 -0.01440 0.17691 0.80453 0.06862 0.58466 -0.07868
1403636584.913555384 0.01701 -0.01557 0.21850 0.79772 0.06467 0.59379 -0.08293
1403636585.213555574 0.01758 -0.01224 0.18438 0.80318 0.05288 0.58866 -0.07473
1403636585.313555479 0.01915 -0.01291 0.13415 0.80662 0.05416 0.58505 -0.06438
1403636585.413555384 0.01882 -0.01424 0.07876 0.80945 0.05688 0.58189 -0.05448
1403636585.513555527 0.01711 -0.01466 0.02456 0.81494 0.06527 0.57280 -0.05922
1403636585.613555431 0.00782 -0.01583 -0.02162 0.82081 0.07292 0.56261 -0.06648
1403636585.713555574 -0.00335 -0.01698 -0.05382 0.82776 0.07563 0.55081 -0.07555
1403636585.813555479 -0.01533 -0.01941 -0.06959 0.83577 0.07393 0.53780 -0.08243
1403636585.913555384 -0.02667 -0.02033 -0.07386 0.84557 0.07301 0.52133 -0.08891
1403636586.013555527 -0.03331 -0.02250 -0.07384 0.85801 0.06860 0.50162 -0.08650
1403636586.113555431 -0.03850 -0.02300 -0.07071 0.87043 0.06114 0.48261 -0.07548
1403636586.213555574 -0.04543 -0.02069 -0.06531 0.87970 0.05391 0.46725 -0.06996
1403636586.313555479 -0.05392 -0.01920 -0.06137 0.88907 0.05078 0.44960 -0.06950
1403636586.413555384 -0.06425 -0.02052 -0.05931 0.89861 0.04688 0.43067 -0.06952
1403636586.513555527 -0.07492 -0.02501 -0.05740 0.90638 0.04824 0.41423 -0.06750
1403636586.613555431 -0.08049 -0.03232 -0.05377 0.91065 0.05098 0.40430 -0.06823
1403636586.813555479 -0.07495 -0.05014 -0.04769 0.90662 0.05081 0.41231 -0.07393
1403636587.013555527 -0.06360 -0.05556 -0.04887 0.90191 0.05964 0.42091 -0.07634
1403636587.313555479 -0.04129 -0.07417 -0.05072 0.90554 0.06375 0.41274 -0.07467
1403636587.413555384 -0.03000 -0.09337 -0.05227 0.90661 0.06041 0.41109 -0.07357
1403636587.513555527 -0.01841 -0.11938 -0.05404 0.90784 0.05603 0.40885 -0.07434
1403636587.613555431 -0.00675 -0.15187 -0.05511 0.90824 0.05133 0.40862 -0.07411
1403636587.713555574 0.00624 -0.18804 -0.05455 0.90643 0.04453 0.41364 -0.07279
1403636587.813555479 0.01913 -0.22520 -0.05388 0.90426 0.03615 0.41960 -0.07030
1403636587.913555384 0.02990 -0.26093 -0.05648 0.90484 0.02927 0.41950 -0.06655
1403636588.013555527 0.03799 -0.29318 -0.06182 0.90913 0.02305 0.41178 -0.05813
1403636588.113555431 0.04437 -0.31866 -0.06823 0.91277 0.01745 0.40441 -0.05481
1403636588.213555574 0.04942 -0.33735 -0.07414 0.91365 0.01758 0.40254 -0.05386
1403636588.713555574 0.03532 -0.31142 -0.07208 0.91084 0.01746 0.40825 -0.05831
1403636588.813555479 0.02511 -0.28501 -0.07073 0.91182 0.02191 0.40546 -0.06093
1403636588.913555384 0.01421 -0.25220 -0.06917 0.91184 0.02515 0.40460 -0.06487
1403636589.013555527 0.00181 -0.21467 -0.06521 0.91042 0.03000 0.40689 -0.06835
1403636589.113555431 -0.01188 -0.17417 -0.05901 0.90777 0.03608 0.41170 -0.07182
1403636589.213555574 -0.02521 -0.13091 -0.05186 0.90587 0.04007 0.41504 -0.07440
1403636589.313555479 -0.03908 -0.08538 -0.04643 0.90615 0.04540 0.41357 -0.07618
1403636589.413555384 -0.05102 -0.03909 -0.04534 0.90743 0.05137 0.40977 -0.07758
1403636589.513555527 -0.06617 0.00722 -0.04253 0.90700 0.05480 0.41025 -0.07777
1403636589.613555431 -0.08040 0.05271 -0.04151 0.90558 0.05771 0.41261 -0.07971
1403636589.713555574 -0.09419 0.09746 -0.04104 0.90449 0.06080 0.41429 -0.08105
1403636589.813555479 -0.10690 0.14017 -0.04322 0.90488 0.06592 0.41170 -0.08577
1403636589.913555384 -0.11826 0.17702 -0.04682 0.90679 0.07252 0.40531 -0.09048
1403636590.013555527 -0.12775 0.20724 -0.04990 0.90651 0.07756 0.40317 -0.09836
1403636590.113555431 -0.13489 0.22881 -0.04907 0.90323 0.08161 0.40832 -0.10388
1403636590.413555384 -0.14004 0.22261 -0.04333 0.90183 0.08321 0.41204 -0.10000
1403636590.513555527 -0.13764 0.19624 -0.04049 0.90191 0.07994 0.41402 -0.09361
1403636590.613555431 -0.13287 0.16189 -0.03739 0.90116 0.07670 0.41751 -0.08784
1403636590.713555574 -0.12570 0.12260 -0.03608 0.90153 0.07230 0.41855 -0.08264
1403636590.913555384 -0.10391 0.03520 -0.04169 0.90666 0.06311 0.40940 -0.07981
1403636591.013555527 -0.09081 -0.01079 -0.04576 0.90737 0.06128 0.40840 -0.07829
1403636591.113555431 -0.07709 -0.05490 -0.04916 0.90668 0.06067 0.40958 -0.08061
1403636591.213555574 -0.06391 -0.09407 -0.05242 0.90714 0.05771 0.40886 -0.08129
1403636591.313555479 -0.05162 -0.12975 -0.05786 0.90855 0.05465 0.40651 -0.07937
1403636591.413555384 -0.04317 -0.15560 -0.06450 0.90975 0.05013 0.40496 -0.07654
1403636591.513555527 -0.03460 -0.17448 -0.07298 0.90965 0.04630 0.40607 -0.07411
1403636591.713555574 -0.01612 -0.19737 -0.08664 0.89852 0.02776 0.43458 -0.05504
1403636591.813555479 -0.00932 -0.20212 -0.08720 0.88945 0.02075 0.45426 -0.04571
1403636591.913555384 -0.00285 -0.20577 -0.08573 0.88320 0.01263 0.46716 -0.03944
1403636592.013555527 0.00582 -0.21150 -0.08540 0.88501 0.00214 0.46422 -0.03539
1403636592.113555431 0.02189 -0.22090 -0.08636 0.88859 -0.01076 0.45761 -0.02957
1403636592.213555574 0.04287 -0.23119 -0.08812 0.89269 -0.02106 0.44955 -0.02396
1403636592.313555479 0.06742 -0.23824 -0.08916 0.89655 -0.02412 0.44177 -0.02156
1403636592.413555384 0.09564 -0.23720 -0.08958 0.89926 -0.02310 0.43595 -0.02713
1403636592.513555527 0.12640 -0.22627 -0.08808 0.89823 -0.01393 0.43786 -0.03559
1403636592.613555431 0.15647 -0.20563 -0.08659 0.89365 0.00155 0.44651 -0.04483
1403636592.713555574 0.18333 -0.17617 -0.08665 0.89014 0.01998 0.45203 -0.05393
1403636592.813555479 0.20292 -0.13684 -0.08712 0.88866 0.04084 0.45146 -0.06930
1403636592.913555384 0.20939 -0.08781 -0.08892 0.88849 0.06314 0.44575 -0.08886
1403636593.013555527 0.19981 -0.03249 -0.08992 0.88828 0.08553 0.43845 -0.10684
1403636593.113555431 0.17492 0.02553 -0.08920 0.88686 0.10824 0.43241 -0.12160
1403636593.213555574 0.13632 0.08178 -0.08761 0.88436 0.12376 0.42817 -0.13876
1403636593.313555479 0.08855 0.12886 -0.08400 0.88283 0.13340 0.42320 -0.15403
1403636593.413555384 0.03655 0.15948 -0.08277 0.88350 0.13922 0.41837 -0.15815
1403636593.513555527 -0.01574 0.17014 -0.08481 0.88546 0.13817 0.41603 -0.15421
1403636593.613555431 -0.06405 0.16359 -0.08994 0.88996 0.12767 0.41153 -0.14935
1403636593.713555574 -0.10724 0.14120 -0.09636 0.89679 0.10945 0.40465 -0.14156
1403636593.813555479 -0.14305 0.10416 -0.10222 0.90293 0.08161 0.40291 -0.12537
1403636593.913555384 -0.17054 0.05641 -0.10483 0.90434 0.04681 0.41107 -0.10491
1403636594.013555527 -0.18803 0.00205 -0.10409 0.90241 0.01232 0.42309 -0.08062
1403636594.113555431 -0.19257 -0.05440 -0.10249 0.90078 -0.02000 0.43009 -0.05679
1403636594.213555574 -0.18240 -0.11071 -0.10254 0.90097 -0.04601 0.42982 -0.03726
1403636594.313555479 -0.15511 -0.16442 -0.10394 0.90114 -0.06105 0.42872 -0.02068
1403636594.413555384 -0.11112 -0.21211 -0.10574 0.89948 -0.06752 0.43165 -0.00679
1403636594.513555527 -0.05825 -0.25293 -0.10677 0.89503 -0.06620 0.44106 0.00196
1403636594.613555431 -0.00396 -0.27810 -0.10713 0.89012 -0.06662 0.45083 0.00116
1403636594.713555574 0.04298 -0.27982 -0.10677 0.88736 -0.06443 0.45654 -0.00291
1403636594.813555479 0.08284 -0.25646 -0.10885 0.88607 -0.05042 0.46062 -0.01298
1403636594.913555384 0.11208 -0.20722 -0.11184 0.88449 -0.02601 0.46506 -0.02675
1403636595.013555527 0.12562 -0.13750 -0.11430 0.88253 0.00750 0.46777 -0.04761
1403636595.113555431 0.11491 -0.05741 -0.11283 0.88175 0.04321 0.46422 -0.07172
1403636595.213555574 0.11032 0.01701 -0.12045 0.88128 0.07335 0.45686 -0.09614
1403636595.313555479 0.08319 0.07812 -0.12212 0.88014 0.09853 0.44935 -0.11718
1403636595.413555384 0.05167 0.11668 -0.12374 0.87911 0.11433 0.44437 -0.12893
1403636595.513555527 0.01933 0.12733 -0.12469 0.87965 0.12029 0.44028 -0.13380
1403636595.613555431 -0.00857 0.10943 -0.12754 0.88164 0.12271 0.43577 -0.13327
1403636595.713555574 -0.03467 0.07044 -0.13142 0.88481 0.11609 0.43379 -0.12431
1403636595.813555479 -0.05498 0.01525 -0.13743 0.88812 0.10099 0.43602 -0.10457
1403636595.913555384 -0.07303 -0.04555 -0.14464 0.89145 0.07796 0.43867 -0.08246
1403636596.013555527 -0.09402 -0.10150 -0.15019 0.89564 0.05340 0.43725 -0.06151
1403636596.113555431 -0.12110 -0.14116 -0.15376 0.89937 0.02907 0.43396 -0.04445
1403636596.213555574 -0.15303 -0.15540 -0.15273 0.90053 0.01351 0.43298 -0.03727
1403636596.313555479 -0.18940 -0.14291 -0.14546 0.89941 0.00526 0.43540 -0.03826
1403636596.413555384 -0.23195 -0.11526 -0.13320 0.89724 0.00374 0.43995 -0.03712
1403636596.513555527 -0.27444 -0.08313 -0.12113 0.89450 0.00888 0.44549 -0.03638
1403636596.613555431 -0.30824 -0.05395 -0.11209 0.89338 0.01397 0.44770 -0.03510
1403636596.713555574 -0.32841 -0.03185 -0.10795 0.89450 0.01598 0.44540 -0.03508
1403636596.913555384 -0.30581 -0.01953 -0.11046 0.89042 0.02408 0.45349 -0.03024
1403636597.013555527 -0.26026 -0.02444 -0.11437 0.89144 0.02596 0.45164 -0.02595
1403636597.113555431 -0.20044 -0.03145 -0.11986 0.89643 0.02858 0.44145 -0.02677
1403636597.213555574 -0.13228 -0.03840 -0.12167 0.89957 0.03853 0.43381 -0.03308
1403636597.313555479 -0.06036 -0.04247 -0.11848 0.89844 0.05228 0.43410 -0.04038
1403636597.413555384 0.01092 -0.04050 -0.11474 0.89529 0.06744 0.43763 -0.04878
1403636597.513555527 0.07161 -0.03255 -0.11261 0.89173 0.08545 0.44062 -0.05808
1403636597.613555431 0.11120 -0.01735 -0.11253 0.88642 0.10173 0.44530 -0.07495
1403636597.713555574 0.12849 0.00618 -0.11566 0.87978 0.11641 0.45133 -0.09344
1403636597.813555479 0.12326 0.03024 -0.11860 0.87367 0.12842 0.45737 -0.10498
1403636597.913555384 0.09184 0.04612 -0.11926 0.86967 0.13970 0.46090 -0.10829
1403636598.013555527 0.05384 0.05499 -0.12269 0.86967 0.14807 0.45848 -0.10743
1403636598.113555431 0.01028 0.05599 -0.12960 0.87404 0.14949 0.44973 -0.10701
1403636598.213555574 -0.03238 0.04950 -0.13749 0.88240 0.14858 0.43466 -0.10180
1403636598.313555479 -0.06246 0.03902 -0.15048 0.89034 0.14823 0.42013 -0.09391
1403636598.413555384 -0.07177 0.02793 -0.16537 0.89404 0.14618 0.41494 -0.08452
1403636598.513555527 -0.06214 0.01817 -0.18036 0.89295 0.14590 0.41799 -0.08146
1403636598.613555431 -0.03770 0.00893 -0.19302 0.88679 0.14865 0.42879 -0.08743
1403636598.713555574 0.00030 0.00907 -0.20703 0.87758 0.15352 0.44348 -0.09799
1403636598.813555479 0.04477 0.01268 -0.22942 0.86559 0.15799 0.46193 -0.11147
1403636598.913555384 0.06792 0.00660 -0.24772 0.85426 0.15690 0.48092 -0.11974
1403636599.013555527 0.09190 0.00406 -0.27016 0.84564 0.15688 0.49556 -0.12122
1403636599.113555431 0.11315 0.00562 -0.28895 0.83561 0.15593 0.51030 -0.13049
1403636599.213555574 0.12808 0.00615 -0.30009 0.81987 0.15411 0.53359 -0.13912
1403636599.313555479 0.14021 0.00688 -0.30805 0.80397 0.14794 0.55748 -0.14477
1403636599.413555384 0.14580 0.00729 -0.31401 0.79586 0.14409 0.57056 -0.14252
1403636599.513555527 0.15958 0.00900 -0.32663 0.79664 0.13953 0.57233 -0.13541
1403636599.613555431 0.16459 0.00946 -0.33541 0.80151 0.13412 0.56783 -0.13102
1403636599.713555574 0.16695 0.00874 -0.34347 0.80255 0.13238 0.56719 -0.12915
1403636599.813555479 0.16758 0.00704 -0.34273 0.79227 0.13164 0.58108 -0.13163
1403636600.113555431 0.16816 0.00315 -0.34657 0.78694 0.12321 0.58835 -0.13922
1403636624.413555384 0.16677 -0.00136 -0.34693 0.79457 0.11970 0.58013 -0.13336
1403636624.513555527 0.16340 -0.00795 -0.35036 0.80051 0.11810 0.57298 -0.13012
1403636624.613555431 0.16060 -0.01539 -0.34009 0.80317 0.11797 0.57016 -0.12615
1403636624.713555574 0.15921 -0.02650 -0.34920 0.80174 0.12104 0.57283 -0.12013
1403636624.813555479 0.15359 -0.04143 -0.35025 0.80176 0.12721 0.57316 -0.11174
1403636624.913555384 0.14509 -0.05911 -0.34575 0.80684 0.13748 0.56604 -0.09856
1403636625.013555527 0.13503 -0.07587 -0.33214 0.81294 0.14634 0.55692 -0.08690
1403636625.113555431 0.12590 -0.08755 -0.31128 0.81909 0.14968 0.54760 -0.08259
1403636625.213555574 0.12149 -0.09214 -0.28646 0.82038 0.14484 0.54582 -0.08992
1403636625.313555479 0.11745 -0.09670 -0.26063 0.81645 0.14099 0.55154 -0.09658
1403636625.713555574 0.13232 -0.08879 -0.25660 0.81588 0.14443 0.55079 -0.10057
1403636625.813555479 0.14781 -0.07775 -0.22570 0.80993 0.14395 0.55924 -0.10267
1403636625.913555384 0.15890 -0.07117 -0.19169 0.80453 0.14201 0.56676 -0.10650
1403636626.013555527 0.17154 -0.06201 -0.14481 0.80158 0.14094 0.57073 -0.10891
1403636626.113555431 0.18448 -0.04854 -0.09646 0.80113 0.13577 0.57099 -0.11717
1403636626.213555574 0.19554 -0.04455 -0.05442 0.80103 0.13030 0.57065 -0.12541
1403636626.313555479 0.20351 -0.03840 -0.02518 0.80100 0.12826 0.57040 -0.12878
1403636626.513555527 0.22845 -0.04118 -0.00807 0.79750 0.13324 0.57548 -0.12271
1403636626.613555431 0.23871 -0.04753 -0.00703 0.79269 0.13800 0.58196 -0.11803
1403636626.913555384 0.24064 -0.07692 -0.02660 0.79796 0.14614 0.57328 -0.11514
1403636627.013555527 0.23495 -0.08909 -0.03880 0.80304 0.14808 0.56602 -0.11322
1403636627.113555431 0.24048 -0.09619 -0.05724 0.80803 0.14928 0.55886 -0.11173
1403636627.313555479 0.23359 -0.12137 -0.04420 0.80152 0.14838 0.56782 -0.11455
1403636627.513555527 0.21402 -0.14016 0.01108 0.80130 0.14339 0.56889 -0.11716
1403636627.713555574 0.20660 -0.17031 0.02380 0.80949 0.13065 0.56232 -0.10702
1403636627.813555479 0.20442 -0.18541 0.01246 0.81747 0.12291 0.55416 -0.09770
1403636628.013555527 0.20576 -0.21395 -0.00060 0.82751 0.10884 0.54490 -0.08036
1403636628.113555431 0.21650 -0.22511 0.00737 0.82339 0.10294 0.55265 -0.07748
1403636628.313555479 0.24764 -0.23982 0.04896 0.80883 0.08875 0.57493 -0.08585
1403636628.513555527 0.28354 -0.26165 0.09297 0.80816 0.08369 0.57568 -0.09200
1403636628.813555479 0.31161 -0.32198 0.11347 0.81271 0.08398 0.57057 -0.08304
1403636628.913555384 0.32425 -0.34514 0.11058 0.81820 0.08137 0.56435 -0.07379
1403636629.013555527 0.33147 -0.37326 0.11860 0.82236 0.07860 0.55935 -0.06830
1403636629.113555431 0.35040 -0.40205 0.13293 0.82398 0.07547 0.55789 -0.06422
1403636629.313555479 0.38611 -0.45696 0.15687 0.82292 0.05888 0.56230 -0.05621
1403636629.513555527 0.43555 -0.51102 0.15797 0.81834 0.03604 0.57068 -0.05778
1403636629.713555574 0.49023 -0.57353 0.12835 0.82749 0.00902 0.56026 -0.03594
1403636629.913555384 0.55478 -0.64350 0.07805 0.83431 -0.02429 0.55072 -0.00628
1403636630.013555527 0.59336 -0.67797 0.06185 0.83432 -0.03725 0.55001 0.00419
1403636630.213555574 0.67382 -0.75418 0.04782 0.82237 -0.05187 0.56636 0.01596
1403636630.513555527 0.81051 -0.85893 0.07603 0.82045 -0.05362 0.56878 0.02176
1403636630.813555479 0.94984 -0.96168 0.11992 0.82357 -0.04373 0.56506 0.02271
1403636631.113555431 1.09322 -1.05093 0.11895 0.82148 -0.04498 0.56824 0.01566
1403636631.313555479 1.17890 -1.12062 0.10055 0.81838 -0.04440 0.57275 0.01573
1403636631.713555574 1.36663 -1.22893 0.05039 0.81904 -0.03809 0.57212 0.01993
1403636632.113555431 1.52485 -1.31659 0.04017 0.81804 -0.03513 0.57350 0.02596
1403636632.413555384 1.65369 -1.35600 0.03031 0.81695 -0.03769 0.57468 0.03016
1403636632.613555431 1.73712 -1.38090 -0.00272 0.82680 -0.04263 0.56076 0.01115
1403636632.713555574 1.78355 -1.39054 -0.02143 0.83047 -0.03568 0.55592 -0.00212
1403636632.813555479 1.83207 -1.40169 -0.03625 0.83090 -0.01896 0.55592 -0.01407
1403636633.013555527 1.93607 -1.42757 -0.04162 0.82287 0.02829 0.56694 -0.02564
1403636633.313555479 2.10928 -1.46722 -0.05246 0.82169 0.05683 0.56554 -0.04189
1403636633.513555527 2.20104 -1.47919 -0.08042 0.82593 0.05452 0.55883 -0.05069
1403636633.713555574 2.32091 -1.49715 -0.11141 0.82918 0.04967 0.55463 -0.04883
1403636633.913555384 2.45414 -1.51655 -0.11746 0.82804 0.04076 0.55687 -0.05088
1403636634.113555431 2.59781 -1.54129 -0.12004 0.82642 0.03123 0.55932 -0.05668
1403636634.313555479 2.75262 -1.57823 -0.10642 0.82573 0.04049 0.56053 -0.04832
1403636634.413555384 2.83558 -1.59919 -0.09425 0.82042 0.04509 0.56821 -0.04495
1403636634.513555527 2.91800 -1.62033 -0.08845 0.81665 0.04857 0.57344 -0.04345
1403636634.713555574 3.07336 -1.65877 -0.09581 0.81326 0.06037 0.57695 -0.04570
1403636634.913555384 3.21761 -1.69131 -0.09984 0.81668 0.07271 0.56995 -0.05395
1403636635.113555431 3.35798 -1.71596 -0.08537 0.81904 0.08371 0.56468 -0.05748
1403636635.313555479 3.49656 -1.73480 -0.09056 0.82152 0.08569 0.55999 -0.06460
1403636635.513555527 3.64173 -1.75189 -0.09788 0.82351 0.08085 0.55663 -0.07386
1403636635.713555574 3.78773 -1.77188 -0.07972 0.82202 0.07771 0.55902 -0.07573
1403636635.813555479 3.86353 -1.78373 -0.05970 0.81809 0.07274 0.56472 -0.08080
1403636635.913555384 3.94061 -1.79949 -0.03263 0.81768 0.06722 0.56520 -0.08620
1403636636.013555527 4.02098 -1.81991 -0.00336 0.82273 0.06766 0.55814 -0.08376
1403636636.113555431 4.10244 -1.84306 0.02227 0.82628 0.07299 0.55347 -0.07490
1403636636.213555574 4.18796 -1.86674 0.05000 0.82226 0.07777 0.55966 -0.06791
1403636636.413555384 4.35853 -1.91300 0.12191 0.80638 0.08105 0.58244 -0.06280
1403636636.513555527 4.43751 -1.93480 0.15258 0.80044 0.08278 0.59060 -0.06029
1403636636.613555431 4.51242 -1.95628 0.17431 0.79897 0.08742 0.59257 -0.05355
1403636636.813555479 4.64814 -1.99113 0.19386 0.79887 0.09827 0.59220 -0.03804
1403636637.013555527 4.76950 -2.00771 0.18561 0.80495 0.09383 0.58387 -0.04850
1403636637.213555574 4.87167 -2.00802 0.15805 0.81279 0.08689 0.57269 -0.06196
1403636637.513555527 5.00654 -1.99779 0.14051 0.81853 0.08982 0.56368 -0.06487
1403636637.813555479 5.14963 -1.98077 0.18804 0.81716 0.09176 0.56491 -0.06863
1403636638.013555527 5.25379 -1.96646 0.24195 0.81230 0.09252 0.57150 -0.07074
1403636638.213555574 5.35037 -1.95024 0.24149 0.80870 0.09300 0.57621 -0.07311
1403636638.413555384 5.43428 -1.93628 0.21003 0.81897 0.08789 0.56112 -0.08196
1403636638.513555527 5.47734 -1.93249 0.18828 0.82968 0.08383 0.54479 -0.08832
1403636638.713555574 5.57800 -1.93351 0.16612 0.83059 0.09008 0.54370 -0.07999
1403636638.813555479 5.63867 -1.93585 0.17058 0.82489 0.09250 0.55231 -0.07721
1403636638.913555384 5.70295 -1.93840 0.18118 0.82064 0.09095 0.55853 -0.07955
1403636639.013555527 5.76777 -1.94173 0.19623 0.81927 0.08622 0.56027 -0.08636
1403636639.113555431 5.83809 -1.94679 0.20793 0.81895 0.07972 0.56018 -0.09574
1403636639.313555479 5.98408 -1.96762 0.19133 0.82019 0.07721 0.55817 -0.09892
1403636639.413555384 6.05992 -1.98524 0.16865 0.82013 0.08469 0.55895 -0.08820
1403636639.513555527 6.13739 -2.00513 0.14150 0.81880 0.09255 0.56126 -0.07734
1403636639.613555431 6.21639 -2.02509 0.11109 0.81583 0.10047 0.56555 -0.06692
1403636639.713555574 6.29447 -2.04300 0.08379 0.81143 0.10085 0.57172 -0.06741
1403636639.913555384 6.43865 -2.07370 0.04993 0.80737 0.09480 0.57725 -0.07713
1403636640.113555431 6.57496 -2.10391 0.04507 0.80544 0.10207 0.57841 -0.07928
1403636640.213555574 6.64472 -2.12007 0.05421 0.80412 0.10981 0.57811 -0.08436
1403636640.413555384 6.76798 -2.15120 0.07500 0.80368 0.12169 0.57541 -0.09056
1403636640.713555574 6.92808 -2.19177 0.06146 0.80337 0.12908 0.57352 -0.09489
1403636641.113555431 7.11172 -2.23094 0.04558 0.80502 0.13071 0.57099 -0.09396
1403636641.413555384 7.23136 -2.24944 0.00863 0.80580 0.12077 0.57055 -0.10285
1403636641.713555574 7.34081 -2.28019 -0.03209 0.80507 0.12364 0.57239 -0.09462
1403636642.013555527 7.42673 -2.31152 -0.00830 0.80433 0.11631 0.57587 -0.08888
1403636642.113555431 7.45560 -2.32424 0.00704 0.80437 0.10855 0.57816 -0.08329
1403636642.213555574 7.48147 -2.33664 0.01833 0.80422 0.10259 0.58008 -0.07889
1403636642.413555384 7.52188 -2.36066 0.02317 0.80467 0.08722 0.58300 -0.07084
1403636642.513555527 7.53792 -2.37387 0.01744 0.80615 0.08085 0.58233 -0.06684
1403636642.613555431 7.55132 -2.38677 0.00595 0.81093 0.07674 0.57660 -0.06344
1403636642.713555574 7.56424 -2.39852 -0.00978 0.81616 0.07390 0.56981 -0.06109
1403636642.913555384 7.59330 -2.41924 -0.02964 0.82225 0.07144 0.56137 -0.06050
1403636643.113555431 7.62943 -2.44225 -0.02209 0.81772 0.07021 0.56787 -0.06269
1403636643.613555431 7.73781 -2.50907 -0.01885 0.82459 0.07282 0.55727 -0.06477
1403636643.913555384 7.84204 -2.55411 0.03251 0.83264 0.07864 0.54466 -0.06222
1403636644.213555574 7.99427 -2.59186 0.04754 0.83144 0.07844 0.54645 -0.06280
1403636644.313555479 8.05509 -2.60141 0.04374 0.82323 0.06994 0.55852 -0.07393
1403636644.413555384 8.11758 -2.61242 0.03323 0.81579 0.06288 0.56895 -0.08265
1403636644.513555527 8.18049 -2.62773 0.01529 0.81020 0.05729 0.57639 -0.08983
1403636644.713555574 8.29820 -2.67516 -0.04325 0.80654 0.06039 0.58196 -0.08465
1403636644.813555479 8.35186 -2.70675 -0.08202 0.80629 0.07058 0.58324 -0.06896
1403636644.913555384 8.40308 -2.74004 -0.12469 0.80881 0.07451 0.58020 -0.06046
1403636645.013555527 8.45148 -2.77269 -0.16198 0.81498 0.07436 0.57169 -0.05870
1403636645.113555431 8.49827 -2.80505 -0.19352 0.82824 0.07243 0.55248 -0.05945
1403636645.213555574 8.55032 -2.83817 -0.21790 0.83897 0.07249 0.53619 -0.05800
1403636645.413555384 8.68464 -2.89625 -0.23798 0.83609 0.07242 0.54084 -0.05647
1403636645.513555527 8.76511 -2.92193 -0.24839 0.83219 0.07176 0.54692 -0.05655
1403636645.713555574 8.93661 -2.97077 -0.28069 0.82872 0.07200 0.55228 -0.05501
1403636645.913555384 9.12773 -3.01357 -0.29069 0.82874 0.07002 0.55215 -0.05836
1403636646.013555527 9.22907 -3.03412 -0.27778 0.82414 0.06350 0.55969 -0.05914
1403636646.113555431 9.32848 -3.05721 -0.25995 0.82125 0.04901 0.56550 -0.05793
1403636646.213555574 9.43133 -3.08256 -0.24325 0.81862 0.02842 0.57134 -0.05119
1403636646.313555479 9.53332 -3.11111 -0.23103 0.81504 0.00298 0.57795 -0.04082
1403636646.413555384 9.63248 -3.14474 -0.22479 0.81080 -0.02213 0.58434 -0.02579
1403636646.513555527 9.72765 -3.18183 -0.22063 0.80472 -0.03788 0.59242 -0.00551
1403636646.613555431 9.81608 -3.22100 -0.21511 0.80248 -0.04936 0.59456 0.00952
1403636646.713555574 9.89923 -3.26147 -0.20314 0.80441 -0.05691 0.59098 0.02063
1403636646.813555479 9.97577 -3.30160 -0.18055 0.80440 -0.06263 0.59018 0.02665
1403636646.913555384 10.04394 -3.34068 -0.15053 0.80450 -0.06650 0.58946 0.02975
1403636647.113555431 10.17111 -3.41813 -0.10266 0.81002 -0.06782 0.58156 0.03249
1403636647.413555384 10.35146 -3.53499 -0.06761 0.81060 -0.06678 0.58115 0.02710
1403636647.613555431 10.45969 -3.61500 -0.06302 0.80202 -0.06797 0.59316 0.01745
1403636647.813555479 10.54787 -3.70489 -0.04755 0.80394 -0.06921 0.59016 0.02446
1403636647.913555384 10.58252 -3.75364 -0.04132 0.80476 -0.07455 0.58810 0.03082
1403636648.013555527 10.61241 -3.80495 -0.04438 0.80400 -0.08589 0.58703 0.04005
1403636648.113555431 10.63918 -3.85839 -0.05587 0.80262 -0.10358 0.58505 0.05275
1403636648.213555574 10.66369 -3.91266 -0.07228 0.79968 -0.12450 0.58345 0.06786
1403636648.313555479 10.68534 -3.96836 -0.09292 0.79599 -0.14747 0.58117 0.08302
1403636648.413555384 10.70242 -4.02389 -0.11659 0.79155 -0.16992 0.57846 0.09980
1403636648.513555527 10.71494 -4.07849 -0.14363 0.78686 -0.19335 0.57450 0.11584
1403636648.613555431 10.72463 -4.13303 -0.16610 0.78231 -0.21201 0.57135 0.12889
1403636648.713555574 10.73055 -4.18509 -0.18272 0.78174 -0.22397 0.56496 0.13975
1403636648.813555479 10.73747 -4.23622 -0.19308 0.78580 -0.23315 0.55439 0.14425
1403636648.913555384 10.74451 -4.28703 -0.19468 0.79238 -0.23908 0.54198 0.14572
1403636649.113555431 10.76443 -4.38963 -0.16732 0.78946 -0.23879 0.54480 0.15141
1403636649.213555574 10.77854 -4.44143 -0.14245 0.78134 -0.23554 0.55680 0.15494
1403636649.313555479 10.79082 -4.49009 -0.11240 0.77776 -0.23259 0.56261 0.15639
1403636649.613555431 10.81491 -4.62853 0.01080 0.78026 -0.22665 0.56352 0.14921
1403636649.713555574 10.81909 -4.67092 0.05680 0.77512 -0.23198 0.56826 0.14987
1403636649.813555479 10.81862 -4.71225 0.09655 0.77173 -0.23768 0.56876 0.15638
1403636649.913555384 10.81628 -4.75272 0.12914 0.76907 -0.24205 0.56880 0.16255
1403636650.013555527 10.81148 -4.79213 0.15265 0.76782 -0.24525 0.56761 0.16769
1403636650.113555431 10.80163 -4.82984 0.16644 0.76542 -0.25080 0.56729 0.17154
1403636650.213555574 10.78703 -4.86736 0.17207 0.76187 -0.26202 0.56425 0.18031
1403636650.413555384 10.74350 -4.93618 0.16468 0.75086 -0.30154 0.55039 0.20580
1403636650.513555527 10.71591 -4.96577 0.15405 0.74586 -0.32356 0.53925 0.21957
1403636650.613555431 10.68670 -4.99224 0.13862 0.74178 -0.34167 0.52971 0.22898
1403636650.713555574 10.65732 -5.01801 0.12170 0.73825 -0.35377 0.52324 0.23676
1403636650.813555479 10.63000 -5.04216 0.10928 0.73424 -0.36207 0.52071 0.24221
1403636650.913555384 10.60536 -5.06619 0.10721 0.72869 -0.36471 0.52352 0.24883
1403636651.013555527 10.58112 -5.08891 0.11117 0.72409 -0.36474 0.52772 0.25331
1403636651.813555479 10.33584 -5.17280 0.18586 0.72192 -0.36043 0.53905 0.24154
1403636651.913555384 10.29781 -5.17544 0.17804 0.71399 -0.37229 0.54054 0.24379
1403636652.013555527 10.25328 -5.17776 0.16659 0.70461 -0.38772 0.53760 0.25333
1403636652.113555431 10.20099 -5.18096 0.15014 0.69710 -0.40613 0.52538 0.27034
1403636652.213555574 10.14070 -5.18283 0.13071 0.68815 -0.42948 0.50761 0.29040
1403636652.313555479 10.07401 -5.18037 0.10636 0.67794 -0.45736 0.48713 0.30647
1403636652.413555384 10.00585 -5.17744 0.07718 0.66717 -0.48331 0.46862 0.31890
1403636652.513555527 9.94046 -5.17694 0.05168 0.65751 -0.50270 0.45643 0.32656
1403636652.613555431 9.87884 -5.17907 0.03346 0.65229 -0.51765 0.44467 0.32988
1403636652.713555574 9.82036 -5.18746 0.02436 0.65118 -0.52548 0.43411 0.33373
1403636652.813555479 9.76541 -5.20154 0.02644 0.64926 -0.52927 0.43092 0.33561
1403636653.013555527 9.66400 -5.24681 0.04987 0.64592 -0.52643 0.43479 0.34150
1403636653.213555574 9.56712 -5.30737 0.04530 0.64260 -0.51532 0.44638 0.34965
1403636653.313555479 9.51987 -5.34052 0.04049 0.64029 -0.50779 0.45433 0.35464
1403636653.713555574 9.34619 -5.44631 0.08057 0.64390 -0.49368 0.46615 0.35267
1403636654.213555574 9.14320 -5.49578 0.07003 0.63645 -0.49991 0.47032 0.35188
1403636654.313555479 9.10139 -5.49312 0.06787 0.63173 -0.50722 0.46355 0.35885
1403636654.413555384 9.05891 -5.49174 0.07503 0.62560 -0.51873 0.45373 0.36562
1403636654.513555527 9.01848 -5.48675 0.08938 0.61671 -0.53174 0.44349 0.37448
1403636654.713555574 8.93743 -5.47011 0.12382 0.59898 -0.55918 0.42549 0.38405
1403636654.813555479 8.89978 -5.45974 0.13226 0.59348 -0.56756 0.41870 0.38775
1403636654.913555384 8.86440 -5.44942 0.13335 0.58892 -0.57255 0.41421 0.39216
1403636655.013555527 8.83004 -5.44057 0.12855 0.58198 -0.57182 0.41672 0.40083
1403636655.313555479 8.72313 -5.40082 0.09877 -0.56644 0.57216 -0.42597 -0.41272
1403636655.413555384 8.68679 -5.37631 0.08764 -0.55909 0.57750 -0.42577 -0.41550
1403636655.513555527 8.65018 -5.34759 0.08250 -0.55237 0.58373 -0.42153 -0.42007
1403636655.613555431 8.61118 -5.31047 0.08086 -0.54773 0.59716 -0.41010 -0.41857
1403636655.813555479 8.52756 -5.22956 0.05451 -0.53554 0.62331 -0.39022 -0.41522
1403636655.913555384 8.48101 -5.19082 0.02331 -0.52389 0.63607 -0.38185 -0.41850
1403636656.013555527 8.43208 -5.15428 -0.00841 -0.51046 0.64682 -0.37507 -0.42470
1403636656.113555431 8.38095 -5.11865 -0.03192 -0.50158 0.65374 -0.36741 -0.43133
1403636656.213555574 8.32831 -5.08563 -0.04464 -0.49796 0.65806 -0.35879 -0.43619
1403636656.313555479 8.27517 -5.05460 -0.04544 -0.49594 0.66143 -0.35347 -0.43772
1403636656.413555384 8.22241 -5.02916 -0.03488 -0.49522 0.66338 -0.35091 -0.43766
1403636656.613555431 8.11114 -4.98617 0.00126 -0.49684 0.66045 -0.35041 -0.44064
1403636656.713555574 8.05472 -4.96939 0.01745 -0.49386 0.65365 -0.35813 -0.44787
1403636656.813555479 7.99687 -4.95019 0.02695 -0.49159 0.64586 -0.36494 -0.45610
1403636657.013555527 7.88345 -4.90315 0.02210 -0.49153 0.63803 -0.37197 -0.46147
1403636657.313555479 7.72256 -4.79723 -0.01114 -0.49058 0.64178 -0.37906 -0.45141
1403636657.413555384 7.67146 -4.75206 -0.01493 -0.49179 0.64730 -0.37676 -0.44408
1403636657.513555527 7.62074 -4.70589 -0.02189 -0.49378 0.65335 -0.37329 -0.43586
1403636657.613555431 7.56716 -4.65855 -0.03289 -0.49522 0.65579 -0.37025 -0.43314
1403636657.813555479 7.44646 -4.56743 -0.06734 -0.49111 0.65868 -0.37038 -0.43333
1403636657.913555384 7.38238 -4.52084 -0.08933 -0.48676 0.66494 -0.37151 -0.42767
1403636658.013555527 7.31357 -4.47485 -0.10588 -0.48539 0.66840 -0.36952 -0.42555
1403636658.113555431 7.23949 -4.43051 -0.11167 -0.48848 0.66686 -0.36240 -0.43054
1403636658.213555574 7.16129 -4.38791 -0.11115 -0.49168 0.66462 -0.35514 -0.43636
1403636658.313555479 7.08090 -4.34826 -0.11352 -0.49488 0.66250 -0.34851 -0.44128
1403636658.413555384 7.00144 -4.31163 -0.12067 -0.49657 0.66217 -0.34428 -0.44320
1403636658.513555527 6.92264 -4.27892 -0.13031 -0.49942 0.66078 -0.33903 -0.44611
1403636658.613555431 6.84480 -4.24942 -0.14166 -0.50293 0.65777 -0.33356 -0.45071
1403636658.713555574 6.76946 -4.22424 -0.15590 -0.50407 0.65579 -0.33169 -0.45369
1403636658.813555479 6.69776 -4.20398 -0.17211 -0.50521 0.65107 -0.33007 -0.46035
1403636658.913555384 6.62924 -4.18683 -0.19083 -0.50269 0.64792 -0.33379 -0.46485
1403636659.113555431 6.50758 -4.15286 -0.24047 -0.49273 0.64641 -0.34868 -0.46668
1403636659.313555479 6.40027 -4.11437 -0.30049 -0.49132 0.64646 -0.35180 -0.46577
1403636659.413555384 6.35094 -4.09301 -0.32444 -0.49486 0.64974 -0.34732 -0.46079
1403636659.513555527 6.30663 -4.07276 -0.34081 -0.49826 0.65187 -0.34246 -0.45773
1403636659.713555574 6.22715 -4.03148 -0.36944 -0.49572 0.65039 -0.34368 -0.46166
1403636659.913555384 6.16167 -3.99028 -0.41879 -0.49333 0.65154 -0.34299 -0.46311
1403636660.013555527 6.13367 -3.96750 -0.45117 -0.49558 0.65584 -0.33755 -0.45863
1403636660.113555431 6.11018 -3.94645 -0.48693 -0.49768 0.66033 -0.33219 -0.45379
1403636660.213555574 6.08891 -3.92811 -0.52509 -0.49873 0.66254 -0.32975 -0.45119
1403636660.313555479 6.06948 -3.91400 -0.56316 -0.50115 0.66578 -0.32507 -0.44711
1403636660.413555384 6.05177 -3.90553 -0.59556 -0.50572 0.67184 -0.31737 -0.43835
1403636660.713555574 6.00585 -3.92796 -0.66994 -0.50126 0.65762 -0.32663 -0.45781
1403636660.813555479 5.99689 -3.94606 -0.70230 -0.50095 0.64816 -0.32812 -0.47039
1403636661.013555527 5.99535 -3.98333 -0.78359 -0.49917 0.64234 -0.33203 -0.47748
1403636661.213555574 6.01827 -4.02056 -0.87783 -0.49155 0.64500 -0.34321 -0.47388
1403636661.413555384 6.05803 -4.04555 -0.95445 -0.48981 0.64592 -0.34618 -0.47227
1403636661.613555431 6.10996 -4.06225 -1.00019 -0.48961 0.64954 -0.34783 -0.46625
1403636661.813555479 6.16949 -4.06949 -1.01615 -0.48346 0.65103 -0.35851 -0.46249
1403636662.013555527 6.22820 -4.06451 -1.00524 -0.48090 0.65060 -0.36425 -0.46128
1403636662.313555479 6.30993 -4.02739 -0.97285 -0.49120 0.64652 -0.34871 -0.46812
1403636662.513555527 6.37065 -3.99250 -0.97704 -0.49803 0.65291 -0.33581 -0.46142
1403636662.613555431 6.40647 -3.97570 -0.98640 -0.49570 0.65916 -0.33767 -0.45362
1403636662.713555574 6.44255 -3.96175 -0.99850 -0.48625 0.66569 -0.34906 -0.44561
1403636662.913555384 6.50193 -3.93725 -1.03607 -0.48022 0.67114 -0.35481 -0.43939
1403636663.013555527 6.52515 -3.92431 -1.06049 -0.48074 0.67577 -0.35295 -0.43320
1403636663.113555431 6.54263 -3.91326 -1.08009 -0.47789 0.68112 -0.35570 -0.42564
1403636663.313555479 6.55216 -3.90152 -1.10713 -0.49095 0.67574 -0.33629 -0.43504
1403636663.413555384 6.55119 -3.90000 -1.12830 -0.50076 0.67239 -0.32228 -0.43962
1403636663.513555527 6.55045 -3.90500 -1.15486 -0.50727 0.67232 -0.31253 -0.43930
1403636663.713555574 6.55233 -3.94291 -1.21582 -0.51345 0.67099 -0.30417 -0.44001
1403636663.913555384 6.56493 -4.02165 -1.26005 -0.52060 0.65504 -0.29903 -0.45878
1403636664.013555527 6.58170 -4.07693 -1.26940 -0.52130 0.64434 -0.30150 -0.47135
1403636664.113555431 6.60944 -4.13766 -1.27297 -0.51866 0.64050 -0.30929 -0.47443
1403636664.213555574 6.64628 -4.20333 -1.27172 -0.51285 0.63927 -0.32238 -0.47370
1403636664.313555479 6.68982 -4.26972 -1.27439 -0.50811 0.63762 -0.33443 -0.47267
1403636664.413555384 6.73877 -4.33440 -1.29342 -0.50654 0.63616 -0.34195 -0.47094
1403636664.513555527 6.79237 -4.39649 -1.32403 -0.50633 0.63444 -0.34787 -0.46915
1403636664.613555431 6.85006 -4.45710 -1.35605 -0.50420 0.63463 -0.35760 -0.46384
1403636664.713555574 6.91155 -4.51278 -1.38260 -0.50371 0.63515 -0.36443 -0.45832
1403636664.813555479 6.97397 -4.56557 -1.40153 -0.51038 0.63290 -0.36005 -0.45751
1403636664.913555384 7.03849 -4.61613 -1.41254 -0.51274 0.63171 -0.36176 -0.45515
1403636665.013555527 7.10459 -4.66624 -1.41876 -0.51624 0.63433 -0.36068 -0.44837
1403636665.113555431 7.17206 -4.71291 -1.41672 -0.52042 0.63800 -0.35757 -0.44075
1403636665.213555574 7.23961 -4.75987 -1.40712 -0.52064 0.64091 -0.35923 -0.43488
1403636665.313555479 7.30654 -4.80781 -1.39381 -0.51373 0.64089 -0.36993 -0.43416
1403636665.413555384 7.37061 -4.85523 -1.38037 -0.51305 0.63909 -0.37110 -0.43661
1403636665.513555527 7.43315 -4.90135 -1.36828 -0.51850 0.63658 -0.36172 -0.44168
1403636665.613555431 7.49623 -4.94611 -1.35424 -0.52337 0.63427 -0.35280 -0.44645
1403636665.813555479 7.62726 -5.03704 -1.32119 -0.52019 0.63157 -0.35174 -0.45475
1403636665.913555384 7.69727 -5.08443 -1.30217 -0.50938 0.63595 -0.36504 -0.45038
1403636666.013555527 7.76755 -5.12902 -1.28607 -0.50170 0.64162 -0.37354 -0.44395
1403636666.113555431 7.83518 -5.17041 -1.27563 -0.50041 0.64234 -0.37429 -0.44374
1403636666.313555479 7.96377 -5.24234 -1.27294 -0.50106 0.63833 -0.37288 -0.44994
1403636666.413555384 8.02599 -5.27295 -1.27844 -0.49862 0.63986 -0.37766 -0.44647
1403636666.513555527 8.08730 -5.29997 -1.28051 -0.49946 0.64191 -0.37860 -0.44176
1403636666.613555431 8.14626 -5.32256 -1.27474 -0.50540 0.64228 -0.37233 -0.43979
1403636666.713555574 8.20310 -5.34298 -1.26246 -0.51348 0.64196 -0.36344 -0.43834
1403636666.813555479 8.25955 -5.36288 -1.24770 -0.51882 0.64431 -0.35803 -0.43302
1403636666.913555384 8.31486 -5.38597 -1.23702 -0.51797 0.65370 -0.36008 -0.41801
1403636667.013555527 8.36648 -5.41111 -1.23261 -0.51397 0.66089 -0.36570 -0.40659
1403636667.113555431 8.41148 -5.44018 -1.23133 -0.51281 0.65511 -0.36848 -0.41483
1403636667.213555574 8.45145 -5.47222 -1.23349 -0.51389 0.64153 -0.36865 -0.43411
1403636667.313555479 8.49002 -5.50392 -1.24058 -0.51671 0.63173 -0.36606 -0.44713
1403636667.513555527 8.57319 -5.55927 -1.26693 -0.52145 0.63205 -0.36132 -0.44502
1403636667.613555431 8.61810 -5.58544 -1.28055 -0.52213 0.64011 -0.36043 -0.43328
1403636667.713555574 8.66182 -5.61219 -1.28534 -0.52060 0.64532 -0.36293 -0.42524
1403636667.913555384 8.74150 -5.67094 -1.27731 -0.51651 0.64685 -0.36701 -0.42438
1403636668.313555479 8.87418 -5.80329 -1.31434 -0.52001 0.64598 -0.35078 -0.43504
1403636668.613555431 8.97620 -5.92423 -1.38466 -0.51511 0.64657 -0.34781 -0.44230
1403636668.913555384 9.09750 -6.06236 -1.45309 -0.51956 0.63298 -0.33543 -0.46570
1403636669.013555527 9.15166 -6.11203 -1.46256 -0.51420 0.63359 -0.34279 -0.46546
1403636669.113555431 9.20907 -6.15740 -1.46290 -0.50767 0.63597 -0.35139 -0.46297
1403636669.313555479 9.33334 -6.23927 -1.47037 -0.50356 0.63733 -0.35479 -0.46299
1403636669.513555527 9.46881 -6.31267 -1.49935 -0.50045 0.63526 -0.35912 -0.46587
1403636669.613555431 9.54029 -6.34621 -1.51695 -0.49790 0.63005 -0.36345 -0.47227
1403636669.713555574 9.61332 -6.37382 -1.53353 -0.49477 0.62438 -0.36941 -0.47842
1403636669.813555479 9.68738 -6.39143 -1.54284 -0.48963 0.62628 -0.37884 -0.47383
1403636669.913555384 9.76342 -6.39946 -1.54527 -0.47933 0.63886 -0.39556 -0.45347
1403636670.013555527 9.83194 -6.39792 -1.53987 -0.47551 0.64891 -0.40136 -0.43785
1403636670.113555431 9.89064 -6.38595 -1.52935 -0.47489 0.65394 -0.40481 -0.42776
1403636670.213555574 9.93865 -6.36731 -1.51449 -0.46983 0.65268 -0.41852 -0.42203
1403636670.313555479 9.97481 -6.34094 -1.50330 -0.46411 0.64998 -0.43436 -0.41649
1403636670.413555384 9.99895 -6.30592 -1.49897 -0.46611 0.64829 -0.44327 -0.40741
1403636670.513555527 10.00858 -6.26179 -1.49467 -0.47276 0.64500 -0.45204 -0.39514
1403636670.613555431 10.00063 -6.20881 -1.48390 -0.48445 0.63694 -0.46069 -0.38390
1403636670.713555574 9.97415 -6.14901 -1.46507 -0.49898 0.62505 -0.46881 -0.37488
1403636670.813555479 9.92970 -6.08380 -1.44217 -0.51253 0.61215 -0.48030 -0.36318
1403636671.013555527 9.78521 -5.93322 -1.39909 -0.53528 0.58077 -0.51778 -0.32877
1403636671.113555431 9.67770 -5.84791 -1.36666 -0.55597 0.55686 -0.52831 -0.31890
1403636671.213555574 9.54548 -5.75729 -1.32788 0.58076 -0.53443 0.53002 0.31012
1403636671.313555479 9.39110 -5.66213 -1.28544 0.60879 -0.51544 0.51906 0.30705
1403636671.413555384 9.22216 -5.56549 -1.24446 0.64244 -0.49333 0.49568 0.31337
1403636671.513555527 9.04982 -5.46957 -1.20800 0.67083 -0.47549 0.47717 0.31018
1403636671.613555431 8.87864 -5.37749 -1.17787 0.69049 -0.46642 0.46467 0.29958
1403636671.713555574 8.71123 -5.29320 -1.15317 0.70331 -0.46298 0.45524 0.28941
1403636671.813555479 8.54956 -5.21843 -1.13294 0.71198 -0.46092 0.44714 0.28408
1403636671.913555384 8.39600 -5.15416 -1.11356 0.71882 -0.46303 0.43731 0.27869
1403636672.013555527 8.25206 -5.10307 -1.08656 0.72656 -0.46472 0.42333 0.27739
1403636672.113555431 8.12223 -5.06837 -1.04927 0.73153 -0.45901 0.41373 0.28809
1403636672.213555574 8.00889 -5.04659 -1.00387 0.73269 -0.45418 0.40933 0.29890
1403636672.313555479 7.91282 -5.03717 -0.95902 0.73184 -0.45132 0.40786 0.30719
1403636672.413555384 7.83286 -5.03751 -0.91939 0.73001 -0.44132 0.40995 0.32290
1403636672.513555527 7.76769 -5.04642 -0.89168 0.71843 -0.43403 0.42827 0.33475
1403636672.613555431 7.71407 -5.05398 -0.88115 0.70127 -0.43394 0.45520 0.33571
1403636672.713555574 7.66638 -5.05931 -0.88827 0.69095 -0.43870 0.47047 0.32981
1403636672.813555479 7.62497 -5.06230 -0.91473 0.69341 -0.44596 0.46908 0.31666
1403636672.913555384 7.58945 -5.06494 -0.93819 0.69954 -0.44107 0.46959 0.30918
1403636673.013555527 7.56066 -5.06643 -0.95582 0.70815 -0.42926 0.47203 0.30240
1403636673.113555431 7.53775 -5.06805 -0.96731 0.71827 -0.41642 0.47286 0.29510
1403636673.213555574 7.52113 -5.07143 -0.97058 0.73118 -0.41050 0.46577 0.28270
1403636673.313555479 7.51087 -5.07710 -0.96784 0.74289 -0.40669 0.45678 0.27214
1403636673.513555527 7.52063 -5.10648 -0.95560 0.74914 -0.39916 0.45714 0.26547
1403636673.613555431 7.53971 -5.13150 -0.95574 0.74566 -0.39360 0.46564 0.26878
1403636673.713555574 7.56676 -5.16015 -0.95913 0.73926 -0.38774 0.47764 0.27387
1403636673.813555479 7.60070 -5.18874 -0.96177 0.73254 -0.38205 0.48937 0.27918
1403636674.113555431 7.72463 -5.25647 -0.96244 0.73235 -0.38102 0.49065 0.27884
1403636674.313555479 7.83127 -5.29396 -0.98458 0.72453 -0.38704 0.50153 0.27152
1403636674.413555384 7.88896 -5.30972 -1.00819 0.72140 -0.39196 0.50887 0.25883
1403636674.513555527 7.94726 -5.32522 -1.03649 0.72092 -0.38891 0.51770 0.24702
1403636674.613555431 8.00225 -5.34081 -1.07034 0.72380 -0.38102 0.52265 0.24036
1403636674.713555574 8.05511 -5.35837 -1.10724 0.72747 -0.37362 0.52495 0.23586
1403636674.813555479 8.10383 -5.37650 -1.14882 0.73656 -0.37224 0.51748 0.22611
1403636674.913555384 8.14944 -5.39839 -1.18526 0.74587 -0.37303 0.50734 0.21710
1403636675.013555527 8.19495 -5.42691 -1.21351 0.75291 -0.37419 0.49852 0.21115
1403636675.213555574 8.29257 -5.50789 -1.24137 0.76444 -0.36300 0.48328 0.22431
1403636675.313555479 8.35403 -5.56376 -1.24453 0.76675 -0.35589 0.47968 0.23525
1403636675.413555384 8.42300 -5.62235 -1.23980 0.76217 -0.34658 0.48896 0.24474
1403636675.513555527 8.49984 -5.68123 -1.23701 0.75891 -0.33442 0.50071 0.24801
1403636675.613555431 8.58092 -5.73678 -1.24006 0.75758 -0.32041 0.51015 0.25132
1403636675.713555574 8.66612 -5.78687 -1.24901 0.75752 -0.30876 0.51903 0.24785
1403636675.813555479 8.75519 -5.83015 -1.26381 0.75518 -0.30121 0.53385 0.23235
1403636675.913555384 8.84528 -5.86814 -1.28583 0.75417 -0.29926 0.54786 0.20379
1403636676.013555527 8.93239 -5.90274 -1.31307 0.75992 -0.29290 0.55243 0.17763
1403636676.113555431 9.01375 -5.93684 -1.34249 0.76985 -0.27618 0.55112 0.16530
1403636676.213555574 9.09188 -5.97213 -1.37397 0.78160 -0.24891 0.54749 0.16550
1403636676.313555479 9.17024 -6.01043 -1.41317 0.79422 -0.21894 0.54197 0.16600
1403636676.413555384 9.24921 -6.03778 -1.43697 0.80264 -0.18928 0.54120 0.16444
1403636676.513555527 9.33398 -6.06293 -1.45870 0.80901 -0.16974 0.54249 0.14963
1403636676.613555431 9.42179 -6.08095 -1.47207 0.81069 -0.15881 0.54884 0.12784
1403636676.713555574 9.51157 -6.09732 -1.46849 0.81012 -0.15280 0.55509 0.11060
1403636676.813555479 9.59668 -6.10295 -1.47034 0.80906 -0.15036 0.55989 0.09663
1403636676.913555384 9.69142 -6.11619 -1.45982 0.80903 -0.14824 0.56239 0.08498
1403636677.113555431 9.86324 -6.14454 -1.47582 0.80947 -0.13785 0.56355 0.09039
1403636677.313555479 10.03567 -6.16848 -1.53081 0.80575 -0.12738 0.56951 0.10098
1403636677.413555384 10.12682 -6.17470 -1.55041 0.80003 -0.11755 0.57987 0.09941
1403636677.513555527 10.21692 -6.16739 -1.55529 0.79455 -0.10744 0.59068 0.09080
1403636677.613555431 10.28439 -6.17437 -1.57129 0.79326 -0.09695 0.59623 0.07646
1403636677.713555574 10.35734 -6.16402 -1.56795 0.79591 -0.08635 0.59645 0.05762
1403636677.813555479 10.42074 -6.15364 -1.56304 0.80280 -0.07431 0.59054 0.03543
1403636677.913555384 10.47379 -6.14534 -1.55805 0.81101 -0.06174 0.58170 0.00865
1403636678.013555527 10.52754 -6.13845 -1.54655 0.81684 -0.04302 0.57516 -0.01074
1403636678.113555431 10.57745 -6.13745 -1.53898 0.81796 -0.02091 0.57459 -0.01886
1403636678.213555574 10.62432 -6.14187 -1.53825 0.81793 0.00002 0.57502 -0.01869
1403636678.313555479 10.67046 -6.14822 -1.54003 0.81733 0.01770 0.57551 -0.02138
1403636678.413555384 10.71575 -6.15377 -1.53742 0.81716 0.03103 0.57465 -0.03257
1403636678.513555527 10.75997 -6.15949 -1.52841 0.81743 0.04652 0.57257 -0.04240
1403636678.613555431 10.80262 -6.16484 -1.51246 0.81580 0.06384 0.57220 -0.05451
1403636678.813555479 10.88337 -6.17188 -1.48600 0.80916 0.12147 0.57161 -0.06140
1403636678.913555384 10.92219 -6.17088 -1.48218 0.80542 0.14964 0.57022 -0.06123
1403636679.013555527 10.95853 -6.16324 -1.48418 0.80188 0.16974 0.56858 -0.06989
1403636679.113555431 10.99086 -6.14777 -1.49104 0.79694 0.18412 0.56864 -0.08739
1403636679.213555574 11.01909 -6.12548 -1.50256 0.79092 0.19313 0.56911 -0.11515
1403636679.313555479 11.04314 -6.09989 -1.51212 0.78460 0.20376 0.56776 -0.14327
1403636679.413555384 11.06244 -6.07453 -1.51511 0.77848 0.22044 0.56425 -0.16429
1403636679.513555527 11.07820 -6.05168 -1.51064 0.77326 0.23903 0.55889 -0.18049
1403636679.613555431 11.09164 -6.03199 -1.49941 0.76983 0.25410 0.55314 -0.19191
1403636679.713555574 11.10153 -6.01728 -1.48128 0.76872 0.26559 0.54694 -0.19849
1403636679.813555479 11.11022 -6.00579 -1.45620 0.76402 0.27396 0.54851 -0.20088
1403636679.913555384 11.11798 -5.99525 -1.42224 0.75656 0.27979 0.55627 -0.19975
1403636680.013555527 11.12204 -5.98590 -1.38344 0.75293 0.28668 0.56053 -0.19160
1403636680.113555431 11.11797 -5.97797 -1.34067 0.74880 0.29523 0.56614 -0.17782
1403636680.313555479 11.08471 -5.95387 -1.26788 0.74618 0.29558 0.57143 -0.17124
1403636680.513555527 11.01571 -5.91673 -1.22369 0.75125 0.30195 0.56701 -0.15150
1403636680.713555574 10.91263 -5.85392 -1.19976 0.75780 0.29221 0.56173 -0.15753
1403636680.813555479 10.85110 -5.81348 -1.19378 0.76438 0.28067 0.55456 -0.17152
1403636680.913555384 10.78526 -5.76986 -1.19210 0.77280 0.26722 0.54392 -0.18847
1403636681.013555527 10.71943 -5.72676 -1.19872 0.78320 0.26344 0.52939 -0.19219
1403636681.113555431 10.65786 -5.68312 -1.21098 0.79071 0.26593 0.51851 -0.18762
1403636681.313555479 10.55110 -5.58938 -1.23067 0.77704 0.27174 0.53807 -0.18124
1403636681.413555384 10.50217 -5.53861 -1.23405 0.77038 0.27031 0.54719 -0.18449
1403636681.513555527 10.45298 -5.49087 -1.23245 0.76762 0.26851 0.55028 -0.18937
1403636681.613555431 10.40045 -5.44153 -1.22858 0.76646 0.27151 0.55077 -0.18833
1403636681.713555574 10.34672 -5.39281 -1.22825 0.76515 0.27436 0.55154 -0.18730
1403636681.813555479 10.29194 -5.34228 -1.23116 0.76394 0.27613 0.55232 -0.18732
1403636681.913555384 10.23482 -5.29200 -1.23259 0.76262 0.27675 0.55312 -0.18940
1403636682.013555527 10.17638 -5.24129 -1.22724 0.76259 0.27660 0.55212 -0.19264
1403636682.113555431 10.11541 -5.19223 -1.21374 0.76267 0.27620 0.55109 -0.19583
1403636682.213555574 10.05156 -5.14464 -1.19674 0.76471 0.27608 0.54771 -0.19752
1403636682.313555479 9.98642 -5.09832 -1.18368 0.77067 0.27640 0.53932 -0.19701
1403636682.413555384 9.92212 -5.05154 -1.17779 0.77622 0.27650 0.53170 -0.19578
1403636682.613555431 9.79881 -4.95712 -1.17433 0.76812 0.27528 0.54501 -0.19281
1403636682.813555479 9.67469 -4.86212 -1.17594 0.76344 0.26945 0.55376 -0.19466
1403636683.013555527 9.54447 -4.77002 -1.15672 0.76157 0.27336 0.55788 -0.18453
1403636683.213555574 9.40099 -4.67686 -1.14113 0.76330 0.27197 0.55498 -0.18813
1403636683.313555479 9.32532 -4.63079 -1.14334 0.76413 0.27157 0.55297 -0.19125
1403636683.413555384 9.24850 -4.58533 -1.14949 0.76453 0.27184 0.55139 -0.19381
1403636683.513555527 9.17489 -4.54422 -1.16103 0.76460 0.27285 0.55016 -0.19563
1403636683.613555431 9.09980 -4.50273 -1.17543 0.76529 0.27372 0.54847 -0.19645
1403636683.713555574 9.02564 -4.46359 -1.19345 0.76787 0.27501 0.54403 -0.19695
1403636683.813555479 8.94840 -4.42269 -1.20642 0.77105 0.27615 0.53882 -0.19721
1403636683.913555384 8.87277 -4.38318 -1.21213 0.77227 0.27769 0.53600 -0.19796
1403636684.013555527 8.79843 -4.34094 -1.20941 0.77094 0.27757 0.53705 -0.20045
1403636684.113555431 8.72575 -4.29765 -1.19732 0.76824 0.27868 0.53980 -0.20190
1403636684.213555574 8.65163 -4.25733 -1.18055 0.76635 0.27965 0.54124 -0.20388
1403636684.313555479 8.57862 -4.21798 -1.15755 0.76369 0.28053 0.54377 -0.20592
1403636684.413555384 8.50614 -4.18193 -1.14023 0.76143 0.28122 0.54594 -0.20758
1403636684.513555527 8.43447 -4.14703 -1.13008 0.76105 0.27971 0.54552 -0.21205
1403636684.813555479 8.22014 -4.06423 -1.13802 0.75885 0.27799 0.54723 -0.21774
1403636685.013555527 8.08049 -4.02684 -1.16147 0.75784 0.28604 0.54921 -0.20548
1403636685.213555574 7.92988 -3.99569 -1.16657 0.76231 0.28770 0.54497 -0.19780
1403636685.413555384 7.77391 -3.95795 -1.15095 0.76515 0.28776 0.54407 -0.18904
1403636685.613555431 7.61633 -3.91489 -1.14579 0.76779 0.28100 0.54248 -0.19302
1403636685.813555479 7.45954 -3.86900 -1.15995 0.76518 0.28259 0.54678 -0.18886
1403636686.013555527 7.29370 -3.82585 -1.18920 0.76698 0.28031 0.54397 -0.19306
1403636686.113555431 7.21895 -3.79588 -1.21336 0.77019 0.27825 0.53900 -0.19716
1403636686.313555479 7.05719 -3.74646 -1.21416 0.77266 0.27600 0.53581 -0.19931
1403636686.513555527 6.90914 -3.71042 -1.19092 0.77566 0.27569 0.53143 -0.19981
1403636686.713555574 6.76472 -3.64257 -1.20835 0.77512 0.27763 0.53181 -0.19822
1403636686.913555384 6.64005 -3.59168 -1.21815 0.77173 0.27614 0.53593 -0.20236
1403636687.113555431 6.51733 -3.54220 -1.19822 0.77030 0.27521 0.53727 -0.20552
1403636687.313555479 6.40275 -3.49579 -1.17821 0.76807 0.27615 0.53972 -0.20616
1403636687.513555527 6.29823 -3.45475 -1.18455 0.76494 0.27739 0.54364 -0.20586
1403636687.713555574 6.19940 -3.42347 -1.21680 0.76360 0.27569 0.54426 -0.21142
1403636687.913555384 6.10062 -3.39817 -1.27378 0.76388 0.27755 0.54331 -0.21042
1403636688.113555431 6.00471 -3.37910 -1.34479 0.76204 0.28429 0.54581 -0.20140
1403636688.213555574 5.95566 -3.36939 -1.37377 0.76228 0.28496 0.54543 -0.20062
1403636688.313555479 5.90476 -3.36007 -1.39564 0.76295 0.28296 0.54424 -0.20405
1403636688.413555384 5.84905 -3.34815 -1.41657 0.76440 0.28187 0.54194 -0.20625
1403636688.613555431 5.74056 -3.32956 -1.46858 0.76285 0.29024 0.54403 -0.19455
1403636688.713555574 5.68587 -3.31822 -1.50009 0.76174 0.29361 0.54484 -0.19155
1403636688.813555479 5.62819 -3.30390 -1.53326 0.76183 0.29478 0.54354 -0.19309
1403636688.913555384 5.57019 -3.28513 -1.56018 0.76201 0.29849 0.53981 -0.19713
1403636689.013555527 5.51106 -3.26349 -1.57841 0.76280 0.30128 0.53457 -0.20397
1403636689.113555431 5.45263 -3.23975 -1.58838 0.76335 0.30361 0.52936 -0.21189
1403636689.213555574 5.39558 -3.21371 -1.59119 0.76399 0.30707 0.52432 -0.21706
1403636689.313555479 5.34026 -3.18659 -1.58686 0.76416 0.31005 0.52066 -0.22101
1403636689.413555384 5.29011 -3.15715 -1.57397 0.76279 0.31304 0.51999 -0.22307
1403636689.513555527 5.24386 -3.12789 -1.55209 0.76241 0.31449 0.51878 -0.22517
1403636689.613555431 5.19942 -3.09915 -1.52435 0.76458 0.31537 0.51440 -0.22660
1403636689.813555479 5.12824 -3.03928 -1.47454 0.77502 0.30832 0.49883 -0.23547
1403636689.913555384 5.10478 -3.00620 -1.45681 0.77603 0.30098 0.49783 -0.24360
1403636690.113555431 5.08243 -2.94290 -1.43339 0.77512 0.29926 0.50188 -0.24029
1403636690.313555479 5.09012 -2.88208 -1.40985 0.77327 0.30706 0.50680 -0.22566
1403636690.513555527 5.12149 -2.81444 -1.37001 0.77195 0.30387 0.50961 -0.22815
1403636690.613555431 5.14426 -2.77891 -1.35500 0.77303 0.29728 0.50806 -0.23647
1403636690.713555574 5.17276 -2.74443 -1.34598 0.77288 0.28760 0.50780 -0.24917
1403636690.813555479 5.20654 -2.71528 -1.35138 0.77193 0.27556 0.50792 -0.26498
1403636690.913555384 5.24693 -2.69442 -1.36786 0.76629 0.26771 0.51486 -0.27577
1403636691.013555527 5.29475 -2.68431 -1.38312 0.75629 0.26039 0.52747 -0.28635
1403636691.113555431 5.34835 -2.68897 -1.39189 0.74717 0.25879 0.53892 -0.29039
1403636691.213555574 5.40589 -2.70875 -1.39099 0.73787 0.26550 0.55237 -0.28273
1403636691.313555479 5.46186 -2.74517 -1.38394 0.73115 0.27935 0.56299 -0.26538
1403636691.413555384 5.51382 -2.79360 -1.37285 0.73387 0.29077 0.55923 -0.25328
1403636691.513555527 5.56055 -2.85096 -1.35337 0.74315 0.29794 0.54536 -0.24808
1403636691.613555431 5.60459 -2.91271 -1.32335 0.74775 0.30311 0.53744 -0.24525
1403636691.713555574 5.64842 -2.97776 -1.28847 0.74894 0.31263 0.53525 -0.23421
1403636691.813555479 5.68910 -3.04352 -1.25751 0.74856 0.31756 0.53521 -0.22883
1403636691.913555384 5.72549 -3.10900 -1.23385 0.74956 0.31573 0.53348 -0.23209
1403636692.013555527 5.76081 -3.17418 -1.21394 0.74563 0.31110 0.53876 -0.23872
1403636692.113555431 5.79339 -3.24182 -1.19566 0.74599 0.31060 0.53855 -0.23873
1403636692.213555574 5.82459 -3.31061 -1.17163 0.74571 0.31524 0.53962 -0.23097
1403636692.313555479 5.85178 -3.38052 -1.13989 0.74729 0.31552 0.53786 -0.22958
1403636692.413555384 5.87559 -3.44971 -1.10124 0.74943 0.31400 0.53543 -0.23036
1403636692.513555527 5.89874 -3.51780 -1.05557 0.74918 0.31740 0.53666 -0.22357
1403636692.613555431 5.91926 -3.58175 -1.00406 0.74989 0.31621 0.53640 -0.22348
1403636692.713555574 5.93617 -3.64394 -0.94797 0.75161 0.31645 0.53521 -0.22020
1403636692.813555479 5.95222 -3.70591 -0.89605 0.75300 0.32623 0.53395 -0.20362
1403636692.913555384 5.96582 -3.76242 -0.84970 0.75348 0.33309 0.53319 -0.19241
1403636693.213555574 5.98606 -3.88793 -0.73787 0.75648 0.32430 0.52854 -0.20786
1403636693.413555384 5.99319 -3.94420 -0.69414 0.76694 0.32109 0.51209 -0.21556
1403636693.513555527 5.99977 -3.96452 -0.67957 0.77329 0.32083 0.50214 -0.21667
1403636693.613555431 6.01294 -3.98466 -0.66662 0.77903 0.32285 0.49266 -0.21487
1403636693.813555479 6.05316 -3.99144 -0.65085 0.77342 0.32243 0.50047 -0.21770
1403636693.913555384 6.07788 -3.98899 -0.63947 0.76510 0.31923 0.51261 -0.22348
1403636694.013555527 6.11159 -3.98460 -0.64009 0.75611 0.31660 0.52523 -0.22845
1403636694.113555431 6.14158 -3.98089 -0.63868 0.75076 0.31543 0.53232 -0.23131
1403636694.513555527 6.25129 -3.96532 -0.61068 0.75428 0.31827 0.52674 -0.22873
1403636694.813555479 6.32452 -3.96430 -0.60428 0.75342 0.31523 0.52968 -0.22895
1403636695.013555527 6.37244 -3.96255 -0.62888 0.75834 0.30380 0.52361 -0.24179
1403636695.213555574 6.42727 -3.96533 -0.64591 0.75815 0.30739 0.52657 -0.23116
1403636695.413555384 6.48208 -3.97500 -0.63539 0.75654 0.30869 0.53135 -0.22367
1403636695.613555431 6.53831 -3.97899 -0.62058 0.75432 0.31062 0.53610 -0.21707
1403636696.013555527 6.61495 -3.99539 -0.62538 0.75956 0.30661 0.53106 -0.21688
1403636696.213555574 6.64805 -3.99921 -0.65337 0.76455 0.31161 0.52511 -0.20648
1403636696.413555384 6.67955 -3.98720 -0.68532 0.75270 0.30519 0.54260 -0.21424
1403636697.013555527 6.69894 -3.98700 -0.71785 0.75220 0.30888 0.54467 -0.20522
1403636697.213555574 6.67990 -3.98125 -0.73184 0.74724 0.32093 0.55133 -0.18623
1403636697.413555384 6.62706 -3.96032 -0.70799 0.75456 0.31306 0.54226 -0.19646
1403636697.513555527 6.59431 -3.93962 -0.68542 0.75969 0.30825 0.53540 -0.20299
1403636697.713555574 6.52801 -3.90003 -0.63058 0.76693 0.29144 0.53846 -0.19219
1403636697.813555479 6.49162 -3.87204 -0.61870 0.77354 0.27498 0.54214 -0.17916
1403636697.913555384 6.45743 -3.85898 -0.59694 0.77902 0.25836 0.54568 -0.16914
1403636698.013555527 6.42068 -3.83215 -0.58857 0.78361 0.24431 0.54765 -0.16231
1403636698.213555574 6.34899 -3.77211 -0.59239 0.78817 0.22654 0.55110 -0.15412
1403636698.413555384 6.27673 -3.71268 -0.61212 0.79459 0.20390 0.55529 -0.13678
1403636698.513555527 6.24170 -3.68278 -0.62677 0.79946 0.18816 0.55682 -0.12417
1403636698.613555431 6.20842 -3.65031 -0.64752 0.80395 0.16888 0.55930 -0.11102
1403636698.713555574 6.17474 -3.61793 -0.67143 0.80884 0.14636 0.56102 -0.09801
1403636698.813555479 6.14244 -3.58369 -0.69974 0.81339 0.12216 0.56265 -0.08303
1403636698.913555384 6.11122 -3.54891 -0.72901 0.81681 0.09624 0.56467 -0.06856
1403636699.113555431 6.05112 -3.47827 -0.76629 0.82072 0.04472 0.56801 -0.04211
1403636699.213555574 6.02305 -3.44389 -0.77320 0.82182 0.01564 0.56866 -0.03172
1403636699.313555479 5.99959 -3.40329 -0.77835 0.82317 -0.01459 0.56725 -0.02014
1403636699.413555384 5.97439 -3.38765 -0.76956 0.82354 -0.04275 0.56560 -0.00774
1403636699.513555527 5.95383 -3.36715 -0.76302 0.82304 -0.06748 0.56394 0.00573
1403636699.713555574 5.91688 -3.33717 -0.76478 0.81794 -0.11517 0.56277 0.03163
1403636699.813555479 5.90107 -3.33260 -0.77211 0.81478 -0.12834 0.56309 0.05087
1403636699.913555384 5.88619 -3.33283 -0.78180 0.81054 -0.13682 0.56586 0.06418
1403636700.113555431 5.85278 -3.34364 -0.80925 0.80656 -0.14747 0.56815 0.07011
1403636700.413555384 5.80800 -3.36397 -0.88965 0.80664 -0.16097 0.56411 0.07213
1403636700.513555527 5.79286 -3.38419 -0.92603 0.80296 -0.16710 0.56652 0.07998
1403636700.613555431 5.77774 -3.40650 -0.96572 0.79838 -0.17193 0.56988 0.09099
1403636700.713555574 5.76137 -3.43100 -1.00733 0.79457 -0.17967 0.57064 0.10367
1403636700.913555384 5.72541 -3.47647 -1.07420 0.79439 -0.19112 0.56457 0.11696
1403636701.013555527 5.70510 -3.50523 -1.09387 0.79771 -0.19438 0.55849 0.11817
1403636701.613555431 5.63813 -3.66479 -1.08731 0.80084 -0.17931 0.55981 0.11449
1403636701.813555479 5.62401 -3.72593 -1.07360 0.79801 -0.18134 0.56290 0.11593
1403636701.913555384 5.61863 -3.75763 -1.07722 0.79648 -0.19217 0.56025 0.12169
1403636702.013555527 5.61244 -3.78962 -1.08613 0.79303 -0.20698 0.55798 0.13012
1403636702.113555431 5.60596 -3.82039 -1.10077 0.78752 -0.22572 0.55592 0.14080
1403636702.213555574 5.59929 -3.85161 -1.12108 0.78156 -0.24452 0.55304 0.15336
1403636702.313555479 5.59314 -3.88110 -1.14704 0.77938 -0.25840 0.54698 0.16313
1403636702.513555527 5.58436 -3.93958 -1.21000 0.77932 -0.27193 0.53499 0.18025
1403636702.613555431 5.58347 -3.96933 -1.24725 0.77996 -0.27531 0.53082 0.18468
1403636702.713555574 5.58587 -3.99945 -1.28869 0.78158 -0.27656 0.52666 0.18782
1403636702.913555384 5.60084 -4.06170 -1.38127 0.78452 -0.27752 0.52190 0.18743
1403636703.213555574 5.65472 -4.16223 -1.47982 0.77193 -0.28242 0.54195 0.17508
1403636703.313555479 5.67491 -4.19830 -1.49889 0.76564 -0.28719 0.55082 0.16706
1403636703.513555527 5.70312 -4.27781 -1.51657 0.76874 -0.27744 0.54758 0.17951
1403636703.713555574 5.72439 -4.35770 -1.51067 0.77508 -0.27230 0.53955 0.18434
1403636703.913555384 5.74913 -4.43466 -1.51355 0.77077 -0.27327 0.54730 0.17807
1403636704.313555479 5.78934 -4.58729 -1.57085 0.77921 -0.26983 0.53856 0.17312
1403636704.513555527 5.81396 -4.66930 -1.58774 0.78528 -0.26651 0.53061 0.17541
1403636704.713555574 5.85185 -4.75562 -1.58773 0.79180 -0.26559 0.52135 0.17524
1403636704.913555384 5.90830 -4.84817 -1.61113 0.79924 -0.26580 0.51136 0.17051
1403636705.113555431 5.99245 -4.95295 -1.65208 0.80059 -0.26191 0.51069 0.17218
1403636705.213555574 6.04652 -5.00888 -1.67165 0.79168 -0.25706 0.52493 0.17779
1403636705.313555479 6.10621 -5.06432 -1.68458 0.78575 -0.25362 0.53417 0.18146
1403636705.513555527 6.23408 -5.16994 -1.69981 0.78812 -0.25554 0.53054 0.17917
1403636705.713555574 6.37497 -5.27300 -1.72879 0.79023 -0.25730 0.52690 0.17809
1403636705.813555479 6.45149 -5.32561 -1.74933 0.78627 -0.25844 0.53270 0.17668
1403636705.913555384 6.52939 -5.37730 -1.76620 0.78037 -0.26065 0.54141 0.17309
1403636706.013555527 6.60765 -5.42832 -1.77546 0.77456 -0.26557 0.55001 0.16438
1403636706.113555431 6.68374 -5.48061 -1.77799 0.76966 -0.27080 0.55709 0.15471
1403636706.313555479 6.82272 -5.59295 -1.79239 0.77444 -0.25609 0.55261 0.17112
1403636706.513555527 6.95351 -5.70150 -1.83135 0.78273 -0.24704 0.54187 0.18077
1403636706.713555574 7.08943 -5.80124 -1.85335 0.78657 -0.24739 0.53577 0.18182
1403636706.913555384 7.24079 -5.89917 -1.84978 0.78990 -0.25275 0.52900 0.17985
1403636707.013555527 7.32219 -5.94818 -1.84390 0.78766 -0.25429 0.53092 0.18180
1403636707.113555431 7.40303 -5.99554 -1.83651 0.78416 -0.25508 0.53466 0.18484
1403636707.313555479 7.57263 -6.08654 -1.81627 0.78352 -0.25940 0.53181 0.18969
1403636707.513555527 7.75208 -6.17275 -1.76832 0.78397 -0.26298 0.52921 0.19018
1403636707.713555574 7.94054 -6.25008 -1.70981 0.78315 -0.27277 0.52993 0.17731
1403636707.913555384 8.13550 -6.33530 -1.69439 0.78033 -0.27480 0.53508 0.17106
1403636708.013555527 8.22731 -6.37950 -1.70359 0.77969 -0.27095 0.53759 0.17227
1403636708.213555574 8.41510 -6.46970 -1.74096 0.77832 -0.26224 0.54284 0.17541
1403636708.313555479 8.50500 -6.51266 -1.76661 0.77454 -0.26551 0.54895 0.16803
1403636708.413555384 8.59518 -6.55904 -1.79286 0.76972 -0.27251 0.55571 0.15639
1403636708.613555431 8.76810 -6.66676 -1.82393 0.76617 -0.27192 0.56066 0.15717
1403636708.713555574 8.84088 -6.72262 -1.83622 0.76810 -0.26364 0.55790 0.17107
1403636708.813555479 8.91064 -6.77780 -1.85256 0.76907 -0.25549 0.55577 0.18542
1403636709.013555527 9.04679 -6.88179 -1.89117 0.76536 -0.25504 0.55708 0.19709
1403636709.213555574 9.17340 -6.94966 -1.89668 0.76437 -0.25898 0.55440 0.20324
1403636709.413555384 9.29066 -6.99444 -1.88691 0.77105 -0.26203 0.54350 0.20353
1403636709.713555574 9.47592 -7.03107 -1.90702 0.77517 -0.26158 0.53834 0.20216
1403636709.913555384 9.60788 -7.02823 -1.93044 0.77558 -0.25923 0.53967 0.20007
1403636710.113555431 9.74977 -7.02566 -1.92375 0.77523 -0.25604 0.54244 0.19805
1403636710.313555479 9.90032 -7.00568 -1.93798 0.77382 -0.25535 0.54778 0.18955
1403636710.413555384 9.97446 -6.97801 -1.94935 0.77238 -0.25922 0.55313 0.17399
1403636710.513555527 10.05434 -6.96488 -1.97785 0.77335 -0.25737 0.55741 0.15809
1403636710.613555431 10.12578 -6.94841 -2.00366 0.77510 -0.25054 0.56125 0.14644
1403636710.713555574 10.19299 -6.93420 -2.03393 0.77813 -0.23808 0.56457 0.13817
1403636710.813555479 10.25611 -6.92187 -2.06173 0.78243 -0.21912 0.56731 0.13394
1403636710.913555384 10.31541 -6.91381 -2.08367 0.78888 -0.19653 0.56730 0.13120
1403636711.013555527 10.37277 -6.90159 -2.10087 0.79462 -0.17544 0.56624 0.13108
1403636711.113555431 10.42915 -6.89010 -2.11162 0.79736 -0.16168 0.56687 0.12936
1403636711.213555574 10.48178 -6.87219 -2.11684 0.79804 -0.15308 0.56853 0.12833
1403636711.313555479 10.53273 -6.85077 -2.12078 0.79755 -0.15024 0.57076 0.12476
1403636711.413555384 10.58300 -6.82556 -2.12061 0.79348 -0.15142 0.57704 0.12037
1403636711.513555527 10.62994 -6.79504 -2.11528 0.78485 -0.15229 0.58865 0.11959
1403636711.613555431 10.67307 -6.76151 -2.10861 0.77988 -0.15067 0.59448 0.12520
1403636711.913555384 10.75505 -6.63118 -2.08180 0.78473 -0.16158 0.58606 0.12090
1403636712.013555527 10.76487 -6.58755 -2.07230 0.78729 -0.17073 0.58211 0.11036
1403636712.113555431 10.78228 -6.52721 -2.04975 0.78736 -0.17712 0.58155 0.10241
1403636712.313555479 10.79295 -6.43553 -1.99779 0.78990 -0.15686 0.58307 0.10715
1403636712.413555384 10.79375 -6.38694 -1.96483 0.79199 -0.13971 0.58455 0.10738
1403636712.513555527 10.79124 -6.33445 -1.92633 0.79270 -0.12581 0.58726 0.10450
1403636712.613555431 10.78349 -6.28225 -1.89921 0.79180 -0.11670 0.59149 0.09785
1403636712.713555574 10.77289 -6.22128 -1.85178 0.78867 -0.11151 0.59800 0.08921
1403636712.813555479 10.75714 -6.16136 -1.82173 0.78891 -0.10777 0.59928 0.08289
1403636712.913555384 10.73221 -6.10123 -1.80120 0.79209 -0.10586 0.59587 0.07956
1403636713.113555431 10.66986 -5.97377 -1.76359 0.79515 -0.10426 0.59239 0.07705
1403636713.213555574 10.63291 -5.90707 -1.73865 0.79687 -0.10493 0.59034 0.07403
1403636713.413555384 10.54036 -5.78275 -1.66229 0.80063 -0.10711 0.58519 0.07126
1403636713.613555431 10.45257 -5.65101 -1.57611 0.80219 -0.11500 0.58242 0.06369
1403636713.813555479 10.35083 -5.53462 -1.50861 0.80396 -0.12454 0.57878 0.05615
1403636714.013555527 10.23997 -5.43786 -1.46534 0.80523 -0.12472 0.57623 0.06327
1403636714.213555574 10.12761 -5.34928 -1.43914 0.80409 -0.12414 0.57682 0.07293
1403636714.413555384 10.00881 -5.27038 -1.42944 0.80512 -0.13069 0.57421 0.07054
1403636714.513555527 9.94974 -5.23224 -1.43306 0.81078 -0.12876 0.56699 0.06772
1403636714.613555431 9.88926 -5.19960 -1.43817 0.81611 -0.12204 0.56164 0.06020
1403636714.713555574 9.83585 -5.16757 -1.44399 0.82027 -0.10791 0.55929 0.05210
1403636714.813555479 9.78399 -5.14250 -1.43998 0.82340 -0.08679 0.55910 0.04335
1403636714.913555384 9.73501 -5.11563 -1.42796 0.82538 -0.06178 0.56016 0.03397
1403636715.013555527 9.69176 -5.08999 -1.40894 0.82741 -0.03954 0.55975 0.02227
1403636715.113555431 9.65346 -5.06509 -1.38339 0.82910 -0.02114 0.55852 0.01422
1403636715.213555574 9.61924 -5.04193 -1.35503 0.82971 -0.00948 0.55807 0.00746
1403636715.313555479 9.58985 -5.01964 -1.33007 0.82801 -0.00392 0.56070 0.00053
1403636715.413555384 9.56633 -4.99840 -1.31187 0.82497 -0.00284 0.56514 -0.00608
1403636715.713555574 9.50276 -4.94933 -1.30034 0.81297 -0.01158 0.58184 -0.02009
1403636715.813555479 9.48191 -4.94215 -1.30299 0.80700 -0.00777 0.59040 -0.01072
1403636716.013555527 9.42782 -4.93115 -1.29238 0.79939 -0.00653 0.60077 -0.00135
1403636716.213555574 9.35034 -4.92023 -1.26421 0.80739 -0.01437 0.58984 -0.00254
1403636716.413555384 9.25779 -4.91323 -1.23836 0.81385 -0.02078 0.58071 0.00026
1403636716.713555574 9.12027 -4.90960 -1.24815 0.81379 -0.01187 0.58103 0.00027
1403636716.813555479 9.07318 -4.90700 -1.26225 0.81351 -0.00178 0.58149 -0.00787
1403636716.913555384 9.02512 -4.90130 -1.27507 0.81373 0.01229 0.58080 -0.01915
1403636717.013555527 8.97545 -4.89579 -1.28223 0.81367 0.03169 0.57959 -0.03174
1403636717.113555431 8.92551 -4.89098 -1.28206 0.81306 0.05173 0.57817 -0.04434
1403636717.313555479 8.82153 -4.88419 -1.27029 0.81119 0.08313 0.57645 -0.05259
1403636717.513555527 8.71931 -4.87436 -1.25685 0.80848 0.10307 0.57757 -0.04636
1403636717.713555574 8.61089 -4.84670 -1.26437 0.80815 0.09939 0.57788 -0.05544
1403636717.913555384 8.49861 -4.80189 -1.28430 0.80763 0.11389 0.57589 -0.05580
1403636718.013555527 8.44193 -4.76888 -1.28497 0.80583 0.12626 0.57519 -0.06206
1403636718.113555431 8.38092 -4.73115 -1.27913 0.80400 0.13865 0.57317 -0.07637
1403636718.213555574 8.31874 -4.68998 -1.27230 0.80253 0.14963 0.56991 -0.09363
1403636718.313555479 8.25547 -4.64760 -1.27331 0.80168 0.15828 0.56631 -0.10746
1403636718.413555384 8.19124 -4.60313 -1.28145 0.80037 0.16829 0.56279 -0.11981
1403636718.513555527 8.12866 -4.55643 -1.29558 0.79804 0.17852 0.55980 -0.13376
1403636718.613555431 8.06768 -4.51023 -1.31435 0.79665 0.18570 0.55602 -0.14730
1403636718.713555574 8.01436 -4.46920 -1.33830 0.79655 0.18940 0.55102 -0.16128
1403636718.813555479 7.96397 -4.43281 -1.36362 0.79465 0.19715 0.55001 -0.16476
1403636718.913555384 7.91663 -4.39570 -1.39330 0.79181 0.20783 0.55180 -0.15926
1403636719.113555431 7.82455 -4.33217 -1.42090 0.78561 0.21781 0.55832 -0.15382
1403636719.313555479 7.73126 -4.26682 -1.41967 0.77910 0.21343 0.56763 -0.15888
1403636719.513555527 7.63043 -4.21368 -1.45039 0.77749 0.20798 0.57105 -0.16169
1403636719.613555431 7.57300 -4.18795 -1.47112 0.78133 0.20574 0.56666 -0.16151
1403636719.713555574 7.51599 -4.16745 -1.48464 0.78599 0.20445 0.56148 -0.15861
1403636719.913555384 7.40196 -4.13078 -1.48594 0.79082 0.19911 0.55748 -0.15547
1403636720.113555431 7.29302 -4.10014 -1.48664 0.79328 0.19687 0.55555 -0.15267
1403636720.313555479 7.19216 -4.07371 -1.50796 0.79413 0.19594 0.55434 -0.15387
1403636720.513555527 7.09909 -4.05376 -1.54313 0.79440 0.19707 0.55287 -0.15630
1403636720.713555574 7.01329 -4.04098 -1.55320 0.79349 0.19882 0.55305 -0.15804
1403636720.913555384 6.93877 -4.03746 -1.54283 0.79712 0.18729 0.55458 -0.14818
1403636721.013555527 6.90824 -4.03863 -1.54405 0.79834 0.17574 0.55807 -0.14254
1403636721.113555431 6.87783 -4.04042 -1.55205 0.79944 0.16264 0.56202 -0.13628
1403636721.213555574 6.84661 -4.04415 -1.56265 0.80030 0.14821 0.56698 -0.12686
1403636721.313555479 6.81551 -4.05014 -1.56807 0.80090 0.13579 0.57083 -0.11948
1403636721.413555384 6.78481 -4.05905 -1.56496 0.80179 0.12721 0.57312 -0.11175
1403636721.513555527 6.75429 -4.06963 -1.55850 0.80361 0.12044 0.57336 -0.10473
1403636721.713555574 6.68931 -4.09502 -1.55615 0.80710 0.10729 0.57372 -0.08903
1403636721.913555384 6.62091 -4.12087 -1.57407 0.80747 0.10291 0.57486 -0.08326
1403636722.213555574 6.51632 -4.15143 -1.58988 0.80713 0.10980 0.57468 -0.07895
1403636722.613555431 6.36666 -4.17685 -1.59069 0.80869 0.10149 0.57435 -0.07643
1403636722.813555479 6.28924 -4.18479 -1.60807 0.80967 0.09956 0.57411 -0.07005
1403636723.213555574 6.13769 -4.18306 -1.57789 0.80988 0.09411 0.57408 -0.07527
1403636723.513555527 6.02340 -4.17982 -1.57419 0.80717 0.08610 0.58114 -0.05788
1403636723.613555431 5.98769 -4.17483 -1.56832 0.80084 0.07368 0.59165 -0.05636
1403636723.813555479 5.90696 -4.16494 -1.54879 0.80911 0.05887 0.58265 -0.04903
1403636724.013555527 5.81394 -4.15483 -1.54012 0.81894 0.04863 0.57010 -0.04425
1403636724.113555431 5.76835 -4.15152 -1.54263 0.82353 0.04023 0.56459 -0.03769
1403636724.213555574 5.72361 -4.14951 -1.55106 0.82484 0.02803 0.56393 -0.02882
1403636724.313555479 5.68541 -4.14795 -1.56163 0.82447 0.01360 0.56548 -0.01699
1403636724.413555384 5.65124 -4.14583 -1.56873 0.82173 -0.00193 0.56985 -0.00487
1403636724.513555527 5.61602 -4.14251 -1.57058 0.81881 -0.01387 0.57388 0.00499
1403636724.813555479 5.52859 -4.12203 -1.53654 0.81706 -0.03100 0.57546 0.01750
1403636725.113555431 5.44257 -4.09227 -1.43434 0.81872 -0.03649 0.57301 0.00553
1403636725.513555527 5.35481 -4.06706 -1.29723 0.81982 -0.03052 0.57174 0.00935
1403636726.313555479 5.20342 -4.03294 -1.26864 0.81713 -0.02549 0.57582 0.00886
1403636726.613555431 5.15878 -4.01531 -1.25712 0.81360 -0.03244 0.58045 -0.00895
1403636726.913555384 5.10320 -4.03117 -1.18353 0.81115 -0.02124 0.58444 -0.00273
1403636727.313555479 5.01626 -4.06233 -1.05657 0.81262 -0.00232 0.58271 0.00955
1403636727.813555479 4.88568 -4.04234 -0.93227 0.81243 -0.00384 0.58301 0.00679
1403636728.213555574 4.75585 -3.99346 -0.79387 0.81121 -0.00452 0.58468 0.00811
1403636728.513555527 4.64568 -3.92594 -0.75216 0.81150 -0.01724 0.58403 -0.00848
1403636728.713555574 4.56492 -3.89137 -0.74279 0.81194 -0.00685 0.58357 -0.01211
1403636728.813555479 4.52900 -3.87140 -0.72772 0.81225 0.01029 0.58308 -0.01262
1403636728.913555384 4.48679 -3.84973 -0.71500 0.81108 0.02543 0.58415 -0.01661
1403636729.113555431 4.40373 -3.81028 -0.69222 0.80742 0.04355 0.58777 -0.02647
1403636729.313555479 4.31314 -3.76829 -0.69093 0.80925 0.05031 0.58435 -0.03345
1403636729.613555431 4.16161 -3.69776 -0.68803 0.80937 0.05219 0.58382 -0.03665
1403636729.913555384 3.99621 -3.62278 -0.64874 0.81474 0.04953 0.57647 -0.03775
1403636730.113555431 3.88901 -3.57044 -0.64406 0.81754 0.04990 0.57247 -0.03770
1403636730.413555384 3.73607 -3.49221 -0.66592 0.81880 0.05017 0.57051 -0.03967
1403636730.513555527 3.69019 -3.46630 -0.67376 0.82299 0.05122 0.56439 -0.03895
1403636730.613555431 3.64964 -3.44102 -0.67403 0.82702 0.05090 0.55842 -0.04002
1403636730.913555384 3.54827 -3.35724 -0.62253 0.83024 0.04787 0.55355 -0.04460
1403636731.113555431 3.50482 -3.30697 -0.58804 0.82244 0.03342 0.56443 -0.06241
1403636731.313555479 3.47626 -3.27609 -0.57462 0.81402 0.03688 0.57711 -0.05434
1403636732.013555527 3.38759 -3.26557 -0.65775 0.81374 0.04393 0.57774 -0.04604
1403636732.513555527 3.31003 -3.30088 -0.75969 0.80582 0.06076 0.58843 -0.02667
1403636732.713555574 3.25116 -3.30080 -0.75287 0.79923 0.06555 0.59702 -0.02250
1403636732.913555384 3.17223 -3.28231 -0.73366 0.79973 0.05870 0.59648 -0.03454
1403636733.113555431 3.07487 -3.25676 -0.72986 0.80668 0.05904 0.58691 -0.03641
1403636733.413555384 2.91348 -3.20258 -0.68064 0.81100 0.06045 0.58061 -0.03879
1403636733.613555431 2.80504 -3.15834 -0.62847 0.81508 0.05945 0.57480 -0.04136
1403636733.913555384 2.64344 -3.08770 -0.58746 0.81764 0.06042 0.57106 -0.04138
1403636734.113555431 2.53857 -3.03575 -0.58089 0.81177 0.06094 0.57951 -0.03859
1403636734.413555384 2.37842 -2.94758 -0.54795 0.81346 0.05771 0.57692 -0.04604
1403636734.613555431 2.27468 -2.89062 -0.50599 0.81792 0.05868 0.57031 -0.04811
1403636734.913555384 2.13013 -2.81231 -0.49298 0.81974 0.06289 0.56719 -0.04866
1403636735.213555574 2.00657 -2.73363 -0.51002 0.82011 0.06097 0.56661 -0.05157
1403636735.613555431 1.87322 -2.63484 -0.43618 0.81922 0.05120 0.56918 -0.04798
1403636736.113555431 1.75755 -2.53082 -0.33447 0.81622 0.05514 0.57306 -0.04841
1403636736.213555574 1.73771 -2.51060 -0.31224 0.81312 0.06524 0.57570 -0.05622
1403636736.413555384 1.70577 -2.46776 -0.26415 0.81046 0.08398 0.57595 -0.06616
1403636736.613555431 1.66549 -2.43379 -0.23163 0.80715 0.10215 0.57837 -0.05966
1403636736.913555384 1.60307 -2.35001 -0.23178 0.80570 0.10928 0.57894 -0.06112
1403636737.113555431 1.54505 -2.29332 -0.24879 0.80577 0.10528 0.57787 -0.07558
1403636737.313555479 1.47890 -2.21893 -0.27080 0.80744 0.10699 0.57430 -0.08230
1403636737.513555527 1.41476 -2.14979 -0.28067 0.81185 0.11099 0.56702 -0.08405
1403636737.713555574 1.35929 -2.08449 -0.26153 0.81533 0.10621 0.56143 -0.09358
1403636738.113555431 1.29417 -2.00096 -0.14398 0.81586 0.10161 0.56136 -0.09440
1403636738.413555384 1.27582 -1.97201 -0.06038 0.81531 0.09949 0.56353 -0.08837
1403636738.613555431 1.27684 -1.95718 -0.03448 0.82000 0.08484 0.56047 -0.07923
1403636738.713555574 1.28568 -1.95294 -0.03525 0.82152 0.06927 0.56151 -0.07080
1403636738.813555479 1.29490 -1.95027 -0.03905 0.82008 0.04894 0.56685 -0.06134
1403636739.013555527 1.31295 -1.96191 -0.06435 0.81769 -0.00109 0.57416 -0.04143
1403636739.213555574 1.32797 -1.98759 -0.11012 0.81663 -0.04656 0.57527 -0.00327
1403636739.313555479 1.33498 -2.01156 -0.13875 0.81532 -0.06527 0.57487 0.02258
1403636739.513555527 1.34749 -2.05846 -0.18785 0.81174 -0.10292 0.57110 0.06581
1403636739.713555574 1.35027 -2.09099 -0.19524 0.80697 -0.13407 0.56920 0.08266
1403636739.913555384 1.35819 -2.13035 -0.21170 0.80510 -0.14738 0.56822 0.08500
1403636740.213555574 1.37663 -2.19608 -0.28401 0.80611 -0.13663 0.56773 0.09594
1403636740.613555431 1.38272 -2.26530 -0.41372 0.80321 -0.13315 0.57466 0.08306
1403636740.813555479 1.37356 -2.28107 -0.46233 0.80721 -0.13208 0.56997 0.07808
1403636741.113555431 1.37271 -2.33603 -0.54155 0.80359 -0.11804 0.57480 0.09961
1403636741.313555479 1.35389 -2.35597 -0.64009 0.79917 -0.13917 0.57679 0.09630
1403636741.413555384 1.34390 -2.36262 -0.69260 0.80255 -0.14899 0.57020 0.09268
1403636741.513555527 1.33317 -2.36875 -0.73919 0.80855 -0.15460 0.56020 0.09230
1403636742.013555527 1.30878 -2.42162 -0.88137 0.80996 -0.14112 0.55913 0.10683
1403636742.113555431 1.31206 -2.43361 -0.91773 0.81484 -0.13863 0.55316 0.10405
1403636742.313555479 1.32707 -2.44913 -0.96669 0.81677 -0.14058 0.55223 0.09039
1403636742.513555527 1.35092 -2.46419 -0.98569 0.80970 -0.13789 0.56381 0.08657
1403636742.813555479 1.39172 -2.49209 -1.01382 0.80325 -0.13306 0.57433 0.08506
1403636743.113555431 1.41768 -2.51882 -1.11072 0.81021 -0.14382 0.56191 0.08444
1403636743.213555574 1.42489 -2.53040 -1.14648 0.82025 -0.15105 0.54519 0.08451
1403636743.313555479 1.43747 -2.54454 -1.17588 0.82632 -0.15578 0.53439 0.08577
1403636743.613555431 1.51719 -2.60380 -1.22543 0.81711 -0.15805 0.54680 0.09139
1403636743.813555479 1.59221 -2.65625 -1.27897 0.80723 -0.15713 0.55978 0.10170
1403636743.913555384 1.63204 -2.68366 -1.31598 0.80238 -0.16250 0.56456 0.10512
1403636744.113555431 1.71321 -2.73493 -1.40745 0.79677 -0.17016 0.56820 0.11559
1403636744.213555574 1.75244 -2.76064 -1.46429 0.79369 -0.17754 0.56955 0.11895
1403636744.413555384 1.82695 -2.80337 -1.59103 0.78918 -0.19103 0.57213 0.11563
1403636744.713555574 1.91322 -2.86796 -1.81148 0.78304 -0.19706 0.58036 0.10583
1403636744.913555384 1.94716 -2.92097 -1.95989 0.78840 -0.18726 0.57380 0.11881
1403636745.013555527 1.95844 -2.94781 -2.02553 0.79318 -0.18552 0.56798 0.11769
1403636745.113555431 1.97020 -2.97362 -2.08197 0.79877 -0.18340 0.56136 0.11488
1403636745.313555479 1.99620 -3.02231 -2.16819 0.80217 -0.17588 0.55997 0.10966
1403636745.513555527 2.02824 -3.07170 -2.21843 0.79412 -0.16753 0.57339 0.11191
1403636745.713555574 2.05525 -3.11266 -2.23741 0.79082 -0.17253 0.57535 0.11751
1403636745.913555384 2.07737 -3.14455 -2.23009 0.79036 -0.17899 0.57101 0.13126
1403636746.013555527 2.08815 -3.15746 -2.22135 0.79036 -0.18075 0.56830 0.14032
1403636746.213555574 2.10736 -3.16539 -2.18121 0.78900 -0.18391 0.56616 0.15202
1403636746.313555479 2.11768 -3.16193 -2.15306 0.78101 -0.18434 0.57613 0.15530
1403636746.413555384 2.12612 -3.15069 -2.13069 0.77542 -0.18512 0.58331 0.15554
1403636746.613555431 2.13360 -3.10592 -2.11453 0.79142 -0.19344 0.56309 0.13841
1403636746.713555574 2.13744 -3.08023 -2.11865 0.80355 -0.19955 0.54704 0.12341
1403636746.813555479 2.14428 -3.05683 -2.12513 0.80777 -0.20449 0.54175 0.11041
1403636747.013555527 2.16833 -3.02238 -2.13159 0.80523 -0.20349 0.54730 0.10323
1403636747.213555574 2.20444 -3.00595 -2.10355 0.79850 -0.18885 0.55819 0.12314
1403636747.413555384 2.25137 -2.99035 -2.04545 0.79546 -0.18560 0.56141 0.13272
1403636747.913555384 2.38308 -2.91697 -1.90123 0.79363 -0.20311 0.55849 0.13029
1403636748.013555527 2.41269 -2.89990 -1.86046 0.78860 -0.21464 0.56386 0.11875
1403636748.413555384 2.51440 -2.87046 -1.75459 0.79241 -0.20698 0.55725 0.13683
1403636748.713555574 2.59202 -2.85873 -1.67480 0.78838 -0.21105 0.56254 0.13215
1403636748.913555384 2.64070 -2.85417 -1.62379 0.78474 -0.22163 0.56552 0.12350
1403636749.213555574 2.69305 -2.87125 -1.57665 0.77987 -0.23339 0.56806 0.12100
1403636749.413555384 2.70973 -2.90165 -1.53215 0.78206 -0.22281 0.56454 0.14153
1403636749.613555431 2.71892 -2.93166 -1.46966 0.78481 -0.21131 0.56112 0.15672
1403636749.813555479 2.73143 -2.95304 -1.42255 0.78067 -0.20855 0.56846 0.15464
1403636749.913555384 2.73571 -2.96155 -1.40940 0.77636 -0.20718 0.57554 0.15195
1403636750.213555574 2.72530 -2.95413 -1.38773 0.77825 -0.20196 0.57714 0.14303
1403636750.413555384 2.70091 -2.93410 -1.35167 0.78535 -0.19918 0.56995 0.13680
1403636750.613555431 2.67253 -2.90760 -1.27474 0.78835 -0.19270 0.56897 0.13287
1403636750.913555384 2.62388 -2.86076 -1.10687 0.79319 -0.18539 0.56467 0.13276
1403636751.313555479 2.55669 -2.76551 -0.88231 0.80234 -0.19026 0.55041 0.13077
1403636751.513555527 2.54314 -2.71985 -0.78437 0.79522 -0.20171 0.55948 0.11800
1403636751.613555431 2.54704 -2.69922 -0.74299 0.79256 -0.20129 0.56487 0.11072
1403636751.813555479 2.52644 -2.67426 -0.65998 0.80097 -0.19755 0.55662 0.09790
1403636752.013555527 2.51326 -2.67055 -0.59233 0.81030 -0.18352 0.54614 0.10710
1403636752.213555574 2.51589 -2.68102 -0.52716 0.80486 -0.17389 0.55656 0.11042
1403636752.313555479 2.52057 -2.68910 -0.49668 0.80067 -0.16502 0.56612 0.10587
1403636752.513555527 2.54183 -2.69623 -0.42435 0.80128 -0.13614 0.57604 0.08719
1403636752.713555574 2.53263 -2.70115 -0.34110 0.80974 -0.09953 0.57486 0.06280
1403636752.913555384 2.53597 -2.70936 -0.29252 0.81495 -0.05700 0.57530 0.04054
1403636753.013555527 2.53335 -2.70998 -0.27964 0.81671 -0.03279 0.57527 0.03120
1403636753.213555574 2.53218 -2.70138 -0.27348 0.81830 0.01456 0.57457 0.00660
1403636753.413555384 2.52912 -2.67638 -0.28761 0.81507 0.05793 0.57621 -0.01690
1403636753.513555527 2.52453 -2.66035 -0.29246 0.81382 0.06561 0.57652 -0.03178
1403636753.813555479 2.50947 -2.59362 -0.27651 0.81076 0.07120 0.57912 -0.04724
1403636754.213555574 2.46985 -2.49813 -0.27115 0.80369 0.06386 0.59022 -0.04053
1403636754.513555527 2.40748 -2.41160 -0.21890 0.80356 0.06773 0.59010 -0.03849
1403636754.613555431 2.37731 -2.37822 -0.20512 0.80488 0.07754 0.58685 -0.04210
1403636754.713555574 2.34360 -2.34163 -0.19669 0.80462 0.08908 0.58484 -0.05125
1403636754.913555384 2.27086 -2.26523 -0.19559 0.80133 0.11353 0.58316 -0.06999
1403636755.113555431 2.19692 -2.17731 -0.21197 0.79982 0.12768 0.58096 -0.08044
1403636755.313555479 2.08716 -2.10069 -0.19856 0.80418 0.13222 0.57310 -0.08583
1403636755.413555384 2.03481 -2.05826 -0.18479 0.81064 0.13373 0.56369 -0.08501
1403636755.713555574 1.89813 -1.91474 -0.14713 0.81134 0.13154 0.56366 -0.08190
1403636755.913555384 1.81450 -1.81088 -0.14492 0.80667 0.12720 0.57091 -0.08469
1403636756.113555431 1.72883 -1.70017 -0.13516 0.80444 0.12589 0.57414 -0.08591
1403636756.313555479 1.64161 -1.58654 -0.10969 0.80265 0.12596 0.57646 -0.08710
1403636756.513555527 1.54959 -1.47988 -0.09586 0.80139 0.12767 0.57767 -0.08816
1403636756.713555574 1.44681 -1.36545 -0.09618 0.79974 0.12875 0.57943 -0.09005
1403636756.913555384 1.33936 -1.26438 -0.08317 0.79898 0.12969 0.57995 -0.09204
1403636757.113555431 1.21944 -1.16262 -0.05520 0.79898 0.12962 0.57948 -0.09501
1403636757.313555479 1.08390 -1.06096 -0.04230 0.79950 0.13201 0.57856 -0.09293
1403636757.513555527 0.95652 -0.96480 -0.05290 0.80308 0.13784 0.57276 -0.08948
1403636757.613555431 0.89118 -0.91923 -0.05215 0.80775 0.14488 0.56410 -0.09138
1403636757.713555574 0.82708 -0.86466 -0.04571 0.81373 0.15192 0.55305 -0.09429
1403636757.913555384 0.69665 -0.73396 -0.00044 0.81848 0.16047 0.54191 -0.10331
1403636758.013555527 0.64867 -0.66948 0.03516 0.81215 0.16122 0.55004 -0.10902
1403636758.213555574 0.55498 -0.53995 0.08624 0.79812 0.16060 0.56855 -0.11820
1403636758.313555479 0.51315 -0.48097 0.10039 0.79582 0.15908 0.57148 -0.12153
1403636758.513555527 0.41153 -0.35885 0.10584 0.81290 0.15350 0.54677 -0.12916
1403636758.613555431 0.36865 -0.29562 0.09762 0.82447 0.14733 0.52893 -0.13702
1403636758.713555574 0.32682 -0.24128 0.09376 0.82222 0.14564 0.53277 -0.13750
1403636758.813555479 0.32589 -0.19675 0.08515 0.81260 0.14593 0.54782 -0.13518
1403636759.013555527 0.30115 -0.11098 0.06404 0.79998 0.15185 0.56677 -0.12553
1403636759.113555431 0.28620 -0.07016 0.05055 0.79857 0.14605 0.56833 -0.13400
1403636759.313555479 0.26502 -0.01081 0.01036 0.79975 0.12737 0.56386 -0.16198
1403636759.413555384 0.25834 0.00552 -0.01530 0.79834 0.13664 0.56709 -0.14963
1403636759.613555431 0.24218 0.01670 -0.07409 0.79486 0.15423 0.57275 -0.12790
1403636759.913555384 0.20352 0.01679 -0.10717 0.79716 0.15965 0.56914 -0.12301
1403636760.013555527 0.18810 0.01496 -0.11406 0.80315 0.16030 0.56077 -0.12162
1403636760.113555431 0.17262 0.01133 -0.12316 0.80834 0.16003 0.55345 -0.12115
1403636760.313555479 0.15202 0.01118 -0.14512 0.80007 0.15659 0.56542 -0.12514
1403636760.513555527 0.13297 0.00700 -0.17576 0.79516 0.15973 0.57244 -0.12053
1403636760.613555431 0.12079 0.00465 -0.19256 0.80109 0.16235 0.56397 -0.11764
1403636760.913555384 0.08278 0.00515 -0.23657 0.79864 0.17006 0.56662 -0.11043
1403636761.013555527 0.06976 0.00992 -0.24955 0.80100 0.16980 0.56310 -0.11174
1403636761.113555431 0.05643 0.01763 -0.26394 0.80776 0.16844 0.55324 -0.11438
1403636761.213555574 0.04383 0.02634 -0.27899 0.81575 0.17014 0.54114 -0.11303
1403636761.413555384 0.03702 0.05701 -0.29773 0.81366 0.16924 0.54421 -0.11466
1403636761.513555527 0.03834 0.07438 -0.29774 0.80520 0.16744 0.55682 -0.11653
1403636761.613555431 0.05348 0.10062 -0.30371 0.79921 0.16502 0.56566 -0.11856
1403636761.713555574 0.04890 0.11355 -0.29770 0.79807 0.15761 0.56739 -0.12769
1403636762.013555527 0.04658 0.14257 -0.27615 0.79839 0.15634 0.56751 -0.12678
1403636762.113555431 0.06968 0.15562 -0.28258 0.79581 0.16846 0.57149 -0.10821
1403636762.313555479 0.06406 0.17445 -0.26911 0.80773 0.17408 0.55474 -0.09764
1403636762.413555384 0.06129 0.19104 -0.27251 0.81459 0.17012 0.54493 -0.10273
1403636762.613555431 0.06662 0.23277 -0.30222 0.81044 0.13930 0.54989 -0.14629
1403636762.713555574 0.07492 0.24838 -0.32855 0.80425 0.13630 0.55839 -0.15102
1403636762.813555479 0.08603 0.25726 -0.36265 0.80071 0.14617 0.56423 -0.13834
1403636762.913555384 0.08241 0.24855 -0.36272 0.77554 0.14036 0.59836 -0.14421
1403636763.013555527 0.07036 0.23015 -0.37193 0.80012 0.13683 0.57108 -0.12226
1403636763.113555431 0.06081 0.21257 -0.38073 0.79744 0.11181 0.58004 -0.12309
1403636763.213555574 0.05699 0.20657 -0.38074 0.79570 0.10039 0.58474 -0.12191
1403636763.413555384 0.05088 0.20519 -0.39681 0.79965 0.09906 0.57924 -0.12341
