1311868164.363181 -0.0000667 -0.0000357 -0.0000241 -0.0000829 -0.0000145 0.0000225 1.0000000
1311868164.899132 0.0721885 -0.0016620 -0.0483791 0.0099104 -0.0052795 -0.0138757 0.9998407
1311868165.031122 0.1053815 0.0008939 -0.0566103 0.0105864 -0.0121054 -0.0168175 0.9997292
1311868165.231193 0.1783278 0.0073438 -0.0736000 0.0159815 -0.0320236 -0.0301318 0.9989050
1311868165.931154 0.3271743 0.0533263 -0.1321128 -0.0114883 -0.0361729 -0.0328262 0.9987402
1311868166.331189 0.3242624 0.1212676 -0.2039698 -0.0427506 -0.0075415 -0.0157888 0.9989325
1311868167.199258 0.5179158 0.1455467 -0.2555804 -0.0374064 -0.0474860 -0.0455205 0.9971328
1311868167.999325 0.6826308 0.1224764 -0.2362497 -0.0386420 -0.0880210 -0.0529222 0.9939609
1311868168.963348 0.6889226 0.0086875 -0.0781920 -0.0220582 -0.1194609 -0.0707635 0.9900682
1311868169.331297 0.7169476 -0.0625233 -0.0150131 0.0002714 -0.1758199 -0.0994301 0.9793881
1311868169.599378 0.7511606 -0.1277209 0.0349627 0.0266157 -0.2191323 -0.1336917 0.9661258
1311868169.731279 0.7718862 -0.1465538 0.0520149 0.0354472 -0.2408051 -0.1427251 0.9593675
1311868171.699419 1.1638763 -0.1454358 0.0334716 0.0193053 -0.3095556 -0.1708953 0.9351991
1311868172.063426 1.2575128 -0.1348803 0.0847989 -0.0000552 -0.3186878 -0.1885720 0.9289126
1311868172.431393 1.3277873 -0.1255374 0.1319181 -0.0263611 -0.3187968 -0.2021079 0.9256490
1311868172.699619 1.3638467 -0.1103424 0.1826040 -0.0486699 -0.3065672 -0.2087973 0.9273896
1311868173.131499 1.3828527 -0.1295222 0.2995385 -0.0822748 -0.2963019 -0.2217894 0.9253353
1311868173.799549 1.4099106 -0.2127243 0.4245228 -0.0754737 -0.3240163 -0.2248262 0.9158440
1311868174.067656 1.4452101 -0.2592660 0.4679976 -0.0516389 -0.3661102 -0.2534820 0.8938924
1311868174.467566 1.5042090 -0.3122572 0.5408939 -0.0397334 -0.3989498 -0.2698162 0.8754768
1311868174.767680 1.5132518 -0.3463650 0.5832552 -0.0364999 -0.4199848 -0.2631034 0.8677886
1311868175.031665 1.4968596 -0.3902904 0.6134513 -0.0136291 -0.4239748 -0.2527452 0.8695858
1311868175.167807 1.4760323 -0.4204374 0.6247590 0.0007790 -0.4261945 -0.2527261 0.8686122
1311868175.699784 1.4312720 -0.5082411 0.7111213 0.0588854 -0.4657775 -0.2006397 0.8598416
1311868175.867687 1.4354722 -0.5310111 0.7405530 0.0689553 -0.4805875 -0.1989630 0.8512899
1311868176.131691 1.4669535 -0.5736224 0.8025916 0.0768139 -0.5152562 -0.2201816 0.8247004
1311868176.299834 1.4965672 -0.5962492 0.8537438 0.0720838 -0.5309516 -0.2351626 0.8109210
1311868176.499760 1.5277300 -0.6100928 0.9197762 0.0540807 -0.5363408 -0.2486797 0.8047187
1311868177.567851 1.4965370 -0.6824199 1.1401881 0.0278387 -0.5334048 -0.2747148 0.7995224
1311868177.832005 1.4898648 -0.6921093 1.1976206 0.0154094 -0.5419174 -0.2879624 0.7894084
1311868178.031988 1.5089161 -0.7023334 1.2449588 0.0141717 -0.5657002 -0.3040695 0.7663708
1311868178.467895 1.5708072 -0.7266127 1.3404927 0.0089190 -0.6020213 -0.3329983 0.7256741
1311868178.767938 1.6244531 -0.7272538 1.3585873 -0.0047943 -0.6166466 -0.3320576 0.7137659
1311868179.132026 1.7437397 -0.7171392 1.3419230 -0.0162871 -0.6144394 -0.3287393 0.7170283
1311868179.432203 1.8429511 -0.7097864 1.3446265 -0.0291787 -0.6054437 -0.3402531 0.7188979
1311868179.867839 1.9510849 -0.7205470 1.3841987 -0.0389059 -0.5890604 -0.3486116 0.7279863
1311868180.331912 2.0425844 -0.7573372 1.4740701 -0.0526898 -0.6136701 -0.3625545 0.6994191
1311868181.000013 2.1032681 -0.7924337 1.5687002 -0.0638782 -0.6203043 -0.3653179 0.6911476
1311868181.932068 1.9614477 -0.8368170 1.6459771 -0.0603158 -0.6041943 -0.3671977 0.7046114
1311868182.236167 1.8583523 -0.8569853 1.6600578 -0.0578634 -0.6044441 -0.3604222 0.7080925
1311868182.568033 1.7587295 -0.8827347 1.6928072 -0.0528713 -0.6083570 -0.3526014 0.7090688
1311868182.800181 1.6797879 -0.9210110 1.7231702 -0.0328414 -0.6375656 -0.3434232 0.6888339
1311868183.100611 1.5627129 -0.9836771 1.7742501 -0.0122262 -0.6743958 -0.3562961 0.6466019
1311868183.368469 1.4639626 -1.0332853 1.8028688 0.0134808 -0.7005156 -0.3803329 0.6036912
1311868183.636216 1.3848518 -1.0584648 1.8204315 -0.0220358 -0.7299439 -0.3769796 0.5697216
1311868183.936316 1.2868830 -1.0855174 1.8289099 -0.0311919 -0.7276366 -0.3822003 0.5687661
1311868184.169015 1.2077014 -1.1161392 1.8226228 -0.0154472 -0.7275549 -0.3676606 0.5790086
1311868184.468412 1.1214216 -1.1331483 1.8429968 -0.0126602 -0.7310758 -0.3633691 0.5773481
1311868184.700710 1.0549071 -1.1470947 1.8659291 -0.0122989 -0.7531821 -0.3559952 0.5530216
1311868184.936308 0.9798521 -1.1911054 1.8912174 0.0055532 -0.7764108 -0.3559744 0.5200363
1311868185.168559 0.9168741 -1.2144382 1.9093559 -0.0157348 0.7878524 0.3621949 -0.4978512
1311868185.436438 0.8455740 -1.2292845 1.9274606 -0.0212446 0.7979242 0.3451803 -0.4936762
1311868185.636409 0.8066558 -1.2367456 1.9321704 0.0432724 -0.7957561 -0.3342833 0.5031444
1311868185.868447 0.7672858 -1.2393818 1.9432687 0.0374401 -0.8011086 -0.3128448 0.5088727
1311868186.168524 0.7151538 -1.2419643 1.9751046 -0.0332753 0.8148913 0.3315967 -0.4742240
1311868186.568549 0.6773134 -1.2424445 2.0402126 -0.0109479 0.8409424 0.3635535 -0.4006556
1311868186.968636 0.7202697 -1.2536532 2.0918469 -0.0027280 0.8445528 0.3772579 -0.3799995
1311868187.468568 0.8201412 -1.2781508 2.1646256 0.0037462 0.8216094 0.4035444 -0.4026113
1311868188.000735 0.8408862 -1.3091357 2.2783804 0.0028054 0.8269825 0.4106762 -0.3839755
1311868188.236529 0.8168503 -1.3187547 2.3658824 0.0161828 0.8351624 0.4235519 -0.3504933
1311868188.468574 0.8030487 -1.3048952 2.4393716 0.0126455 0.8268654 0.4534866 -0.3323907
1311868188.936521 0.8919088 -1.3182760 2.5342786 0.0485692 0.8224087 0.4701085 -0.3166748
1311868189.337870 1.0027659 -1.3394558 2.6080747 0.0600979 0.8017204 0.4956320 -0.3286053
1311868190.068604 1.0467479 -1.4028072 2.7729418 0.0648265 0.7855019 0.5100217 -0.3444737
1311868191.336788 0.9957659 -1.4987401 2.9793735 0.0668291 0.7882842 0.5012985 -0.3504877
1311868193.205121 0.8081653 -1.5128727 2.8371520 0.0513486 0.8005017 0.4864900 -0.3462482
1311868194.071381 0.7155667 -1.5880618 2.7810900 0.0263630 0.8295104 0.4809940 -0.2825991
1311868195.208719 0.6541915 -1.6714015 2.7771633 0.0240874 0.8437019 0.4544381 -0.2847330
1311868195.808835 0.6260965 -1.6925828 2.8997016 0.0161761 0.8304775 0.4668003 -0.3035506
1311868196.337126 0.6801775 -1.6976736 2.9921985 0.0353977 0.8088062 0.4738237 -0.3465121
1311868196.837005 0.7265003 -1.7065926 3.0773315 0.0699388 0.7840412 0.4830962 -0.3834135
1311868197.437047 0.6772372 -1.7458484 3.2183721 0.0536984 0.7886004 0.5080341 -0.3422386
1311868197.969193 0.6178945 -1.7539105 3.3264580 0.0746849 0.7806587 0.5301759 -0.3223472
1311868199.205167 0.4306492 -1.7359643 3.3550773 0.0696019 0.7809272 0.5436075 -0.2996652
1311868200.137281 0.2829357 -1.7460082 3.3787193 0.0634160 0.8036699 0.5534388 -0.2092810
1311868200.705281 0.1679752 -1.7804790 3.4597604 0.0564698 0.8047251 0.5663621 -0.1687089
1311868202.173321 0.0171963 -1.7783854 3.4979055 0.0536991 0.8036076 0.5759618 -0.1399974
1311868203.137538 -0.1346459 -1.7964627 3.4905391 0.0373479 0.8175858 0.5650106 -0.1045067
1311868203.637527 -0.1651523 -1.8481803 3.3979588 0.0326721 0.8353372 0.5470079 -0.0438938
1311868204.037612 -0.2321716 -1.8898480 3.3274240 0.0245604 0.8320525 0.5540954 -0.0079765
1311868204.737693 -0.3589473 -1.9753227 3.2201195 0.0079210 0.8287811 0.5586357 0.0313892
1311868205.273577 -0.4286435 -2.0488949 3.1582813 0.0130984 0.8351083 0.5487810 0.0355229
1311868205.905586 -0.4555516 -2.1012917 3.1165521 0.0220683 0.8655490 0.4993969 0.0306709
1311868206.205696 -0.4701120 -2.1249094 3.0786440 0.0229002 0.8760596 0.4811311 0.0225401
1311868206.837709 -0.4738276 -2.0601079 3.0982804 -0.0024396 0.8690698 0.4938269 0.0290992
1311868207.337883 -0.5479155 -2.0108442 3.1556957 -0.0080608 0.8625356 0.5013762 0.0677440
1311868207.937792 -0.6625924 -1.9499965 3.2220755 -0.0059603 0.8528535 0.5176625 0.0680499
1311868208.437928 -0.7228401 -1.9074701 3.3029485 -0.0147324 0.8434275 0.5325581 0.0692449
1311868208.805683 -0.7777625 -1.8736979 3.3412743 -0.0061925 0.8325953 0.5493048 0.0707888
1311868209.573944 -0.8377578 -1.7383962 3.3551722 0.0056127 0.8145609 0.5765754 0.0634022
1311868211.142002 -0.9404071 -1.6350458 3.3062589 -0.0047278 0.8143580 0.5676858 0.1205468
1311868211.806164 -1.1188127 -1.6216881 3.3099999 -0.0162015 0.8073855 0.5704602 0.1498042
1311868212.773943 -1.2718167 -1.6113858 3.2953472 -0.0144209 0.8091160 0.5730232 0.1294904
1311868213.774084 -1.3502375 -1.5633795 3.1709795 -0.0278894 0.8113884 0.5597596 0.1659529
1311868214.742333 -1.4214375 -1.5361933 3.0816839 -0.0056841 0.8094456 0.5427132 0.2241158
1311868215.474499 -1.4796338 -1.5376340 2.9772372 -0.0352989 0.7985862 0.5183268 0.3038937
1311868216.042488 -1.4614929 -1.5819886 2.8844454 -0.0309558 0.7938446 0.5016994 0.3422721
1311868216.674349 -1.4704568 -1.6284643 2.7785757 -0.0143743 0.7965447 0.4959296 0.3454905
1311868217.242361 -1.4905196 -1.6698034 2.7067962 -0.0089578 0.8100811 0.4783782 0.3388845
1311868218.974531 -1.5364190 -1.5738900 2.7288728 -0.0024722 0.8136953 0.4555483 0.3610672
1311868219.310567 -1.5752758 -1.5003051 2.7522264 0.0003982 0.8126760 0.4538335 0.3655034
1311868219.642931 -1.6048269 -1.4143672 2.7831969 0.0131826 0.7914476 0.4743258 0.3852945
1311868220.074683 -1.6245325 -1.3520231 2.8335001 0.0308075 0.7751576 0.4796104 0.4100676
1311868220.474751 -1.6499302 -1.2946641 2.8869629 0.0160722 0.7574688 0.4919545 0.4289096
1311868221.174633 -1.7205033 -1.2427137 2.9248900 -0.0005854 0.7359029 0.5161725 0.4381924
1311868222.910730 -1.8172536 -1.1914719 2.8305197 -0.0121087 0.7248256 0.5216938 0.4497965
1311868224.311516 -1.9042366 -1.1324571 2.6950462 0.0043323 0.7086563 0.5065188 0.4911478
1311868224.912106 -1.9961023 -1.0875577 2.6052189 -0.0074654 0.7006096 0.4929205 0.5158681
1311868226.010899 -2.1127617 -1.0399189 2.5187261 -0.0047090 0.6826555 0.4822653 0.5489804
1311868226.610909 -2.1441205 -1.0079540 2.4413648 -0.0048879 0.6869258 0.4829797 0.5429914
1311868226.976309 -2.1410449 -0.9823994 2.3484626 -0.0030958 0.6817142 0.4774405 0.5543525
1311868227.210865 -2.1350195 -0.9651717 2.2815158 -0.0042787 0.6829907 0.4696959 0.5593668
1311868227.510861 -2.1277390 -0.9433632 2.2229092 0.0097337 0.6751262 0.4670592 0.5709339
1311868227.946163 -2.1338179 -0.9129266 2.1544843 0.0064480 0.6484171 0.4461691 0.6168037
1311868228.312417 -2.1654530 -0.8837228 2.0840049 0.0027819 0.6219707 0.4273855 0.6561146
1311868228.612450 -2.2039886 -0.8586107 2.0314574 -0.0053028 0.6154274 0.4160071 0.6694468
1311868228.912667 -2.2349579 -0.8339678 1.9752258 -0.0138959 0.6078793 0.4080045 0.6810448
1311868229.148295 -2.2396302 -0.8201979 1.9354491 -0.0026619 0.6119159 0.4165699 0.6723253
1311868229.381047 -2.2194028 -0.8296410 1.8979759 -0.0097765 0.6081562 0.4242513 0.6708661
1311868229.613429 -2.1722739 -0.8327485 1.8624089 -0.0161701 0.6017879 0.4306435 0.6724106
1311868229.844489 -2.1106706 -0.8573358 1.8186989 -0.0171677 0.5979376 0.4358961 0.6724362
1311868230.047030 -2.0618649 -0.8770314 1.7879556 -0.0159018 0.5973234 0.4365998 0.6725567
1311868230.245363 -2.0150318 -0.8940585 1.7534742 -0.0172871 0.6078423 0.4363599 0.6631884
1311868230.484314 -1.9653897 -0.9171571 1.7095612 -0.0153301 0.5903333 0.4595636 0.6633799
1311868230.713079 -1.9128168 -0.9205415 1.6577871 0.0031554 0.6028726 0.4636215 0.6492994
1311868230.983928 -1.8786707 -0.9255477 1.6144050 -0.0120165 0.6071392 0.4456262 0.6577651
1311868231.215427 -1.8497113 -0.9352624 1.5682801 -0.0331159 0.6117130 0.4293491 0.6636037
1311868231.481615 -1.7981999 -0.9511598 1.5315102 -0.0684782 0.6013244 0.4408270 0.6628660
1311868231.811225 -1.7325364 -0.9924987 1.5070419 -0.0795074 0.6034856 0.4370604 0.6621645
1311868232.084470 -1.6855991 -1.0355470 1.4994339 -0.0882698 0.5962930 0.4386111 0.6665308
1311868232.380596 -1.6296388 -1.0739598 1.4926190 -0.0925089 0.5910810 0.4440286 0.6670112
1311868232.843289 -1.5700070 -1.1347200 1.4918416 -0.0821428 0.6076870 0.4416617 0.6549076
1311868233.943472 -1.6574888 -1.0573049 1.4549713 -0.0524248 0.5882412 0.4115522 0.6941532
1311868234.243581 -1.7166162 -1.0268108 1.4096510 -0.0515123 0.5890295 0.3932896 0.7040696
1311868234.843512 -1.8569155 -0.9342840 1.3502883 -0.0541015 0.5810155 0.3640719 0.7259102
1311868235.211489 -1.9299370 -0.8657256 1.3144820 -0.0558567 0.5718938 0.3702022 0.7299095
1311868235.479571 -1.9596719 -0.8169488 1.2871904 -0.0466513 0.5752897 0.3734040 0.7262471
1311868235.779537 -1.9775541 -0.7616730 1.2620211 -0.0446394 0.5907196 0.3651075 0.7181603
1311868236.079629 -1.9797304 -0.7069373 1.2364784 -0.0361275 0.5740799 0.3655837 0.7317619
1311868236.511583 -1.9688096 -0.6305384 1.1908281 -0.0419978 0.5525773 0.3601588 0.7504533
1311868236.911822 -1.9698470 -0.5702609 1.1702626 -0.0202543 0.5338635 0.3493583 0.7697586
1311868237.247704 -1.9748707 -0.5078440 1.1387011 -0.0013697 0.5145647 0.3532531 0.7813025
1311868237.511663 -1.9818336 -0.4610153 1.0798628 -0.0056309 0.5004926 0.3414394 0.7955467
1311868237.847748 -2.0000010 -0.4024343 0.9974543 -0.0203471 0.4770592 0.3151163 0.8201843
1311868238.147711 -2.0150433 -0.3455300 0.9336233 -0.0231902 0.4593603 0.3192341 0.8285770
1311868238.611939 -2.0000992 -0.2897665 0.8701473 -0.0191928 0.4461699 0.3208325 0.8352428
1311868238.911768 -1.9674251 -0.2510951 0.8366613 -0.0317458 0.4493604 0.3325697 0.8285317
1311868239.179952 -1.9340696 -0.2289498 0.8079125 -0.0305789 0.4433025 0.3142443 0.8389269
1311868239.647799 -1.8897483 -0.1813123 0.7781370 -0.0284443 0.4014516 0.3085998 0.8618549
1311868240.012203 -1.8763822 -0.1389862 0.7324172 -0.0317405 0.3650576 0.2955063 0.8822706
1311868240.279833 -1.8620117 -0.0943216 0.6600717 -0.0402810 0.3515095 0.2802697 0.8923382
1311868240.512225 -1.8665030 -0.0560547 0.6138672 -0.0584269 0.3504274 0.2579013 0.8984842
1311868240.947862 -1.8731778 -0.0201075 0.5583117 -0.0661640 0.3421898 0.2715137 0.8971114
1311868241.411927 -1.7887723 -0.0938348 0.5229683 -0.0733614 0.3438843 0.2814988 0.8928158
1311868241.648036 -1.7374433 -0.1384673 0.5093951 -0.0645295 0.3402785 0.2907486 0.8919147
1311868241.947838 -1.6772918 -0.1822614 0.4803129 -0.0631429 0.3300734 0.2640580 0.9040675
1311868242.247919 -1.6329923 -0.2082062 0.4302436 -0.0681295 0.3042873 0.2372599 0.9200409
1311868242.679930 -1.5953281 -0.2048678 0.3896009 -0.0581745 0.2600367 0.2205130 0.9382807
1311868243.180098 -1.5521622 -0.1763040 0.3645898 -0.0392464 0.2816898 0.2230561 0.9323929
1311868243.512100 -1.5163075 -0.1587455 0.3249985 -0.0361569 0.2728146 0.1998252 0.9403908
1311868243.779970 -1.4881335 -0.1222876 0.2690685 -0.0542217 0.2374087 0.1714911 0.9546140
1311868244.148092 -1.4459867 -0.0676761 0.1998743 -0.0560975 0.1969618 0.1573579 0.9660733
1311868244.648157 -1.4107742 0.0258715 0.1338249 -0.0580363 0.1800891 0.1395547 0.9719692
1311868244.912189 -1.3702406 0.0725605 0.1208919 -0.0653384 0.1915664 0.1517216 0.9674780
1311868245.348205 -1.2907587 0.1156468 0.1154883 -0.0639641 0.1854905 0.1397023 0.9705592
1311868245.680250 -1.2171223 0.1502756 0.0919741 -0.0524137 0.1659802 0.1381871 0.9749911
1311868246.016098 -1.1507986 0.1973407 0.0562769 -0.0648537 0.1428936 0.1501671 0.9761277
1311868246.316184 -1.1147411 0.2372752 0.0031612 -0.0820955 0.1279108 0.1346112 0.9791726
1311868246.680335 -1.0976498 0.2973779 -0.0724086 -0.0957801 0.1267923 0.1347080 0.9780611
1311868247.716208 -0.9554756 0.2592370 -0.0926982 -0.0929321 0.1348795 0.1431955 0.9760462
1311868248.180377 -0.8507923 0.1878306 -0.0370411 -0.0884045 0.1217146 0.1307797 0.9799321
1311868248.480364 -0.7713097 0.1534304 -0.0119033 -0.1001630 0.1010603 0.1224509 0.9822220
1311868248.780288 -0.6829242 0.1099021 0.0080468 -0.1159932 0.0805131 0.0834894 0.9864546
1311868249.048258 -0.6074601 0.0820767 0.0182160 -0.1231622 0.0761364 0.0811634 0.9861272
1311868249.316586 -0.5456802 0.0532352 0.0364282 -0.1285402 0.0795943 0.0799739 0.9852646
1311868249.580331 -0.5158514 0.0158471 0.0631356 -0.1141938 0.0867260 0.0748975 0.9868276
1311868249.948306 -0.4771613 -0.0545165 0.1238256 -0.1114817 0.0911250 0.0793914 0.9863899
1311868250.280374 -0.4598224 -0.1269630 0.1790427 -0.1004108 0.0922027 0.0786023 0.9875414
1311868250.548715 -0.4579099 -0.1763167 0.2136641 -0.0932336 0.0883658 0.0753169 0.9888510
1311868250.880463 -0.4460149 -0.2263798 0.2338527 -0.0802912 0.0791813 0.0759268 0.9907163
1311868251.748667 -0.3810415 -0.1648409 0.1843143 -0.0747624 0.0700313 0.0535929 0.9932945
1311868252.081141 -0.3038073 -0.1297847 0.1336519 -0.0756009 0.0636704 0.0423500 0.9942017
1311868252.380676 -0.2307996 -0.0937794 0.0760391 -0.0738235 0.0543173 0.0069917 0.9957665
1311868255.049320 0.4206432 0.1014147 -0.0084661 -0.1457104 -0.0713418 -0.0280357 0.9863533
1311868255.884951 0.5532515 0.1166664 -0.0037281 -0.1457619 -0.0850625 -0.0328510 0.9851084
1311868256.417708 0.6775143 0.0638855 0.0577001 -0.1380178 -0.0982912 -0.0574786 0.9838629
1311868256.885027 0.7770197 0.0118322 0.1067077 -0.1215214 -0.1256609 -0.0602911 0.9827547
1311868257.348967 0.8721737 -0.0532213 0.1466893 -0.1274061 -0.1616326 -0.1058508 0.9728506
1311868257.816852 0.9545372 -0.1276965 0.1832654 -0.1195267 -0.2043860 -0.1440578 0.9608262
1311868258.317231 0.9707996 -0.2280062 0.2462942 -0.1445412 -0.2401838 -0.1738949 0.9440234
1311868258.885648 0.9590524 -0.3714963 0.3487125 -0.1312832 -0.2581390 -0.1717259 0.9416152
1311868259.549524 1.0073029 -0.4740713 0.4821050 -0.0927058 -0.2901275 -0.2194175 0.9268698
