1403637130.538319 0.0000000 0.0000000 0.0000000 0.0000000 0.0000000 0.0000000 1.0000000
1403637133.288319 0.0005856 -0.0018433 -0.0017099 0.0013107 0.0035851 -0.0039851 0.9999847
1403637133.388319 0.0011399 -0.0049919 -0.0031977 -0.0014995 0.0085058 -0.0049221 0.9999506
1403637133.638319 0.0031122 -0.0114296 -0.0058184 -0.0219142 0.0174189 0.0004070 0.9996080
1403637135.138319 0.0135115 -0.0274636 -0.0105274 -0.0757590 0.0611563 0.0089479 0.9952087
1403637135.288319 0.0140670 -0.0274370 -0.0125080 -0.0952395 0.0624492 0.0049147 0.9934815
1403637136.638319 0.0140005 -0.0357328 -0.0082829 -0.1107738 0.0737317 0.0111846 0.9910437
1403637136.788319 0.0128136 -0.0613978 -0.0157015 -0.1086653 0.0735834 0.0082285 0.9913171
1403637137.838319 0.0146485 -0.0532216 -0.0094436 -0.0869433 0.0862033 0.0014654 0.9924756
1403637138.088319 0.0158315 -0.0411059 -0.0126776 -0.1226125 0.0784535 0.0034522 0.9893429
1403637138.238319 0.0170760 -0.0857325 -0.0220939 -0.1020546 0.0770597 -0.0121165 0.9917156
1403637138.588319 0.0135111 -0.1911448 -0.0439196 -0.0012007 0.1045049 -0.0198574 0.9943254
1403637148.338319 0.0209488 -0.0042986 0.0155995 -0.0032130 0.0618055 0.0184444 0.9979126
1403637149.838319 0.0220582 -0.0031157 0.0127349 -0.0284344 0.0365306 0.0062588 0.9989083
1403637150.038319 0.0293345 -0.0046877 0.0106620 -0.0665960 0.0411835 -0.0070199 0.9969050
1403637151.138319 0.1014415 -0.1321127 0.0841800 -0.0215604 0.0733345 -0.0216860 0.9968385
1403637152.038319 0.1468792 -0.2283874 0.1238989 -0.0431329 0.0634648 -0.0189869 0.9968708
1403637152.288319 0.1609979 -0.2531017 0.1352095 -0.0471143 0.0620885 -0.0153575 0.9968397
1403637152.488319 0.1743034 -0.2630787 0.1493958 -0.0484235 0.0615695 -0.0153179 0.9968098
1403637153.738319 0.2824528 -0.3214961 0.2387696 -0.0456434 0.0636792 -0.0235927 0.9966469
1403637154.238319 0.3143345 -0.3443458 0.2763565 -0.0552240 0.0571710 0.0009946 0.9968354
1403637154.488319 0.3390600 -0.3345917 0.3045002 -0.0510651 0.0593973 -0.0002358 0.9969274
1403637155.038319 0.4134910 -0.3342621 0.3811010 -0.0659236 0.1062949 -0.0111683 0.9920840
1403637156.788319 0.7234008 -0.3694437 0.6242710 -0.0134701 0.4204020 0.1210231 0.8991296
1403637157.038319 0.7952394 -0.3369591 0.6301963 -0.0335115 0.4491947 0.1202903 0.8846645
1403637157.288319 0.8707289 -0.3038757 0.6337396 -0.0330283 0.4481779 0.1297103 0.8838670
1403637159.438319 1.7275486 -0.2454067 0.2586556 -0.0093026 0.5365019 0.1679523 0.8269651
1403637159.838319 1.8995763 -0.1969750 0.1344789 -0.0254800 0.5372207 0.1468612 0.8301666
1403637160.638319 2.2567415 -0.0993659 -0.1210069 -0.0158533 0.6907997 0.1910986 0.6971555
1403637160.938319 2.3796122 -0.0547448 -0.2105945 -0.0264443 0.7228773 0.2108156 0.6574997
1403637161.088319 2.4455960 -0.0507540 -0.2502931 -0.0207786 0.7242272 0.2234472 0.6520234
1403637162.088319 2.8579888 -0.0783046 -0.6618843 0.0364969 0.7735716 0.1787804 0.6068711
1403637162.738319 2.9650507 -0.0043701 -0.9306854 0.0418643 0.7665423 0.2066890 0.6065806
1403637163.288319 2.9380708 0.0898828 -1.1907212 0.0366042 0.8553664 0.2037644 0.4748563
1403637163.438319 2.9096262 0.1222398 -1.2505245 0.0424920 0.8756567 0.2170080 0.4293336
1403637163.588319 2.8722420 0.1556624 -1.3036302 0.0501367 0.8842037 0.2422029 0.3962421
1403637163.738319 2.8269520 0.1807826 -1.3566474 0.0527857 0.8834718 0.2719550 0.3777986
1403637164.138319 2.6707671 0.2143140 -1.5253046 0.0692891 0.8845314 0.2788759 0.3674663
1403637164.588319 2.4399996 0.2378683 -1.7586058 0.0517515 0.8798614 0.2764710 0.3830530
1403637164.788319 2.3253703 0.2698981 -1.8651855 0.0403050 0.8809989 0.2677766 0.3879588
1403637164.988319 2.2087550 0.3100007 -1.9747367 0.0268315 0.8922118 0.2541921 0.3723231
1403637165.088319 2.1489894 0.3299495 -2.0282357 0.0260744 0.8988295 0.2523188 0.3574365
1403637165.238319 2.0583193 0.3650566 -2.1099055 0.0271684 0.9117222 0.2478035 0.3265240
1403637165.388319 1.9658476 0.3954204 -2.1826100 0.0203015 0.9190820 0.2630768 0.2926885
1403637165.938319 1.6525621 0.4578508 -2.4396167 -0.0360771 0.9301966 0.2718068 0.2440363
1403637166.238319 1.5276008 0.5138965 -2.5446420 -0.0556660 0.9254882 0.2605428 0.2692403
1403637167.338319 1.3757575 0.6106743 -2.5838156 -0.1046201 0.9220187 0.1922707 0.3193244
1403637167.838319 1.5097852 0.5584449 -2.3658490 -0.0090457 0.9002048 0.2718194 0.3400936
1403637168.988319 1.9337181 0.5466458 -1.8446960 -0.0213012 0.8901615 0.2547009 0.3772086
1403637169.238319 2.0347381 0.5457993 -1.7255193 -0.0328243 0.8887416 0.2408201 0.3886730
1403637169.488319 2.1426222 0.5137298 -1.6011515 -0.0268564 0.8678941 0.2227722 0.4431829
1403637170.088319 2.3977044 0.4122968 -1.2328172 -0.0396796 0.7791399 0.1572011 0.6055200
1403637170.438319 2.5209599 0.3757577 -0.9581247 -0.0198274 0.7176731 0.1303502 0.6837844
1403637173.688319 1.6169775 0.1243213 0.5754514 0.0003085 0.6153893 0.2513018 0.7470899
1403637173.988319 1.6104255 0.1767866 0.5455244 -0.0172171 0.6496472 0.2860589 0.7041537
1403637174.288319 1.6505460 0.1896780 0.4617045 0.0089352 0.6920082 0.2014351 0.6931584
1403637174.638319 1.6962737 0.1795091 0.3347431 0.0449671 0.6985081 0.2168306 0.6804770
1403637174.988319 1.7152834 0.1876529 0.1706976 0.0282154 0.7602727 0.2247440 0.6088345
1403637175.788319 1.6379360 0.3002951 -0.2326116 0.0527941 0.7928580 0.2463318 0.5548961
1403637176.238319 1.4964219 0.3438050 -0.5098158 0.0446177 0.8016043 0.2002557 0.5615491
1403637176.688319 1.2986231 0.4077393 -0.7741326 0.0294446 0.8152375 0.2223155 0.5339444
1403637177.088319 1.0970839 0.4924881 -1.0004648 0.0001314 0.8151269 0.2690485 0.5130117
1403637177.538319 0.9185396 0.6285509 -1.2558732 -0.0421689 0.8104392 0.2956242 0.5040004
1403637177.938319 0.8617978 0.7248858 -1.5080394 -0.0533061 0.8356035 0.2648345 0.4783178
1403637178.288319 0.8809978 0.8048235 -1.7037294 -0.0859327 0.8728549 0.2431430 0.4142721
1403637179.038319 1.1533058 0.8508013 -1.9080031 -0.0053675 0.8894778 0.2220879 0.3993461
1403637179.888319 1.5140073 0.8519564 -1.8915224 -0.0418919 0.8895217 0.2173446 0.3996969
1403637180.188319 1.6546561 0.8925772 -1.8181174 -0.0234580 0.8865628 0.2284985 0.4015527
1403637180.888319 1.9839257 0.8685391 -1.6094382 -0.0343284 0.8856165 0.2367267 0.3980771
1403637181.188319 2.1429939 0.8037963 -1.5103780 -0.0360303 0.8908784 0.2332932 0.3880873
1403637181.538319 2.3333712 0.6866524 -1.3668904 -0.0138033 0.8952137 0.2311192 0.3807700
1403637183.638319 2.8687925 0.0949470 -0.2015579 0.0888643 0.8878508 0.2371739 0.3841520
1403637184.138319 2.6520269 0.0734829 0.0648488 0.1053969 0.8737667 0.2789012 0.3842360
1403637184.638319 2.3109684 0.0860138 0.2383951 0.0214815 0.8781294 0.2895992 0.3802098
1403637185.188319 1.9504368 0.1124740 0.3268240 0.0013683 0.8689726 0.3151893 0.3814976
1403637185.738319 1.6893096 0.0781715 0.2638472 -0.0093528 0.8775567 0.2952239 0.3776899
1403637186.538319 1.4574935 0.0211122 0.0883178 0.0114764 0.8891130 0.2605253 0.3761289
1403637187.338319 1.2384660 -0.0054657 -0.0937660 0.0294373 0.8841853 0.2919746 0.3634567
1403637187.938319 1.0683773 0.0805010 -0.2994028 0.0010840 0.8845689 0.3131739 0.3456282
1403637189.088319 0.9129605 0.3502208 -0.7939888 0.0292338 0.9165497 0.2899416 0.2738900
1403637190.438319 0.6693114 0.5831747 -1.4027743 0.0215108 0.9262827 0.2663657 0.2656820
1403637191.138319 0.5273824 0.6110165 -1.6440263 0.0218563 0.9147295 0.2577855 0.3103850
1403637191.538319 0.4421052 0.6589449 -1.7383318 0.0115819 0.9158379 0.2504615 0.3136491
1403637191.888319 0.3652885 0.6711055 -1.8036929 -0.0175919 0.9132440 0.2681700 0.3062037
1403637192.238319 0.3166724 0.6391754 -1.8601458 -0.0369872 0.9099247 0.2839344 0.3000836
1403637192.688319 0.3274221 0.5810463 -1.9246724 -0.0198750 0.9045352 0.3033001 0.2990486
1403637193.188319 0.4088593 0.5373783 -2.0123167 0.0152540 0.9011062 0.3088085 0.3039938
1403637193.588319 0.4907156 0.5229219 -2.1098752 -0.0089014 0.9085132 0.2883711 0.3022689
1403637193.988319 0.5891901 0.4985614 -2.2265468 -0.0178573 0.9112707 0.2779143 0.3033653
1403637194.388319 0.7170987 0.5096973 -2.3189528 -0.0124758 0.9120938 0.2773658 0.3016577
1403637194.788319 0.8621547 0.4957459 -2.4087768 -0.0157088 0.9086433 0.2906208 0.2994329
1403637195.238319 1.0507939 0.4901941 -2.5092249 -0.0027008 0.9171219 0.2662656 0.2966190
1403637195.638319 1.2231381 0.5005501 -2.5749483 0.0006660 0.9132468 0.2598357 0.3137918
1403637198.788319 2.4783542 -0.1261273 -1.0400478 -0.0402350 0.6836126 0.0940616 0.7226391
1403637206.288319 1.3673174 -0.1783127 0.3871021 -0.0246767 0.3917659 0.0880937 0.9155053
1403637208.838319 1.1420019 -0.2234942 0.2631601 -0.0229344 0.4119740 0.0868539 0.9067568
1403637209.388319 1.0930955 -0.1888396 0.2414337 -0.0426994 0.3810405 0.0735443 0.9206390
1403637209.888319 1.0445206 -0.2180424 0.2565901 -0.0976043 0.3482864 0.0863027 0.9282897
1403637212.238319 1.8470120 -0.3056006 1.4692433 -0.0226450 0.3585531 0.0832224 0.9295165
1403637212.688319 2.0698996 -0.3986019 1.6678621 -0.0362795 0.3640249 0.0849533 0.9267969
1403637213.038319 2.2282207 -0.4809898 1.8076574 -0.0486883 0.3661352 0.0763393 0.9261462
1403637213.388319 2.3897276 -0.5567486 1.9575183 -0.0446607 0.3600231 0.0812475 0.9283252
1403637213.738319 2.5492096 -0.6060383 2.1152043 -0.0462063 0.3677896 0.0539554 0.9271918
1403637214.188319 2.7204058 -0.6499082 2.3317258 -0.0322995 0.3492222 0.0500294 0.9351458
1403637214.538319 2.8092551 -0.7177451 2.4991279 -0.0182744 0.2866998 0.0025925 0.9578426
1403637215.338319 2.7594776 -0.8790270 2.8252532 0.0069068 0.2277277 -0.0400827 0.9728750
1403637215.688319 2.6171341 -0.9139064 2.9195504 0.0297213 0.1565637 -0.0349171 0.9866029
1403637216.038319 2.4280274 -0.9451922 2.9494739 -0.0119013 0.0656447 -0.0390113 0.9970092
1403637216.538319 2.1556799 -0.9759789 2.9308965 0.0043508 0.0099052 -0.0341700 0.9993575
1403637216.788319 2.0320697 -0.9693236 2.8987339 0.0241289 0.0099749 -0.0230997 0.9993922
1403637217.188319 1.8607638 -0.9500212 2.7780306 0.0141789 0.0159663 -0.0027658 0.9997681
1403637217.488319 1.7620612 -0.9101309 2.6472490 0.0070006 0.0167892 0.0225439 0.9995803
1403637217.838319 1.6886268 -0.8370068 2.4611650 0.0240666 -0.0139081 -0.0436565 0.9986598
1403637218.138319 1.6377170 -0.7789506 2.2521615 0.0080951 -0.0701788 -0.0695689 0.9950727
1403637218.438319 1.5850750 -0.7068643 2.0264935 0.0024961 -0.0872299 -0.0750854 0.9933513
1403637218.788319 1.5288548 -0.6146522 1.7350949 -0.0077141 -0.0837869 -0.0746544 0.9936534
1403637219.188319 1.4582669 -0.4754686 1.3963025 -0.0131814 -0.0708882 -0.0977646 0.9925942
1403637219.638319 1.3379623 -0.3221851 0.9954709 -0.0505616 -0.0695234 -0.0836734 0.9927783
1403637220.088319 1.1822367 -0.2385401 0.6189723 -0.0693636 -0.0674345 -0.0790565 0.9921650
1403637220.988319 0.8706337 -0.2002192 0.0256967 -0.0609500 -0.0704471 -0.0482597 0.9944814
1403637222.238319 0.6423259 0.0006308 -0.3885490 -0.0728560 0.0806628 0.0007786 0.9940749
1403637222.888319 0.6081493 0.0899261 -0.4579729 -0.0539859 0.1320469 0.0126820 0.9896910
1403637227.638319 0.3521287 0.0321844 -0.4882730 -0.0497568 0.1184413 0.0100231 0.9916630
1403637229.088319 0.3057639 0.0411934 -0.4602863 -0.0335668 0.1213675 -0.0111551 0.9919772
1403637229.688319 0.2613483 0.0825023 -0.4819532 -0.0580148 0.1825664 0.0583333 0.9797454
1403637230.538319 0.2819974 0.1279043 -0.4809111 -0.0298557 0.3822781 0.0739366 0.9206006
1403637231.138319 0.2924871 0.0864165 -0.4939390 -0.0390939 0.4965129 0.1523843 0.8536543
1403637231.838319 0.3790198 0.2077050 -0.5166845 -0.0062817 0.7205821 0.2464681 0.6480551
1403637238.838319 1.7440996 -0.3661926 0.2978236 0.0631623 0.6960903 0.3561243 0.6201970
1403637239.438319 1.4802384 -0.3376259 -0.0585509 -0.0006237 0.7572932 0.3317525 0.5625362
1403637240.188319 1.3804586 -0.0486882 -0.7539768 0.0258009 0.8958350 0.2612612 0.3585479
1403637240.988319 1.3197191 0.2931690 -1.4616892 -0.0161264 0.9217948 0.2655793 0.2819610
1403637242.388319 1.5385306 0.6136944 -2.2910287 -0.0359648 0.9318437 0.2036778 0.2981429
1403637243.488319 1.8143109 0.5221829 -2.0867887 -0.0166733 0.9022434 0.2142656 0.3738570
1403637245.488319 2.2087865 -0.0072427 -1.3537474 -0.0270635 0.8559887 0.2790634 0.4343668
1403637246.338319 2.5395961 -0.0507521 -1.1879563 -0.0162675 0.7324050 0.1832180 0.6555527
1403637246.888319 2.6998825 -0.0310539 -1.0168555 -0.0153017 0.5695711 0.0808578 0.8178121
1403637247.388319 2.7518587 -0.0393243 -0.8202468 -0.0253591 0.4980042 0.0906173 0.8620540
1403637247.888319 2.7371836 -0.0253177 -0.6037273 -0.0119992 0.4773313 0.0455039 0.8774624
1403637248.538319 2.5554557 -0.0308817 -0.3353876 -0.0188076 0.3976174 0.0592284 0.9154446
1403637249.288319 2.2519703 -0.1050117 -0.0457102 -0.0336701 0.4139522 0.0712877 0.9068781
1403637249.788319 2.0282257 -0.1421836 0.1580442 -0.0196052 0.4148130 0.0676038 0.9071800
1403637250.338319 1.7450368 -0.1717759 0.3698338 -0.0200299 0.3500220 0.0828462 0.9328558
1403637251.238319 1.3944190 -0.2366339 0.6042578 -0.0312342 0.2992474 0.1005568 0.9483479
1403637252.038319 1.2522581 -0.3612786 0.6843770 -0.0142091 0.2427767 0.0333707 0.9694039
1403637255.488319 0.8779024 -0.3245668 0.4249568 -0.0244638 0.1608437 0.0075837 0.9866475
1403637256.238319 0.7318266 -0.3046877 0.2983633 -0.0366192 0.0486502 -0.0400714 0.9973397
1403637257.838319 0.3756804 -0.2220000 0.0604701 -0.0619908 0.0006755 -0.0460981 0.9970114
1403637258.538319 0.2119366 -0.1762145 0.0232937 -0.0499522 -0.0976192 -0.0634356 0.9919431
1403637259.038319 0.1113329 -0.1347500 0.0260448 -0.0395137 -0.1057001 -0.0552555 0.9920751
1403637259.438319 0.0524673 -0.1470742 0.0157001 -0.0378204 -0.1024948 -0.0471945 0.9928933
1403637260.088319 0.0210403 -0.1400651 0.0016913 -0.0358377 -0.0992614 -0.0489826 0.9932087
1403637260.838319 0.0249429 -0.0726462 -0.0062154 -0.0473065 -0.0938933 -0.0763655 0.9915213
1403637261.238319 0.0080728 -0.0341204 -0.0075512 -0.0573870 -0.0953772 -0.0750641 0.9909467
1403637261.938319 -0.0366505 -0.0250512 0.0025182 -0.0437993 -0.0951626 -0.0697360 0.9920497
1403637262.238319 -0.0543570 -0.0122813 0.0188351 -0.0337166 -0.0955263 -0.0573059 0.9932039
1403637262.538319 -0.0514669 -0.0066272 0.0174250 -0.0097602 -0.0720647 -0.0214065 0.9971225
