1403636581.913555384 0.00509 -0.00218 -0.11211 0.82185 0.08594 0.55216 -0.11094
1403636582.013555527 -0.02181 -0.01012 -0.17995 0.83076 0.08362 0.53947 -0.10874
1403636582.113555431 -0.02429 -0.00292 -0.21826 0.83998 0.08540 0.52548 -0.10490
1403636582.213555574 -0.03013 0.00179 -0.23809 0.84605 0.08768 0.51522 -0.10519
1403636582.413555384 -0.02498 0.00353 -0.18404 0.84360 0.08835 0.51841 -0.10853
1403636582.513555527 -0.02174 0.00166 -0.12230 0.83631 0.08731 0.53038 -0.10796
1403636582.613555431 -0.01620 -0.00036 -0.05281 0.83251 0.08529 0.53770 -0.10267
1403636582.713555574 -0.01076 -0.00940 0.01844 0.83054 0.08117 0.54210 -0.09871
1403636582.813555479 -0.00073 -0.01347 0.08106 0.82648 0.07449 0.54925 -0.09851
1403636582.913555384 0.00649 -0.02049 0.14450 0.81885 0.06517 0.56198 -0.09709
1403636583.013555527 0.00998 -0.02597 0.19270 0.80922 0.06192 0.57601 -0.09766
1403636583.113555431 0.00820 -0.03463 0.21495 0.80352 0.06315 0.58385 -0.09736
1403636583.313555479 0.00695 -0.02978 0.15794 0.80462 0.06768 0.58238 -0.09401
1403636583.413555384 0.00434 -0.02380 0.09926 0.80639 0.06936 0.57949 -0.09542
1403636583.513555527 0.00116 -0.02178 0.03136 0.80885 0.07470 0.57510 -0.09713
1403636583.613555431 -0.00413 -0.02229 -0.03838 0.81419 0.07553 0.56865 -0.08957
1403636583.713555574 -0.01043 -0.01960 -0.10706 0.82436 0.07317 0.55392 -0.09081
1403636583.813555479 -0.01724 -0.01705 -0.16584 0.83660 0.07040 0.53519 -0.09335
1403636583.913555384 -0.02404 -0.01628 -0.21212 0.84336 0.07244 0.52501 -0.08865
1403636584.013555527 -0.03048 -0.01326 -0.23823 0.84508 0.07846 0.52150 -0.08789
1403636584.113555431 -0.03347 -0.01132 -0.23906 0.84436 0.08100 0.52178 -0.09080
1403636584.213555574 -0.03117 -0.01033 -0.21082 0.84409 0.08232 0.52195 -0.09114
1403636584.313555479 -0.02616 -0.00996 -0.16106 0.84215 0.08179 0.52518 -0.09103
1403636584.413555384 -0.02028 -0.01067 -0.09614 0.84019 0.08285 0.52917 -0.08483
1403636584.513555527 -0.00749 -0.01445 -0.02559 0.83591 0.08264 0.53664 -0.08028
1403636584.613555431 0.00237 -0.01678 0.04903 0.82793 0.07802 0.54959 -0.07999
1403636584.713555574 0.00930 -0.01892 0.11959 0.81647 0.07142 0.56766 -0.07770
1403636584.813555479 0.01215 -0.02131 0.17956 0.80621 0.06654 0.58291 -0.07630
1403636584.913555384 0.01165 -0.02262 0.22140 0.79936 0.06267 0.59210 -0.08064
1403636585.213555574 0.01171 -0.01956 0.18733 0.80469 0.05110 0.58699 -0.07283
1403636585.313555479 0.01309 -0.02026 0.13710 0.80812 0.05259 0.58329 -0.06288
1403636585.413555384 0.01240 -0.02171 0.08172 0.81095 0.05556 0.58002 -0.05343
1403636585.513555527 0.01020 -0.02211 0.02757 0.81637 0.06358 0.57113 -0.05760
1403636585.613555431 0.00057 -0.02339 -0.01839 0.82218 0.07132 0.56097 -0.06509
1403636585.713555574 -0.01156 -0.02458 -0.05035 0.82907 0.07395 0.54925 -0.07412
1403636585.813555479 -0.02288 -0.02652 -0.06640 0.83709 0.07260 0.53607 -0.08153
1403636585.913555384 -0.03432 -0.02739 -0.07044 0.84678 0.07123 0.51983 -0.08753
1403636586.013555527 -0.04069 -0.02935 -0.07051 0.85912 0.06688 0.50018 -0.08523
1403636586.113555431 -0.04563 -0.02966 -0.06736 0.87131 0.05961 0.48138 -0.07439
1403636586.213555574 -0.05217 -0.02714 -0.06196 0.88034 0.05258 0.46634 -0.06908
1403636586.313555479 -0.06042 -0.02548 -0.05799 0.88952 0.04966 0.44893 -0.06887
1403636586.413555384 -0.07054 -0.02660 -0.05598 0.89891 0.04571 0.43026 -0.06889
1403636586.513555527 -0.08106 -0.03090 -0.05410 0.90660 0.04712 0.41398 -0.06696
1403636586.613555431 -0.08651 -0.03804 -0.05051 0.91082 0.04988 0.40415 -0.06774
1403636586.813555479 -0.08086 -0.05571 -0.04448 0.90673 0.04972 0.41227 -0.07343
1403636587.013555527 -0.06939 -0.06099 -0.04570 0.90202 0.05856 0.42092 -0.07583
1403636587.313555479 -0.04697 -0.07949 -0.04759 0.90564 0.06269 0.41277 -0.07421
1403636587.413555384 -0.03559 -0.09855 -0.04917 0.90670 0.05936 0.41113 -0.07312
1403636587.513555527 -0.02392 -0.12441 -0.05098 0.90792 0.05500 0.40889 -0.07390
1403636587.613555431 -0.01220 -0.15676 -0.05209 0.90831 0.05030 0.40867 -0.07367
1403636587.713555574 0.00084 -0.19279 -0.05156 0.90649 0.04349 0.41370 -0.07233
1403636587.813555479 0.01378 -0.22981 -0.05091 0.90431 0.03512 0.41966 -0.06982
1403636587.913555384 0.02460 -0.26541 -0.05354 0.90488 0.02823 0.41956 -0.06605
1403636588.013555527 0.03275 -0.29750 -0.05891 0.90917 0.02201 0.41184 -0.05763
1403636588.113555431 0.03921 -0.32284 -0.06534 0.91279 0.01639 0.40446 -0.05432
1403636588.213555574 0.04435 -0.34137 -0.07128 0.91367 0.01652 0.40260 -0.05336
1403636588.713555574 0.03043 -0.31530 -0.06923 0.91086 0.01638 0.40832 -0.05773
1403636588.813555479 0.02041 -0.28871 -0.06791 0.91185 0.02082 0.40554 -0.06033
1403636588.913555384 0.00972 -0.25572 -0.06637 0.91188 0.02405 0.40469 -0.06424
1403636589.013555527 -0.00242 -0.21797 -0.06246 0.91046 0.02890 0.40699 -0.06771
1403636589.113555431 -0.01589 -0.17727 -0.05630 0.90782 0.03498 0.41180 -0.07117
1403636589.213555574 -0.02901 -0.13379 -0.04917 0.90593 0.03897 0.41514 -0.07373
1403636589.313555479 -0.04267 -0.08806 -0.04377 0.90621 0.04430 0.41367 -0.07551
1403636589.413555384 -0.05398 -0.04135 -0.04291 0.90750 0.05028 0.40987 -0.07691
1403636589.513555527 -0.06940 0.00493 -0.03989 0.90707 0.05371 0.41035 -0.07711
1403636589.613555431 -0.08346 0.05055 -0.03887 0.90565 0.05663 0.41271 -0.07907
1403636589.713555574 -0.09711 0.09545 -0.03839 0.90456 0.05974 0.41440 -0.08042
1403636589.813555479 -0.10969 0.13829 -0.04053 0.90496 0.06487 0.41181 -0.08518
1403636589.913555384 -0.12100 0.17525 -0.04408 0.90688 0.07149 0.40543 -0.08992
1403636590.013555527 -0.13042 0.20557 -0.04712 0.90660 0.07653 0.40329 -0.09783
1403636590.113555431 -0.13751 0.22725 -0.04625 0.90332 0.08060 0.40845 -0.10336
1403636590.413555384 -0.14269 0.22112 -0.04046 0.90192 0.08223 0.41216 -0.09955
1403636590.513555527 -0.14034 0.19483 -0.03758 0.90199 0.07898 0.41413 -0.09317
1403636590.613555431 -0.13565 0.16062 -0.03443 0.90123 0.07575 0.41761 -0.08741
1403636590.713555574 -0.12855 0.12137 -0.03308 0.90160 0.07136 0.41864 -0.08223
1403636590.913555384 -0.10687 0.03397 -0.03869 0.90672 0.06217 0.40950 -0.07942
1403636591.013555527 -0.09388 -0.01203 -0.04271 0.90743 0.06034 0.40849 -0.07791
1403636591.113555431 -0.08036 -0.05540 -0.04602 0.90673 0.05975 0.40968 -0.08023
1403636591.213555574 -0.06723 -0.09540 -0.04925 0.90719 0.05679 0.40895 -0.08092
1403636591.313555479 -0.05437 -0.13116 -0.05506 0.90859 0.05372 0.40661 -0.07900
1403636591.413555384 -0.04675 -0.15719 -0.06114 0.90979 0.04920 0.40505 -0.07617
1403636591.613555431 -0.02836 -0.19105 -0.07778 0.90644 0.03519 0.41600 -0.06383
1403636591.713555574 -0.01999 -0.19943 -0.08304 0.89855 0.02684 0.43464 -0.05461
1403636591.813555479 -0.01334 -0.20431 -0.08346 0.88947 0.01983 0.45432 -0.04525
1403636591.913555384 -0.00711 -0.20808 -0.08179 0.88321 0.01173 0.46720 -0.03900
1403636592.013555527 0.00138 -0.21396 -0.08130 0.88501 0.00124 0.46426 -0.03494
1403636592.113555431 0.01726 -0.22353 -0.08210 0.88858 -0.01167 0.45764 -0.02911
1403636592.213555574 0.03803 -0.23402 -0.08370 0.89267 -0.02198 0.44956 -0.02347
1403636592.313555479 0.06239 -0.24128 -0.08458 0.89653 -0.02506 0.44177 -0.02103
1403636592.413555384 0.09044 -0.24046 -0.08484 0.89926 -0.02407 0.43595 -0.02656
1403636592.613555431 0.15176 -0.20955 -0.08200 0.89368 0.00063 0.44653 -0.04423
1403636592.713555574 0.17851 -0.18029 -0.08192 0.89019 0.01906 0.45206 -0.05332
1403636592.813555479 0.19800 -0.14115 -0.08219 0.88873 0.03994 0.45150 -0.06870
1403636592.913555384 0.20440 -0.09225 -0.08388 0.88859 0.06224 0.44581 -0.08828
1403636593.013555527 0.19475 -0.03705 -0.08478 0.88839 0.08464 0.43852 -0.10628
1403636593.113555431 0.16979 0.02087 -0.08398 0.88700 0.10735 0.43250 -0.12106
1403636593.213555574 0.13110 0.07695 -0.08163 0.88451 0.12291 0.42828 -0.13827
1403636593.313555479 0.08329 0.12410 -0.07866 0.88298 0.13255 0.42331 -0.15356
1403636593.413555384 0.03117 0.15470 -0.07739 0.88365 0.13839 0.41848 -0.15772
1403636593.513555527 -0.02129 0.16533 -0.07940 0.88560 0.13736 0.41615 -0.15382
1403636593.613555431 -0.06979 0.15876 -0.08452 0.89009 0.12687 0.41164 -0.14898
1403636593.713555574 -0.11320 0.13636 -0.09103 0.89690 0.10865 0.40475 -0.14122
1403636593.913555384 -0.17626 0.05122 -0.10002 0.90438 0.04606 0.41113 -0.10459
1403636594.013555527 -0.19401 -0.00321 -0.09933 0.90243 0.01157 0.42314 -0.08029
1403636594.113555431 -0.19881 -0.05976 -0.09778 0.90077 -0.02075 0.43011 -0.05645
1403636594.213555574 -0.18892 -0.11620 -0.09788 0.90094 -0.04676 0.42983 -0.03692
1403636594.313555479 -0.16189 -0.17008 -0.09932 0.90110 -0.06179 0.42871 -0.02033
1403636594.413555384 -0.11814 -0.21796 -0.10116 0.89944 -0.06827 0.43163 -0.00643
1403636594.513555527 -0.06551 -0.25899 -0.10224 0.89499 -0.06695 0.44104 0.00233
1403636594.613555431 -0.01133 -0.28424 -0.10275 0.89007 -0.06739 0.45082 0.00159
1403636594.713555574 0.03535 -0.28628 -0.10231 0.88732 -0.06518 0.45652 -0.00251
1403636594.813555479 0.07511 -0.26310 -0.10446 0.88604 -0.05117 0.46061 -0.01257
1403636594.913555384 0.10424 -0.21401 -0.10749 0.88449 -0.02677 0.46505 -0.02633
1403636595.013555527 0.11771 -0.14444 -0.10997 0.88255 0.00675 0.46779 -0.04718
1403636595.113555431 0.10696 -0.06434 -0.10849 0.88180 0.04246 0.46426 -0.07130
1403636595.213555574 0.10266 0.00989 -0.11651 0.88136 0.07260 0.45692 -0.09572
1403636595.313555479 0.07498 0.07085 -0.11782 0.88024 0.09778 0.44943 -0.11677
1403636595.413555384 0.04325 0.10931 -0.11941 0.87922 0.11358 0.44446 -0.12853
1403636595.513555527 0.01063 0.11987 -0.12031 0.87976 0.11955 0.44037 -0.13341
1403636595.613555431 -0.01744 0.10188 -0.12323 0.88175 0.12196 0.43587 -0.13290
1403636595.713555574 -0.04416 0.06273 -0.12687 0.88492 0.11535 0.43388 -0.12394
1403636595.813555479 -0.06490 0.00742 -0.13280 0.88821 0.10026 0.43609 -0.10421
1403636595.913555384 -0.08340 -0.05353 -0.13993 0.89152 0.07723 0.43872 -0.08210
1403636596.013555527 -0.10483 -0.10962 -0.14540 0.89569 0.05266 0.43729 -0.06116
1403636596.113555431 -0.13234 -0.14941 -0.14886 0.89940 0.02834 0.43398 -0.04410
1403636596.213555574 -0.16465 -0.16377 -0.14774 0.90055 0.01278 0.43300 -0.03692
1403636596.313555479 -0.20136 -0.15139 -0.14038 0.89942 0.00452 0.43542 -0.03790
1403636596.413555384 -0.24423 -0.12385 -0.12803 0.89725 0.00300 0.43997 -0.03676
1403636596.513555527 -0.28704 -0.09182 -0.11586 0.89451 0.00814 0.44551 -0.03601
1403636596.613555431 -0.32116 -0.06276 -0.10673 0.89340 0.01324 0.44772 -0.03473
1403636596.713555574 -0.34164 -0.04079 -0.10250 0.89452 0.01524 0.44541 -0.03470
1403636596.913555384 -0.31936 -0.02867 -0.10492 0.89045 0.02335 0.45350 -0.02986
1403636597.013555527 -0.27419 -0.03385 -0.10873 0.89147 0.02523 0.45165 -0.02557
1403636597.113555431 -0.21476 -0.04113 -0.11413 0.89646 0.02785 0.44145 -0.02640
1403636597.213555574 -0.14684 -0.04832 -0.11589 0.89961 0.03780 0.43382 -0.03272
1403636597.313555479 -0.07529 -0.05267 -0.11261 0.89849 0.05155 0.43411 -0.04003
1403636597.413555384 -0.00464 -0.05112 -0.10868 0.89536 0.06672 0.43766 -0.04842
1403636597.513555527 0.05578 -0.04342 -0.10645 0.89180 0.08473 0.44066 -0.05772
1403636597.613555431 0.09620 -0.02800 -0.10675 0.88651 0.10101 0.44535 -0.07459
1403636597.713555574 0.11201 -0.00495 -0.10937 0.87988 0.11569 0.45139 -0.09307
1403636597.813555479 0.10406 0.01758 -0.11137 0.87378 0.12771 0.45745 -0.10461
1403636597.913555384 0.07541 0.03485 -0.11274 0.86979 0.13900 0.46097 -0.10792
1403636598.013555527 0.03612 0.04323 -0.11555 0.86979 0.14738 0.45856 -0.10707
1403636598.113555431 -0.00732 0.04444 -0.12240 0.87416 0.14880 0.44980 -0.10666
1403636598.213555574 -0.05088 0.03753 -0.12986 0.88252 0.14789 0.43472 -0.10147
1403636598.313555479 -0.08117 0.02703 -0.14263 0.89046 0.14753 0.42019 -0.09359
1403636598.413555384 -0.09200 0.01522 -0.15676 0.89416 0.14548 0.41499 -0.08420
1403636598.513555527 -0.08272 0.00530 -0.17149 0.89307 0.14520 0.41804 -0.08114
1403636598.613555431 -0.05542 -0.00249 -0.18540 0.88691 0.14796 0.42885 -0.08711
1403636598.713555574 -0.02069 -0.00403 -0.19779 0.87771 0.15285 0.44354 -0.09766
1403636598.813555479 0.01483 -0.00511 -0.21609 0.86571 0.15733 0.46199 -0.11112
1403636598.913555384 0.04702 -0.00645 -0.23830 0.85439 0.15625 0.48100 -0.11938
1403636599.013555527 0.07282 -0.00820 -0.26157 0.84577 0.15623 0.49564 -0.12085
1403636599.113555431 0.09252 -0.00722 -0.27934 0.83574 0.15530 0.51039 -0.13011
1403636599.213555574 0.10810 -0.00631 -0.29068 0.81999 0.15349 0.53368 -0.13872
1403636599.313555479 0.12200 -0.00460 -0.29936 0.80409 0.14734 0.55757 -0.14436
1403636599.413555384 0.12649 -0.00459 -0.30381 0.79597 0.14351 0.57065 -0.14210
1403636599.513555527 0.14309 -0.00143 -0.31862 0.79675 0.13894 0.57241 -0.13499
1403636599.613555431 0.14923 -0.00030 -0.32793 0.80162 0.13353 0.56791 -0.13061
1403636599.713555574 0.15285 -0.00029 -0.33659 0.80266 0.13180 0.56726 -0.12874
1403636599.813555479 0.15466 -0.00130 -0.33641 0.79239 0.13107 0.58114 -0.13120
1403636600.113555431 0.15664 -0.00438 -0.34108 0.78705 0.12265 0.58843 -0.13880
1403636624.413555384 0.15641 -0.00820 -0.34205 0.79467 0.11914 0.58020 -0.13294
1403636624.513555527 0.15486 -0.01386 -0.34645 0.80061 0.11754 0.57304 -0.12972
1403636624.613555431 0.15300 -0.02065 -0.33647 0.80327 0.11742 0.57022 -0.12576
1403636624.713555574 0.15237 -0.03113 -0.34640 0.80184 0.12049 0.57289 -0.11974
1403636624.813555479 0.14750 -0.04560 -0.34772 0.80186 0.12667 0.57322 -0.11135
1403636624.913555384 0.14005 -0.06262 -0.34379 0.80695 0.13693 0.56608 -0.09817
1403636625.013555527 0.13074 -0.07875 -0.33040 0.81306 0.14579 0.55695 -0.08652
1403636625.113555431 0.12454 -0.08844 -0.31297 0.81921 0.14912 0.54763 -0.08221
1403636625.213555574 0.11674 -0.09556 -0.28346 0.82049 0.14429 0.54585 -0.08956
1403636625.313555479 0.11668 -0.09750 -0.26086 0.81656 0.14045 0.55158 -0.09622
1403636625.713555574 0.13056 -0.08922 -0.25469 0.81599 0.14390 0.55083 -0.10021
1403636625.813555479 0.14810 -0.07746 -0.22551 0.81004 0.14343 0.55928 -0.10230
1403636625.913555384 0.15954 -0.06949 -0.19205 0.80465 0.14148 0.56680 -0.10612
1403636626.013555527 0.17041 -0.06170 -0.14254 0.80169 0.14042 0.57078 -0.10854
1403636626.113555431 0.18187 -0.04639 -0.08616 0.80123 0.13525 0.57105 -0.11680
1403636626.213555574 0.19582 -0.04037 -0.05480 0.80113 0.12979 0.57071 -0.12505
1403636626.513555527 0.22496 -0.03622 -0.00645 0.79760 0.13277 0.57553 -0.12238
1403636626.613555431 0.23285 -0.04355 -0.00312 0.79279 0.13754 0.58200 -0.11769
1403636626.913555384 0.23363 -0.07185 -0.02202 0.79807 0.14567 0.57332 -0.11481
1403636627.113555431 0.22663 -0.08710 -0.05255 0.80813 0.14882 0.55889 -0.11142
1403636627.513555527 0.20470 -0.13491 0.01376 0.80140 0.14296 0.56892 -0.11685
1403636627.713555574 0.19496 -0.16444 0.02769 0.80958 0.13021 0.56234 -0.10671
1403636627.913555384 0.19017 -0.19313 0.00438 0.82471 0.11433 0.54690 -0.08764
1403636628.013555527 0.19457 -0.20807 0.00136 0.82759 0.10839 0.54492 -0.08006
1403636628.213555574 0.22186 -0.22617 0.02623 0.81422 0.09577 0.56708 -0.07931
1403636628.313555479 0.23584 -0.23425 0.05064 0.80890 0.08830 0.57495 -0.08553
1403636628.513555527 0.26288 -0.25493 0.09265 0.80823 0.08324 0.57570 -0.09168
1403636628.813555479 0.30125 -0.31543 0.11264 0.81278 0.08353 0.57059 -0.08272
1403636628.913555384 0.31243 -0.34386 0.11053 0.81826 0.08091 0.56436 -0.07346
1403636629.113555431 0.33076 -0.39153 0.13886 0.82404 0.07500 0.55790 -0.06390
1403636629.213555574 0.35422 -0.42673 0.14404 0.82443 0.06739 0.55881 -0.05919
1403636629.413555384 0.39572 -0.47994 0.16154 0.82065 0.04908 0.56644 -0.05720
1403636629.613555431 0.44674 -0.53689 0.14779 0.82120 0.02216 0.56806 -0.04952
1403636629.813555479 0.50061 -0.60554 0.10651 0.83209 -0.00748 0.55425 -0.01970
1403636629.913555384 0.53908 -0.64121 0.07864 0.83431 -0.02474 0.55070 -0.00599
1403636630.113555431 0.61108 -0.71608 0.05136 0.83040 -0.04651 0.55511 0.01155
1403636630.313555479 0.70194 -0.77941 0.05623 0.81676 -0.05539 0.57402 0.01862
1403636630.513555527 0.79190 -0.85581 0.07710 0.82044 -0.05404 0.56875 0.02204
1403636630.813555479 0.93073 -0.95923 0.12146 0.82356 -0.04414 0.56504 0.02297
1403636631.113555431 1.07009 -1.04967 0.12447 0.82148 -0.04538 0.56821 0.01593
1403636631.313555479 1.16634 -1.11788 0.10448 0.81837 -0.04481 0.57271 0.01600
1403636631.713555574 1.34327 -1.21977 0.04251 0.81904 -0.03851 0.57209 0.02022
1403636632.113555431 1.50244 -1.32039 0.04669 0.81804 -0.03555 0.57345 0.02625
1403636632.413555384 1.63266 -1.35437 0.02922 0.81695 -0.03812 0.57464 0.03047
1403636632.613555431 1.71262 -1.38034 -0.00415 0.82681 -0.04305 0.56072 0.01145
1403636632.713555574 1.75715 -1.39041 -0.02368 0.83047 -0.03611 0.55589 -0.00183
1403636632.913555384 1.85475 -1.41468 -0.04328 0.82653 0.00599 0.56249 -0.02054
1403636633.113555431 1.95783 -1.44011 -0.04199 0.82126 0.04317 0.56809 -0.03082
1403636633.313555479 2.07408 -1.46959 -0.05838 0.82174 0.05642 0.56553 -0.04160
1403636633.513555527 2.17097 -1.48097 -0.08384 0.82598 0.05411 0.55883 -0.05041
1403636633.713555574 2.29038 -1.49930 -0.11498 0.82922 0.04926 0.55462 -0.04854
1403636633.913555384 2.42327 -1.51897 -0.12121 0.82808 0.04035 0.55686 -0.05060
1403636634.113555431 2.56673 -1.54405 -0.12385 0.82646 0.03082 0.55932 -0.05640
1403636634.313555479 2.72212 -1.58120 -0.10993 0.82577 0.04008 0.56053 -0.04804
1403636634.413555384 2.80508 -1.60239 -0.09772 0.82046 0.04468 0.56820 -0.04467
1403636634.513555527 2.88756 -1.62373 -0.09186 0.81670 0.04816 0.57343 -0.04316
1403636634.713555574 3.04299 -1.66244 -0.09915 0.81332 0.05997 0.57694 -0.04540
1403636634.913555384 3.18736 -1.69524 -0.10308 0.81673 0.07231 0.56995 -0.05366
1403636635.113555431 3.32772 -1.72013 -0.08854 0.81910 0.08331 0.56468 -0.05719
1403636635.313555479 3.46640 -1.73922 -0.09365 0.82158 0.08529 0.56000 -0.06431
1403636635.513555527 3.61172 -1.75659 -0.10089 0.82357 0.08045 0.55663 -0.07358
1403636635.713555574 3.75781 -1.77683 -0.08264 0.82208 0.07731 0.55903 -0.07545
1403636635.813555479 3.83376 -1.78887 -0.06253 0.81814 0.07235 0.56473 -0.08052
1403636635.913555384 3.91094 -1.80482 -0.03537 0.81773 0.06683 0.56521 -0.08593
1403636636.013555527 3.99130 -1.82542 -0.00602 0.82278 0.06727 0.55815 -0.08348
1403636636.113555431 4.07267 -1.84873 0.01968 0.82633 0.07259 0.55348 -0.07463
1403636636.213555574 4.15823 -1.87260 0.04750 0.82232 0.07738 0.55967 -0.06764
1403636636.413555384 4.32878 -1.91912 0.11947 0.80644 0.08067 0.58244 -0.06251
1403636636.513555527 4.40778 -1.94109 0.15020 0.80050 0.08240 0.59061 -0.06000
1403636636.613555431 4.48285 -1.96278 0.17204 0.79903 0.08704 0.59257 -0.05326
1403636636.813555479 4.61856 -1.99787 0.19165 0.79894 0.09789 0.59219 -0.03776
1403636637.013555527 4.74003 -2.01470 0.18350 0.80501 0.09344 0.58386 -0.04822
1403636637.213555574 4.84227 -2.01523 0.15601 0.81285 0.08651 0.57270 -0.06168
1403636637.513555527 4.97734 -2.00525 0.13857 0.81859 0.08943 0.56369 -0.06460
1403636637.813555479 5.12055 -1.98847 0.18619 0.81722 0.09138 0.56491 -0.06835
1403636638.013555527 5.22478 -1.97437 0.24017 0.81236 0.09213 0.57151 -0.07046
1403636638.213555574 5.32150 -1.95835 0.23979 0.80876 0.09262 0.57622 -0.07282
1403636638.413555384 5.40549 -1.94458 0.20841 0.81902 0.08750 0.56114 -0.08168
1403636638.513555527 5.44863 -1.94093 0.18674 0.82974 0.08344 0.54481 -0.08805
1403636638.713555574 5.54934 -1.94217 0.16466 0.83065 0.08968 0.54372 -0.07972
1403636638.813555479 5.61011 -1.94467 0.16920 0.82495 0.09211 0.55232 -0.07693
1403636638.913555384 5.67454 -1.94739 0.17989 0.82070 0.09057 0.55854 -0.07928
1403636639.013555527 5.73935 -1.95090 0.19503 0.81933 0.08584 0.56028 -0.08609
1403636639.113555431 5.80978 -1.95613 0.20681 0.81900 0.07935 0.56020 -0.09548
1403636639.313555479 5.95584 -1.97722 0.19030 0.82024 0.07683 0.55819 -0.09866
1403636639.413555384 6.03173 -1.99501 0.16770 0.82019 0.08431 0.55897 -0.08794
1403636639.513555527 6.10932 -2.01508 0.14063 0.81886 0.09217 0.56127 -0.07708
1403636639.613555431 6.18836 -2.03522 0.11030 0.81589 0.10010 0.56556 -0.06666
1403636639.713555574 6.26645 -2.05330 0.08309 0.81149 0.10049 0.57173 -0.06714
1403636639.913555384 6.41061 -2.08423 0.04931 0.80743 0.09444 0.57726 -0.07686
1403636640.113555431 6.54705 -2.11469 0.04453 0.80550 0.10171 0.57843 -0.07901
1403636640.213555574 6.61701 -2.13109 0.05369 0.80419 0.10946 0.57813 -0.08409
1403636640.413555384 6.74035 -2.16245 0.07459 0.80375 0.12133 0.57542 -0.09030
1403636640.713555574 6.90052 -2.20329 0.06119 0.80345 0.12872 0.57354 -0.09463
1403636641.113555431 7.08417 -2.24271 0.04534 0.80510 0.13036 0.57101 -0.09370
1403636641.413555384 7.20392 -2.26144 0.00847 0.80587 0.12041 0.57057 -0.10259
1403636641.713555574 7.31355 -2.29242 -0.03219 0.80514 0.12329 0.57241 -0.09436
1403636642.013555527 7.39958 -2.32393 -0.00831 0.80440 0.11596 0.57588 -0.08863
1403636642.113555431 7.42852 -2.33680 0.00712 0.80443 0.10820 0.57817 -0.08304
1403636642.213555574 7.45450 -2.34934 0.01851 0.80428 0.10224 0.58009 -0.07863
1403636642.413555384 7.49494 -2.37350 0.02344 0.80472 0.08687 0.58300 -0.07059
1403636642.513555527 7.51104 -2.38683 0.01779 0.80621 0.08050 0.58234 -0.06658
1403636642.613555431 7.52447 -2.39985 0.00639 0.81098 0.07639 0.57661 -0.06318
1403636642.713555574 7.53745 -2.41171 -0.00926 0.81621 0.07355 0.56982 -0.06084
1403636642.913555384 7.56656 -2.43257 -0.02902 0.82230 0.07109 0.56138 -0.06025
1403636643.113555431 7.60276 -2.45571 -0.02139 0.81777 0.06986 0.56787 -0.06244
1403636643.613555431 7.71118 -2.52276 -0.01807 0.82464 0.07247 0.55728 -0.06452
1403636643.913555384 7.81546 -2.56801 0.03338 0.83269 0.07829 0.54466 -0.06198
1403636644.213555574 7.96772 -2.60599 0.04849 0.83149 0.07809 0.54646 -0.06256
1403636644.313555479 8.02861 -2.61569 0.04478 0.82327 0.06959 0.55852 -0.07369
1403636644.413555384 8.09117 -2.62686 0.03435 0.81583 0.06253 0.56896 -0.08240
1403636644.513555527 8.15416 -2.64235 0.01649 0.81024 0.05695 0.57640 -0.08957
1403636644.713555574 8.27195 -2.68999 -0.04196 0.80659 0.06006 0.58197 -0.08440
1403636644.813555479 8.32564 -2.72173 -0.08066 0.80633 0.07024 0.58324 -0.06870
1403636644.913555384 8.37701 -2.75521 -0.12325 0.80885 0.07417 0.58020 -0.06021
1403636645.013555527 8.42544 -2.78802 -0.16046 0.81503 0.07403 0.57169 -0.05845
1403636645.213555574 8.52358 -2.85312 -0.21649 0.83902 0.07213 0.53620 -0.05776
1403636645.413555384 8.65788 -2.91142 -0.23646 0.83614 0.07206 0.54085 -0.05623
1403636645.513555527 8.73842 -2.93728 -0.24679 0.83223 0.07141 0.54692 -0.05631
1403636645.713555574 8.90996 -2.98638 -0.27900 0.82876 0.07165 0.55228 -0.05477
1403636645.913555384 9.10113 -3.02947 -0.28894 0.82879 0.06968 0.55215 -0.05812
1403636646.013555527 9.20251 -3.05020 -0.27593 0.82419 0.06316 0.55969 -0.05890
1403636646.113555431 9.30199 -3.07349 -0.25802 0.82129 0.04867 0.56550 -0.05769
1403636646.213555574 9.40488 -3.09903 -0.24123 0.81865 0.02808 0.57133 -0.05094
1403636646.313555479 9.50691 -3.12776 -0.22893 0.81506 0.00265 0.57795 -0.04058
1403636646.413555384 9.60625 -3.16162 -0.22261 0.81081 -0.02246 0.58432 -0.02554
1403636646.513555527 9.70153 -3.19893 -0.21836 0.80472 -0.03821 0.59240 -0.00526
1403636646.613555431 9.78999 -3.23828 -0.21276 0.80247 -0.04968 0.59454 0.00977
1403636646.713555574 9.87327 -3.27896 -0.20070 0.80440 -0.05723 0.59095 0.02088
1403636646.813555479 9.94988 -3.31928 -0.17802 0.80439 -0.06295 0.59015 0.02689
1403636646.913555384 10.01811 -3.35852 -0.14792 0.80449 -0.06682 0.58943 0.03000
1403636647.113555431 10.14530 -3.43619 -0.09997 0.81001 -0.06814 0.58153 0.03273
1403636647.413555384 10.32565 -3.55333 -0.06482 0.81059 -0.06710 0.58112 0.02734
1403636647.613555431 10.43384 -3.63351 -0.06017 0.80201 -0.06829 0.59314 0.01770
1403636647.813555479 10.52199 -3.72355 -0.04464 0.80393 -0.06953 0.59013 0.02471
1403636647.913555384 10.55678 -3.77250 -0.03830 0.80474 -0.07487 0.58806 0.03107
1403636648.013555527 10.58674 -3.82398 -0.04126 0.80398 -0.08621 0.58699 0.04030
1403636648.113555431 10.61353 -3.87756 -0.05268 0.80260 -0.10389 0.58501 0.05299
1403636648.213555574 10.63805 -3.93194 -0.06900 0.79964 -0.12481 0.58340 0.06811
1403636648.313555479 10.65976 -3.98782 -0.08955 0.79595 -0.14778 0.58111 0.08326
1403636648.413555384 10.67688 -4.04349 -0.11314 0.79150 -0.17023 0.57840 0.10004
1403636648.513555527 10.68943 -4.09823 -0.14010 0.78680 -0.19365 0.57443 0.11608
1403636648.613555431 10.69915 -4.15291 -0.16248 0.78224 -0.21230 0.57128 0.12913
1403636648.713555574 10.70507 -4.20505 -0.17901 0.78167 -0.22427 0.56489 0.13998
1403636648.813555479 10.71201 -4.25627 -0.18928 0.78573 -0.23344 0.55432 0.14447
1403636648.913555384 10.71908 -4.30721 -0.19079 0.79230 -0.23937 0.54191 0.14593
1403636649.113555431 10.73902 -4.40995 -0.16334 0.78938 -0.23908 0.54473 0.15161
1403636649.213555574 10.75318 -4.46189 -0.13839 0.78126 -0.23582 0.55672 0.15515
1403636649.313555479 10.76551 -4.51067 -0.10825 0.77769 -0.23287 0.56254 0.15660
1403636649.613555431 10.78959 -4.64923 0.01504 0.78020 -0.22692 0.56345 0.14942
1403636649.713555574 10.79383 -4.69176 0.06113 0.77505 -0.23225 0.56818 0.15009
1403636649.813555479 10.79340 -4.73322 0.10097 0.77166 -0.23795 0.56868 0.15659
1403636649.913555384 10.79112 -4.77383 0.13365 0.76899 -0.24232 0.56872 0.16276
1403636650.013555527 10.78636 -4.81337 0.15726 0.76775 -0.24552 0.56753 0.16789
1403636650.113555431 10.77654 -4.85118 0.17113 0.76534 -0.25106 0.56721 0.17175
1403636650.313555479 10.74147 -4.92389 0.17579 0.75643 -0.28043 0.55881 0.19211
1403636650.413555384 10.71846 -4.95770 0.16951 0.75076 -0.30180 0.55031 0.20599
1403636650.513555527 10.69090 -4.98740 0.15898 0.74576 -0.32381 0.53916 0.21976
1403636650.613555431 10.66174 -5.01397 0.14364 0.74168 -0.34192 0.52961 0.22917
1403636650.713555574 10.63240 -5.03984 0.12681 0.73815 -0.35401 0.52314 0.23694
1403636650.813555479 10.60514 -5.06409 0.11448 0.73413 -0.36231 0.52061 0.24239
1403636650.913555384 10.58055 -5.08822 0.11249 0.72859 -0.36495 0.52342 0.24901
1403636651.013555527 10.55636 -5.11104 0.11654 0.72398 -0.36497 0.52762 0.25349
1403636651.813555479 10.31105 -5.19490 0.19133 0.72182 -0.36066 0.53896 0.24172
1403636651.913555384 10.27310 -5.19762 0.18360 0.71388 -0.37252 0.54044 0.24397
1403636652.013555527 10.22864 -5.20001 0.17223 0.70450 -0.38795 0.53751 0.25351
1403636652.113555431 10.17642 -5.20329 0.15588 0.69699 -0.40634 0.52528 0.27051
1403636652.213555574 10.11620 -5.20521 0.13654 0.68802 -0.42969 0.50751 0.29056
1403636652.313555479 10.04961 -5.20280 0.11228 0.67781 -0.45757 0.48702 0.30663
1403636652.413555384 9.98149 -5.19993 0.08318 0.66703 -0.48351 0.46850 0.31905
1403636652.513555527 9.91615 -5.19950 0.05777 0.65737 -0.50290 0.45631 0.32671
1403636652.613555431 9.85456 -5.20171 0.03964 0.65215 -0.51784 0.44456 0.33001
1403636652.713555574 9.79611 -5.21019 0.03063 0.65103 -0.52567 0.43400 0.33386
1403636653.013555527 9.63912 -5.26901 0.05601 0.64577 -0.52662 0.43467 0.34164
1403636653.313555479 9.49437 -5.36222 0.04650 0.64013 -0.50799 0.45420 0.35478
1403636653.713555574 9.32065 -5.46803 0.08668 0.64375 -0.49388 0.46603 0.35282
1403636654.213555574 9.11760 -5.51751 0.07622 0.63630 -0.50011 0.47020 0.35202
1403636654.313555479 9.07587 -5.51494 0.07415 0.63158 -0.50742 0.46343 0.35899
1403636654.413555384 9.03347 -5.51366 0.08140 0.62545 -0.51893 0.45360 0.36576
1403636654.513555527 8.99317 -5.50874 0.09584 0.61655 -0.53193 0.44336 0.37462
1403636654.713555574 8.91205 -5.49221 0.13038 0.59882 -0.55937 0.42536 0.38418
1403636654.813555479 8.87447 -5.48192 0.13891 0.59331 -0.56774 0.41856 0.38788
1403636654.913555384 8.83921 -5.47168 0.14009 0.58876 -0.57273 0.41407 0.39229
1403636655.113555431 8.76855 -5.45268 0.12711 0.57585 -0.57098 0.42078 0.40659
1403636655.313555479 8.69812 -5.42319 0.10568 -0.56627 0.57233 -0.42583 -0.41285
1403636655.413555384 8.66187 -5.39876 0.09465 -0.55892 0.57767 -0.42562 -0.41563
1403636655.513555527 8.62536 -5.37013 0.08959 -0.55220 0.58390 -0.42138 -0.42020
1403636655.713555574 8.54568 -5.29204 0.08074 -0.54231 0.61189 -0.39932 -0.41478
1403636655.813555479 8.50296 -5.25223 0.06179 -0.53537 0.62347 -0.39008 -0.41534
1403636656.013555527 8.40701 -5.17646 -0.00124 -0.51026 0.64698 -0.37492 -0.42482
1403636656.113555431 8.35598 -5.14091 -0.02466 -0.50139 0.65389 -0.36727 -0.43145
1403636656.213555574 8.30344 -5.10798 -0.03728 -0.49776 0.65821 -0.35865 -0.43630
1403636656.313555479 8.25039 -5.07703 -0.03799 -0.49575 0.66158 -0.35333 -0.43783
1403636656.413555384 8.19770 -5.05167 -0.02733 -0.49503 0.66353 -0.35076 -0.43776
1403636656.613555431 8.08651 -5.00870 0.00889 -0.49665 0.66059 -0.35027 -0.44075
1403636656.713555574 8.03014 -4.99198 0.02516 -0.49367 0.65380 -0.35799 -0.44797
1403636656.813555479 7.97235 -4.97285 0.03475 -0.49141 0.64600 -0.36480 -0.45620
1403636657.013555527 7.85898 -4.92582 0.02999 -0.49136 0.63817 -0.37182 -0.46158
1403636657.313555479 7.69823 -4.81991 -0.00315 -0.49040 0.64192 -0.37892 -0.45152
1403636657.413555384 7.64724 -4.77483 -0.00685 -0.49161 0.64744 -0.37662 -0.44419
1403636657.613555431 7.54241 -4.68079 -0.02495 -0.49502 0.65595 -0.37011 -0.43325
1403636657.813555479 7.42180 -4.58969 -0.05931 -0.49091 0.65883 -0.37024 -0.43345
1403636657.913555384 7.35782 -4.54317 -0.08121 -0.48657 0.66508 -0.37137 -0.42779
1403636658.013555527 7.28910 -4.49724 -0.09767 -0.48519 0.66855 -0.36938 -0.42567
1403636658.113555431 7.21516 -4.45300 -0.10337 -0.48828 0.66701 -0.36226 -0.43065
1403636658.213555574 7.13709 -4.41050 -0.10274 -0.49148 0.66477 -0.35500 -0.43647
1403636658.313555479 7.05675 -4.37088 -0.10502 -0.49469 0.66265 -0.34837 -0.44139
1403636658.413555384 6.97736 -4.33432 -0.11208 -0.49639 0.66231 -0.34414 -0.44330
1403636658.513555527 6.89865 -4.30167 -0.12163 -0.49924 0.66092 -0.33889 -0.44620
1403636658.613555431 6.82093 -4.27226 -0.13288 -0.50274 0.65792 -0.33342 -0.45081
1403636658.713555574 6.74570 -4.24715 -0.14703 -0.50388 0.65594 -0.33155 -0.45378
1403636658.813555479 6.67407 -4.22696 -0.16315 -0.50502 0.65122 -0.32993 -0.46045
1403636658.913555384 6.60565 -4.20988 -0.18177 -0.50251 0.64806 -0.33365 -0.46495
1403636659.113555431 6.48410 -4.17594 -0.23132 -0.49255 0.64655 -0.34854 -0.46678
1403636659.313555479 6.37684 -4.13748 -0.29126 -0.49114 0.64660 -0.35166 -0.46586
1403636659.413555384 6.32756 -4.11619 -0.31512 -0.49468 0.64988 -0.34718 -0.46088
1403636659.513555527 6.28329 -4.09602 -0.33142 -0.49808 0.65201 -0.34233 -0.45783
1403636659.713555574 6.20383 -4.05477 -0.35998 -0.49555 0.65053 -0.34355 -0.46175
1403636659.913555384 6.13843 -4.01364 -0.40925 -0.49316 0.65168 -0.34285 -0.46321
1403636660.013555527 6.11051 -3.99095 -0.44154 -0.49541 0.65597 -0.33741 -0.45872
1403636660.113555431 6.08709 -3.96999 -0.47721 -0.49751 0.66047 -0.33206 -0.45388
1403636660.213555574 6.06590 -3.95174 -0.51529 -0.49855 0.66268 -0.32961 -0.45128
1403636660.313555479 6.04654 -3.93773 -0.55327 -0.50098 0.66592 -0.32494 -0.44720
1403636660.413555384 6.02889 -3.92934 -0.58558 -0.50554 0.67198 -0.31724 -0.43843
1403636660.713555574 5.98305 -3.95185 -0.65987 -0.50109 0.65776 -0.32650 -0.45790
1403636660.813555479 5.97417 -3.97007 -0.69211 -0.50079 0.64830 -0.32798 -0.47048
1403636661.013555527 5.97270 -4.00746 -0.77328 -0.49900 0.64247 -0.33190 -0.47757
1403636661.213555574 5.99567 -4.04481 -0.86742 -0.49138 0.64513 -0.34308 -0.47397
1403636661.413555384 6.03548 -4.06992 -0.94394 -0.48965 0.64605 -0.34605 -0.47235
1403636661.613555431 6.08747 -4.08675 -0.98960 -0.48945 0.64967 -0.34770 -0.46634
1403636661.813555479 6.14706 -4.09414 -1.00546 -0.48330 0.65116 -0.35838 -0.46258
1403636662.013555527 6.20585 -4.08931 -0.99447 -0.48074 0.65072 -0.36413 -0.46137
1403636662.313555479 6.28767 -4.05233 -0.96199 -0.49104 0.64664 -0.34859 -0.46820
1403636662.513555527 6.34849 -4.01759 -0.96610 -0.49787 0.65304 -0.33569 -0.46150
1403636662.613555431 6.38441 -4.00092 -0.97537 -0.49554 0.65929 -0.33755 -0.45370
1403636662.713555574 6.42058 -3.98709 -0.98739 -0.48609 0.66581 -0.34895 -0.44569
1403636662.913555384 6.48006 -3.96272 -1.02488 -0.48006 0.67126 -0.35470 -0.43947
1403636663.013555527 6.50335 -3.94991 -1.04920 -0.48058 0.67589 -0.35284 -0.43328
1403636663.113555431 6.52090 -3.93898 -1.06870 -0.47773 0.68124 -0.35559 -0.42572
1403636663.313555479 6.53049 -3.92736 -1.09565 -0.49079 0.67586 -0.33617 -0.43512
1403636663.413555384 6.52962 -3.92594 -1.11673 -0.50061 0.67251 -0.32216 -0.43969
1403636663.513555527 6.52895 -3.93103 -1.14320 -0.50712 0.67245 -0.31242 -0.43937
1403636663.713555574 6.53088 -3.96905 -1.20407 -0.51330 0.67112 -0.30406 -0.44008
1403636663.913555384 6.54352 -4.04790 -1.24822 -0.52045 0.65516 -0.29892 -0.45885
1403636664.013555527 6.56034 -4.10330 -1.25748 -0.52116 0.64446 -0.30139 -0.47141
1403636664.113555431 6.58812 -4.16416 -1.26096 -0.51852 0.64062 -0.30918 -0.47449
1403636664.213555574 6.62500 -4.22995 -1.25962 -0.51271 0.63939 -0.32226 -0.47377
1403636664.313555479 6.66858 -4.29647 -1.26220 -0.50797 0.63774 -0.33432 -0.47274
1403636664.413555384 6.71757 -4.36127 -1.28114 -0.50640 0.63628 -0.34184 -0.47101
1403636664.513555527 6.77121 -4.42348 -1.31165 -0.50620 0.63456 -0.34776 -0.46922
1403636664.613555431 6.82894 -4.48423 -1.34358 -0.50406 0.63475 -0.35749 -0.46392
1403636664.713555574 6.89049 -4.54005 -1.37004 -0.50357 0.63526 -0.36433 -0.45840
1403636664.813555479 6.95297 -4.59302 -1.38889 -0.51024 0.63301 -0.35995 -0.45758
1403636664.913555384 7.01756 -4.64374 -1.39981 -0.51261 0.63182 -0.36166 -0.45523
1403636665.013555527 7.08373 -4.69400 -1.40595 -0.51611 0.63444 -0.36059 -0.44844
1403636665.113555431 7.15127 -4.74083 -1.40383 -0.52029 0.63812 -0.35747 -0.44082
1403636665.213555574 7.21887 -4.78793 -1.39414 -0.52050 0.64103 -0.35914 -0.43495
1403636665.313555479 7.28584 -4.83599 -1.38074 -0.51360 0.64100 -0.36983 -0.43423
1403636665.413555384 7.34995 -4.88353 -1.36720 -0.51292 0.63920 -0.37101 -0.43668
1403636665.513555527 7.41254 -4.92978 -1.35502 -0.51838 0.63669 -0.36163 -0.44174
1403636665.613555431 7.47568 -4.97469 -1.34090 -0.52324 0.63438 -0.35271 -0.44651
1403636665.813555479 7.60680 -5.06582 -1.30775 -0.52007 0.63168 -0.35165 -0.45482
1403636665.913555384 7.67688 -5.11336 -1.28865 -0.50926 0.63606 -0.36495 -0.45044
1403636666.013555527 7.74722 -5.15809 -1.27246 -0.50157 0.64172 -0.37345 -0.44402
1403636666.113555431 7.81489 -5.19960 -1.26193 -0.50029 0.64244 -0.37420 -0.44380
1403636666.313555479 7.94346 -5.27164 -1.25917 -0.50093 0.63843 -0.37279 -0.45000
1403636666.413555384 8.00570 -5.30235 -1.26460 -0.49850 0.63996 -0.37757 -0.44653
1403636666.513555527 8.06713 -5.32954 -1.26657 -0.49934 0.64201 -0.37851 -0.44183
1403636666.613555431 8.12621 -5.35231 -1.26071 -0.50528 0.64238 -0.37224 -0.43985
1403636666.713555574 8.18310 -5.37285 -1.24835 -0.51336 0.64206 -0.36335 -0.43840
1403636666.813555479 8.23960 -5.39288 -1.23350 -0.51870 0.64441 -0.35795 -0.43308
1403636666.913555384 8.29497 -5.41610 -1.22273 -0.51785 0.65380 -0.36000 -0.41807
1403636667.013555527 8.34664 -5.44137 -1.21824 -0.51386 0.66099 -0.36562 -0.40665
1403636667.113555431 8.39172 -5.47057 -1.21686 -0.51269 0.65520 -0.36840 -0.41489
1403636667.213555574 8.43176 -5.50274 -1.21894 -0.51377 0.64163 -0.36857 -0.43417
1403636667.313555479 8.47039 -5.53457 -1.22594 -0.51660 0.63183 -0.36598 -0.44719
1403636667.513555527 8.55360 -5.59006 -1.25221 -0.52134 0.63215 -0.36124 -0.44508
1403636667.613555431 8.59860 -5.61637 -1.26575 -0.52201 0.64021 -0.36034 -0.43334
1403636667.713555574 8.64239 -5.64324 -1.27045 -0.52048 0.64542 -0.36284 -0.42530
1403636667.913555384 8.72215 -5.70213 -1.26233 -0.51639 0.64695 -0.36692 -0.42445
1403636668.313555479 8.85484 -5.83464 -1.29928 -0.51989 0.64607 -0.35069 -0.43510
1403636668.613555431 8.95686 -5.95570 -1.36950 -0.51500 0.64667 -0.34772 -0.44236
1403636668.913555384 9.07818 -6.09399 -1.43785 -0.51945 0.63308 -0.33534 -0.46576
1403636669.013555527 9.13244 -6.14384 -1.44724 -0.51409 0.63369 -0.34270 -0.46552
1403636669.113555431 9.18997 -6.18939 -1.44750 -0.50756 0.63606 -0.35130 -0.46303
1403636669.313555479 9.31435 -6.27147 -1.45491 -0.50345 0.63743 -0.35470 -0.46305
1403636669.513555527 9.44986 -6.34501 -1.48380 -0.50034 0.63535 -0.35903 -0.46593
1403636669.613555431 9.52142 -6.37870 -1.50130 -0.49780 0.63014 -0.36336 -0.47233
1403636669.713555574 9.59445 -6.40639 -1.51777 -0.49467 0.62447 -0.36932 -0.47848
1403636669.813555479 9.66847 -6.42402 -1.52696 -0.48953 0.62636 -0.37875 -0.47389
1403636669.913555384 9.74460 -6.43220 -1.52930 -0.47923 0.63894 -0.39547 -0.45353
1403636670.013555527 9.81328 -6.43082 -1.52382 -0.47541 0.64900 -0.40128 -0.43791
1403636670.113555431 9.87211 -6.41893 -1.51319 -0.47478 0.65402 -0.40473 -0.42783
1403636670.213555574 9.92015 -6.40044 -1.49825 -0.46972 0.65277 -0.41844 -0.42210
1403636670.313555479 9.95639 -6.37418 -1.48698 -0.46401 0.65006 -0.43428 -0.41656
1403636670.413555384 9.98061 -6.33927 -1.48255 -0.46600 0.64837 -0.44319 -0.40748
1403636670.513555527 9.99033 -6.29526 -1.47816 -0.47266 0.64508 -0.45197 -0.39521
1403636670.613555431 9.98247 -6.24238 -1.46731 -0.48435 0.63702 -0.46062 -0.38397
1403636670.813555479 9.91104 -6.11690 -1.42570 -0.51243 0.61225 -0.48022 -0.36326
1403636670.913555384 9.84910 -6.04541 -1.40483 -0.52358 0.59888 -0.49727 -0.34631
1403636671.013555527 9.76737 -5.96704 -1.38223 -0.53519 0.58086 -0.51771 -0.32885
1403636671.113555431 9.65995 -5.88180 -1.34971 -0.55588 0.55696 -0.52825 -0.31898
1403636671.213555574 9.52783 -5.79124 -1.31085 0.58068 -0.53453 0.52996 0.31020
1403636671.313555479 9.37355 -5.69614 -1.26833 0.60871 -0.51554 0.51900 0.30713
1403636671.413555384 9.20469 -5.59953 -1.22725 0.64236 -0.49344 0.49563 0.31344
1403636671.513555527 9.03245 -5.50365 -1.19070 0.67076 -0.47560 0.47711 0.31025
1403636671.713555574 8.69335 -5.32671 -1.13601 0.70323 -0.46311 0.45518 0.28949
1403636671.813555479 8.53175 -5.25199 -1.11570 0.71190 -0.46105 0.44708 0.28415
1403636671.913555384 8.37823 -5.18774 -1.09622 0.71874 -0.46316 0.43725 0.27876
1403636672.013555527 8.23432 -5.13668 -1.06912 0.72648 -0.46485 0.42327 0.27746
1403636672.113555431 8.10452 -5.10201 -1.03174 0.73146 -0.45914 0.41367 0.28816
1403636672.213555574 7.99120 -5.08029 -0.98624 0.73261 -0.45431 0.40927 0.29896
1403636672.313555479 7.89518 -5.07094 -0.94130 0.73177 -0.45145 0.40780 0.30726
1403636672.413555384 7.81527 -5.07136 -0.90157 0.72994 -0.44145 0.40989 0.32296
1403636672.513555527 7.75015 -5.08036 -0.87378 0.71836 -0.43415 0.42821 0.33482
1403636672.613555431 7.69662 -5.08802 -0.86316 0.70121 -0.43406 0.45514 0.33578
1403636672.713555574 7.64901 -5.09344 -0.87019 0.69089 -0.43882 0.47041 0.32989
1403636672.813555479 7.60767 -5.09653 -0.89658 0.69334 -0.44608 0.46902 0.31673
1403636672.913555384 7.57224 -5.09927 -0.91995 0.69947 -0.44118 0.46954 0.30925
1403636673.013555527 7.54352 -5.10086 -0.93750 0.70808 -0.42938 0.47198 0.30247
1403636673.113555431 7.52066 -5.10258 -0.94891 0.71821 -0.41654 0.47281 0.29517
1403636673.213555574 7.50409 -5.10606 -0.95210 0.73112 -0.41062 0.46572 0.28277
1403636673.313555479 7.49392 -5.11183 -0.94925 0.74283 -0.40682 0.45673 0.27221
1403636673.513555527 7.50375 -5.14133 -0.93694 0.74908 -0.39929 0.45709 0.26554
1403636673.613555431 7.52289 -5.16647 -0.93700 0.74560 -0.39372 0.46559 0.26885
1403636673.713555574 7.54999 -5.19525 -0.94033 0.73920 -0.38786 0.47759 0.27394
1403636673.813555479 7.58418 -5.22387 -0.94269 0.73249 -0.38216 0.48932 0.27925
1403636674.113555431 7.70792 -5.29188 -0.94352 0.73230 -0.38114 0.49060 0.27891
1403636674.313555479 7.81459 -5.32954 -0.96562 0.72448 -0.38715 0.50148 0.27160
1403636674.413555384 7.87230 -5.34544 -0.98919 0.72135 -0.39207 0.50883 0.25891
1403636674.513555527 7.93060 -5.36110 -1.01745 0.72086 -0.38902 0.51766 0.24709
1403636674.613555431 7.98558 -5.37684 -1.05129 0.72375 -0.38113 0.52261 0.24043
1403636674.713555574 8.03846 -5.39456 -1.08817 0.72742 -0.37372 0.52491 0.23593
1403636674.813555479 8.08720 -5.41286 -1.12972 0.73651 -0.37235 0.51745 0.22618
1403636674.913555384 8.13284 -5.43492 -1.16614 0.74582 -0.37314 0.50730 0.21717
1403636675.013555527 8.17833 -5.46359 -1.19436 0.75286 -0.37430 0.49849 0.21122
1403636675.213555574 8.27597 -5.54475 -1.22220 0.76439 -0.36311 0.48324 0.22437
1403636675.313555479 8.33745 -5.60080 -1.22535 0.76670 -0.35600 0.47965 0.23531
1403636675.413555384 8.40643 -5.65957 -1.22060 0.76213 -0.34669 0.48892 0.24480
1403636675.513555527 8.48330 -5.71863 -1.21779 0.75887 -0.33452 0.50067 0.24807
1403636675.613555431 8.56438 -5.77434 -1.22081 0.75753 -0.32052 0.51011 0.25138
1403636675.713555574 8.64958 -5.82460 -1.22974 0.75748 -0.30887 0.51900 0.24791
1403636675.813555479 8.73864 -5.86806 -1.24452 0.75514 -0.30131 0.53381 0.23241
1403636675.913555384 8.82875 -5.90618 -1.26649 0.75413 -0.29937 0.54782 0.20386
1403636676.013555527 8.91583 -5.94092 -1.29371 0.75989 -0.29301 0.55240 0.17770
1403636676.113555431 8.99711 -5.97523 -1.32313 0.76981 -0.27628 0.55110 0.16537
1403636676.213555574 9.07526 -6.01076 -1.35463 0.78157 -0.24901 0.54747 0.16557
1403636676.313555479 9.15397 -6.04888 -1.39354 0.79419 -0.21905 0.54194 0.16607
1403636676.413555384 9.23269 -6.07673 -1.41759 0.80262 -0.18939 0.54117 0.16451
1403636676.513555527 9.31713 -6.10251 -1.43958 0.80900 -0.16985 0.54247 0.14969
1403636676.613555431 9.40498 -6.12064 -1.45292 0.81067 -0.15891 0.54882 0.12790
1403636676.713555574 9.49540 -6.13644 -1.44888 0.81010 -0.15290 0.55507 0.11067
1403636676.813555479 9.58034 -6.14242 -1.45086 0.80904 -0.15046 0.55988 0.09669
1403636676.913555384 9.67159 -6.15977 -1.44271 0.80901 -0.14834 0.56237 0.08504
1403636677.113555431 9.84705 -6.18405 -1.45619 0.80945 -0.13795 0.56354 0.09045
1403636677.313555479 10.02231 -6.20644 -1.50955 0.80574 -0.12748 0.56949 0.10104
1403636677.413555384 10.11086 -6.21450 -1.53074 0.80002 -0.11765 0.57986 0.09947
1403636677.513555527 10.20158 -6.20713 -1.53518 0.79454 -0.10753 0.59067 0.09086
1403636677.613555431 10.26967 -6.21273 -1.55058 0.79325 -0.09705 0.59622 0.07652
1403636677.713555574 10.34261 -6.20303 -1.54731 0.79590 -0.08644 0.59644 0.05767
1403636677.913555384 10.45881 -6.18363 -1.53669 0.81100 -0.06185 0.58170 0.00871
1403636678.013555527 10.51341 -6.17592 -1.52414 0.81683 -0.04313 0.57516 -0.01067
1403636678.113555431 10.56256 -6.17612 -1.51768 0.81796 -0.02102 0.57458 -0.01880
1403636678.313555479 10.65550 -6.18598 -1.51761 0.81733 0.01758 0.57550 -0.02131
1403636678.413555384 10.70058 -6.19176 -1.51519 0.81717 0.03091 0.57465 -0.03250
1403636678.513555527 10.74507 -6.19753 -1.50600 0.81744 0.04640 0.57257 -0.04233
1403636678.613555431 10.78770 -6.20306 -1.49008 0.81582 0.06373 0.57221 -0.05444
1403636678.713555574 10.82865 -6.20783 -1.47409 0.81284 0.08979 0.57239 -0.06004
1403636678.913555384 10.90736 -6.20935 -1.45972 0.80545 0.14952 0.57022 -0.06116
1403636679.013555527 10.94377 -6.20184 -1.46166 0.80191 0.16963 0.56859 -0.06982
1403636679.113555431 10.97612 -6.18649 -1.46849 0.79697 0.18401 0.56865 -0.08732
1403636679.213555574 11.00439 -6.16432 -1.47997 0.79095 0.19303 0.56912 -0.11508
1403636679.313555479 11.02849 -6.13884 -1.48949 0.78463 0.20366 0.56778 -0.14320
1403636679.413555384 11.04783 -6.11359 -1.49244 0.77851 0.22034 0.56427 -0.16423
1403636679.513555527 11.06364 -6.09085 -1.48794 0.77329 0.23893 0.55891 -0.18042
1403636679.613555431 11.07714 -6.07126 -1.47666 0.76986 0.25400 0.55316 -0.19184
1403636679.713555574 11.08708 -6.05666 -1.45850 0.76875 0.26549 0.54696 -0.19842
1403636679.813555479 11.09581 -6.04528 -1.43338 0.76405 0.27386 0.54854 -0.20082
1403636679.913555384 11.10359 -6.03486 -1.39938 0.75660 0.27970 0.55629 -0.19968
1403636680.013555527 11.10768 -6.02564 -1.36054 0.75297 0.28658 0.56055 -0.19153
1403636680.113555431 11.10365 -6.01781 -1.31775 0.74884 0.29514 0.56616 -0.17776
1403636680.313555479 11.07045 -5.99381 -1.24491 0.74621 0.29549 0.57144 -0.17118
1403636680.513555527 11.00149 -5.95676 -1.20068 0.75129 0.30186 0.56703 -0.15144
1403636680.713555574 10.89847 -5.89403 -1.17670 0.75783 0.29212 0.56175 -0.15747
1403636680.813555479 10.83697 -5.85366 -1.17068 0.76441 0.28057 0.55458 -0.17146
1403636680.913555384 10.77117 -5.81013 -1.16898 0.77283 0.26712 0.54394 -0.18841
1403636681.013555527 10.70539 -5.76713 -1.17557 0.78323 0.26335 0.52941 -0.19214
1403636681.113555431 10.64386 -5.72358 -1.18779 0.79075 0.26584 0.51853 -0.18756
1403636681.313555479 10.53715 -5.62992 -1.20744 0.77707 0.27165 0.53809 -0.18119
1403636681.413555384 10.48823 -5.57922 -1.21077 0.77041 0.27022 0.54721 -0.18443
1403636681.513555527 10.43912 -5.53162 -1.20914 0.76765 0.26842 0.55029 -0.18931
1403636681.613555431 10.38655 -5.48231 -1.20523 0.76649 0.27142 0.55079 -0.18828
1403636681.713555574 10.33280 -5.43364 -1.20485 0.76518 0.27427 0.55156 -0.18724
1403636681.813555479 10.27801 -5.38316 -1.20773 0.76397 0.27605 0.55234 -0.18727
1403636681.913555384 10.22091 -5.33294 -1.20911 0.76265 0.27667 0.55314 -0.18935
1403636682.013555527 10.16252 -5.28232 -1.20372 0.76262 0.27652 0.55214 -0.19259
1403636682.113555431 10.10160 -5.23338 -1.19018 0.76270 0.27612 0.55110 -0.19577
1403636682.213555574 10.03781 -5.18588 -1.17314 0.76474 0.27600 0.54773 -0.19747
1403636682.313555479 9.97271 -5.13966 -1.16004 0.77070 0.27632 0.53933 -0.19697
1403636682.413555384 9.90846 -5.09299 -1.15411 0.77624 0.27643 0.53172 -0.19573
1403636682.613555431 9.78518 -4.99864 -1.15061 0.76815 0.27521 0.54502 -0.19277
1403636682.813555479 9.66111 -4.90371 -1.15218 0.76347 0.26938 0.55378 -0.19461
1403636683.013555527 9.53097 -4.81173 -1.13292 0.76160 0.27329 0.55789 -0.18448
1403636683.213555574 9.38750 -4.71860 -1.11729 0.76333 0.27190 0.55500 -0.18808
1403636683.313555479 9.31179 -4.67256 -1.11947 0.76416 0.27150 0.55299 -0.19121
1403636683.413555384 9.23491 -4.62711 -1.12557 0.76456 0.27177 0.55141 -0.19376
1403636683.513555527 9.16145 -4.58620 -1.13707 0.76463 0.27278 0.55017 -0.19558
1403636683.613555431 9.08647 -4.54485 -1.15141 0.76532 0.27365 0.54848 -0.19641
1403636683.713555574 9.01242 -4.50593 -1.16950 0.76789 0.27494 0.54404 -0.19691
1403636683.813555479 8.93535 -4.46515 -1.18231 0.77108 0.27608 0.53883 -0.19717
1403636683.913555384 8.85989 -4.42578 -1.18793 0.77229 0.27763 0.53601 -0.19792
1403636684.013555527 8.78579 -4.38370 -1.18503 0.77096 0.27751 0.53707 -0.20041
1403636684.113555431 8.71223 -4.34058 -1.17413 0.76827 0.27862 0.53981 -0.20186
1403636684.213555574 8.63961 -4.30015 -1.15531 0.76637 0.27959 0.54125 -0.20384
1403636684.313555479 8.56619 -4.26095 -1.13290 0.76371 0.28047 0.54378 -0.20588
1403636684.413555384 8.49454 -4.22493 -1.11455 0.76145 0.28116 0.54595 -0.20754
1403636684.513555527 8.42340 -4.19033 -1.10451 0.76108 0.27965 0.54554 -0.21201
1403636684.813555479 8.21060 -4.10646 -1.10785 0.75887 0.27793 0.54725 -0.21770
1403636685.013555527 8.06970 -4.07077 -1.13545 0.75786 0.28599 0.54922 -0.20544
1403636685.213555574 7.91883 -4.03869 -1.14036 0.76233 0.28764 0.54499 -0.19776
1403636685.413555384 7.76590 -4.00321 -1.12745 0.76517 0.28771 0.54408 -0.18901
1403636685.613555431 7.60553 -3.96014 -1.11895 0.76781 0.28095 0.54249 -0.19298
1403636685.813555479 7.44749 -3.91537 -1.13439 0.76520 0.28254 0.54679 -0.18882
1403636686.013555527 7.28276 -3.86886 -1.16028 0.76700 0.28025 0.54398 -0.19302
1403636686.113555431 7.20710 -3.84407 -1.18666 0.77021 0.27819 0.53901 -0.19712
1403636686.313555479 7.04446 -3.79630 -1.18657 0.77268 0.27595 0.53582 -0.19927
1403636686.513555527 6.89643 -3.75988 -1.16392 0.77568 0.27563 0.53144 -0.19977
1403636686.713555574 6.75217 -3.69235 -1.18121 0.77514 0.27757 0.53182 -0.19818
1403636686.913555384 6.62720 -3.64194 -1.19072 0.77175 0.27609 0.53594 -0.20233
1403636687.113555431 6.50469 -3.59220 -1.17097 0.77032 0.27516 0.53728 -0.20549
1403636687.313555479 6.39005 -3.54578 -1.15100 0.76809 0.27610 0.53973 -0.20613
1403636687.513555527 6.28554 -3.50485 -1.15732 0.76496 0.27734 0.54365 -0.20583
1403636687.713555574 6.18661 -3.47361 -1.18958 0.76361 0.27564 0.54427 -0.21139
1403636687.913555384 6.08783 -3.44832 -1.24661 0.76389 0.27750 0.54332 -0.21039
1403636688.113555431 5.99197 -3.42932 -1.31763 0.76206 0.28425 0.54582 -0.20137
1403636688.213555574 5.94302 -3.41969 -1.34661 0.76229 0.28491 0.54544 -0.20059
1403636688.313555479 5.89228 -3.41047 -1.36846 0.76297 0.28292 0.54425 -0.20402
1403636688.413555384 5.83644 -3.39854 -1.38944 0.76442 0.28183 0.54195 -0.20622
1403636688.613555431 5.72794 -3.37997 -1.44146 0.76287 0.29020 0.54404 -0.19452
1403636688.713555574 5.67329 -3.36869 -1.47296 0.76176 0.29357 0.54485 -0.19152
1403636688.813555479 5.61560 -3.35441 -1.50614 0.76184 0.29474 0.54355 -0.19306
1403636688.913555384 5.55758 -3.33568 -1.53306 0.76202 0.29845 0.53982 -0.19710
1403636689.013555527 5.49838 -3.31407 -1.55133 0.76282 0.30124 0.53458 -0.20394
1403636689.113555431 5.43990 -3.29037 -1.56134 0.76337 0.30357 0.52936 -0.21186
1403636689.213555574 5.38281 -3.26436 -1.56417 0.76400 0.30704 0.52433 -0.21704
1403636689.313555479 5.32742 -3.23726 -1.55987 0.76417 0.31002 0.52067 -0.22099
1403636689.413555384 5.27729 -3.20787 -1.54699 0.76281 0.31301 0.52000 -0.22305
1403636689.513555527 5.23103 -3.17866 -1.52512 0.76242 0.31446 0.51878 -0.22515
1403636689.613555431 5.18654 -3.14994 -1.49740 0.76459 0.31534 0.51441 -0.22659
1403636689.713555574 5.14762 -3.12103 -1.46954 0.76936 0.31315 0.50693 -0.23032
1403636689.913555384 5.09186 -3.05708 -1.42988 0.77605 0.30096 0.49783 -0.24359
1403636690.113555431 5.06950 -2.99383 -1.40648 0.77513 0.29924 0.50188 -0.24028
1403636690.313555479 5.07718 -2.93305 -1.38295 0.77328 0.30704 0.50680 -0.22565
1403636690.513555527 5.10855 -2.86544 -1.34313 0.77196 0.30385 0.50961 -0.22814
1403636690.613555431 5.13130 -2.82992 -1.32815 0.77304 0.29727 0.50806 -0.23646
1403636690.713555574 5.15979 -2.79547 -1.31915 0.77289 0.28758 0.50780 -0.24916
1403636690.813555479 5.19355 -2.76640 -1.32459 0.77194 0.27554 0.50792 -0.26497
1403636690.913555384 5.23392 -2.74562 -1.34111 0.76630 0.26770 0.51486 -0.27577
1403636691.013555527 5.28172 -2.73557 -1.35639 0.75630 0.26038 0.52747 -0.28634
1403636691.113555431 5.33530 -2.74029 -1.36518 0.74718 0.25878 0.53892 -0.29039
1403636691.213555574 5.39284 -2.76013 -1.36430 0.73788 0.26549 0.55238 -0.28272
1403636691.313555479 5.44881 -2.79659 -1.35727 0.73116 0.27934 0.56299 -0.26537
1403636691.413555384 5.50077 -2.84506 -1.34620 0.73388 0.29075 0.55923 -0.25327
1403636691.513555527 5.54753 -2.90246 -1.32674 0.74315 0.29793 0.54536 -0.24808
1403636691.613555431 5.59158 -2.96428 -1.29674 0.74775 0.30311 0.53744 -0.24525
1403636691.713555574 5.63541 -3.02939 -1.26188 0.74894 0.31262 0.53525 -0.23421
1403636691.813555479 5.67608 -3.09521 -1.23094 0.74856 0.31756 0.53521 -0.22883
1403636691.913555384 5.71246 -3.16075 -1.20730 0.74957 0.31573 0.53348 -0.23209
1403636692.013555527 5.74777 -3.22599 -1.18741 0.74564 0.31109 0.53876 -0.23871
1403636692.113555431 5.78035 -3.29369 -1.16915 0.74600 0.31059 0.53855 -0.23872
1403636692.213555574 5.81154 -3.36256 -1.14513 0.74572 0.31523 0.53962 -0.23096
1403636692.313555479 5.83872 -3.43254 -1.11341 0.74730 0.31551 0.53786 -0.22957
1403636692.413555384 5.86252 -3.50180 -1.07477 0.74944 0.31399 0.53543 -0.23035
1403636692.513555527 5.88565 -3.56991 -1.02916 0.74919 0.31739 0.53666 -0.22356
1403636692.613555431 5.90610 -3.63385 -0.97765 0.74990 0.31620 0.53640 -0.22347
1403636692.713555574 5.92299 -3.69608 -0.92161 0.75161 0.31644 0.53521 -0.22020
1403636692.913555384 5.95272 -3.81494 -0.82327 0.75349 0.33308 0.53319 -0.19240
1403636693.213555574 5.97295 -3.94055 -0.71145 0.75649 0.32429 0.52854 -0.20785
1403636693.413555384 5.98004 -3.99685 -0.66773 0.76695 0.32108 0.51209 -0.21555
1403636693.513555527 5.98660 -4.01726 -0.65323 0.77330 0.32082 0.50215 -0.21666
1403636693.613555431 5.99980 -4.03722 -0.64023 0.77903 0.32284 0.49266 -0.21486
1403636693.813555479 6.03994 -4.04441 -0.62456 0.77343 0.32242 0.50047 -0.21769
1403636693.913555384 6.06467 -4.04179 -0.61320 0.76511 0.31922 0.51261 -0.22347
1403636694.013555527 6.09830 -4.03795 -0.61398 0.75612 0.31659 0.52523 -0.22844
1403636694.113555431 6.12825 -4.03442 -0.61263 0.75076 0.31542 0.53232 -0.23130
1403636694.513555527 6.23799 -4.01878 -0.58439 0.75428 0.31826 0.52674 -0.22872
1403636694.813555479 6.31102 -4.01886 -0.57868 0.75343 0.31522 0.52968 -0.22895
1403636695.013555527 6.35898 -4.01683 -0.60318 0.75834 0.30379 0.52361 -0.24178
1403636695.213555574 6.41380 -4.01971 -0.62019 0.75816 0.30739 0.52657 -0.23116
1403636695.413555384 6.46854 -4.02956 -0.60961 0.75654 0.30869 0.53135 -0.22367
1403636695.613555431 6.52393 -4.03909 -0.59761 0.75432 0.31062 0.53610 -0.21707
1403636696.013555527 6.60127 -4.05062 -0.59963 0.75956 0.30661 0.53106 -0.21688
1403636696.213555574 6.63464 -4.05317 -0.62714 0.76455 0.31161 0.52510 -0.20648
1403636696.413555384 6.66582 -4.04244 -0.65917 0.75270 0.30519 0.54259 -0.21424
1403636697.013555527 6.68535 -4.04157 -0.69140 0.75220 0.30888 0.54467 -0.20522
1403636697.213555574 6.66614 -4.03601 -0.70482 0.74724 0.32093 0.55132 -0.18623
1403636697.413555384 6.61340 -4.01418 -0.68076 0.75456 0.31306 0.54225 -0.19647
1403636697.513555527 6.58037 -3.99446 -0.65764 0.75969 0.30825 0.53539 -0.20300
1403636697.713555574 6.51396 -3.95495 -0.60232 0.76693 0.29144 0.53846 -0.19220
1403636697.813555479 6.47750 -3.92745 -0.59029 0.77354 0.27499 0.54214 -0.17917
1403636697.913555384 6.44323 -3.91378 -0.56783 0.77902 0.25837 0.54568 -0.16915
1403636698.013555527 6.40630 -3.88727 -0.55900 0.78361 0.24432 0.54765 -0.16232
1403636698.213555574 6.33424 -3.82807 -0.56199 0.78817 0.22654 0.55110 -0.15412
1403636698.413555384 6.26174 -3.76911 -0.58106 0.79459 0.20391 0.55528 -0.13678
1403636698.513555527 6.22645 -3.73964 -0.59502 0.79946 0.18817 0.55681 -0.12418
1403636698.613555431 6.19318 -3.70691 -0.61560 0.80395 0.16889 0.55929 -0.11103
1403636698.713555574 6.15900 -3.67558 -0.63826 0.80884 0.14638 0.56102 -0.09802
1403636698.913555384 6.09416 -3.60711 -0.69421 0.81681 0.09625 0.56467 -0.06857
1403636699.013555527 6.06285 -3.57266 -0.71682 0.81951 0.07070 0.56603 -0.05499
1403636699.113555431 6.03460 -3.53753 -0.73145 0.82073 0.04473 0.56801 -0.04211
1403636699.213555574 6.00637 -3.50133 -0.73657 0.82182 0.01565 0.56865 -0.03172
1403636699.413555384 5.95725 -3.44427 -0.73435 0.82354 -0.04274 0.56560 -0.00774
1403636699.513555527 5.93692 -3.42310 -0.72820 0.82304 -0.06748 0.56393 0.00572
1403636699.613555431 5.91803 -3.40481 -0.72707 0.82120 -0.09201 0.56289 0.01786
1403636699.713555574 5.90108 -3.39205 -0.73114 0.81794 -0.11517 0.56277 0.03163
1403636699.913555384 5.87032 -3.38230 -0.74957 0.81053 -0.13681 0.56587 0.06418
1403636700.113555431 5.83770 -3.39584 -0.77803 0.80656 -0.14746 0.56815 0.07010
1403636700.413555384 5.79308 -3.40857 -0.85889 0.80664 -0.16098 0.56411 0.07214
1403636700.513555527 5.77841 -3.42598 -0.89640 0.80296 -0.16711 0.56651 0.07998
1403636700.613555431 5.76328 -3.44455 -0.93637 0.79837 -0.17194 0.56987 0.09100
1403636700.713555574 5.74789 -3.46649 -0.97924 0.79457 -0.17968 0.57064 0.10368
1403636700.913555384 5.71224 -3.50912 -1.04681 0.79439 -0.19114 0.56456 0.11698
1403636701.013555527 5.69245 -3.53446 -1.06989 0.79770 -0.19440 0.55849 0.11818
1403636701.113555431 5.67697 -3.54233 -1.08139 0.80328 -0.19582 0.55020 0.11690
1403636701.613555431 5.62656 -3.69199 -1.06448 0.80084 -0.17934 0.55981 0.11452
1403636701.813555479 5.61257 -3.75236 -1.04872 0.79800 -0.18138 0.56289 0.11595
1403636701.913555384 5.60721 -3.78336 -1.05263 0.79647 -0.19222 0.56025 0.12171
1403636702.013555527 5.60121 -3.81441 -1.06169 0.79301 -0.20703 0.55797 0.13015
1403636702.113555431 5.59436 -3.84664 -1.07666 0.78750 -0.22577 0.55591 0.14083
1403636702.213555574 5.58763 -3.87787 -1.09687 0.78154 -0.24457 0.55303 0.15339
1403636702.313555479 5.58140 -3.90748 -1.12297 0.77936 -0.25845 0.54696 0.16317
1403636702.413555384 5.57608 -3.93699 -1.15265 0.77900 -0.26641 0.54065 0.17286
1403636702.613555431 5.57152 -3.99621 -1.22341 0.77994 -0.27537 0.53080 0.18472
1403636702.713555574 5.57384 -4.02649 -1.26493 0.78156 -0.27663 0.52664 0.18786
1403636702.913555384 5.58870 -4.08896 -1.35762 0.78450 -0.27759 0.52188 0.18748
1403636703.213555574 5.64247 -4.18974 -1.45630 0.77190 -0.28250 0.54193 0.17514
1403636703.313555479 5.66256 -4.22607 -1.47547 0.76562 -0.28727 0.55080 0.16712
1403636703.513555527 5.69066 -4.30581 -1.49327 0.76871 -0.27752 0.54756 0.17957
1403636703.713555574 5.71183 -4.38593 -1.48745 0.77505 -0.27239 0.53953 0.18441
1403636703.913555384 5.73646 -4.46312 -1.49042 0.77073 -0.27336 0.54727 0.17814
1403636704.313555479 5.77654 -4.61599 -1.54783 0.77918 -0.26993 0.53854 0.17318
1403636704.513555527 5.80106 -4.69827 -1.56483 0.78524 -0.26662 0.53058 0.17547
1403636704.713555574 5.83885 -4.78485 -1.56491 0.79176 -0.26570 0.52132 0.17531
1403636704.913555384 5.89520 -4.87766 -1.58841 0.79921 -0.26592 0.51133 0.17058
1403636705.113555431 5.97924 -4.98272 -1.62946 0.80056 -0.26203 0.51067 0.17226
1403636705.213555574 6.03319 -5.03883 -1.64911 0.79164 -0.25718 0.52490 0.17787
1403636705.313555479 6.09276 -5.09446 -1.66212 0.78571 -0.25375 0.53415 0.18155
1403636705.513555527 6.22052 -5.20035 -1.67745 0.78808 -0.25567 0.53051 0.17925
1403636705.713555574 6.36129 -5.30370 -1.70656 0.79018 -0.25743 0.52687 0.17817
1403636705.813555479 6.43773 -5.35655 -1.72717 0.78623 -0.25857 0.53267 0.17677
1403636705.913555384 6.51550 -5.40845 -1.74413 0.78032 -0.26079 0.54138 0.17318
1403636706.013555527 6.59369 -5.45974 -1.75349 0.77451 -0.26571 0.54998 0.16448
1403636706.113555431 6.66967 -5.51227 -1.75611 0.76961 -0.27094 0.55706 0.15481
1403636706.313555479 6.80862 -5.62495 -1.77062 0.77439 -0.25624 0.55257 0.17123
1403636706.513555527 6.93935 -5.73382 -1.80969 0.78269 -0.24719 0.54183 0.18088
1403636706.713555574 7.07525 -5.83391 -1.83181 0.78652 -0.24755 0.53573 0.18193
1403636706.913555384 7.22652 -5.93214 -1.82833 0.78984 -0.25292 0.52896 0.17996
1403636707.013555527 7.30783 -5.98144 -1.82256 0.78761 -0.25446 0.53088 0.18191
1403636707.113555431 7.38861 -6.02906 -1.81525 0.78411 -0.25526 0.53461 0.18496
1403636707.313555479 7.55817 -6.12038 -1.79509 0.78347 -0.25957 0.53176 0.18981
1403636707.513555527 7.73749 -6.20684 -1.74720 0.78391 -0.26317 0.52917 0.19030
1403636707.713555574 7.92556 -6.28449 -1.68896 0.78309 -0.27296 0.52989 0.17744
1403636707.913555384 8.12070 -6.36993 -1.67338 0.78026 -0.27499 0.53503 0.17119
1403636708.013555527 8.21246 -6.41436 -1.68264 0.77962 -0.27115 0.53754 0.17240
1403636708.213555574 8.40029 -6.50488 -1.72005 0.77826 -0.26244 0.54280 0.17555
1403636708.313555479 8.49017 -6.54807 -1.74576 0.77448 -0.26571 0.54891 0.16817
1403636708.413555384 8.58039 -6.59472 -1.77203 0.76965 -0.27271 0.55567 0.15654
1403636708.613555431 8.75322 -6.70271 -1.80315 0.76610 -0.27212 0.56062 0.15731
1403636708.713555574 8.82593 -6.75873 -1.81546 0.76803 -0.26385 0.55785 0.17122
1403636708.813555479 8.89568 -6.81409 -1.83182 0.76900 -0.25570 0.55571 0.18557
1403636709.013555527 9.03153 -6.91848 -1.87056 0.76529 -0.25525 0.55702 0.19725
1403636709.213555574 9.15809 -6.98643 -1.87605 0.76429 -0.25920 0.55435 0.20340
1403636709.413555384 9.27553 -7.03121 -1.86617 0.77097 -0.26226 0.54344 0.20369
1403636709.713555574 9.46084 -7.06805 -1.88627 0.77510 -0.26181 0.53828 0.20232
1403636709.913555384 9.59286 -7.06533 -1.90965 0.77551 -0.25946 0.53961 0.20023
1403636710.113555431 9.73472 -7.06278 -1.90288 0.77515 -0.25628 0.54237 0.19821
1403636710.313555479 9.88511 -7.04309 -1.91716 0.77374 -0.25559 0.54772 0.18972
1403636710.413555384 9.95936 -7.01538 -1.92845 0.77230 -0.25947 0.55307 0.17417
1403636710.513555527 10.03961 -7.00217 -1.95673 0.77326 -0.25762 0.55736 0.15827
1403636710.613555431 10.11124 -6.98564 -1.98243 0.77502 -0.25080 0.56120 0.14662
1403636710.713555574 10.17858 -6.97158 -2.01263 0.77805 -0.23834 0.56453 0.13836
1403636710.813555479 10.24200 -6.95907 -2.04027 0.78236 -0.21939 0.56726 0.13413
1403636710.913555384 10.30134 -6.95103 -2.06225 0.78881 -0.19680 0.56726 0.13139
1403636711.013555527 10.35928 -6.93821 -2.07901 0.79456 -0.17572 0.56619 0.13127
1403636711.113555431 10.41497 -6.92867 -2.09001 0.79730 -0.16196 0.56683 0.12955
1403636711.213555574 10.46877 -6.90795 -2.09447 0.79799 -0.15337 0.56848 0.12854
1403636711.313555479 10.52018 -6.88627 -2.09827 0.79750 -0.15053 0.57072 0.12496
1403636711.413555384 10.57153 -6.85965 -2.09754 0.79343 -0.15171 0.57699 0.12058
1403636711.513555527 10.61855 -6.82911 -2.09206 0.78480 -0.15259 0.58860 0.11981
1403636711.913555384 10.74250 -6.66628 -2.05917 0.78467 -0.16188 0.58602 0.12112
1403636712.013555527 10.75889 -6.61471 -2.04505 0.78722 -0.17104 0.58206 0.11059
1403636712.113555431 10.76970 -6.56213 -2.02733 0.78729 -0.17743 0.58151 0.10264
1403636712.313555479 10.78094 -6.46953 -1.97496 0.78984 -0.15718 0.58303 0.10738
1403636712.413555384 10.78139 -6.42110 -1.94225 0.79194 -0.14004 0.58450 0.10762
1403636712.513555527 10.77835 -6.36922 -1.90418 0.79265 -0.12613 0.58722 0.10474
1403636712.613555431 10.76949 -6.31764 -1.87781 0.79175 -0.11704 0.59145 0.09809
1403636712.713555574 10.75851 -6.25724 -1.83071 0.78862 -0.11184 0.59797 0.08946
1403636712.813555479 10.74230 -6.19766 -1.80093 0.78887 -0.10811 0.59924 0.08315
1403636712.913555384 10.71692 -6.13774 -1.78079 0.79204 -0.10620 0.59584 0.07982
1403636713.113555431 10.65236 -6.01000 -1.74464 0.79511 -0.10460 0.59236 0.07730
1403636713.213555574 10.61721 -5.94444 -1.71870 0.79683 -0.10528 0.59031 0.07429
1403636713.413555384 10.52404 -5.82021 -1.64277 0.80058 -0.10747 0.58516 0.07152
1403636713.613555431 10.43618 -5.68902 -1.55666 0.80214 -0.11536 0.58239 0.06395
1403636713.813555479 10.33396 -5.57330 -1.48952 0.80390 -0.12491 0.57876 0.05640
1403636714.013555527 10.22347 -5.47632 -1.44605 0.80518 -0.12509 0.57620 0.06353
1403636714.213555574 10.11073 -5.38844 -1.42019 0.80403 -0.12451 0.57678 0.07320
1403636714.413555384 9.99221 -5.30929 -1.41035 0.80506 -0.13106 0.57418 0.07080
1403636714.513555527 9.93314 -5.27137 -1.41400 0.81072 -0.12914 0.56695 0.06798
1403636714.613555431 9.87261 -5.23886 -1.41919 0.81606 -0.12243 0.56161 0.06046
1403636714.713555574 9.81926 -5.20701 -1.42502 0.82022 -0.10830 0.55926 0.05237
1403636714.813555479 9.76734 -5.18212 -1.42111 0.82336 -0.08719 0.55908 0.04361
1403636714.913555384 9.71824 -5.15536 -1.40912 0.82535 -0.06218 0.56014 0.03424
1403636715.013555527 9.67490 -5.12986 -1.39014 0.82740 -0.03995 0.55974 0.02254
1403636715.113555431 9.63652 -5.10511 -1.36463 0.82909 -0.02155 0.55851 0.01450
1403636715.213555574 9.60225 -5.08212 -1.33632 0.82970 -0.00990 0.55807 0.00774
1403636715.313555479 9.57283 -5.06002 -1.31140 0.82801 -0.00434 0.56070 0.00081
1403636715.513555527 9.52724 -5.01914 -1.28319 0.82095 -0.00759 0.57075 -0.01523
1403636715.713555574 9.48569 -4.99004 -1.28177 0.81297 -0.01201 0.58185 -0.01979
1403636715.813555479 9.46479 -4.98307 -1.28448 0.80700 -0.00820 0.59040 -0.01041
1403636716.013555527 9.41066 -4.97222 -1.27392 0.79939 -0.00696 0.60077 -0.00104
1403636716.213555574 9.33311 -4.96142 -1.24580 0.80738 -0.01480 0.58984 -0.00223
1403636716.413555384 9.24049 -4.95453 -1.22000 0.81384 -0.02122 0.58071 0.00057
1403636716.713555574 9.10289 -4.95096 -1.22985 0.81379 -0.01232 0.58103 0.00058
1403636716.813555479 9.05582 -4.94834 -1.24457 0.81349 -0.00223 0.58152 -0.00753
1403636716.913555384 9.00751 -4.94281 -1.25731 0.81372 0.01184 0.58083 -0.01881
1403636717.013555527 8.95767 -4.93747 -1.26445 0.81368 0.03123 0.57963 -0.03140
1403636717.113555431 8.90765 -4.93286 -1.26431 0.81308 0.05127 0.57822 -0.04400
1403636717.213555574 8.85707 -4.92917 -1.25907 0.81216 0.06762 0.57717 -0.05202
1403636717.513555527 8.70110 -4.91644 -1.23911 0.80853 0.10260 0.57761 -0.04602
1403636717.713555574 8.59247 -4.88883 -1.24667 0.80820 0.09891 0.57793 -0.05510
1403636717.913555384 8.48005 -4.84406 -1.26665 0.80769 0.11342 0.57593 -0.05545
1403636718.013555527 8.42341 -4.81119 -1.26737 0.80590 0.12578 0.57524 -0.06171
1403636718.113555431 8.36250 -4.77360 -1.26158 0.80408 0.13816 0.57323 -0.07602
1403636718.213555574 8.30040 -4.73255 -1.25469 0.80261 0.14914 0.56997 -0.09327
1403636718.313555479 8.23707 -4.69028 -1.25576 0.80178 0.15779 0.56638 -0.10711
1403636718.413555384 8.17273 -4.64591 -1.26400 0.80047 0.16780 0.56287 -0.11946
1403636718.513555527 8.11001 -4.59928 -1.27822 0.79814 0.17802 0.55989 -0.13340
1403636718.613555431 8.04887 -4.55311 -1.29699 0.79677 0.18520 0.55612 -0.14695
1403636718.713555574 7.99575 -4.51232 -1.32092 0.79667 0.18890 0.55113 -0.16093
1403636718.813555479 7.94510 -4.47601 -1.34655 0.79478 0.19665 0.55012 -0.16440
1403636718.913555384 7.89763 -4.43904 -1.37639 0.79194 0.20732 0.55191 -0.15890
1403636719.113555431 7.80556 -4.37536 -1.40319 0.78575 0.21730 0.55842 -0.15346
1403636719.313555479 7.70870 -4.31135 -1.40913 0.77924 0.21293 0.56773 -0.15851
1403636719.513555527 7.61024 -4.25680 -1.43455 0.77763 0.20747 0.57116 -0.16131
1403636719.613555431 7.55316 -4.23187 -1.45526 0.78147 0.20523 0.56677 -0.16113
1403636719.713555574 7.49307 -4.20956 -1.46615 0.78613 0.20392 0.56159 -0.15823
1403636719.913555384 7.38179 -4.17341 -1.47110 0.79095 0.19858 0.55759 -0.15509
1403636720.113555431 7.27328 -4.14228 -1.47160 0.79341 0.19634 0.55566 -0.15230
1403636720.313555479 7.17254 -4.11544 -1.49340 0.79425 0.19541 0.55445 -0.15350
1403636720.513555527 7.08043 -4.09554 -1.52798 0.79453 0.19653 0.55298 -0.15592
1403636720.713555574 6.99447 -4.08340 -1.53933 0.79362 0.19833 0.55314 -0.15772
1403636720.913555384 6.92033 -4.07803 -1.53027 0.79724 0.18674 0.55469 -0.14780
1403636721.013555527 6.89015 -4.07885 -1.53219 0.79846 0.17518 0.55818 -0.14215
1403636721.113555431 6.86004 -4.08019 -1.54070 0.79956 0.16207 0.56212 -0.13587
1403636721.213555574 6.82904 -4.08350 -1.55225 0.80040 0.14763 0.56707 -0.12645
1403636721.313555479 6.79812 -4.08910 -1.55847 0.80100 0.13521 0.57092 -0.11906
1403636721.413555384 6.76768 -4.09764 -1.55616 0.80188 0.12663 0.57320 -0.11133
1403636721.513555527 6.73745 -4.10783 -1.55050 0.80369 0.11986 0.57344 -0.10431
1403636721.713555574 6.67274 -4.13280 -1.54897 0.80717 0.10670 0.57379 -0.08861
1403636721.913555384 6.60457 -4.15822 -1.56769 0.80755 0.10231 0.57492 -0.08284
1403636722.213555574 6.50019 -4.18828 -1.58429 0.80721 0.10920 0.57474 -0.07853
1403636722.613555431 6.35071 -4.21312 -1.58587 0.80876 0.10089 0.57441 -0.07599
1403636722.813555479 6.27352 -4.22074 -1.60418 0.80975 0.09895 0.57417 -0.06962
1403636723.213555574 6.12219 -4.21836 -1.57471 0.80996 0.09350 0.57413 -0.07483
1403636723.513555527 6.00812 -4.21449 -1.57168 0.80723 0.08549 0.58118 -0.05744
1403636723.613555431 5.97266 -4.20895 -1.56645 0.80089 0.07307 0.59170 -0.05590
1403636723.813555479 5.89232 -4.19998 -1.54915 0.80915 0.05824 0.58268 -0.04858
1403636724.013555527 5.79945 -4.18747 -1.53935 0.81898 0.04799 0.57014 -0.04381
1403636724.113555431 5.75409 -4.18347 -1.54234 0.82356 0.03958 0.56462 -0.03725
1403636724.213555574 5.70959 -4.18073 -1.55119 0.82486 0.02738 0.56396 -0.02837
1403636724.313555479 5.67235 -4.17821 -1.56241 0.82448 0.01294 0.56550 -0.01654
1403636724.413555384 5.63773 -4.17491 -1.56918 0.82173 -0.00259 0.56985 -0.00441
1403636724.513555527 5.60252 -4.17153 -1.57170 0.81880 -0.01453 0.57387 0.00545
1403636724.613555431 5.57224 -4.16546 -1.56820 0.81690 -0.02298 0.57619 0.01228
1403636724.813555479 5.51583 -4.14811 -1.53758 0.81703 -0.03165 0.57544 0.01796
1403636725.113555431 5.43059 -4.11621 -1.43337 0.81869 -0.03714 0.57300 0.00599
1403636725.513555527 5.34170 -4.09878 -1.30212 0.81979 -0.03118 0.57173 0.00981
1403636726.313555479 5.19223 -4.05179 -1.27117 0.81711 -0.02616 0.57581 0.00932
1403636726.613555431 5.14730 -4.03258 -1.25805 0.81357 -0.03311 0.58046 -0.00848
1403636726.913555384 5.09577 -4.03899 -1.18724 0.81114 -0.02191 0.58444 -0.00224
1403636727.313555479 5.00588 -4.07209 -1.06265 0.81262 -0.00299 0.58270 0.01003
1403636727.813555479 4.87619 -4.04967 -0.93632 0.81243 -0.00452 0.58300 0.00728
1403636728.213555574 4.74147 -3.99428 -0.80522 0.81121 -0.00521 0.58467 0.00860
1403636728.513555527 4.63610 -3.92598 -0.76119 0.81149 -0.01792 0.58404 -0.00799
1403636728.713555574 4.55901 -3.88484 -0.75488 0.81194 -0.00754 0.58358 -0.01162
1403636728.813555479 4.51780 -3.86313 -0.73991 0.81226 0.00960 0.58309 -0.01213
1403636728.913555384 4.47713 -3.84524 -0.72617 0.81110 0.02475 0.58416 -0.01612
1403636729.113555431 4.39466 -3.80503 -0.70331 0.80746 0.04288 0.58779 -0.02598
1403636729.313555479 4.30409 -3.76231 -0.70218 0.80929 0.04963 0.58438 -0.03296
1403636729.613555431 4.15229 -3.69171 -0.69914 0.80941 0.05152 0.58385 -0.03617
1403636729.913555384 3.98719 -3.61681 -0.65968 0.81478 0.04886 0.57650 -0.03727
1403636730.113555431 3.88019 -3.56429 -0.65494 0.81758 0.04923 0.57250 -0.03722
1403636730.413555384 3.72740 -3.48587 -0.67675 0.81884 0.04949 0.57054 -0.03920
1403636730.513555527 3.68158 -3.46000 -0.68449 0.82304 0.05054 0.56442 -0.03849
1403636730.613555431 3.64128 -3.43477 -0.68463 0.82707 0.05021 0.55846 -0.03956
1403636730.913555384 3.54005 -3.35085 -0.63305 0.83028 0.04719 0.55358 -0.04414
1403636731.113555431 3.49664 -3.30055 -0.59847 0.82247 0.03274 0.56448 -0.06195
1403636731.313555479 3.46812 -3.26969 -0.58495 0.81405 0.03621 0.57715 -0.05387
1403636732.013555527 3.37955 -3.25911 -0.66802 0.81377 0.04327 0.57777 -0.04557
1403636732.513555527 3.30212 -3.29444 -0.76988 0.80587 0.06010 0.58845 -0.02619
1403636732.713555574 3.24329 -3.29438 -0.76298 0.79928 0.06490 0.59704 -0.02202
1403636732.913555384 3.16447 -3.27586 -0.74370 0.79978 0.05806 0.59651 -0.03406
1403636733.113555431 3.06734 -3.25026 -0.73977 0.80673 0.05838 0.58693 -0.03594
1403636733.413555384 2.90621 -3.19619 -0.69033 0.81105 0.05980 0.58064 -0.03832
1403636733.613555431 2.79774 -3.15175 -0.63823 0.81513 0.05879 0.57483 -0.04091
1403636733.913555384 2.63615 -3.08075 -0.59736 0.81769 0.05976 0.57109 -0.04092
1403636734.113555431 2.53128 -3.02831 -0.59048 0.81182 0.06029 0.57954 -0.03813
1403636734.413555384 2.37316 -2.94274 -0.55600 0.81351 0.05706 0.57695 -0.04558
1403636734.613555431 2.26706 -2.88223 -0.51676 0.81797 0.05802 0.57034 -0.04765
1403636734.913555384 2.12205 -2.80328 -0.50441 0.81979 0.06223 0.56723 -0.04820
1403636735.213555574 1.99859 -2.72431 -0.52178 0.82016 0.06031 0.56665 -0.05111
1403636735.613555431 1.86505 -2.62522 -0.44831 0.81926 0.05054 0.56921 -0.04753
1403636736.113555431 1.74440 -2.51644 -0.35035 0.81627 0.05448 0.57310 -0.04795
1403636736.213555574 1.72968 -2.49943 -0.32545 0.81317 0.06458 0.57574 -0.05576
1403636736.413555384 1.69895 -2.45829 -0.27707 0.81053 0.08332 0.57600 -0.06569
1403636736.613555431 1.65603 -2.42414 -0.24443 0.80723 0.10149 0.57842 -0.05919
1403636736.913555384 1.59552 -2.33654 -0.25354 0.80579 0.10862 0.57899 -0.06065
1403636737.113555431 1.54253 -2.27987 -0.25604 0.80586 0.10462 0.57793 -0.07512
1403636737.313555479 1.47347 -2.20650 -0.28231 0.80753 0.10633 0.57436 -0.08183
1403636737.513555527 1.40982 -2.13689 -0.29179 0.81195 0.11032 0.56709 -0.08359
1403636737.713555574 1.35470 -2.07160 -0.27206 0.81541 0.10555 0.56150 -0.09312
1403636738.113555431 1.29000 -1.98855 -0.15296 0.81595 0.10095 0.56144 -0.09394
1403636738.413555384 1.27194 -1.95638 -0.06684 0.81539 0.09883 0.56360 -0.08792
1403636738.613555431 1.27475 -1.94428 -0.04411 0.82007 0.08417 0.56054 -0.07878
1403636738.713555574 1.27944 -1.94383 -0.04279 0.82158 0.06860 0.56156 -0.07035
1403636738.813555479 1.29054 -1.94160 -0.04697 0.82012 0.04827 0.56690 -0.06089
1403636739.013555527 1.30661 -1.95441 -0.07202 0.81770 -0.00176 0.57419 -0.04097
1403636739.213555574 1.32395 -1.98215 -0.11818 0.81660 -0.04722 0.57527 -0.00281
1403636739.313555479 1.32942 -2.00717 -0.14638 0.81527 -0.06594 0.57485 0.02304
1403636739.513555527 1.34437 -2.05644 -0.19517 0.81166 -0.10358 0.57104 0.06627
1403636739.713555574 1.34602 -2.09069 -0.20184 0.80687 -0.13473 0.56913 0.08311
1403636739.913555384 1.35759 -2.13162 -0.22176 0.80498 -0.14803 0.56815 0.08546
1403636740.213555574 1.37921 -2.19764 -0.28960 0.80600 -0.13728 0.56765 0.09639
1403636740.613555431 1.37616 -2.26635 -0.41735 0.80310 -0.13381 0.57459 0.08353
1403636740.813555479 1.36903 -2.29460 -0.46310 0.80710 -0.13274 0.56991 0.07855
1403636741.113555431 1.36040 -2.34183 -0.55122 0.80349 -0.11870 0.57471 0.10009
1403636741.313555479 1.34755 -2.36211 -0.64541 0.79906 -0.13983 0.57670 0.09678
1403636741.413555384 1.33652 -2.36935 -0.69797 0.80242 -0.14965 0.57012 0.09315
1403636741.613555431 1.31502 -2.38283 -0.78128 0.81236 -0.15890 0.55350 0.09202
1403636742.013555527 1.30105 -2.42814 -0.88751 0.80985 -0.14179 0.55904 0.10730
1403636742.113555431 1.30497 -2.44019 -0.92336 0.81473 -0.13930 0.55307 0.10451
1403636742.313555479 1.31993 -2.45582 -0.97245 0.81665 -0.14126 0.55216 0.09085
1403636742.513555527 1.34388 -2.47090 -0.99155 0.80958 -0.13856 0.56374 0.08704
1403636742.813555479 1.38476 -2.49878 -1.01974 0.80314 -0.13373 0.57425 0.08554
1403636743.113555431 1.41086 -2.52554 -1.11665 0.81009 -0.14449 0.56184 0.08491
1403636743.213555574 1.41819 -2.53710 -1.15246 0.82012 -0.15173 0.54512 0.08496
1403636743.313555479 1.43090 -2.55124 -1.18190 0.82619 -0.15647 0.53432 0.08622
1403636743.613555431 1.51066 -2.61059 -1.23149 0.81698 -0.15874 0.54673 0.09185
1403636743.813555479 1.58573 -2.66314 -1.28507 0.80709 -0.15781 0.55969 0.10218
1403636743.913555384 1.62565 -2.69058 -1.32210 0.80225 -0.16318 0.56447 0.10559
1403636744.113555431 1.70687 -2.74195 -1.41359 0.79662 -0.17083 0.56810 0.11606
1403636744.213555574 1.74624 -2.76773 -1.47050 0.79354 -0.17820 0.56945 0.11943
1403636744.413555384 1.82080 -2.81054 -1.59725 0.78902 -0.19169 0.57203 0.11611
1403636744.713555574 1.90713 -2.87525 -1.81774 0.78287 -0.19772 0.58027 0.10632
1403636744.913555384 1.94112 -2.92827 -1.96617 0.78824 -0.18793 0.57370 0.11930
1403636745.013555527 1.95253 -2.95511 -2.03185 0.79302 -0.18619 0.56788 0.11817
1403636745.113555431 1.96442 -2.98093 -2.08835 0.79862 -0.18408 0.56126 0.11535
1403636745.313555479 1.99050 -3.02964 -2.17462 0.80202 -0.17656 0.55988 0.11014
1403636745.513555527 2.02261 -3.07905 -2.22490 0.79398 -0.16820 0.57330 0.11239
1403636745.713555574 2.04970 -3.12002 -2.24388 0.79067 -0.17320 0.57525 0.11800
1403636745.913555384 2.07193 -3.15192 -2.23662 0.79021 -0.17966 0.57090 0.13174
1403636746.013555527 2.08284 -3.16484 -2.22793 0.79021 -0.18142 0.56818 0.14080
1403636746.213555574 2.10219 -3.17277 -2.18783 0.78885 -0.18458 0.56603 0.15250
1403636746.313555479 2.11267 -3.16930 -2.15973 0.78085 -0.18500 0.57600 0.15579
1403636746.413555384 2.12128 -3.15806 -2.13739 0.77527 -0.18578 0.58318 0.15604
1403636746.613555431 2.12899 -3.11326 -2.12127 0.79126 -0.19412 0.56298 0.13889
1403636746.713555574 2.13302 -3.08755 -2.12543 0.80338 -0.20024 0.54693 0.12387
1403636746.813555479 2.14006 -3.06412 -2.13195 0.80760 -0.20518 0.54166 0.11088
1403636747.013555527 2.16431 -3.02968 -2.13845 0.80506 -0.20418 0.54721 0.10370
1403636747.213555574 2.20060 -3.01328 -2.11045 0.79834 -0.18954 0.55808 0.12362
1403636747.413555384 2.24770 -2.99774 -2.05239 0.79530 -0.18628 0.56129 0.13320
1403636747.913555384 2.37974 -2.92455 -1.90820 0.79346 -0.20380 0.55838 0.13077
1403636748.013555527 2.40954 -2.90746 -1.86747 0.78841 -0.21533 0.56376 0.11924
1403636748.413555384 2.51146 -2.87817 -1.76162 0.79223 -0.20767 0.55713 0.13732
1403636748.713555574 2.58926 -2.86653 -1.68187 0.78820 -0.21174 0.56242 0.13264
1403636748.913555384 2.63815 -2.86201 -1.63087 0.78454 -0.22232 0.56541 0.12399
1403636749.213555574 2.69062 -2.87916 -1.58377 0.77967 -0.23407 0.56795 0.12150
1403636749.413555384 2.70734 -2.90958 -1.53936 0.78186 -0.22350 0.56442 0.14202
1403636749.613555431 2.71665 -2.93957 -1.47690 0.78463 -0.21199 0.56098 0.15721
1403636749.813555479 2.72936 -2.96096 -1.42973 0.78049 -0.20923 0.56832 0.15514
1403636749.913555384 2.73374 -2.96942 -1.41666 0.77618 -0.20786 0.57541 0.15245
1403636750.213555574 2.72347 -2.96195 -1.39505 0.77807 -0.20264 0.57701 0.14354
1403636750.413555384 2.69929 -2.94189 -1.35899 0.78517 -0.19987 0.56983 0.13730
1403636750.613555431 2.67110 -2.91536 -1.28210 0.78818 -0.19339 0.56885 0.13337
1403636750.913555384 2.62260 -2.86813 -1.11447 0.79303 -0.18609 0.56455 0.13326
1403636751.313555479 2.55573 -2.77283 -0.88981 0.80217 -0.19097 0.55030 0.13126
1403636751.513555527 2.54282 -2.72750 -0.79151 0.79504 -0.20242 0.55937 0.11850
1403636751.613555431 2.54658 -2.70710 -0.75049 0.79238 -0.20200 0.56477 0.11122
1403636751.813555479 2.52575 -2.68307 -0.66680 0.80080 -0.19826 0.55654 0.09840
1403636752.013555527 2.51334 -2.67895 -0.59868 0.81014 -0.18424 0.54604 0.10758
1403636752.213555574 2.51674 -2.69189 -0.53535 0.80471 -0.17461 0.55646 0.11092
1403636752.313555479 2.52047 -2.69631 -0.50452 0.80052 -0.16573 0.56602 0.10637
1403636752.513555527 2.54221 -2.70375 -0.43281 0.80116 -0.13686 0.57595 0.08771
1403636752.713555574 2.53238 -2.70745 -0.34980 0.80965 -0.10025 0.57481 0.06331
1403636752.813555479 2.54033 -2.71726 -0.32168 0.81279 -0.08003 0.57473 0.05142
1403636753.013555527 2.53253 -2.71452 -0.28916 0.81668 -0.03352 0.57525 0.03171
1403636753.113555431 2.53032 -2.71285 -0.28581 0.81791 -0.00965 0.57491 0.02031
1403636753.313555479 2.52731 -2.69556 -0.28920 0.81752 0.03957 0.57453 -0.00279
1403636753.513555527 2.52329 -2.66181 -0.30212 0.81388 0.06488 0.57655 -0.03126
1403636753.813555479 2.50693 -2.59827 -0.28885 0.81082 0.07047 0.57916 -0.04672
1403636754.213555574 2.46773 -2.49962 -0.28215 0.80375 0.06314 0.59025 -0.04000
1403636754.513555527 2.40510 -2.41247 -0.23036 0.80362 0.06701 0.59013 -0.03797
1403636754.613555431 2.37484 -2.37879 -0.21671 0.80495 0.07682 0.58688 -0.04158
1403636754.713555574 2.34060 -2.34217 -0.20840 0.80470 0.08836 0.58488 -0.05073
1403636754.913555384 2.27131 -2.26578 -0.20746 0.80143 0.11282 0.58322 -0.06947
1403636755.113555431 2.19469 -2.18001 -0.22397 0.79993 0.12696 0.58103 -0.07992
1403636755.313555479 2.08449 -2.10151 -0.20987 0.80430 0.13151 0.57318 -0.08532
1403636755.713555574 1.89850 -1.91510 -0.15937 0.81146 0.13080 0.56373 -0.08139
1403636755.913555384 1.81560 -1.81230 -0.15771 0.80678 0.12647 0.57098 -0.08417
1403636756.113555431 1.72787 -1.70324 -0.14871 0.80456 0.12516 0.57422 -0.08539
1403636756.313555479 1.64048 -1.59074 -0.12291 0.80276 0.12524 0.57653 -0.08658
1403636756.513555527 1.55406 -1.48562 -0.11079 0.80150 0.12695 0.57775 -0.08764
1403636756.713555574 1.45477 -1.37604 -0.11292 0.79985 0.12802 0.57951 -0.08953
1403636756.913555384 1.34552 -1.27162 -0.09867 0.79909 0.12898 0.58003 -0.09152
1403636757.113555431 1.22649 -1.17017 -0.07082 0.79910 0.12891 0.57956 -0.09450
1403636757.313555479 1.09848 -1.07123 -0.06201 0.79962 0.13129 0.57865 -0.09241
1403636757.513555527 0.96554 -0.97280 -0.06983 0.80320 0.13712 0.57284 -0.08897
1403636757.613555431 0.89808 -0.92610 -0.06530 0.80787 0.14417 0.56418 -0.09089
1403636757.713555574 0.83456 -0.87158 -0.06048 0.81387 0.15120 0.55314 -0.09380
1403636757.913555384 0.71230 -0.74565 -0.02509 0.81862 0.15975 0.54200 -0.10284
1403636758.013555527 0.65558 -0.67470 0.01974 0.81229 0.16051 0.55013 -0.10854
1403636758.113555431 0.61557 -0.61730 0.05090 0.80436 0.16019 0.56061 -0.11423
1403636758.313555479 0.52279 -0.48617 0.08703 0.79596 0.15840 0.57158 -0.12104
1403636758.413555384 0.47763 -0.42580 0.09244 0.80087 0.15692 0.56459 -0.12339
1403636758.613555431 0.38169 -0.29904 0.08322 0.82460 0.14661 0.52904 -0.13656
1403636758.713555574 0.35311 -0.24653 0.07933 0.82234 0.14493 0.53289 -0.13704
1403636758.813555479 0.33631 -0.19799 0.07206 0.81273 0.14522 0.54794 -0.13471
1403636758.913555384 0.32360 -0.15301 0.06331 0.80423 0.14912 0.56081 -0.12832
1403636759.013555527 0.31399 -0.11365 0.05061 0.80011 0.15116 0.56687 -0.12504
1403636759.213555574 0.28729 -0.03755 0.01915 0.79955 0.13296 0.56566 -0.15191
1403636759.413555384 0.27079 0.00494 -0.03109 0.79846 0.13595 0.56722 -0.14915
1403636759.513555527 0.26217 0.01078 -0.05810 0.79661 0.14578 0.57064 -0.13614
1403636759.713555574 0.24671 0.01636 -0.12007 0.79487 0.15777 0.57283 -0.12307
1403636759.913555384 0.21464 0.01609 -0.11947 0.79729 0.15897 0.56924 -0.12253
1403636760.013555527 0.20038 0.01448 -0.12892 0.80329 0.15961 0.56087 -0.12114
1403636760.313555479 0.16344 0.01166 -0.16016 0.80021 0.15590 0.56553 -0.12466
1403636760.513555527 0.14286 0.00668 -0.18854 0.79529 0.15905 0.57254 -0.12004
1403636760.613555431 0.13064 0.00569 -0.20442 0.80123 0.16166 0.56407 -0.11716
1403636760.713555574 0.11866 0.00329 -0.22312 0.80502 0.16539 0.55840 -0.11305
1403636760.913555384 0.09455 0.00636 -0.24908 0.79879 0.16938 0.56671 -0.10994
1403636761.013555527 0.08174 0.01135 -0.26191 0.80114 0.16911 0.56320 -0.11126
1403636761.113555431 0.06733 0.01909 -0.27506 0.80790 0.16775 0.55334 -0.11391
1403636761.213555574 0.05843 0.03005 -0.29356 0.81589 0.16944 0.54123 -0.11257
1403636761.313555479 0.04969 0.04169 -0.30219 0.81916 0.16967 0.53625 -0.11240
1403636761.413555384 0.05054 0.05888 -0.31041 0.81380 0.16855 0.54431 -0.11420
1403636761.613555431 0.06572 0.10212 -0.31581 0.79935 0.16434 0.56576 -0.11808
1403636761.713555574 0.06211 0.11574 -0.31025 0.79821 0.15693 0.56750 -0.12721
1403636761.813555479 0.06464 0.13225 -0.30670 0.79887 0.14996 0.56635 -0.13627
1403636762.013555527 0.05817 0.14424 -0.28748 0.79852 0.15566 0.56761 -0.12630
1403636762.113555431 0.08367 0.15762 -0.29572 0.79595 0.16779 0.57158 -0.10773
1403636762.313555479 0.07809 0.17647 -0.28225 0.80788 0.17340 0.55482 -0.09717
1403636762.513555527 0.07633 0.21414 -0.29672 0.81522 0.15569 0.54436 -0.12185
1403636762.613555431 0.08075 0.23478 -0.31537 0.81056 0.13861 0.55002 -0.14582
1403636762.713555574 0.08907 0.25039 -0.34169 0.80436 0.13562 0.55852 -0.15054
1403636762.913555384 0.09656 0.25053 -0.37587 0.77566 0.13970 0.59848 -0.14370
1403636763.013555527 0.08449 0.23216 -0.38507 0.80024 0.13614 0.57118 -0.12178
1403636763.113555431 0.07490 0.21460 -0.39387 0.79753 0.11113 0.58014 -0.12260
1403636763.213555574 0.07108 0.20860 -0.39388 0.79578 0.09972 0.58485 -0.12142
1403636763.413555384 0.06495 0.20723 -0.40995 0.79973 0.09838 0.57935 -0.12292
