1403636579.763556 0.0000000 0.0000000 0.0000000 -0.0000000 -0.0000000 -0.0000000 1.0000000
1403636580.463556 -0.0066752 0.2923332 0.0772405 -0.0555089 0.0032439 -0.0024895 0.9984498
1403636582.163555 -0.0003264 0.2527694 0.0672560 -0.0531872 0.0201868 -0.0097708 0.9983327
1403636582.863555 -0.0104554 -0.0738770 -0.0115750 -0.0124401 0.0350917 -0.0073694 0.9992795
1403636583.163555 -0.0010744 -0.1658412 -0.0342962 0.0200724 0.0445242 -0.0088242 0.9987677
1403636583.913555 0.0165009 0.2420420 0.0720687 -0.0596080 0.0312038 -0.0064992 0.9977129
1403636583.963556 0.0158744 0.2593722 0.0741854 -0.0627268 0.0301894 -0.0105370 0.9975184
1403636584.063555 0.0130510 0.2757272 0.0740360 -0.0637847 0.0234856 -0.0130860 0.9976014
1403636584.563555 0.0039623 0.0281233 0.0260862 -0.0416526 0.0299908 -0.0224844 0.9984288
1403636584.663555 0.0034691 -0.0427062 0.0128671 -0.0223289 0.0363528 -0.0203976 0.9988813
1403636584.813555 0.0015549 -0.1360134 -0.0085379 0.0067278 0.0450968 -0.0196467 0.9987668
1403636584.913555 0.0024453 -0.1739798 -0.0182602 0.0187963 0.0451394 -0.0153277 0.9986863
1403636586.213556 0.0109665 0.1094575 -0.0039183 -0.1371301 0.0409082 0.0063961 0.9896873
1403636587.513556 0.1083623 0.0893598 -0.0100712 -0.1980026 0.0293040 0.0124669 0.9796841
1403636588.013556 0.2870651 0.0792846 0.0093933 -0.1949041 0.0604318 0.0292500 0.9785218
1403636589.513556 -0.0279363 0.0911967 -0.0339873 -0.1951277 0.0230573 0.0152436 0.9803883
1403636589.763556 -0.1453747 0.0995596 -0.0421516 -0.1920836 0.0140185 0.0116544 0.9812092
1403636590.013556 -0.2348261 0.1148176 -0.0485231 -0.2013200 -0.0079647 0.0101803 0.9794403
1403636591.613555 0.1800749 0.1148327 -0.0174164 -0.1906794 0.0403982 0.0216978 0.9805807
1403636592.363555 0.2536010 0.0912890 0.0914971 -0.1666309 0.1016930 0.0469713 0.9796358
1403636592.763556 0.1944182 0.0537655 0.2069185 -0.1520268 0.0396039 0.0217796 0.9873424
1403636593.013556 0.0707625 0.0517044 0.2230939 -0.1630937 -0.0323810 0.0053104 0.9860648
1403636593.213556 -0.0513032 0.0682365 0.1780564 -0.1690512 -0.0840386 -0.0049068 0.9820057
1403636593.363555 -0.1246605 0.0876505 0.1191972 -0.1727937 -0.1083758 -0.0038708 0.9789699
1403636593.563555 -0.1646133 0.1227843 0.0299469 -0.1799275 -0.1026867 -0.0037450 0.9782983
1403636593.763556 -0.1365618 0.1612592 -0.0480476 -0.1954006 -0.0656146 0.0166180 0.9783850
1403636593.913555 -0.0766468 0.1761212 -0.0944622 -0.1920457 -0.0119027 0.0384899 0.9805587
1403636594.013556 -0.0271640 0.1817543 -0.1141259 -0.1801010 0.0297628 0.0510159 0.9818733
1403636594.263556 0.1162191 0.1781232 -0.1066891 -0.1736782 0.1105965 0.0740039 0.9757703
1403636594.563555 0.2712376 0.1437856 0.0067920 -0.1562450 0.1417108 0.0638906 0.9754094
1403636594.813555 0.2811303 0.1115972 0.1164454 -0.1415642 0.1193834 0.0590855 0.9809262
1403636594.963556 0.2077130 0.1034517 0.1607480 -0.1362074 0.0787260 0.0390904 0.9867734
1403636595.163555 0.0529258 0.1073362 0.1718781 -0.1413182 -0.0009481 0.0113040 0.9898992
1403636595.363555 -0.0709402 0.1286139 0.1426761 -0.1507727 -0.0636059 -0.0028624 0.9865159
1403636595.513556 -0.1036448 0.1439995 0.1004115 -0.1565218 -0.0802867 -0.0056880 0.9843895
1403636595.813555 -0.0076270 0.1815097 0.0127988 -0.1645391 -0.0443566 -0.0074154 0.9853448
1403636596.013556 0.0992436 0.2064245 -0.0351973 -0.1678585 0.0197946 0.0044564 0.9856023
1403636596.263556 0.1364675 0.2290415 -0.1110916 -0.1719124 0.0643800 0.0274672 0.9826225
1403636596.913555 -0.0192968 0.2315672 -0.2318374 -0.1521902 0.0616449 0.0084064 0.9863911
1403636598.413555 -0.0163841 0.2156864 -0.0236550 -0.1889176 -0.0593387 -0.0547997 0.9786655
1403636598.963556 0.0379679 0.2590716 0.1442257 -0.1014258 -0.0915115 -0.0496488 0.9893804
1403636599.063555 0.0435641 0.2723641 0.1721201 -0.0852807 -0.0948175 -0.0481349 0.9906664
1403636624.913555 0.1202961 0.3229513 0.2175917 -0.0135704 -0.0616358 -0.0531485 0.9965903
1403636625.063555 0.1408021 0.3078716 0.1896268 -0.0319304 -0.0568439 -0.0695719 0.9954441
1403636625.163555 0.1473310 0.2869277 0.1702138 -0.0400066 -0.0585903 -0.0668411 0.9952381
1403636625.263556 0.1494469 0.2602144 0.1563150 -0.0348424 -0.0617395 -0.0589272 0.9957418
1403636625.363555 0.1499805 0.2432701 0.1480853 -0.0288194 -0.0648178 -0.0544766 0.9959922
1403636625.563555 0.1498228 0.2520365 0.1534629 -0.0362151 -0.0666494 -0.0557736 0.9955580
1403636625.763556 0.1413925 0.2286656 0.1647860 -0.0264309 -0.0691384 -0.0568864 0.9956331
1403636625.913555 0.1278703 0.1677542 0.1703192 -0.0116641 -0.0719026 -0.0533006 0.9959182
1403636626.113555 0.1079640 0.0670184 0.1675179 -0.0049633 -0.0771240 -0.0419668 0.9961255
1403636627.213556 0.1712472 0.0071639 0.1709408 -0.0155640 -0.0819225 -0.0553783 0.9949772
1403636627.413555 0.1873204 -0.0215109 0.1493375 -0.0066000 -0.0838410 -0.0519886 0.9951001
1403636627.713556 0.2188769 -0.0557586 0.1177381 -0.0167450 -0.0661439 -0.0434664 0.9967223
1403636627.763556 0.2263426 -0.0499052 0.1155931 -0.0228221 -0.0603574 -0.0424697 0.9970118
1403636627.913555 0.2482531 -0.0320808 0.1166301 -0.0386223 -0.0412850 -0.0399292 0.9976019
1403636628.113555 0.2717717 -0.0409129 0.1273594 -0.0332145 -0.0259946 -0.0376593 0.9984002
1403636628.313555 0.2886342 -0.0894952 0.1434605 -0.0055558 -0.0238980 -0.0233803 0.9994255
1403636628.463556 0.3065307 -0.1305239 0.1510084 -0.0035287 -0.0253644 -0.0170270 0.9995270
1403636628.563555 0.3205162 -0.1485155 0.1533619 -0.0047230 -0.0269003 -0.0145991 0.9995204
1403636628.713556 0.3497647 -0.1662246 0.1617858 -0.0055719 -0.0275285 -0.0157643 0.9994812
1403636628.863555 0.3892114 -0.1675745 0.1753781 -0.0157120 -0.0150724 -0.0224437 0.9995110
1403636629.013556 0.4300179 -0.1772794 0.1860699 -0.0265959 -0.0040148 -0.0240975 0.9993477
1403636629.213556 0.4870604 -0.2117845 0.2070119 -0.0275720 0.0111948 -0.0203056 0.9993508
1403636629.313555 0.5112445 -0.2267412 0.2236428 -0.0232413 0.0208267 -0.0159077 0.9993864
1403636629.463556 0.5550764 -0.2372430 0.2513888 -0.0136158 0.0304539 -0.0022210 0.9994410
1403636629.663555 0.6269836 -0.2334177 0.2944466 -0.0202812 0.0592265 0.0118658 0.9979680
1403636629.763556 0.6641221 -0.2191235 0.3211569 -0.0288440 0.0807364 0.0150671 0.9962041
1403636629.963556 0.7452675 -0.1929218 0.3830101 -0.0369371 0.1232787 0.0266580 0.9913261
1403636630.263556 0.8832290 -0.2180711 0.4850289 -0.0099145 0.1530800 0.0322611 0.9876373
1403636630.663555 1.0540220 -0.3300548 0.6135892 -0.0179345 0.1567648 0.0206492 0.9872572
1403636631.263556 1.2939249 -0.4263705 0.8424132 -0.0106782 0.1434702 0.0243214 0.9892981
1403636631.463556 1.3559948 -0.4343715 0.9376814 -0.0109495 0.1430693 0.0228538 0.9893882
1403636631.913555 1.5117888 -0.4398167 1.1214168 -0.0142951 0.1405578 0.0140725 0.9898692
1403636632.113555 1.5730062 -0.4720453 1.2008849 -0.0122499 0.1412764 0.0113902 0.9898289
1403636632.613555 1.6676408 -0.4860034 1.3996092 -0.0254073 0.1318507 0.0282204 0.9905421
1403636632.763556 1.6868351 -0.4804387 1.4650986 -0.0321359 0.1076444 0.0297147 0.9932256
1403636633.113555 1.7632494 -0.5213262 1.6250614 -0.0187773 0.0461947 -0.0174680 0.9986032
1403636633.863555 1.9002209 -0.5802107 2.0444376 -0.0314153 0.0317726 -0.0065865 0.9989796
1403636634.363555 2.0332212 -0.7037744 2.3752933 -0.0207560 0.0347880 -0.0066580 0.9991570
1403636634.663555 2.1304855 -0.7838255 2.5857005 -0.0069980 0.0288317 -0.0206800 0.9993458
1403636635.113555 2.2500217 -0.8784241 2.8656812 -0.0193754 0.0020241 -0.0339087 0.9992350
1403636635.663555 2.3628118 -1.0056075 3.2290952 -0.0262747 -0.0098163 -0.0183840 0.9994375
1403636635.963556 2.4428008 -1.1533933 3.4262319 -0.0205532 -0.0115757 -0.0029772 0.9997174
1403636636.113555 2.4945426 -1.2263445 3.5208786 -0.0323705 -0.0066761 -0.0139692 0.9993560
1403636636.213556 2.5307679 -1.2803143 3.5928650 -0.0257793 -0.0039177 -0.0223472 0.9994102
1403636636.313555 2.5667558 -1.3387043 3.6611078 -0.0136491 -0.0020702 -0.0277190 0.9995204
1403636636.413555 2.6047225 -1.4034272 3.7253938 0.0014484 -0.0017410 -0.0301925 0.9995415
1403636636.463556 2.6195416 -1.4302877 3.7601659 0.0084605 -0.0014514 -0.0311920 0.9994766
1403636636.513556 2.6416023 -1.4552212 3.7897511 0.0114323 -0.0007084 -0.0339817 0.9993569
1403636636.663555 2.6857629 -1.5198170 3.8815894 0.0123531 0.0038338 -0.0469207 0.9988149
1403636636.763556 2.7168863 -1.5458195 3.9399333 0.0122186 0.0061984 -0.0543200 0.9984296
1403636636.863555 2.7412522 -1.5623155 3.9930100 0.0103640 0.0089531 -0.0637523 0.9978718
1403636636.913555 2.7516210 -1.5671190 4.0200219 0.0076756 0.0074189 -0.0609762 0.9980822
1403636637.063555 2.7678225 -1.5803878 4.0938511 0.0009481 -0.0012557 -0.0429105 0.9990777
1403636637.263556 2.7820103 -1.5762587 4.1871872 -0.0125141 -0.0065412 -0.0333287 0.9993447
1403636637.563555 2.7945526 -1.6153629 4.3112974 -0.0225525 -0.0102540 -0.0344841 0.9990981
1403636637.713556 2.7931786 -1.6570121 4.3715844 -0.0228418 -0.0120203 -0.0331107 0.9991183
1403636637.863555 2.7920277 -1.7159687 4.4311628 -0.0175170 -0.0129007 -0.0341763 0.9991791
1403636638.013556 2.7956488 -1.7734693 4.4856439 -0.0109934 -0.0141825 -0.0334322 0.9992799
1403636638.163555 2.7950501 -1.7983915 4.5555315 -0.0056007 -0.0152290 -0.0330647 0.9993215
1403636638.363555 2.7966826 -1.8044268 4.6443195 -0.0127001 -0.0180797 -0.0276903 0.9993724
1403636638.513556 2.8004766 -1.7954209 4.7152987 -0.0421700 -0.0225475 -0.0140515 0.9987572
1403636638.763556 2.8230503 -1.8115348 4.8512988 -0.0394475 -0.0190665 -0.0272172 0.9986689
1403636638.963556 2.8461213 -1.8718370 4.9708261 -0.0237658 -0.0213393 -0.0237956 0.9992065
1403636639.063555 2.8592052 -1.9108411 5.0290871 -0.0228080 -0.0253759 -0.0128243 0.9993355
1403636639.163555 2.8764105 -1.9395676 5.0912871 -0.0230573 -0.0284467 -0.0037539 0.9993223
1403636639.263556 2.8977993 -1.9535521 5.1610627 -0.0244968 -0.0298080 0.0006705 0.9992552
1403636639.363555 2.9280748 -1.9576901 5.2337680 -0.0245914 -0.0263199 -0.0099345 0.9993017
1403636639.563555 2.9989126 -1.9493854 5.3866539 -0.0207890 -0.0179733 -0.0362179 0.9989660
1403636639.613555 3.0152910 -1.9492308 5.4256158 -0.0192686 -0.0164050 -0.0421591 0.9987904
1403636639.713556 3.0477364 -1.9459441 5.5011573 -0.0115512 -0.0168778 -0.0428866 0.9988706
1403636639.813555 3.0728376 -1.9505649 5.5813770 -0.0058633 -0.0185186 -0.0383395 0.9990759
1403636639.863555 3.0873260 -1.9566137 5.6149564 -0.0045408 -0.0198708 -0.0351760 0.9991733
1403636640.063555 3.1415427 -1.9859644 5.7470708 -0.0024913 -0.0244493 -0.0339388 0.9991217
1403636640.263556 3.1851921 -2.0367451 5.8543940 -0.0030136 -0.0394551 -0.0435898 0.9982656
1403636640.463556 3.2305174 -2.0812733 5.9541516 -0.0030935 -0.0496484 -0.0483179 0.9975926
1403636640.713556 3.2820292 -2.1089668 6.0741649 -0.0049113 -0.0557035 -0.0505301 0.9971558
1403636640.863555 3.3146284 -2.1197133 6.1448860 -0.0095792 -0.0572106 -0.0518935 0.9969665
1403636641.413555 3.4067740 -2.1542745 6.3591905 -0.0078111 -0.0590066 -0.0392371 0.9974556
1403636641.563555 3.4257441 -2.1499712 6.4185057 -0.0073230 -0.0569147 -0.0418244 0.9974757
1403636641.763556 3.4630446 -2.1555994 6.4801469 -0.0066734 -0.0539143 -0.0465808 0.9974362
1403636641.963556 3.4873049 -2.1909716 6.5271258 -0.0045369 -0.0492156 -0.0449857 0.9977643
1403636642.263556 3.5324044 -2.2542434 6.5813980 0.0005866 -0.0258804 -0.0379691 0.9989436
1403636642.663555 3.5947595 -2.2508643 6.6399980 -0.0110193 0.0004584 -0.0262647 0.9995942
1403636642.863555 3.6259551 -2.2338269 6.6670451 -0.0238117 0.0033346 -0.0233002 0.9994394
1403636643.163555 3.6626379 -2.2541323 6.7146583 -0.0139836 0.0025906 -0.0207496 0.9996836
1403636643.713556 3.7529399 -2.3092089 6.8231845 -0.0359062 -0.0012223 -0.0231711 0.9990858
1403636643.913555 3.7933962 -2.3681364 6.8698397 -0.0457869 -0.0019645 -0.0261731 0.9986064
1403636644.113555 3.8321753 -2.4031994 6.9424515 -0.0494726 -0.0016670 -0.0279682 0.9983824
1403636644.413555 3.8850431 -2.4479830 7.1102371 -0.0140100 -0.0085779 -0.0042381 0.9998561
1403636644.713556 3.9815485 -2.4298790 7.2996168 0.0018039 -0.0088712 -0.0022951 0.9999564
1403636644.863555 4.0500379 -2.3926246 7.3873124 -0.0000775 0.0000779 -0.0259928 0.9996622
1403636645.013556 4.1193500 -2.3566036 7.4713011 -0.0128826 0.0023925 -0.0274664 0.9995369
1403636645.113555 4.1487818 -2.3448868 7.5240974 -0.0366738 0.0036550 -0.0242202 0.9990271
1403636645.313555 4.2338548 -2.3438098 7.6376705 -0.0605305 0.0045954 -0.0238548 0.9978707
1403636645.463556 4.2954431 -2.3666549 7.7378783 -0.0464288 0.0055143 -0.0242721 0.9986115
1403636645.763556 4.3985324 -2.4069815 7.9781847 -0.0361161 0.0070916 -0.0259542 0.9989854
1403636645.913555 4.4529886 -2.4504323 8.1102724 -0.0375380 0.0060029 -0.0233039 0.9990054
1403636646.013556 4.4881139 -2.4897585 8.1973953 -0.0280483 0.0091994 -0.0181928 0.9993986
1403636646.113555 4.5246477 -2.5415525 8.2843695 -0.0214730 0.0188556 -0.0076342 0.9995624
1403636646.163555 4.5472217 -2.5643573 8.3244371 -0.0174672 0.0268850 -0.0025383 0.9994827
1403636646.263556 4.5904574 -2.6128497 8.4133787 -0.0108393 0.0470135 0.0107462 0.9987776
1403636646.363555 4.6373129 -2.6516886 8.5017633 -0.0015110 0.0717569 0.0250377 0.9971067
1403636646.513556 4.7182097 -2.7018976 8.6258755 0.0117573 0.1113635 0.0286150 0.9932981
1403636646.563555 4.7419109 -2.7230012 8.6670675 0.0141848 0.1221589 0.0280500 0.9920127
1403636646.613555 4.7689443 -2.7370780 8.7019110 0.0143790 0.1303014 0.0286320 0.9909566
1403636646.763556 4.8484578 -2.8051474 8.8000851 0.0083322 0.1481188 0.0291120 0.9885059
1403636646.913555 4.9207740 -2.8804440 8.8815489 0.0073017 0.1563719 0.0302517 0.9872079
1403636647.063555 4.9958630 -2.9426434 8.9500971 0.0019876 0.1586377 0.0301499 0.9868745
1403636647.163555 5.0437765 -2.9753535 8.9981146 -0.0049253 0.1584401 0.0307967 0.9868759
1403636647.263556 5.0901108 -3.0071442 9.0470467 -0.0070863 0.1577845 0.0306356 0.9869728
1403636647.363555 5.1396179 -3.0330822 9.0886040 -0.0041671 0.1547740 0.0321616 0.9874175
1403636647.463556 5.1861148 -3.0512934 9.1347637 -0.0000021 0.1520941 0.0336699 0.9877924
1403636647.613555 5.2573566 -3.0799863 9.2027302 0.0131238 0.1470096 0.0384518 0.9883003
1403636647.813555 5.3594341 -3.1191249 9.2620354 0.0094743 0.1522034 0.0355045 0.9876658
1403636648.013556 5.4619823 -3.1412747 9.3177452 0.0067624 0.1744107 0.0397723 0.9838462
1403636648.613555 5.8177671 -3.0682321 9.4039621 0.0071558 0.3164013 0.0880691 0.9445014
1403636648.963556 5.9881935 -3.0487196 9.4145508 -0.0255807 0.3480517 0.1030636 0.9314417
1403636649.263556 6.1490040 -3.1402867 9.3853703 0.0003997 0.3504503 0.0901893 0.9322287
1403636649.663555 6.3239102 -3.2818241 9.3453979 0.0078011 0.3413668 0.0894910 0.9356277
1403636650.013556 6.4737110 -3.3915284 9.2728977 0.0140481 0.3637216 0.0917497 0.9268717
1403636650.363555 6.5851340 -3.4175334 9.2119675 0.0108639 0.4154488 0.1108853 0.9027673
1403636650.613555 6.6382403 -3.3320088 9.1455946 0.0008893 0.4677413 0.1344641 0.8735770
1403636651.713556 6.7643251 -3.2894762 8.8013248 0.0120288 0.4858007 0.1336912 0.8637011
1403636652.163555 6.7524948 -3.1879358 8.6197414 0.0188945 0.5476706 0.1623066 0.8205830
1403636652.363555 6.7454691 -3.0974271 8.5028782 -0.0001459 0.6012037 0.1895793 0.7762820
1403636652.563555 6.7186527 -3.0219789 8.4232235 -0.0103812 0.6364886 0.2123753 0.7413982
1403636652.713556 6.7039847 -2.9712186 8.3482475 -0.0209928 0.6484074 0.2214732 0.7280637
1403636653.063555 6.7490115 -2.9461129 8.1571217 -0.0170593 0.6552794 0.2137316 0.7243182
1403636653.363555 6.8263974 -2.9022923 8.0194597 0.0004913 0.6537130 0.1911687 0.7321978
1403636653.813555 6.8961802 -2.8948057 7.8210368 0.0087229 0.6451995 0.1801960 0.7424089
1403636654.263556 6.8999109 -2.8151054 7.6602817 0.0123923 0.6519985 0.1889077 0.7342059
1403636654.513556 6.8781376 -2.7951956 7.5547962 0.0044660 0.6813183 0.2012035 0.7037774
1403636654.763556 6.8365345 -2.7940488 7.4472408 0.0004040 0.7060518 0.2208432 0.6728439
1403636655.063555 6.7952542 -2.7614965 7.3456502 0.0072737 0.7231257 0.2150103 0.6563588
1403636655.363555 6.7361569 -2.6988900 7.2604771 0.0220178 0.7321153 0.2113154 0.6472003
1403636655.513556 6.6893072 -2.6728420 7.2201400 0.0244185 0.7413031 0.2146200 0.6354617
1403636655.813555 6.5726194 -2.6077657 7.1364617 0.0108558 0.7584829 0.2503169 0.6016039
1403636655.913555 6.5341406 -2.5668607 7.1119537 0.0111154 0.7678392 0.2584324 0.5860991
1403636656.013556 6.4942150 -2.5237763 7.0818391 0.0136610 0.7780217 0.2633211 0.5702260
1403636656.063555 6.4759908 -2.5021300 7.0628991 0.0141146 0.7826456 0.2641134 0.5634810
1403636656.113555 6.4567366 -2.4874637 7.0461335 0.0125412 0.7865800 0.2649920 0.5575966
1403636656.213556 6.4185343 -2.4610112 7.0081978 0.0075153 0.7925494 0.2660388 0.5486642
1403636656.363555 6.3643618 -2.4386759 6.9368443 0.0044266 0.7960187 0.2691888 0.5420997
1403636656.513556 6.3141441 -2.4345770 6.8603239 0.0017674 0.7966533 0.2694134 0.5410702
1403636656.663555 6.2676845 -2.4390278 6.7750416 0.0035391 0.7977046 0.2619128 0.5431911
1403636656.813555 6.2269263 -2.4283049 6.6952610 0.0146968 0.8012950 0.2437751 0.5461539
1403636656.963556 6.1808443 -2.4015529 6.6218104 0.0174188 0.8018031 0.2347235 0.5492844
1403636657.263556 6.0641723 -2.3266463 6.5001774 0.0281272 0.7966862 0.2405779 0.5537348
1403636657.613555 5.8817201 -2.2441926 6.3527184 0.0185814 0.7887738 0.2661135 0.5537818
1403636657.913555 5.7194200 -2.1338134 6.2127228 0.0248205 0.7893208 0.2760668 0.5478538
1403636658.313555 5.5087171 -2.0133739 5.9518275 0.0009191 0.7980254 0.2677664 0.5398665
1403636658.663555 5.3556576 -1.8893926 5.7093158 -0.0179165 0.8030818 0.2582640 0.5366921
1403636659.263556 5.1887836 -1.6357613 5.4039617 0.0056528 0.8095176 0.2372225 0.5370054
1403636660.063555 4.9701719 -1.3668821 5.2099514 -0.0108089 0.8084734 0.2560529 0.5298026
1403636661.213556 5.0386052 -0.9334584 5.2156849 -0.0034036 0.8150184 0.2345284 0.5298394
1403636663.113555 5.0104017 -0.9210370 5.7780809 0.0173969 0.7972631 0.2921850 0.5279175
1403636664.713556 5.6633978 -0.7330476 6.1254044 0.0058704 0.7992195 0.2357272 0.5528530
1403636665.663555 6.1850152 -0.9420426 6.6188774 -0.0165372 0.7902947 0.2412592 0.5629874
1403636666.013556 6.3687868 -1.0758986 6.8067784 0.0156225 0.7918057 0.2471264 0.5583263
1403636666.413555 6.5482578 -1.1549305 7.0300450 0.0209278 0.7929844 0.2432351 0.5581885
1403636666.613555 6.6083894 -1.1961982 7.1334734 0.0129353 0.7891555 0.2499847 0.5608689
1403636666.763556 6.6495709 -1.2333585 7.2030749 -0.0035390 0.7867761 0.2530881 0.5629541
1403636666.863555 6.6742730 -1.2639542 7.2434072 -0.0064714 0.7823502 0.2626109 0.5647314
1403636666.963556 6.7050567 -1.2854354 7.2852345 0.0024283 0.7746308 0.2818937 0.5661070
1403636667.063555 6.7378163 -1.3018949 7.3247795 0.0076469 0.7733135 0.2841228 0.5667468
1403636667.113555 6.7562366 -1.3096086 7.3420119 0.0077994 0.7764263 0.2752530 0.5668662
1403636667.213556 6.7912841 -1.3160400 7.3722725 0.0058348 0.7836702 0.2530556 0.5672653
1403636667.513556 6.8926768 -1.3188474 7.4814138 -0.0055554 0.7867619 0.2402143 0.5685701
1403636667.613555 6.9212255 -1.3234953 7.5205045 -0.0059814 0.7820126 0.2536131 0.5692986
1403636667.963556 7.0402050 -1.3693305 7.6359062 0.0027270 0.7789967 0.2645432 0.5684836
1403636668.163555 7.1170774 -1.3763098 7.6920872 -0.0038431 0.7834762 0.2585871 0.5650514
1403636668.363555 7.1957874 -1.3585169 7.7511520 -0.0123328 0.7870182 0.2577962 0.5603495
1403636668.663555 7.3340197 -1.3199257 7.8531685 -0.0120942 0.7926883 0.2539705 0.5540741
1403636669.063555 7.5462580 -1.3047618 8.0172310 -0.0102906 0.8023079 0.2309828 0.5503119
1403636669.313555 7.6698794 -1.3468796 8.1423435 0.0006945 0.8024157 0.2333370 0.5492563
1403636669.563555 7.7783823 -1.3624365 8.2983952 0.0078687 0.8043241 0.2266514 0.5492085
1403636669.763556 7.8445773 -1.3807266 8.4353046 0.0194302 0.8073875 0.2116985 0.5503923
1403636669.913555 7.8740573 -1.4138975 8.5463009 0.0485024 0.7964591 0.2376335 0.5539231
1403636670.113555 7.8815699 -1.4695544 8.6741934 0.0604017 0.7851724 0.2645665 0.5566512
1403636670.263556 7.8595824 -1.5158758 8.7417421 0.0833382 0.7776538 0.2657169 0.5636523
1403636670.513556 7.7783103 -1.5488133 8.8085136 0.1004421 0.7567707 0.2742195 0.5848189
1403636670.763556 7.6190143 -1.5780079 8.7652216 0.0977557 0.7242468 0.2682854 0.6276411
1403636670.913555 7.4923887 -1.5853243 8.6895924 0.1063122 0.6962734 0.2656104 0.6582950
1403636671.063555 7.3467493 -1.5805579 8.5580502 0.1162662 0.6626353 0.2552711 0.6944302
1403636672.113555 6.2731104 -1.4098883 7.0517421 -0.0865492 0.5747365 0.2001049 0.7887618
1403636672.563555 6.1874161 -1.4401214 6.6139722 -0.0534354 0.5970864 0.1469891 0.7867824
1403636675.063555 6.6366596 -1.2608719 7.1143689 -0.0349888 0.4671535 0.1738526 0.8662094
1403636675.463556 6.8700566 -1.3121682 7.3132172 -0.0387681 0.4767264 0.1259979 0.8691108
1403636675.663555 6.9967318 -1.3679579 7.4404025 -0.0245537 0.4647762 0.1012455 0.8792778
1403636675.963556 7.1308360 -1.3979769 7.6924973 0.0089080 0.4088453 0.1214347 0.9044445
1403636676.313555 7.2831650 -1.3761790 7.9614849 -0.0236165 0.3459207 0.0737427 0.9350632
1403636676.563555 7.3785758 -1.3964365 8.1679258 -0.0321165 0.2922300 0.0465778 0.9546731
1403636676.913555 7.4654264 -1.4793568 8.4590626 -0.0153627 0.2414322 0.0641775 0.9681714
1403636677.513556 7.6075220 -1.5339996 8.9740744 0.0152775 0.2206471 0.0252176 0.9749080
1403636677.763556 7.5962095 -1.5921841 9.1380711 0.0165022 0.1716699 0.0281631 0.9846136
1403636677.913555 7.5980468 -1.6323521 9.2031994 -0.0006664 0.1275735 0.0382074 0.9910927
1403636678.313555 7.6247234 -1.7004180 9.3754568 -0.0108038 0.0560272 -0.0068205 0.9983475
1403636678.563555 7.6622725 -1.7525070 9.4558001 -0.0134876 0.0104307 -0.0198031 0.9996585
1403636678.713556 7.6657681 -1.8010075 9.5087471 -0.0128952 -0.0188102 -0.0422414 0.9988471
1403636678.963556 7.6818690 -1.8342090 9.5929461 -0.0129691 -0.0653200 -0.0965091 0.9931018
1403636679.113555 7.6705852 -1.8415183 9.6378155 -0.0088974 -0.0986264 -0.1020699 0.9898360
1403636679.263556 7.6378765 -1.8400778 9.6798697 -0.0018603 -0.1412332 -0.0886736 0.9859953
1403636679.563555 7.5746889 -1.8569759 9.7291203 -0.0025361 -0.2174368 -0.0947866 0.9714578
1403636679.813555 7.5413032 -1.9102199 9.7426624 -0.0046666 -0.2458684 -0.1070880 0.9633583
1403636680.013556 7.5193844 -1.9721078 9.7332945 0.0109995 -0.2458858 -0.1234335 0.9613446
1403636680.213556 7.4988127 -2.0472913 9.6998253 0.0179548 -0.2374673 -0.1420380 0.9607873
1403636680.413555 7.4613752 -2.0875046 9.6414480 0.0190645 -0.2280068 -0.1546294 0.9611136
1403636680.563555 7.4215784 -2.0881906 9.5832186 0.0126027 -0.2221174 -0.1588014 0.9619185
1403636680.763556 7.3408079 -2.0755792 9.4883327 0.0032333 -0.2241640 -0.1394503 0.9645174
1403636680.913555 7.2575445 -2.0502059 9.3997822 -0.0127118 -0.2317625 -0.1090013 0.9665626
1403636681.063555 7.1836843 -2.0164347 9.3203821 -0.0390129 -0.2322737 -0.1034795 0.9663430
1403636681.163555 7.1355681 -1.9881418 9.2797031 -0.0441906 -0.2304535 -0.1088473 0.9659662
1403636681.213556 7.1075420 -1.9729283 9.2601213 -0.0376269 -0.2291787 -0.1123503 0.9661463
1403636681.363555 7.0247130 -1.9391280 9.2046814 -0.0138408 -0.2296396 -0.1158509 0.9662571
1403636681.513556 6.9397855 -1.9241592 9.1389446 -0.0052632 -0.2334225 -0.1100105 0.9661180
1403636682.113555 6.5943756 -1.8429158 8.8585606 -0.0016586 -0.2421141 -0.1121634 0.9637414
1403636682.413555 6.4287281 -1.8200573 8.6836157 -0.0252060 -0.2423500 -0.1106187 0.9635324
1403636683.013556 6.1016912 -1.7189538 8.3806868 0.0051683 -0.2309657 -0.1163265 0.9659691
1403636683.613555 5.7852850 -1.5727741 8.0126324 -0.0047646 -0.2413421 -0.1086836 0.9643232
1403636683.713556 5.7327895 -1.5380702 7.9483800 -0.0103002 -0.2423439 -0.1092875 0.9639604
1403636683.813555 5.6826773 -1.4992849 7.8850765 -0.0160495 -0.2432482 -0.1094160 0.9636394
1403636683.913555 5.6293969 -1.4738383 7.8208213 -0.0191719 -0.2445436 -0.1106093 0.9631181
1403636684.213556 5.4818773 -1.4379494 7.6279888 -0.0113198 -0.2507879 -0.1086948 0.9618538
1403636684.813555 5.2291021 -1.3505400 7.2532482 -0.0013011 -0.2604119 -0.0992246 0.9603845
1403636685.063555 5.1637702 -1.2639149 7.1074305 -0.0000796 -0.2539039 -0.1152479 0.9603389
1403636685.213556 5.1276817 -1.2287922 7.0102191 -0.0060907 -0.2502232 -0.1183970 0.9609024
1403636685.313555 5.1011515 -1.2129813 6.9382215 -0.0084972 -0.2457976 -0.1229472 0.9614548
1403636685.463556 5.0568576 -1.1894362 6.8343101 -0.0094974 -0.2427301 -0.1212625 0.9624382
1403636685.613555 5.0096149 -1.1587805 6.7302179 -0.0111370 -0.2421940 -0.1153643 0.9632804
1403636685.863555 4.9340611 -1.0740278 6.5689073 -0.0042861 -0.2393101 -0.1210448 0.9633589
1403636686.113555 4.8470974 -0.9796026 6.4017992 -0.0147439 -0.2436585 -0.1103293 0.9634525
1403636686.213556 4.8100624 -0.9525712 6.3331580 -0.0156545 -0.2435174 -0.1084326 0.9636890
1403636686.313555 4.7779670 -0.9345195 6.2651381 -0.0186840 -0.2439362 -0.1067817 0.9637135
1403636686.613555 4.6735158 -0.8803049 6.0722504 -0.0239766 -0.2436632 -0.1084817 0.9634756
1403636686.813555 4.6062484 -0.8298784 5.9656048 -0.0200077 -0.2446147 -0.1078967 0.9633907
1403636687.113555 4.5099039 -0.7908768 5.8086419 -0.0156991 -0.2481707 -0.1031772 0.9630781
1403636687.313555 4.4519358 -0.7782911 5.7105584 -0.0126432 -0.2492288 -0.1037470 0.9627886
1403636687.663555 4.3616490 -0.7008432 5.5592022 -0.0072553 -0.2516215 -0.1025441 0.9623506
1403636687.863555 4.3247104 -0.6251314 5.4832325 -0.0072038 -0.2532879 -0.1016891 0.9620045
1403636688.163555 4.2768850 -0.4810185 5.3774195 -0.0049380 -0.2491629 -0.1149565 0.9616020
1403636688.363555 4.2439995 -0.4099278 5.2984428 -0.0074158 -0.2516232 -0.1094773 0.9615849
1403636688.863555 4.1541429 -0.1918761 5.0975862 -0.0082596 -0.2501602 -0.1277493 0.9597040
1403636689.363555 4.0002708 -0.0789830 4.8604870 -0.0261698 -0.2828850 -0.1211915 0.9511067
1403636690.113555 3.7333584 -0.1513336 4.6325951 -0.0467277 -0.2901581 -0.1010687 0.9504788
1403636690.813555 3.5291016 -0.2723518 4.7467742 -0.0381600 -0.2964104 -0.0696680 0.9517516
1403636691.213556 3.5453343 -0.2930924 4.9464593 0.0182919 -0.3042802 -0.0549751 0.9508190
1403636691.513556 3.7068076 -0.3688758 5.0522366 0.0072263 -0.2959559 -0.0999339 0.9499322
1403636691.813555 3.9126859 -0.4897977 5.1049089 -0.0057318 -0.2924913 -0.1260448 0.9479076
1403636692.463556 4.3608837 -0.7109581 5.1713896 -0.0057736 -0.2902757 -0.1244613 0.9487972
1403636693.113555 4.7306304 -1.0281990 5.1162868 -0.0151773 -0.2776100 -0.1479098 0.9491180
1403636693.913555 4.8786316 -1.1805450 5.1460466 -0.0342482 -0.2903431 -0.1273141 0.9477969
1403636694.163555 4.8727970 -1.2041382 5.2191176 -0.0062803 -0.2942761 -0.1206416 0.9480547
1403636694.613555 4.8808713 -1.2781994 5.3161378 -0.0179971 -0.2929728 -0.1254601 0.9476829
1403636694.863555 4.8811016 -1.2873102 5.3786216 -0.0153717 -0.2936293 -0.1164493 0.9486755
1403636695.013556 4.8869157 -1.2829094 5.4169927 -0.0203690 -0.2957028 -0.1051796 0.9492535
1403636695.363555 4.9138374 -1.3010094 5.5091591 -0.0143225 -0.2846869 -0.1196552 0.9510158
1403636695.563555 4.9293928 -1.3364493 5.5545669 -0.0099071 -0.2808009 -0.1235993 0.9517226
1403636696.063555 4.9593377 -1.3546726 5.6506977 -0.0191332 -0.2761228 -0.1227033 0.9530656
1403636696.263556 4.9648066 -1.3353503 5.6908007 -0.0208558 -0.2708538 -0.1323528 0.9532502
1403636696.563555 4.9551783 -1.3093152 5.7413621 0.0021642 -0.2746153 -0.1155269 0.9545864
1403636697.013556 4.9596272 -1.2906570 5.7520318 -0.0002922 -0.2681146 -0.1313051 0.9543969
1403636697.463556 4.9190464 -1.2877672 5.6673913 -0.0086338 -0.2651957 -0.1345240 0.9547251
1403636697.813555 4.8304081 -1.3345468 5.5458651 -0.0144558 -0.2256841 -0.1185619 0.9668510
1403636698.763556 4.5013623 -1.1713244 5.3021359 -0.0188688 -0.0682577 -0.0566747 0.9958779
1403636699.013556 4.4010487 -1.0899456 5.2588797 -0.0196516 -0.0005838 -0.0265123 0.9994552
1403636699.263556 4.3059359 -1.0653815 5.2151542 -0.0185134 0.0645730 0.0130121 0.9976564
1403636699.463556 4.2431498 -1.0482361 5.1869764 -0.0201503 0.1173502 0.0443760 0.9918940
1403636700.563555 4.2268615 -0.8297052 5.0777731 -0.0042124 0.2534485 0.0836256 0.9637183
1403636701.913555 4.5619488 -0.6452494 4.9088383 -0.0086807 0.2968826 0.0804446 0.9514799
1403636702.163555 4.6358886 -0.6177875 4.8864937 -0.0056553 0.3418007 0.0991076 0.9345148
1403636702.313555 4.6907148 -0.5762567 4.8731403 -0.0085180 0.3661393 0.1092839 0.9240814
1403636702.463556 4.7346983 -0.5325036 4.8772683 -0.0168288 0.3834372 0.1112056 0.9166930
1403636702.563555 4.7680421 -0.4952435 4.8846912 -0.0204777 0.3905183 0.1104235 0.9137192
1403636702.663555 4.7989874 -0.4588234 4.8937001 -0.0254190 0.3946036 0.1109106 0.9117789
1403636702.813555 4.8519564 -0.3896989 4.9119964 -0.0298923 0.3964990 0.1101154 0.9109169
1403636703.163555 4.9772329 -0.2794683 4.9862318 -0.0138132 0.3914222 0.1179431 0.9125170
1403636703.563555 5.1415110 -0.2576531 5.0330133 -0.0061339 0.3914005 0.1100713 0.9135931
1403636703.863555 5.2679510 -0.2687508 5.0460968 -0.0065316 0.3879655 0.1099194 0.9150726
1403636704.113555 5.3637590 -0.2538612 5.0699224 -0.0009457 0.3823522 0.1149327 0.9168404
1403636704.363555 5.4713011 -0.2165695 5.0856638 -0.0180023 0.3804310 0.1103497 0.9180257
1403636704.613555 5.5810423 -0.2170736 5.1080651 -0.0299122 0.3795461 0.1088230 0.9182634
1403636704.913555 5.7245765 -0.2172388 5.1654387 -0.0490458 0.3754468 0.1124795 0.9186853
1403636705.063555 5.8111305 -0.2073029 5.2185230 -0.0552540 0.3742298 0.1104858 0.9190713
1403636705.163555 5.8711543 -0.2046394 5.2632585 -0.0429666 0.3755601 0.1043649 0.9199002
1403636705.263556 5.9372597 -0.2068370 5.3175788 -0.0283924 0.3773126 0.0958048 0.9206795
1403636705.363555 6.0006423 -0.2154180 5.3635874 -0.0209966 0.3773508 0.0937076 0.9210779
1403636705.513556 6.0924535 -0.2357975 5.4424152 -0.0282093 0.3763313 0.0976617 0.9208915
1403636705.613555 6.1530614 -0.2459199 5.5031052 -0.0329562 0.3760791 0.0997867 0.9206091
1403636705.763556 6.2452669 -0.2525675 5.5979948 -0.0294405 0.3765142 0.1003545 0.9204887
1403636705.863555 6.3077302 -0.2572320 5.6706448 -0.0199534 0.3756658 0.1018512 0.9209253
1403636706.013556 6.3957477 -0.2818460 5.7694693 -0.0036292 0.3707440 0.1130989 0.9218159
1403636706.213556 6.5224652 -0.3232548 5.8926692 0.0045806 0.3678869 0.1131310 0.9229516
1403636706.363555 6.6222591 -0.3281036 5.9780107 -0.0065536 0.3710766 0.0972724 0.9234703
1403636706.663555 6.8072739 -0.3394727 6.1539087 -0.0214417 0.3731261 0.0883749 0.9233131
1403636707.013556 7.0049109 -0.4206622 6.3635120 -0.0279287 0.3767457 0.0947824 0.9210315
1403636707.163555 7.0862279 -0.4681582 6.4609480 -0.0226445 0.3812435 0.0939133 0.9194134
1403636707.263556 7.1416373 -0.5033590 6.5300083 -0.0238514 0.3843147 0.0945078 0.9180423
1403636707.413555 7.2165918 -0.5657138 6.6318827 -0.0263213 0.3879818 0.0955548 0.9163224
1403636707.513556 7.2733288 -0.6192204 6.6987343 -0.0273415 0.3883165 0.0972025 0.9159773
1403636707.663555 7.3435340 -0.7054164 6.8100362 -0.0261396 0.3856397 0.1081070 0.9159212
1403636707.763556 7.3930416 -0.7532536 6.8865118 -0.0247615 0.3825254 0.1160017 0.9162995
1403636707.913555 7.4759817 -0.8038831 7.0108337 -0.0193971 0.3802267 0.1173210 0.9172171
1403636708.113555 7.5900884 -0.8376202 7.1888309 -0.0156311 0.3786588 0.1068094 0.9192197
1403636708.263556 7.6770401 -0.8454170 7.3244634 -0.0098014 0.3755814 0.1056062 0.9207008
1403636708.413555 7.7692947 -0.8537718 7.4566803 0.0041993 0.3681354 0.1224092 0.9216695
1403636708.513556 7.8332229 -0.8637990 7.5337334 0.0091283 0.3657633 0.1274460 0.9218956
1403636708.663555 7.9293218 -0.8829052 7.6421976 0.0069109 0.3710068 0.1148156 0.9214790
1403636708.813555 8.0266323 -0.8908587 7.7421188 0.0020512 0.3812444 0.0916872 0.9199141
1403636708.913555 8.0917540 -0.8919321 7.8071752 0.0016700 0.3857937 0.0864608 0.9185233
1403636708.963556 8.1190977 -0.8957222 7.8373065 0.0017257 0.3883196 0.0845257 0.9176385
1403636709.013556 8.1449633 -0.9002160 7.8679533 0.0045713 0.3900288 0.0844482 0.9169107
1403636709.163555 8.2183142 -0.9186026 7.9552498 0.0053724 0.3959194 0.0818549 0.9146140
1403636709.313555 8.2702923 -0.9541956 8.0363731 -0.0045693 0.3981118 0.0864383 0.9132439
1403636709.613555 8.3483448 -1.0067570 8.2117233 -0.0149359 0.3983231 0.0883612 0.9128570
1403636709.863555 8.3876152 -1.0268412 8.3777657 -0.0158986 0.3947878 0.0879906 0.9144110
1403636710.013556 8.4007206 -1.0569208 8.4806643 -0.0149235 0.3928689 0.0863757 0.9154074
1403636710.363555 8.4030828 -1.1102207 8.7384691 -0.0041663 0.3790301 0.0956749 0.9204158
1403636710.513556 8.3945227 -1.1178484 8.8584614 0.0022022 0.3597389 0.1089748 0.9266648
1403636710.613555 8.3884420 -1.1096396 8.9354553 0.0049116 0.3465786 0.1097887 0.9315609
1403636710.713556 8.3838148 -1.1012082 9.0086155 0.0054629 0.3328406 0.1046690 0.9371402
1403636710.913555 8.3752117 -1.0827732 9.1445856 0.0005630 0.3039515 0.0756254 0.9496810
1403636711.113555 8.3669825 -1.0902482 9.2539282 -0.0060485 0.2820736 0.0492622 0.9581081
1403636711.363555 8.3341970 -1.1237731 9.3855076 -0.0015730 0.2702207 0.0444963 0.9617684
1403636711.463556 8.3110733 -1.1442704 9.4364071 0.0119316 0.2690625 0.0464123 0.9619298
1403636711.713556 8.2411795 -1.1914525 9.5364695 0.0253270 0.2764226 0.0379714 0.9599517
1403636711.913555 8.1528339 -1.2298745 9.5869341 0.0164666 0.2757732 0.0534266 0.9595956
1403636712.113555 8.0519295 -1.2701844 9.6209269 0.0129299 0.2703001 0.0772352 0.9595860
1403636712.413555 7.9004178 -1.3556901 9.6277628 0.0106567 0.2530721 0.0442224 0.9663774
1403636712.613555 7.7874074 -1.4217062 9.6061106 0.0159779 0.2323160 0.0310107 0.9720145
1403636712.713556 7.7242613 -1.4512349 9.5948181 0.0232904 0.2229326 0.0315215 0.9740457
1403636712.863555 7.6325254 -1.4833187 9.5652971 0.0218547 0.2130877 0.0324049 0.9762509
1403636713.063555 7.4967728 -1.4975859 9.5207443 0.0145624 0.2105473 0.0316064 0.9769641
1403636713.263556 7.3573179 -1.5191492 9.4564610 0.0104374 0.2064782 0.0369642 0.9776971
1403636713.463556 7.2116399 -1.5671588 9.3671608 0.0063798 0.2060782 0.0415036 0.9776341
1403636713.613555 7.1047535 -1.6101536 9.2904615 0.0045475 0.2049446 0.0506076 0.9774538
1403636713.713556 7.0341988 -1.6302874 9.2373037 0.0026388 0.2046072 0.0572284 0.9771662
1403636713.813555 6.9710760 -1.6453891 9.1819649 0.0012809 0.2044186 0.0632599 0.9768366
1403636714.063555 6.8284202 -1.6515234 9.0519047 -0.0019881 0.2131507 0.0546317 0.9754887
1403636714.413555 6.6570454 -1.6184455 8.8687305 -0.0037616 0.2192076 0.0596942 0.9738432
1403636714.613555 6.5708423 -1.5740243 8.7659512 -0.0202571 0.2058081 0.0599743 0.9765428
1403636714.713556 6.5303988 -1.5485659 8.7197428 -0.0248637 0.1912815 0.0532385 0.9797749
1403636714.913555 6.4586835 -1.5318681 8.6280775 -0.0282908 0.1503212 0.0270759 0.9878614
1403636715.213556 6.3698125 -1.5625424 8.5034914 -0.0333921 0.0978876 0.0008916 0.9946367
1403636716.763556 6.1578851 -1.4944082 8.0020838 -0.0041725 0.0888721 0.0040567 0.9960260
1403636716.963556 6.1383433 -1.4420675 7.9132695 -0.0063278 0.0538107 -0.0068937 0.9985073
1403636717.263556 6.1087737 -1.4039843 7.7722497 -0.0084284 -0.0009923 -0.0331346 0.9994149
1403636717.563555 6.0697393 -1.3736000 7.6251240 -0.0073010 -0.0132707 -0.0579601 0.9982040
1403636717.863555 5.9977169 -1.3081744 7.4861903 -0.0085198 -0.0209307 -0.0590714 0.9979979
1403636718.163555 5.8720803 -1.2558783 7.3344235 -0.0096072 -0.0675002 -0.0695565 0.9952453
1403636718.413555 5.7514482 -1.2022464 7.2060795 -0.0141956 -0.1099201 -0.0677908 0.9915243
1403636718.813555 5.5641770 -1.0480108 7.0413208 -0.0194403 -0.1640976 -0.0636635 0.9841956
1403636719.263556 5.3908310 -0.9304880 6.8796239 0.0011337 -0.1677317 -0.0849192 0.9821678
1403636719.663555 5.2579088 -0.8183863 6.7163100 -0.0020126 -0.1638407 -0.0739095 0.9837121
1403636720.363555 5.1020498 -0.6741021 6.3998132 -0.0161356 -0.1533194 -0.0689206 0.9856383
1403636721.313555 5.0264802 -0.5177443 6.1093893 -0.0051054 -0.0866367 -0.0412293 0.9953734
1403636722.013556 5.0703783 -0.4307939 5.9061532 -0.0051695 -0.0351966 -0.0424975 0.9984630
1403636722.563555 5.0825667 -0.3679299 5.7236762 -0.0066715 -0.0330571 -0.0379037 0.9987122
1403636723.263556 5.0512805 -0.3019065 5.4704804 -0.0084254 -0.0248858 -0.0354279 0.9990268
1403636723.663555 5.0235662 -0.2615648 5.3347936 0.0133454 0.0059097 -0.0269196 0.9995310
1403636723.913555 4.9949479 -0.2495946 5.2227144 -0.0067542 0.0210270 -0.0175166 0.9996026
1403636724.213556 4.9661131 -0.2020327 5.1003065 -0.0240566 0.0506401 -0.0066584 0.9984050
1403636724.263556 4.9644265 -0.1859851 5.0874662 -0.0233752 0.0591227 -0.0042493 0.9979680
1403636724.763556 4.9139390 -0.1407086 4.9353795 -0.0084950 0.1218429 0.0112547 0.9924492
1403636728.063555 4.6729827 -0.6180593 4.0050325 -0.0054125 0.1007330 -0.0112345 0.9948353
1403636729.063555 4.4072900 -0.6127651 3.6555991 0.0029072 0.0463394 -0.0212014 0.9986965
1403636729.313555 4.3376193 -0.5826327 3.5548308 0.0000971 0.0327370 -0.0235736 0.9991860
1403636729.663555 4.2281494 -0.5349644 3.3999352 -0.0009045 0.0290744 -0.0230054 0.9993121
1403636729.913555 4.1451316 -0.5238197 3.2718825 -0.0090435 0.0297376 -0.0198560 0.9993196
1403636730.263556 4.0337825 -0.4679572 3.1084094 -0.0150536 0.0286305 -0.0197761 0.9992810
1403636730.463556 3.9664297 -0.4210096 3.0350089 -0.0197899 0.0271032 -0.0180117 0.9992744
1403636730.613555 3.9256711 -0.4009469 2.9727268 -0.0308925 0.0260998 -0.0176090 0.9990267
1403636730.863555 3.8478608 -0.4107946 2.8916652 -0.0355645 0.0250659 -0.0158843 0.9989268
1403636731.013556 3.8001533 -0.4287577 2.8581197 -0.0334406 0.0215073 -0.0019280 0.9992074
1403636731.163555 3.7640891 -0.4439341 2.8380172 -0.0162530 0.0185896 0.0109850 0.9996347
1403636731.413555 3.7293844 -0.4376502 2.8069048 -0.0072682 0.0274059 -0.0087166 0.9995600
1403636731.813555 3.7123008 -0.3841315 2.7691903 -0.0081621 0.0258997 -0.0050385 0.9996185
1403636732.213556 3.7251074 -0.2720711 2.7459898 -0.0034765 0.0256574 -0.0124238 0.9995876
1403636732.613555 3.7427509 -0.2042801 2.6840572 0.0109416 0.0351735 -0.0470716 0.9982121
1403636733.163555 3.6546042 -0.1738264 2.4810181 0.0035357 0.0263929 -0.0314392 0.9991509
1403636733.413555 3.5866325 -0.1822382 2.3475194 -0.0042441 0.0227354 -0.0278018 0.9993459
1403636733.663555 3.5134659 -0.1998921 2.2036712 -0.0121973 0.0203452 -0.0232267 0.9994488
1403636733.813555 3.4626830 -0.1988531 2.1307149 -0.0159519 0.0203694 -0.0242664 0.9993707
1403636734.213556 3.3337948 -0.1562854 1.9490978 -0.0049359 0.0220416 -0.0268384 0.9993846
1403636734.613555 3.1939981 -0.1547892 1.7480716 -0.0158104 0.0158275 -0.0206319 0.9995368
1403636734.963556 3.0775471 -0.1181126 1.6039759 -0.0199436 0.0123937 -0.0227673 0.9994650
1403636735.713556 2.8578949 -0.1191605 1.3729962 -0.0175824 0.0236900 -0.0137425 0.9994702
1403636736.263556 2.7318320 -0.1967396 1.2571636 -0.0087015 0.0001262 -0.0241696 0.9996700
1403636736.513556 2.6838386 -0.2309971 1.2058991 -0.0065410 -0.0173213 -0.0413403 0.9989735
1403636737.163555 2.4899762 -0.1870513 1.1031747 -0.0043552 -0.0353381 -0.0422604 0.9984720
1403636737.513556 2.3681600 -0.1296701 1.0376475 -0.0161358 -0.0443772 -0.0417564 0.9980114
1403636738.213556 2.1917732 -0.2570442 0.8952559 -0.0195142 -0.0455186 -0.0303395 0.9983120
1403636738.813555 2.1479819 -0.3180722 0.8811497 -0.0183691 0.0103194 -0.0052977 0.9997640
1403636740.513556 2.4910913 -0.0124522 1.0176569 -0.0023795 0.2353943 0.0564117 0.9702585
1403636741.663555 2.6327903 0.4059373 1.0632784 -0.0240067 0.2534532 0.0733433 0.9642645
1403636743.413555 2.8376973 0.7296742 1.2701116 -0.0477445 0.2483314 0.0808585 0.9641131
1403636744.013556 3.0203018 0.8199717 1.5146105 -0.0046357 0.2719665 0.0678319 0.9599019
1403636744.363555 3.1253743 0.9613292 1.6867576 0.0047566 0.2920988 0.0801770 0.9530096
1403636744.613555 3.1923764 1.0989681 1.8043983 0.0132659 0.2878510 0.0967564 0.9526826
1403636744.763556 3.2340152 1.2005622 1.8673732 0.0159705 0.2900026 0.0885589 0.9527858
1403636744.963556 3.2944160 1.3281791 1.9344985 0.0037042 0.2924659 0.0782042 0.9530657
1403636745.063555 3.3200517 1.3796216 1.9562266 -0.0044269 0.2898831 0.0787542 0.9538060
1403636745.263556 3.3726764 1.4603682 2.0009384 -0.0124338 0.2813198 0.0784629 0.9563202
1403636745.563555 3.4540730 1.5188177 2.0590472 0.0048278 0.2773850 0.0672895 0.9583874
1403636746.063555 3.5411816 1.4902068 2.0962594 0.0000418 0.3103481 0.0598511 0.9487370
1403636746.413555 3.5246730 1.3928475 2.1000881 0.0215027 0.3221146 0.0543696 0.9448935
1403636747.263556 3.3780537 1.3142818 2.1806753 -0.0089535 0.2998497 0.0750849 0.9509849
1403636747.563555 3.3582726 1.2237761 2.2226090 -0.0093112 0.3064379 0.0726693 0.9490671
1403636748.113555 3.2922974 1.0119859 2.3134203 0.0028867 0.3081416 0.1093329 0.9450327
1403636748.613555 3.2876201 0.8791699 2.3916018 -0.0054552 0.3192672 0.0814976 0.9441382
1403636748.813555 3.2843084 0.8070147 2.4202223 0.0017687 0.3157503 0.0981436 0.9437513
1403636749.263556 3.3149788 0.7095439 2.4614754 0.0089375 0.3243890 0.1082892 0.9396623
1403636749.413555 3.3377306 0.6753242 2.4566140 0.0047643 0.3313601 0.0939052 0.9388075
1403636749.613555 3.3650455 0.6133928 2.4408343 -0.0011904 0.3371239 0.0760950 0.9383792
1403636749.813555 3.3828924 0.5637341 2.4339023 0.0070404 0.3343925 0.0743596 0.9394694
1403636750.063555 3.3853343 0.5368456 2.4284933 0.0207998 0.3270793 0.0733891 0.9419132
1403636750.563555 3.3216331 0.4540551 2.3524146 0.0035585 0.3105864 0.0751843 0.9475604
1403636750.863555 3.2645373 0.3167614 2.2635136 -0.0022970 0.3039698 0.0711291 0.9500199
1403636751.663555 3.0777934 -0.0409044 2.0854206 -0.0016405 0.2923883 0.0965388 0.9514130
1403636752.013556 3.0513399 -0.1487343 2.0317814 -0.0273161 0.2823318 0.0846572 0.9551836
1403636752.363555 3.0640001 -0.2659931 2.0079420 -0.0017715 0.2650540 0.0652777 0.9620198
1403636752.513556 3.0635383 -0.3273520 1.9908705 0.0011247 0.2401014 0.0558326 0.9691402
1403636752.863555 3.0617547 -0.4352457 1.9550185 -0.0094152 0.1671124 0.0268523 0.9855272
1403636753.313555 3.0379989 -0.4536183 1.9423327 -0.0132959 0.0641971 -0.0328534 0.9973077
1403636753.463556 3.0138369 -0.4473500 1.9420078 -0.0101766 0.0335378 -0.0383096 0.9986511
1403636753.913555 2.9200957 -0.4555075 1.9421191 -0.0050026 0.0108619 -0.0311211 0.9994441
1403636754.463556 2.7668884 -0.4768176 1.8784753 0.0087607 0.0212949 -0.0341227 0.9991524
1403636754.863555 2.6004496 -0.4706379 1.7660669 0.0023265 -0.0280930 -0.0509209 0.9983048
1403636755.013556 2.5261872 -0.4489827 1.7229605 0.0018119 -0.0435370 -0.0576471 0.9973856
1403636755.663555 2.1999843 -0.4055110 1.4678361 -0.0202458 -0.0554274 -0.0603330 0.9964325
1403636756.313555 1.8169670 -0.3574317 1.2542275 -0.0037577 -0.0558776 -0.0534101 0.9970010
1403636756.663555 1.6104449 -0.3130278 1.1210701 -0.0009853 -0.0595677 -0.0538541 0.9967700
1403636756.913555 1.4584677 -0.2851462 1.0125380 0.0014602 -0.0623573 -0.0536437 0.9966102
1403636757.113555 1.3377873 -0.2824088 0.9100591 0.0006265 -0.0646622 -0.0520655 0.9965478
1403636757.263556 1.2475295 -0.2597229 0.8369823 0.0002463 -0.0648457 -0.0524105 0.9965180
1403636757.413555 1.1677336 -0.2281613 0.7545573 -0.0033563 -0.0646719 -0.0565101 0.9962996
1403636757.563555 1.0799145 -0.1942743 0.6764193 -0.0120540 -0.0677088 -0.0631249 0.9956332
1403636757.663555 1.0178128 -0.1759364 0.6236018 -0.0240865 -0.0741763 -0.0670003 0.9947003
1403636757.813555 0.9181352 -0.1663847 0.5453610 -0.0393646 -0.0844964 -0.0695921 0.9932109
1403636757.913555 0.8496614 -0.1725286 0.4956693 -0.0418999 -0.0905841 -0.0687149 0.9926314
1403636757.963556 0.8161824 -0.1778065 0.4733988 -0.0389369 -0.0936480 -0.0671571 0.9925744
1403636758.063555 0.7458222 -0.1961694 0.4300835 -0.0242812 -0.0978133 -0.0660162 0.9927159
1403636758.113555 0.7115273 -0.2016800 0.4091968 -0.0177417 -0.0996274 -0.0642062 0.9927926
1403636758.313555 0.5756361 -0.2091666 0.3397219 -0.0034440 -0.1040299 -0.0595326 0.9927849
1403636758.463556 0.4801309 -0.1929392 0.2894515 -0.0212234 -0.1061790 -0.0530394 0.9927046
1403636758.713556 0.3371270 -0.1565550 0.2320049 -0.0489353 -0.1104909 -0.0358603 0.9920238
1403636759.063555 0.1800263 -0.1101888 0.2183683 -0.0071586 -0.1054128 -0.0482346 0.9932323
1403636759.213556 0.1227615 -0.0863573 0.2126006 -0.0080308 -0.1154107 -0.0200853 0.9930823
1403636759.313555 0.0956716 -0.0646431 0.2125364 -0.0088340 -0.1195953 -0.0088549 0.9927440
1403636759.463556 0.0750181 -0.0222014 0.2143720 -0.0046928 -0.1128960 -0.0315647 0.9930943
1403636759.863555 0.0615471 0.0633209 0.1975467 -0.0012701 -0.1072387 -0.0577548 0.9925536
1403636760.063555 0.0590730 0.0873848 0.1722044 -0.0210470 -0.1065465 -0.0577850 0.9924040
1403636760.163555 0.0588475 0.1017021 0.1626947 -0.0291533 -0.1056037 -0.0590564 0.9922249
1403636760.363555 0.0572997 0.1280582 0.1524431 -0.0065753 -0.1066001 -0.0553588 0.9927379
1403636760.563555 0.0598217 0.1662612 0.1416686 -0.0076691 -0.1049006 -0.0616211 0.9925421
1403636760.713556 0.0611989 0.1968625 0.1308472 -0.0201515 -0.1035200 -0.0680557 0.9920917
1403636760.913555 0.0554870 0.2283997 0.1174812 -0.0098833 -0.1030894 -0.0736556 0.9918920
1403636761.163555 0.0347844 0.2711851 0.0978141 -0.0335500 -0.1054448 -0.0688499 0.9914714
1403636761.363555 0.0083223 0.2955880 0.0938758 -0.0435273 -0.1056137 -0.0692693 0.9910363
1403636761.413555 -0.0001450 0.2973510 0.0960115 -0.0364411 -0.1057337 -0.0688114 0.9913412
1403636761.613555 -0.0348709 0.2953560 0.1080411 -0.0101080 -0.1064267 -0.0647716 0.9921572
1403636761.863555 -0.0754464 0.2816714 0.1130546 -0.0086118 -0.1130779 -0.0395410 0.9927617
1403636762.063555 -0.0893115 0.2697282 0.1143350 -0.0060988 -0.1038515 -0.0622941 0.9926214
1403636762.313555 -0.1096615 0.2564552 0.1071135 -0.0257302 -0.0945924 -0.0834369 0.9916797
1403636762.463556 -0.1375941 0.2625421 0.1097567 -0.0397067 -0.0987711 -0.0684907 0.9919560
1403636762.513556 -0.1484935 0.2664075 0.1139979 -0.0366103 -0.1037958 -0.0536531 0.9924755
1403636762.563555 -0.1591898 0.2715029 0.1190783 -0.0322144 -0.1084556 -0.0394261 0.9927967
