1311868164.363181 -0.0000097 -0.0000360 0.0000324 0.0000027 0.0000239 0.0000121 1.0000000
1311868164.930933 0.0755184 0.0004537 -0.0474542 0.0131186 -0.0030706 -0.0171453 0.9997622
1311868164.963119 0.0844725 0.0039836 -0.0495595 0.0134337 -0.0037308 -0.0188226 0.9997256
1311868165.063108 0.1125199 0.0022816 -0.0556166 0.0107836 -0.0149809 -0.0198709 0.9996321
1311868166.399232 0.3194889 0.1324819 -0.2031611 -0.0499152 -0.0042362 -0.0198526 0.9985471
1311868167.363275 0.5696368 0.1433272 -0.2549471 -0.0328919 -0.0638765 -0.0608254 0.9955592
1311868168.763305 0.6792161 0.0322672 -0.1047704 -0.0246447 -0.1025181 -0.0655384 0.9922638
1311868169.199452 0.6974870 -0.0328894 -0.0352942 -0.0073373 -0.1480563 -0.0868991 0.9851264
1311868169.463229 0.7273235 -0.0949226 0.0174652 0.0128867 -0.2005266 -0.1181116 0.9724571
1311868169.863396 0.7884968 -0.1641189 0.0732682 0.0388552 -0.2466909 -0.1438533 0.9575699
1311868171.631528 1.1381633 -0.1481258 0.0304796 0.0207902 -0.3016912 -0.1672405 0.9383926
1311868172.031533 1.2416983 -0.1369260 0.0832122 0.0013424 -0.3145155 -0.1905136 0.9299370
1311868172.363479 1.3083655 -0.1255064 0.1250787 -0.0211219 -0.3177186 -0.1993214 0.9267576
1311868172.663612 1.3521223 -0.1142099 0.1763984 -0.0447248 -0.3049341 -0.2112435 0.9275727
1311868172.931607 1.3702022 -0.1084273 0.2481848 -0.0768154 -0.2954524 -0.2152967 0.9276069
1311868173.431624 1.3805287 -0.1722874 0.3562734 -0.0761392 -0.2979724 -0.2260737 0.9242867
1311868173.831620 1.4076660 -0.2187053 0.4306461 -0.0737947 -0.3252965 -0.2259707 0.9152452
1311868174.331790 1.4836065 -0.3029422 0.5208863 -0.0411563 -0.3857049 -0.2671613 0.8821353
1311868174.567585 1.5083965 -0.3205235 0.5561350 -0.0399098 -0.4057884 -0.2720563 0.8716240
1311868174.799810 1.5095936 -0.3537447 0.5891085 -0.0347580 -0.4185079 -0.2620580 0.8688893
1311868175.031665 1.4927733 -0.3941789 0.6146312 -0.0148755 -0.4207543 -0.2537804 0.8708272
1311868175.467702 1.4370645 -0.4783482 0.6685252 0.0412116 -0.4463319 -0.2189925 0.8666786
1311868175.699784 1.4267919 -0.5097965 0.7128654 0.0581000 -0.4623337 -0.2019381 0.8614482
1311868175.967871 1.4406868 -0.5484918 0.7645810 0.0721659 -0.4893010 -0.2023749 0.8452343
1311868176.199892 1.4734778 -0.5838922 0.8245780 0.0773503 -0.5194606 -0.2286501 0.8196931
1311868176.667782 1.5388167 -0.6175002 0.9615700 0.0418461 -0.5366523 -0.2560499 0.8029270
1311868177.099730 1.5392559 -0.6482027 1.0405631 0.0315807 -0.5377719 -0.2635103 0.8002290
1311868177.531751 1.4972913 -0.6826990 1.1319053 0.0323754 -0.5294064 -0.2731187 0.8025502
1311868177.832005 1.4882085 -0.6945896 1.1976957 0.0142456 -0.5383691 -0.2889146 0.7915075
1311868178.100039 1.5160713 -0.7098199 1.2609825 0.0087518 -0.5729741 -0.3123131 0.7576837
1311868178.367989 1.5573307 -0.7269766 1.3233685 0.0188476 -0.5885643 -0.3318872 0.7369449
1311868178.668047 1.6043541 -0.7298877 1.3551612 -0.0025676 -0.6102048 -0.3317758 0.7194222
1311868178.932267 1.6723579 -0.7265196 1.3527379 -0.0109807 -0.6148118 -0.3310087 0.7157647
1311868179.200163 1.7636441 -0.7202534 1.3403561 -0.0131319 -0.6121039 -0.3351968 0.7161002
1311868179.532184 1.8707154 -0.7116455 1.3472219 -0.0305403 -0.5934036 -0.3416235 0.7281709
1311868179.867839 1.9495324 -0.7226244 1.3817849 -0.0401376 -0.5859634 -0.3493846 0.7300454
1311868180.200023 2.0174670 -0.7518650 1.4434453 -0.0467647 -0.6039647 -0.3604435 0.7093096
1311868180.568027 2.0763638 -0.7664222 1.5104963 -0.0652116 -0.6202859 -0.3720279 0.6874505
1311868181.068183 2.1037731 -0.8011134 1.5744867 -0.0637080 -0.6158445 -0.3647430 0.6954418
1311868181.768063 2.0129709 -0.8266662 1.6335707 -0.0668235 -0.6041412 -0.3674723 0.7039262
1311868182.100226 1.9018297 -0.8544575 1.6475773 -0.0588525 -0.6022179 -0.3653190 0.7073981
1311868182.436053 1.8033717 -0.8679928 1.6785047 -0.0611576 -0.5990183 -0.3585559 0.7133544
1311868182.836155 1.6693786 -0.9274249 1.7237821 -0.0325043 -0.6379820 -0.3442378 0.6880572
1311868183.200276 1.5270225 -1.0080256 1.7874830 -0.0004091 -0.6826110 -0.3663349 0.6323296
1311868183.600217 1.3991022 -1.0563725 1.8149190 -0.0192849 -0.7242562 -0.3787427 0.5758777
1311868183.900249 1.3035765 -1.0811769 1.8294624 -0.0324745 -0.7251714 -0.3808744 0.5727185
1311868184.200464 1.2009647 -1.1186857 1.8290201 -0.0168626 -0.7260416 -0.3646965 0.5827313
1311868184.500438 1.1158255 -1.1373984 1.8483933 -0.0131302 -0.7302873 -0.3609433 0.5798517
1311868184.836324 1.0148518 -1.1754943 1.8834997 -0.0012751 -0.7648109 -0.3563484 0.5367295
1311868185.136538 0.9323214 -1.2134154 1.9129159 0.0162056 -0.7835467 -0.3638082 0.5034239
1311868185.468575 0.8443642 -1.2326941 1.9354949 0.0209661 -0.7944062 -0.3440488 0.5001096
1311868185.768630 0.7863654 -1.2450125 1.9425856 0.0440868 -0.7946646 -0.3204544 0.5136861
1311868186.136633 0.7272406 -1.2455492 1.9776142 -0.0331991 0.8102850 0.3304532 -0.4828424
1311868186.400544 0.6929266 -1.2459191 2.0198174 -0.0229316 0.8326755 0.3543043 -0.4249637
1311868186.900515 0.7185441 -1.2515737 2.0908818 -0.0008331 0.8430947 0.3762407 -0.3842311
1311868187.268822 0.7983561 -1.2668175 2.1378491 0.0060055 0.8311470 0.3876580 -0.3985973
1311868187.600502 0.8415881 -1.2878740 2.1943681 0.0059285 0.8152122 0.4071790 -0.4118242
1311868188.000735 0.8501350 -1.3119071 2.2842875 0.0048855 0.8249418 0.4110142 -0.3879621
1311868188.300900 0.8198541 -1.3166790 2.3997841 0.0134791 0.8320805 0.4330830 -0.3462650
1311868188.601444 0.8236842 -1.3107172 2.4717731 0.0316517 0.8291957 0.4552261 -0.3228032
1311868188.936521 0.9025047 -1.3220155 2.5392811 0.0523393 0.8205198 0.4702579 -0.3207264
1311868189.238292 0.9909049 -1.3339252 2.5985909 0.0628595 0.8062466 0.4861704 -0.3311398
1311868189.636729 1.0661809 -1.3617791 2.6639559 0.0642177 0.7903513 0.5075370 -0.3370863
1311868190.036745 1.0639176 -1.3968107 2.7723916 0.0679583 0.7847879 0.5087693 -0.3473376
1311868190.604416 1.0373913 -1.4675910 2.9137354 0.0653785 0.7844087 0.5024470 -0.3577368
1311868191.804765 0.9842008 -1.5188102 2.9978251 0.0640165 0.7860634 0.4989600 -0.3592285
1311868192.838042 0.8561144 -1.5011344 2.8834946 0.0563003 0.7864566 0.4909491 -0.3705201
1311868193.238476 0.8224441 -1.5140789 2.8412275 0.0585763 0.8003613 0.4870730 -0.3446021
1311868193.738312 0.7579132 -1.5587958 2.8058233 0.0350350 0.8189861 0.4929281 -0.2916440
1311868194.408223 0.7091798 -1.6155566 2.7694910 0.0309044 0.8283190 0.4826738 -0.2827696
1311868195.168943 0.6702896 -1.6710322 2.7796073 0.0288318 0.8420804 0.4552550 -0.2877711
1311868195.569178 0.6493266 -1.6950523 2.8559580 0.0192122 0.8380842 0.4525303 -0.3040760
1311868196.009280 0.6570486 -1.6933602 2.9489455 0.0231321 0.8229035 0.4647795 -0.3259981
1311868196.410126 0.7076375 -1.6992950 3.0085297 0.0447231 0.8040814 0.4736841 -0.3564777
1311868196.837005 0.7445958 -1.7057436 3.0841262 0.0727671 0.7819896 0.4826446 -0.3876229
1311868197.237163 0.7195640 -1.7332171 3.1762874 0.0643581 0.7837462 0.4935091 -0.3715489
1311868197.769193 0.6565982 -1.7562878 3.3018517 0.0645138 0.7836565 0.5245315 -0.3264768
1311868198.737178 0.5269097 -1.7441863 3.3694630 0.0774685 0.7719706 0.5389555 -0.3280046
1311868199.805309 0.3707235 -1.7267740 3.3666337 0.0805856 0.7917256 0.5472989 -0.2591146
1311868200.373427 0.2495351 -1.7633532 3.4221733 0.0598963 0.8044515 0.5589091 -0.1920699
1311868201.105420 0.1418121 -1.7942342 3.5096323 0.0669626 0.8070120 0.5637733 -0.1625033
1311868202.237472 0.0268714 -1.7782542 3.5160160 0.0550152 0.8017308 0.5790564 -0.1374580
1311868202.973443 -0.1067198 -1.7933111 3.5182986 0.0336400 0.8100362 0.5734452 -0.1177724
1311868203.337532 -0.1280676 -1.8168726 3.4674039 0.0460026 0.8262174 0.5551755 -0.0838379
1311868203.673562 -0.1538234 -1.8514404 3.4075484 0.0379810 0.8359497 0.5454707 -0.0469820
1311868204.073619 -0.2242002 -1.8957753 3.3348198 0.0266417 0.8317646 0.5544364 -0.0076214
1311868204.437659 -0.2971972 -1.9418044 3.2746153 0.0298955 0.8287540 0.5583082 0.0237695
1311868204.837551 -0.3573125 -1.9850202 3.2323663 0.0208138 0.8271270 0.5606024 0.0339510
1311868205.205555 -0.4081756 -2.0387099 3.1823025 0.0198468 0.8332615 0.5515497 0.0327769
1311868205.705594 -0.4424615 -2.0930312 3.1487408 0.0263952 0.8613431 0.5058428 0.0389147
1311868206.137732 -0.4459221 -2.1151202 3.1084051 0.0260618 0.8732470 0.4861583 0.0202634
1311868206.805720 -0.4576510 -2.0593388 3.1184270 0.0029427 0.8704114 0.4918483 0.0214613
1311868207.573858 -0.5856977 -1.9869559 3.1987019 0.0043201 0.8589889 0.5071912 0.0698318
1311868207.937792 -0.6447195 -1.9466765 3.2416329 -0.0023739 0.8530477 0.5178694 0.0641508
1311868208.337811 -0.6914952 -1.9086702 3.3084807 -0.0150632 0.8464435 0.5285193 0.0630381
1311868208.737756 -0.7554982 -1.8779042 3.3596239 -0.0004722 0.8366023 0.5434884 0.0686784
1311868209.273776 -0.7927014 -1.7929559 3.3915606 -0.0014632 0.8183515 0.5714000 0.0616497
1311868210.541924 -0.8591934 -1.6399539 3.3446255 0.0067662 0.8141176 0.5748547 0.0819073
1311868211.573950 -1.0365967 -1.6233120 3.3261654 -0.0096929 0.8105175 0.5687832 0.1394741
1311868212.306028 -1.2007587 -1.6134150 3.3444998 -0.0128689 0.8039117 0.5769914 0.1436709
1311868213.274014 -1.2937042 -1.5886155 3.2637501 -0.0148509 0.8126841 0.5657869 0.1385976
1311868214.106187 -1.3562610 -1.5489974 3.1652920 -0.0097293 0.8155616 0.5516570 0.1744682
1311868214.874290 -1.4189591 -1.5264065 3.0947742 -0.0064647 0.8102867 0.5340480 0.2412187
1311868215.406376 -1.4627253 -1.5274813 3.0231462 -0.0302655 0.8016541 0.5190461 0.2950014
1311868215.774735 -1.4572170 -1.5542819 2.9634271 -0.0313792 0.7992491 0.5047696 0.3246904
1311868216.106321 -1.4450409 -1.5826050 2.9086952 -0.0261359 0.7969295 0.5001602 0.3377279
1311868216.442339 -1.4484005 -1.6087554 2.8536580 -0.0177975 0.7962311 0.4961891 0.3456814
1311868216.806393 -1.4643881 -1.6334662 2.7932532 -0.0023464 0.8022137 0.4879625 0.3440061
1311868217.274712 -1.4770174 -1.6681901 2.7427135 -0.0046887 0.8143565 0.4748040 0.3337104
1311868218.742485 -1.4852233 -1.5980158 2.7588639 0.0145909 0.8183567 0.4596602 0.3446620
1311868219.110710 -1.5327024 -1.5454432 2.7712712 -0.0065458 0.8168606 0.4510486 0.3595152
1311868219.510471 -1.5778421 -1.4429133 2.8133595 0.0115407 0.8030282 0.4644307 0.3732515
1311868219.910641 -1.5990624 -1.3705842 2.8480401 0.0268645 0.7858341 0.4740877 0.3962119
1311868220.310675 -1.6176846 -1.3121179 2.9038789 0.0301582 0.7659418 0.4899912 0.4151292
1311868220.674598 -1.6488098 -1.2691236 2.9416518 0.0070597 0.7492986 0.5047112 0.4286822
1311868221.410723 -1.7174561 -1.2326107 2.9662683 -0.0014622 0.7408661 0.5110343 0.4358431
1311868222.710764 -1.7904198 -1.1996059 2.8921928 -0.0037425 0.7353515 0.5196195 0.4350170
1311868223.910906 -1.8475502 -1.1497314 2.7763114 0.0039073 0.7155651 0.5142984 0.4727034
1311868224.374897 -1.8988762 -1.1236777 2.7259505 0.0086649 0.7122966 0.5007566 0.4917330
1311868224.710776 -1.9529908 -1.1002628 2.6724854 0.0027883 0.7053062 0.4946236 0.5078219
1311868225.076066 -2.0019245 -1.0763206 2.6190622 -0.0036448 0.7035527 0.4880799 0.5165058
1311868225.510884 -2.0561292 -1.0551033 2.5871360 -0.0048749 0.6978318 0.4840443 0.5279281
1311868225.880247 -2.0918548 -1.0402062 2.5683353 -0.0010963 0.6877796 0.4814343 0.5433038
1311868226.247306 -2.1154652 -1.0235543 2.5403273 -0.0057249 0.6862338 0.4787173 0.5476131
1311868226.644260 -2.1345065 -0.9977046 2.4779115 -0.0022756 0.6914791 0.4807424 0.5392015
1311868226.976309 -2.1325433 -0.9730873 2.3888628 0.0014124 0.6850601 0.4764794 0.5510517
1311868227.311677 -2.1239140 -0.9478783 2.2983284 0.0078111 0.6814316 0.4697519 0.5611801
1311868227.711001 -2.1186144 -0.9205653 2.2270007 0.0141161 0.6682276 0.4585369 0.5856762
1311868228.044938 -2.1303539 -0.8978066 2.1704643 0.0086733 0.6416366 0.4427513 0.6262575
1311868228.378967 -2.1668429 -0.8695039 2.1091723 0.0060125 0.6222179 0.4242728 0.6578764
1311868228.746541 -2.2087154 -0.8431449 2.0404453 -0.0071862 0.6138714 0.4127876 0.6728423
1311868229.115479 -2.2323306 -0.8111610 1.9776347 -0.0017907 0.6141632 0.4157777 0.6707677
1311868229.512638 -2.1869025 -0.8175033 1.9147968 -0.0071279 0.5984477 0.4326431 0.6742621
1311868229.883361 -2.0955014 -0.8482347 1.8472971 -0.0109467 0.6007555 0.4358204 0.6700996
1311868230.245363 -2.0132384 -0.8851302 1.7893773 -0.0132761 0.6114353 0.4355006 0.6605375
1311868230.543330 -1.9483504 -0.9017879 1.7337025 -0.0030228 0.5946175 0.4658269 0.6553062
1311868230.713079 -1.9124098 -0.9127952 1.6932504 0.0070488 0.6065353 0.4627653 0.6464623
1311868231.012678 -1.8695116 -0.9169802 1.6385162 -0.0094214 0.6115916 0.4423200 0.6559114
1311868231.443247 -1.8027751 -0.9377002 1.5651884 -0.0640294 0.6036605 0.4394674 0.6620896
1311868231.883453 -1.7204249 -0.9945751 1.5346801 -0.0738590 0.6032788 0.4438505 0.6584803
1311868232.311279 -1.6432159 -1.0612011 1.5228996 -0.0883306 0.5942057 0.4421182 0.6660697
1311868232.744002 -1.5776609 -1.1207407 1.5166311 -0.0777819 0.6067686 0.4498841 0.6506813
1311868234.043413 -1.6750700 -1.0347799 1.4692738 -0.0478243 0.5907275 0.4117213 0.6922712
1311868234.443480 -1.7672863 -0.9905922 1.4218655 -0.0477426 0.5903130 0.3708023 0.7153719
1311868234.811711 -1.8505359 -0.9311039 1.3835207 -0.0511561 0.5846494 0.3640543 0.7232100
1311868235.243614 -1.9360015 -0.8506809 1.3442369 -0.0526653 0.5751779 0.3704676 0.7274273
1311868235.643525 -1.9739149 -0.7759901 1.3024724 -0.0411565 0.5886968 0.3679940 0.7185559
1311868236.079629 -1.9825015 -0.6973435 1.2715317 -0.0327166 0.5781667 0.3646242 0.7291790
1311868236.443514 -1.9738083 -0.6303527 1.2332263 -0.0394967 0.5590622 0.3571515 0.7472163
1311868236.847644 -1.9696341 -0.5721976 1.2065766 -0.0176842 0.5433739 0.3492252 0.7631997
1311868237.211747 -1.9750524 -0.5042942 1.1779289 -0.0003308 0.5206853 0.3536976 0.7770359
1311868237.547675 -1.9896476 -0.4445666 1.1058857 -0.0037966 0.5018512 0.3369499 0.7966152
1311868237.911846 -2.0084863 -0.3780812 1.0162194 -0.0170567 0.4768453 0.3121451 0.8215187
1311868238.247769 -2.0215433 -0.3207884 0.9527771 -0.0216511 0.4577213 0.3165778 0.8305426
1311868238.679756 -1.9991482 -0.2721000 0.8993273 -0.0215899 0.4541103 0.3168707 0.8324126
1311868239.011813 -1.9577897 -0.2295691 0.8617316 -0.0278444 0.4498608 0.3343152 0.8276976
1311868239.379722 -1.9191163 -0.1977492 0.8299700 -0.0196839 0.4239586 0.3155703 0.8486972
1311868239.811866 -1.8830295 -0.1523717 0.8013082 -0.0322941 0.3930099 0.3004235 0.8684734
1311868240.147812 -1.8724166 -0.1047576 0.7358776 -0.0361917 0.3658044 0.2855823 0.8850537
1311868240.447900 -1.8708887 -0.0568717 0.6595385 -0.0510042 0.3553575 0.2630786 0.8954939
1311868240.980015 -1.8742633 -0.0110072 0.5918454 -0.0697090 0.3460118 0.2743984 0.8944954
1311868241.479924 -1.7858161 -0.0963229 0.5563216 -0.0673879 0.3487570 0.2806698 0.8916568
1311868241.779865 -1.7246817 -0.1463855 0.5326114 -0.0585383 0.3387900 0.2863876 0.8943024
1311868242.111944 -1.6657524 -0.1900378 0.4892996 -0.0621161 0.3184240 0.2506771 0.9120903
1311868242.447942 -1.6318622 -0.1994623 0.4407197 -0.0592828 0.2896792 0.2296618 0.9272686
1311868242.847992 -1.6004808 -0.1866833 0.4124090 -0.0458157 0.2803307 0.2115579 0.9351785
1311868243.148081 -1.5719755 -0.1669746 0.3983753 -0.0361983 0.2872476 0.2231649 0.9307932
1311868243.480135 -1.5380266 -0.1478904 0.3653069 -0.0323473 0.2798996 0.2003162 0.9383407
1311868243.811933 -1.4985253 -0.1051001 0.2924362 -0.0541416 0.2433049 0.1704883 0.9533128
1311868244.148092 -1.4607334 -0.0569839 0.2314544 -0.0541535 0.2031696 0.1548643 0.9653013
1311868244.480101 -1.4395196 0.0121377 0.1893336 -0.0568673 0.1892661 0.1381435 0.9704952
1311868244.848096 -1.3968322 0.0742000 0.1589049 -0.0605333 0.1932563 0.1497110 0.9677677
1311868245.212180 -1.3322067 0.1152081 0.1530707 -0.0700542 0.2100127 0.1391143 0.9652120
1311868245.580262 -1.2508692 0.1393256 0.1293386 -0.0484418 0.1671656 0.1306989 0.9760261
1311868245.980265 -1.1727672 0.1997128 0.0898598 -0.0604224 0.1506152 0.1518600 0.9749886
1311868246.316184 -1.1324272 0.2463923 0.0318567 -0.0801979 0.1346730 0.1325404 0.9787055
1311868246.780364 -1.1083369 0.3182383 -0.0597546 -0.0965690 0.1364775 0.1347382 0.9766749
1311868247.880235 -0.9318334 0.2430803 -0.0486135 -0.0906645 0.1428888 0.1278827 0.9772455
1311868248.316226 -0.8372418 0.1831437 -0.0014171 -0.0875552 0.1200543 0.1260286 0.9808353
1311868248.648465 -0.7434177 0.1454080 0.0246799 -0.1021332 0.0925714 0.0997750 0.9854158
1311868248.980371 -0.6467674 0.0968728 0.0352663 -0.1219275 0.0759661 0.0822149 0.9862067
1311868249.316586 -0.5622417 0.0597291 0.0562313 -0.1268370 0.0859084 0.0780043 0.9851129
1311868249.680685 -0.5168337 0.0002169 0.0948868 -0.1125537 0.0903950 0.0750786 0.9866730
1311868250.016358 -0.4876575 -0.0646750 0.1538302 -0.1063716 0.1001998 0.0758331 0.9863541
1311868250.380598 -0.4698480 -0.1417868 0.2104573 -0.0955433 0.0956699 0.0777962 0.9877583
1311868250.748430 -0.4602330 -0.2061490 0.2448627 -0.0869075 0.0866788 0.0785429 0.9893255
1311868251.881180 -0.3681641 -0.1431101 0.1810543 -0.0756297 0.0745098 0.0485782 0.9931609
1311868252.249056 -0.2767335 -0.1137617 0.1163549 -0.0743918 0.0611608 0.0239206 0.9950643
1311868252.616626 -0.1769734 -0.0546261 0.0525396 -0.0850930 0.0385247 0.0092087 0.9955854
1311868253.880980 0.1111900 0.0260846 0.0395336 -0.1040344 0.0326642 0.0285255 0.9936278
1311868254.680858 0.3243896 0.0717920 0.0189926 -0.1300599 -0.0457011 -0.0258087 0.9901160
1311868255.116728 0.4261942 0.1101073 -0.0056299 -0.1436442 -0.0707442 -0.0291135 0.9866681
1311868255.817549 0.5345094 0.1214152 -0.0055364 -0.1442246 -0.0826032 -0.0337004 0.9855152
1311868256.517192 0.6952910 0.0554265 0.0730211 -0.1322477 -0.1012668 -0.0543717 0.9845300
1311868257.216830 0.8374282 -0.0311440 0.1432439 -0.1169872 -0.1516379 -0.0910804 0.9772534
1311868257.785459 0.9440864 -0.1201473 0.1851889 -0.1204158 -0.2000037 -0.1391466 0.9623600
1311868258.416975 0.9590540 -0.2490761 0.2694827 -0.1470526 -0.2378521 -0.1796126 0.9431549
1311868258.985070 0.9512357 -0.3856905 0.3717171 -0.1256826 -0.2574304 -0.1765679 0.9416779
1311868259.585081 1.0070232 -0.4745444 0.4920986 -0.0908811 -0.2873039 -0.2248336 0.9266320
