1403638127.245097 0.0000000 0.0000000 0.0000000 -0.0000000 -0.0000000 -0.0000000 1.0000000
1403638129.345097 0.0001969 -0.0023107 -0.0006836 0.0281189 -0.0072066 0.0386187 0.9988323
1403638129.445097 0.0003847 -0.0035297 -0.0010927 0.0340223 -0.0112920 0.0615496 0.9974601
1403638129.845097 -0.0000665 -0.0071025 -0.0025448 -0.0001361 -0.0107088 0.0095533 0.9998971
1403638129.945097 -0.0003362 -0.0093989 -0.0035425 -0.0092208 -0.0129595 0.0019377 0.9998717
1403638133.195097 -0.0003748 -0.0362476 -0.0174122 0.0770442 -0.0567750 0.0286401 0.9949977
1403638133.845097 0.0257949 -0.0216555 -0.0132869 0.0418143 0.0625142 0.0555555 0.9956190
1403638133.995097 0.0278569 -0.0201272 -0.0120787 0.0394416 0.0789284 0.0563618 0.9945039
1403638135.495097 -0.0093378 -0.0282140 0.0056949 0.0167728 0.0644392 0.0478117 0.9966345
1403638136.095097 0.0110875 -0.0243179 -0.0051908 0.0113806 0.1107624 0.0421315 0.9928883
1403638136.495097 0.0251583 -0.0212314 -0.0124275 0.0211905 0.1393884 0.0504260 0.9887260
1403638137.895097 -0.0037263 -0.0023217 0.0008540 -0.0171987 0.0869827 0.0317980 0.9955537
1403638137.995097 -0.0039384 -0.0012246 0.0011287 -0.0333035 0.0874642 0.0228284 0.9953491
1403638138.095097 -0.0040798 -0.0007157 0.0013166 -0.0338439 0.0870962 0.0189080 0.9954453
1403638147.545097 -0.0040648 -0.0005920 0.0013486 -0.0025029 0.0900441 0.0318578 0.9954250
1403638147.845097 -0.0039125 -0.0010146 0.0016867 0.0064472 0.0912521 0.0325117 0.9952761
1403638147.945097 -0.0037145 -0.0019898 0.0021317 0.0205748 0.0947009 0.0331468 0.9947411
1403638148.095097 -0.0033566 -0.0049094 0.0026116 0.0344490 0.0954126 0.0332331 0.9942863
1403638149.995097 -0.0113569 -0.0561275 0.0182649 0.0363478 0.0561020 0.0096988 0.9977161
1403638150.995097 -0.0399073 -0.0651529 0.0456790 0.0244688 0.0065772 -0.0168794 0.9995365
1403638151.145097 -0.0462954 -0.0679076 0.0519535 0.0309223 -0.0129605 -0.0286042 0.9990284
1403638151.645097 -0.0729193 -0.0761952 0.0703902 0.0309157 -0.1210001 -0.0668609 0.9899155
1403638151.845097 -0.0850488 -0.0825421 0.0756918 0.0302115 -0.1397175 -0.0755084 0.9868459
1403638152.045097 -0.0972375 -0.0914090 0.0808084 0.0281277 -0.1444316 -0.0799833 0.9858758
1403638152.745097 -0.1481133 -0.1069874 0.1055094 0.0246340 -0.1428197 -0.0841441 0.9858577
1403638152.945097 -0.1655746 -0.1118464 0.1118276 0.0325430 -0.1670041 -0.0829920 0.9819180
1403638153.145097 -0.1829725 -0.1191111 0.1173069 0.0243900 -0.1932144 -0.0933909 0.9763972
1403638153.345097 -0.2008854 -0.1258757 0.1237501 0.0198891 -0.2095710 -0.1033305 0.9721148
1403638153.545097 -0.2192398 -0.1320539 0.1308338 0.0196236 -0.2315411 -0.1269855 0.9643020
1403638153.745097 -0.2394788 -0.1397315 0.1375031 0.0228557 -0.2647387 -0.1434436 0.9533179
1403638154.145097 -0.2836948 -0.1506305 0.1529514 0.0397884 -0.3049378 -0.1455403 0.9403446
1403638154.545097 -0.3292078 -0.1539705 0.1679552 0.0650004 -0.3076597 -0.1386133 0.9390990
1403638154.745097 -0.3505058 -0.1547354 0.1714756 0.0523924 -0.3168220 -0.1440540 0.9360167
1403638154.945097 -0.3718677 -0.1576356 0.1716782 0.0478439 -0.3256342 -0.1609178 0.9304723
1403638155.145097 -0.3936079 -0.1617453 0.1696027 0.0527927 -0.3458028 -0.1698751 0.9212903
1403638155.445097 -0.4263984 -0.1647902 0.1651098 0.0675626 -0.3723385 -0.1763434 0.9086816
1403638155.595097 -0.4427401 -0.1630591 0.1624508 0.0688778 -0.3934327 -0.1774036 0.8994412
1403638155.745097 -0.4581392 -0.1599719 0.1568582 0.0710116 -0.4226811 -0.1745603 0.8864688
1403638155.895097 -0.4726742 -0.1556263 0.1523630 0.0637087 -0.4528663 -0.1832194 0.8702207
1403638155.995097 -0.4813833 -0.1522348 0.1480471 0.0513773 -0.4731535 -0.1951437 0.8575577
1403638156.295097 -0.5065292 -0.1472212 0.1341399 0.0248237 -0.5287777 -0.2248232 0.8180664
1403638156.445097 -0.5189719 -0.1453932 0.1266690 0.0162908 -0.5445461 -0.2342062 0.8052029
1403638156.745097 -0.5456027 -0.1398599 0.1179234 0.0125861 -0.5550874 -0.2391271 0.7965788
1403638156.895097 -0.5593275 -0.1357030 0.1152887 0.0124115 -0.5538601 -0.2395724 0.7973018
1403638157.045097 -0.5741972 -0.1336364 0.1129791 0.0102639 -0.5502908 -0.2401154 0.7996371
1403638157.245097 -0.5951612 -0.1325714 0.1086493 0.0041616 -0.5445005 -0.2418876 0.8031141
1403638157.395097 -0.6115900 -0.1331731 0.1070941 0.0101758 -0.5463000 -0.2443342 0.8010953
1403638157.545097 -0.6290363 -0.1340912 0.1046314 0.0197664 -0.5518208 -0.2465392 0.7964430
1403638157.695097 -0.6470768 -0.1335117 0.1030496 0.0334565 -0.5674297 -0.2506273 0.7836391
1403638157.995097 -0.6820875 -0.1340420 0.0972884 0.0392049 -0.6141062 -0.2641467 0.7426730
1403638158.195097 -0.7052155 -0.1352933 0.0932291 0.0252497 -0.6368611 -0.2643693 0.7237950
1403638158.395097 -0.7291156 -0.1338334 0.0898871 0.0278881 -0.6432610 -0.2695929 0.7160708
1403638158.595097 -0.7518521 -0.1320859 0.0878032 0.0380664 -0.6420121 -0.2756500 0.7144148
1403638158.795097 -0.7742502 -0.1295129 0.0854757 0.0321531 -0.6419195 -0.2711893 0.7164928
1403638158.995097 -0.7957795 -0.1289704 0.0821683 0.0162113 -0.6389208 -0.2718578 0.7194517
1403638159.195097 -0.8178906 -0.1302272 0.0790002 -0.0048984 -0.6303005 -0.2871077 0.7212949
1403638159.395097 -0.8429888 -0.1315906 0.0757921 0.0093219 -0.6356462 -0.2695884 0.7233182
1403638159.595097 -0.8697078 -0.1331783 0.0731808 0.0293380 -0.6517708 -0.2255163 0.7235168
1403638159.995097 -0.9094185 -0.1486469 0.0745326 0.0496281 -0.6527773 -0.2269212 0.7210587
1403638160.245097 -0.9258537 -0.1653676 0.0756851 0.0364940 -0.6441585 -0.2559519 0.7198728
1403638160.495097 -0.9405711 -0.1852286 0.0764334 0.0188214 -0.6380443 -0.2746549 0.7191035
1403638160.745097 -0.9581650 -0.2022991 0.0765181 0.0180354 -0.6385508 -0.2713203 0.7199395
1403638160.995097 -0.9756818 -0.2184776 0.0794353 0.0321860 -0.6354327 -0.2326993 0.7355545
1403638161.245097 -0.9896850 -0.2348945 0.0860605 0.0359834 -0.5966570 -0.2209270 0.7706470
1403638161.495097 -1.0011992 -0.2512965 0.0940884 0.0228906 -0.5478551 -0.2213200 0.8064418
1403638161.745097 -1.0124420 -0.2640693 0.1028739 0.0134140 -0.5276259 -0.2137689 0.8220304
1403638161.995097 -1.0239254 -0.2739148 0.1154420 0.0231733 -0.5131217 -0.1994119 0.8345083
1403638162.245097 -1.0350255 -0.2866572 0.1272744 0.0149780 -0.5021228 -0.1938741 0.8426513
1403638162.495097 -1.0446078 -0.3003405 0.1424392 0.0130292 -0.5015233 -0.1863215 0.8447419
1403638162.745097 -1.0536138 -0.3147410 0.1596554 0.0198633 -0.4982335 -0.1992733 0.8435989
1403638163.045097 -1.0642711 -0.3381630 0.1801733 0.0256644 -0.4938385 -0.1769177 0.8509789
1403638163.645097 -1.0763891 -0.3704133 0.2355837 0.0369433 -0.4244082 -0.1643882 0.8896569
1403638163.945097 -1.0783182 -0.3915129 0.2601970 0.0360612 -0.4161882 -0.1585596 0.8946205
1403638164.245097 -1.0777131 -0.4165691 0.2812599 0.0305344 -0.4231645 -0.1465268 0.8936048
1403638164.545097 -1.0725462 -0.4398410 0.3052858 0.0315434 -0.4298479 -0.1404406 0.8913542
1403638164.845097 -1.0633348 -0.4602675 0.3350953 0.0455036 -0.4128031 -0.1485350 0.8974745
1403638165.145097 -1.0490303 -0.4762706 0.3642884 0.0562523 -0.3994671 -0.1332224 0.9052699
1403638165.445097 -1.0315180 -0.4873375 0.3928324 0.0270206 -0.3833797 -0.1303019 0.9139537
1403638165.745097 -1.0105945 -0.4953782 0.4230603 0.0718254 -0.3751239 -0.1282536 0.9152455
1403638165.995097 -0.9889738 -0.4999222 0.4468470 0.0510351 -0.3706788 -0.1428378 0.9162915
1403638166.245097 -0.9659764 -0.5081718 0.4655795 0.0373810 -0.3687039 -0.1593543 0.9150226
1403638166.445097 -0.9488865 -0.5216901 0.4766872 0.0379154 -0.3700438 -0.1665562 0.9131752
1403638166.595097 -0.9370463 -0.5325065 0.4838661 0.0388677 -0.3725889 -0.1667856 0.9120578
1403638166.795097 -0.9225386 -0.5442959 0.4939153 0.0279495 -0.3793457 -0.1564545 0.9115030
1403638166.945097 -0.9115133 -0.5512671 0.5023770 -0.0005506 -0.3833268 -0.1497085 0.9113988
1403638167.095097 -0.9014753 -0.5571403 0.5124714 -0.0121892 -0.3802550 -0.1574236 0.9113042
1403638167.245097 -0.8928159 -0.5656582 0.5235302 -0.0066147 -0.3761057 -0.1676852 0.9112532
1403638167.395097 -0.8852417 -0.5758109 0.5352578 -0.0002993 -0.3749782 -0.1692563 0.9114513
1403638167.545097 -0.8789912 -0.5863456 0.5477465 0.0079744 -0.3769840 -0.1619351 0.9119192
1403638167.645097 -0.8759329 -0.5928091 0.5567744 0.0120569 -0.3790472 -0.1495164 0.9131389
1403638167.745097 -0.8726006 -0.5988955 0.5667319 0.0138851 -0.3764362 -0.1373347 0.9161016
1403638167.945097 -0.8648733 -0.6105573 0.5881662 0.0135147 -0.3585139 -0.1144829 0.9263794
1403638168.095097 -0.8592551 -0.6191250 0.6056780 0.0158222 -0.3388371 -0.1040575 0.9349391
1403638168.245097 -0.8514332 -0.6300612 0.6233138 0.0187827 -0.3178402 -0.1011160 0.9425499
1403638168.345097 -0.8464261 -0.6376704 0.6354747 0.0216097 -0.3008696 -0.0989754 0.9482692
1403638168.495097 -0.8374734 -0.6508078 0.6526910 0.0234796 -0.2750614 -0.1015389 0.9557614
1403638168.645097 -0.8293034 -0.6619329 0.6710452 0.0176746 -0.2529956 -0.1172941 0.9601682
1403638168.745097 -0.8241834 -0.6692259 0.6832441 0.0145431 -0.2442401 -0.1244002 0.9615924
1403638168.895097 -0.8172396 -0.6791937 0.7024360 0.0113100 -0.2398641 -0.1285257 0.9621946
1403638169.195097 -0.8083401 -0.6965473 0.7428608 0.0258308 -0.2524397 -0.1159626 0.9602914
1403638169.345097 -0.8053133 -0.7034801 0.7637343 0.0325029 -0.2605988 -0.0871749 0.9609539
1403638169.495097 -0.8024117 -0.7099895 0.7856927 0.0420267 -0.2532341 -0.0577223 0.9647665
1403638169.645097 -0.7968774 -0.7169476 0.8063380 0.0490213 -0.2282702 -0.0476524 0.9711946
1403638169.795097 -0.7884831 -0.7252520 0.8259103 0.0503689 -0.1900978 -0.0541113 0.9789780
1403638169.945097 -0.7794830 -0.7350736 0.8445070 0.0582878 -0.1453889 -0.0637312 0.9855978
1403638170.095097 -0.7706539 -0.7458175 0.8611717 0.0736691 -0.1081435 -0.0531343 0.9899771
1403638170.295097 -0.7589264 -0.7557404 0.8817381 0.0731921 -0.0661391 -0.0186470 0.9949477
1403638170.445097 -0.7496347 -0.7606285 0.8952474 0.0641330 -0.0335117 0.0028550 0.9973745
1403638170.595097 -0.7392442 -0.7651314 0.9084038 0.0645534 -0.0066763 0.0311619 0.9974052
1403638170.895097 -0.7177967 -0.7761232 0.9271233 0.0721524 0.0560776 0.0594115 0.9940420
1403638171.045097 -0.7039666 -0.7801840 0.9340485 0.0734755 0.0871390 0.0694732 0.9910508
1403638171.195097 -0.6896095 -0.7829562 0.9399039 0.0763230 0.1089572 0.0792314 0.9879401
1403638171.495097 -0.6577493 -0.7848159 0.9454445 0.0830056 0.1296184 0.0922714 0.9837658
1403638171.695097 -0.6350437 -0.7834418 0.9454255 0.0893551 0.1415937 0.1048979 0.9802874
1403638171.895097 -0.6092705 -0.7788258 0.9411389 0.0976948 0.1569355 0.1191127 0.9755200
1403638172.045097 -0.5881782 -0.7759444 0.9340702 0.1027104 0.1696093 0.1164893 0.9731976
1403638172.245097 -0.5591464 -0.7699928 0.9194199 0.0998595 0.1785154 0.1127490 0.9723415
1403638172.395097 -0.5371073 -0.7632876 0.9062114 0.0982893 0.1800831 0.1109718 0.9724169
1403638172.595097 -0.5078539 -0.7480996 0.8879074 0.1055779 0.1771252 0.1118136 0.9720997
1403638172.745097 -0.4854863 -0.7341465 0.8719748 0.1062727 0.1723602 0.1142412 0.9725981
1403638172.895097 -0.4617492 -0.7171703 0.8541048 0.1069611 0.1668634 0.1156989 0.9733087
1403638173.045097 -0.4374405 -0.6979806 0.8343282 0.0998937 0.1581656 0.1212812 0.9748312
1403638173.345097 -0.3871149 -0.6553494 0.7891614 0.0780144 0.1563996 0.1103749 0.9784019
1403638173.495097 -0.3594871 -0.6314288 0.7664425 0.0694901 0.1665146 0.0870964 0.9797236
1403638173.645097 -0.3345478 -0.6063991 0.7427021 0.0658302 0.1724972 0.0774840 0.9797486
1403638173.795097 -0.3070730 -0.5787785 0.7190869 0.0645943 0.1728839 0.0773750 0.9797713
1403638173.945097 -0.2816860 -0.5517979 0.6944994 0.0639807 0.1742356 0.0776465 0.9795507
1403638174.095097 -0.2581562 -0.5266326 0.6710671 0.0625244 0.1746799 0.0792719 0.9794354
1403638174.245097 -0.2334922 -0.5028910 0.6451560 0.0522273 0.1753199 0.0760558 0.9801790
1403638174.345097 -0.2161459 -0.4854663 0.6283151 0.0436261 0.1731410 0.0773297 0.9808869
1403638174.445097 -0.2014001 -0.4685972 0.6123106 0.0367951 0.1729623 0.0772622 0.9812037
1403638174.595097 -0.1782638 -0.4431008 0.5886148 0.0287816 0.1721847 0.0760048 0.9817064
1403638175.045097 -0.1092868 -0.3787474 0.5229264 0.0101606 0.1749233 0.0679034 0.9821852
1403638175.395097 -0.0562225 -0.3433404 0.4779736 -0.0046172 0.1797747 0.0652562 0.9815301
1403638175.645097 -0.0223056 -0.3258366 0.4525739 -0.0380393 0.1817743 0.0622128 0.9806328
1403638176.245097 0.0562943 -0.3017909 0.4273983 0.0052728 0.1853287 0.0397711 0.9818573
1403638176.495097 0.0838610 -0.2986223 0.4270496 0.0252228 0.1877832 0.0370390 0.9811878
1403638177.295097 0.1416089 -0.3045089 0.4326527 0.0163649 0.1909692 0.0352763 0.9808255
1403638177.695097 0.1564291 -0.3023978 0.4459980 0.0218955 0.1817194 0.0682749 0.9807330
1403638178.095097 0.1702993 -0.2996044 0.4621885 0.0543307 0.1913483 0.0834331 0.9764594
1403638178.395097 0.1831855 -0.3008050 0.4664153 0.0627960 0.2381221 0.0996576 0.9640658
1403638178.595097 0.1920887 -0.3003381 0.4657553 0.0514532 0.2802612 0.1270767 0.9500830
1403638178.795097 0.2016464 -0.2980717 0.4629797 0.0452036 0.3217787 0.1512024 0.9335700
1403638178.995097 0.2117232 -0.2940623 0.4600400 0.0286147 0.3521578 0.1657813 0.9206969
1403638179.245097 0.2266498 -0.2864938 0.4571700 0.0064593 0.3770290 0.1666505 0.9110626
1403638179.495097 0.2438891 -0.2776848 0.4551069 0.0146982 0.4128098 0.1756605 0.8935969
1403638179.695097 0.2593042 -0.2708796 0.4544448 0.0295874 0.4515528 0.1893371 0.8714219
1403638179.895097 0.2745603 -0.2657075 0.4525995 0.0306920 0.4918584 0.2044192 0.8457814
1403638180.045097 0.2863599 -0.2630665 0.4498027 0.0196866 0.5101102 0.2197958 0.8313181
1403638180.245097 0.3024397 -0.2601814 0.4461580 0.0167573 0.5238415 0.2285119 0.8204216
1403638180.645097 0.3377684 -0.2503957 0.4404867 0.0051500 0.5294577 0.2229902 0.8184885
1403638180.845097 0.3568797 -0.2467339 0.4378425 -0.0038863 0.5235734 0.2251326 0.8216881
1403638181.045097 0.3781077 -0.2451810 0.4353826 0.0021636 0.5176352 0.2260041 0.8252099
1403638181.195097 0.3946192 -0.2426221 0.4342963 0.0096241 0.5142609 0.2269004 0.8270183
1403638181.395097 0.4184496 -0.2381185 0.4330746 0.0338791 0.5220553 0.2320811 0.8200297
1403638181.545097 0.4369494 -0.2336531 0.4315414 0.0554293 0.5421807 0.2426423 0.8025537
1403638181.695097 0.4551960 -0.2280762 0.4279428 0.0619387 0.5725626 0.2429334 0.7805888
1403638181.845097 0.4724883 -0.2235340 0.4222970 0.0469756 0.6017079 0.2474116 0.7579765
1403638182.095097 0.4987635 -0.2185581 0.4095491 0.0226542 0.6313599 0.2656974 0.7282008
1403638182.245097 0.5142457 -0.2168814 0.4010915 0.0171580 0.6367313 0.2786313 0.7187791
1403638182.395097 0.5299910 -0.2145977 0.3925450 0.0173473 0.6355535 0.2911878 0.7148290
1403638182.545097 0.5467391 -0.2123369 0.3834138 0.0034630 0.6383145 0.2846139 0.7152186
1403638182.695097 0.5643097 -0.2119749 0.3731555 -0.0060750 0.6382120 0.2781432 0.7178335
1403638182.845097 0.5831895 -0.2119345 0.3628024 -0.0032016 0.6359145 0.2759688 0.7207245
1403638182.995097 0.6025561 -0.2118160 0.3530875 0.0068493 0.6360129 0.2696098 0.7230154
1403638183.145097 0.6227342 -0.2103283 0.3442973 0.0127677 0.6388248 0.2573600 0.7249177
1403638183.295097 0.6430795 -0.2073558 0.3366737 0.0058710 0.6384332 0.2544204 0.7263876
1403638183.445097 0.6628050 -0.2040990 0.3296080 -0.0063879 0.6340007 0.2631359 0.7271601
1403638183.645097 0.6900020 -0.1995136 0.3213354 -0.0120866 0.6331941 0.2644903 0.7272992
1403638183.845097 0.7195455 -0.1963221 0.3142473 0.0038563 0.6413584 0.2441344 0.7273533
1403638184.095097 0.7551550 -0.1980138 0.3059658 0.0042916 0.6415522 0.2461371 0.7265046
1403638184.295097 0.7822188 -0.2008155 0.3008146 -0.0071755 0.6379551 0.2585579 0.7253342
1403638184.545097 0.8171508 -0.2020019 0.2971249 0.0012216 0.6423535 0.2500625 0.7244648
1403638184.795097 0.8531691 -0.2030852 0.2961237 0.0057715 0.6434391 0.2493384 0.7237287
1403638185.295097 0.9218552 -0.2107347 0.2975178 -0.0010345 0.6462349 0.2428287 0.7234733
1403638185.545097 0.9549530 -0.2161191 0.3013414 0.0005690 0.6414407 0.2231152 0.7340117
1403638185.795097 0.9850939 -0.2236317 0.3089550 0.0139963 0.6183116 0.2186240 0.7547836
1403638186.295097 1.0422188 -0.2341480 0.3267266 0.0129851 0.5958847 0.2384762 0.7667346
1403638186.595097 1.0767305 -0.2427275 0.3353137 0.0076748 0.5997378 0.2322975 0.7656981
1403638186.895097 1.1099936 -0.2491320 0.3460275 -0.0050382 0.5976081 0.2127223 0.7730384
1403638187.495097 1.1714162 -0.2748610 0.3775539 0.0441657 0.4882368 0.1672183 0.8554019
1403638188.695097 1.2318242 -0.3180525 0.4453548 0.0909596 0.4787405 0.1391358 0.8620760
1403638188.995097 1.2226861 -0.3270053 0.4496786 0.0662037 0.4560112 0.1446797 0.8756361
1403638189.345097 1.1988572 -0.3384937 0.4534107 0.0585984 0.4070745 0.1403197 0.9006481
1403638190.295097 1.1385525 -0.3587004 0.4632498 0.0315625 0.3678999 0.1239714 0.9210237
1403638191.045097 1.0860152 -0.3633541 0.4889756 0.0441521 0.3356135 0.1099708 0.9345163
1403638191.445097 1.0502158 -0.3731074 0.4942967 0.0184446 0.3319001 0.1197028 0.9355070
1403638191.745097 1.0254416 -0.3794202 0.5008883 0.0144422 0.3371323 0.1130095 0.9345384
1403638192.045097 1.0005316 -0.3840784 0.5116898 0.0124299 0.3404357 0.1069369 0.9340843
1403638192.445097 0.9662859 -0.4013482 0.5278986 0.0326287 0.3379581 0.1106062 0.9340696
1403638192.795097 0.9359370 -0.4233959 0.5362573 0.0636258 0.3388155 0.1068739 0.9325952
1403638193.145097 0.9012862 -0.4380279 0.5429725 0.0991614 0.3216905 0.1204505 0.9339025
1403638193.495097 0.8602713 -0.4493752 0.5342715 0.0734822 0.3088445 0.0977473 0.9432184
1403638193.795097 0.8244061 -0.4549650 0.5192866 0.0484537 0.3000493 0.1041351 0.9469839
1403638194.095097 0.7882578 -0.4553959 0.5049313 0.0403762 0.3001285 0.1068317 0.9470373
1403638194.395097 0.7518765 -0.4506784 0.4905941 0.0485970 0.3022375 0.1070218 0.9459583
1403638194.745097 0.7102851 -0.4478783 0.4703382 0.0211878 0.3006411 0.1166271 0.9463425
1403638195.095097 0.6717176 -0.4447300 0.4548944 0.0056117 0.3023130 0.1168316 0.9460052
1403638195.495097 0.6352302 -0.4356194 0.4461633 -0.0035356 0.2998953 0.1224440 0.9460749
1403638195.845097 0.6108523 -0.4293898 0.4471620 0.0113861 0.3007240 0.1185081 0.9462512
1403638196.495097 0.5788351 -0.4370965 0.4514493 0.0178939 0.3009935 0.1157526 0.9464059
1403638197.045097 0.5631065 -0.4409728 0.4671244 0.0139832 0.3014378 0.1199602 0.9458062
1403638197.445097 0.5585801 -0.4514526 0.4805215 0.0278709 0.3121356 0.0933646 0.9450278
1403638197.995097 0.5458300 -0.4746743 0.4955637 0.0553826 0.3078427 0.0975936 0.9447969
1403638198.395097 0.5303003 -0.4729331 0.5109001 0.0425768 0.3061040 0.1011855 0.9456475
1403638198.795097 0.5100024 -0.4622914 0.5281206 0.0322688 0.3266949 0.0442421 0.9435422
1403638199.195097 0.4723437 -0.4623267 0.5447557 0.0331038 0.3246686 0.0515022 0.9438443
1403638199.595097 0.4160065 -0.4779815 0.5592487 0.0290099 0.3261472 0.0442755 0.9438359
1403638199.945097 0.3536717 -0.4968016 0.5696105 0.0300749 0.2850826 0.0729889 0.9552466
1403638200.395097 0.2645972 -0.5184790 0.5874104 0.0523697 0.2339382 0.0368384 0.9701409
1403638200.745097 0.1874949 -0.5376930 0.5969684 0.0452788 0.1977043 -0.0073725 0.9791877
1403638200.995097 0.1289265 -0.5536291 0.6039682 0.0404970 0.1727475 0.0048167 0.9841215
1403638201.245097 0.0655063 -0.5644088 0.6119912 0.0470196 0.1624181 0.0256380 0.9852676
1403638201.495097 0.0034521 -0.5701079 0.6192922 0.0474549 0.1659323 0.0258337 0.9846559
1403638201.695097 -0.0495795 -0.5741950 0.6254148 0.0499867 0.1707481 0.0262288 0.9836963
1403638201.895097 -0.1000340 -0.5732852 0.6323859 0.0500941 0.1708934 0.0285866 0.9836000
1403638202.095097 -0.1536507 -0.5725631 0.6384746 0.0478773 0.1554005 0.0306609 0.9862142
1403638202.295097 -0.2068452 -0.5720901 0.6438715 0.0359733 0.1386837 0.0413419 0.9888193
1403638202.645097 -0.2944615 -0.5721979 0.6518923 0.0300944 0.1295652 0.0462888 0.9900326
1403638202.895097 -0.3528251 -0.5694159 0.6596209 0.0325010 0.1317599 0.0441329 0.9897653
1403638203.145097 -0.4081683 -0.5661321 0.6682283 0.0368655 0.1329010 0.0450407 0.9894188
1403638203.545097 -0.4893185 -0.5675441 0.6740729 0.0457738 0.1315482 0.0471789 0.9891279
1403638203.895097 -0.5567882 -0.5662019 0.6764858 0.0449422 0.1311191 0.0467651 0.9892427
1403638204.195097 -0.6098709 -0.5707092 0.6747900 0.0363077 0.1249201 0.0540163 0.9900298
1403638204.545097 -0.6627724 -0.5788499 0.6698501 0.0212330 0.1143872 0.0847888 0.9895836
1403638204.845097 -0.6982733 -0.5812451 0.6687528 0.0259249 0.0966111 0.0512359 0.9936645
1403638205.195097 -0.7353932 -0.5777519 0.6706676 0.0352383 -0.0044582 -0.0213967 0.9991400
1403638205.545097 -0.7734519 -0.5795981 0.6707833 0.0566411 -0.1452328 -0.0933029 0.9833584
1403638205.945097 -0.8209515 -0.5874148 0.6596236 0.0788281 -0.2141414 -0.1446726 0.9628081
1403638206.295097 -0.8671431 -0.5956249 0.6343957 0.0774672 -0.2972274 -0.1594046 0.9382136
1403638206.595097 -0.9072970 -0.5969923 0.6077237 0.0757033 -0.3392409 -0.1462314 0.9261755
1403638206.895097 -0.9436438 -0.5904715 0.5799923 0.0751477 -0.3626654 -0.1487032 0.9169046
1403638207.145097 -0.9702696 -0.5794411 0.5572829 0.0813432 -0.3731547 -0.1461641 0.9125651
1403638207.495097 -0.9995223 -0.5566984 0.5222850 0.0887667 -0.4119325 -0.1547265 0.8935837
1403638207.745097 -1.0139024 -0.5400525 0.4931847 0.0635602 -0.4463298 -0.1714812 0.8759817
1403638208.045097 -1.0255625 -0.5261225 0.4568671 0.0400626 -0.4572880 -0.1815966 0.8696582
1403638208.545097 -1.0362364 -0.5001600 0.4038828 0.0417478 -0.4591235 -0.1817581 0.8685774
1403638209.245097 -1.0369794 -0.4682643 0.3371744 0.0428328 -0.5004518 -0.1959118 0.8422185
1403638209.795097 -1.0283890 -0.4262971 0.3028778 0.0441203 -0.5012261 -0.1922927 0.8425256
1403638210.295097 -1.0109591 -0.3651423 0.2845637 0.0691068 -0.5023674 -0.1825015 0.8423446
1403638210.795097 -0.9778966 -0.3076064 0.2662175 0.0677950 -0.5027515 -0.1783455 0.8431119
1403638211.295097 -0.9287401 -0.2583401 0.2418656 0.0448340 -0.4998002 -0.1857038 0.8448099
1403638211.795097 -0.8696805 -0.2183067 0.2261540 0.0382789 -0.4361452 -0.1486806 0.8866827
1403638212.345097 -0.7946242 -0.1822025 0.2156585 0.0397102 -0.3052136 -0.0974746 0.9464495
1403638212.845097 -0.7190161 -0.1699724 0.2022083 0.0414528 -0.1811635 -0.0510519 0.9812518
1403638213.445097 -0.6179115 -0.1684065 0.1845141 0.0060748 -0.0181124 0.0490957 0.9986114
1403638213.795097 -0.5488176 -0.1677310 0.1826923 0.0361235 0.0603270 0.0493087 0.9963054
1403638214.495097 -0.4107762 -0.1749680 0.1768884 0.0059007 0.0618533 0.0301460 0.9976124
1403638215.095097 -0.2991899 -0.1711933 0.1883127 0.0476779 0.0480624 0.0180924 0.9975417
1403638215.945097 -0.1670256 -0.1572535 0.2001641 0.0461386 0.0591221 0.0171826 0.9970359
1403638216.645097 -0.0804086 -0.1480560 0.1970918 0.0482397 0.0752436 0.0136007 0.9959048
1403638217.395097 -0.0148792 -0.1258453 0.1883427 0.0397510 0.1371720 0.0436143 0.9887879
1403638218.145097 0.0256314 -0.1214773 0.1696925 0.0382551 0.1541020 0.0172487 0.9871634
1403638220.945097 0.0078921 -0.0803160 0.0710574 0.0353030 0.1736649 0.0555677 0.9826019
1403638222.595097 -0.0100582 -0.0475909 0.0120975 0.0190087 0.1751158 0.0616171 0.9824340
1403638223.295097 -0.0168062 -0.0334145 0.0008067 0.0165276 0.1716432 0.0699750 0.9825319
1403638224.045097 -0.0153372 -0.0206102 -0.0090362 0.0260268 0.1789894 0.0517223 0.9821457
1403638224.645097 -0.0176150 -0.0117464 -0.0092143 0.0373031 0.1755183 0.0611191 0.9818687
1403638225.295097 -0.0198757 -0.0109460 -0.0076722 0.0228771 0.1709100 0.0642549 0.9829231
1403638225.945097 -0.0225483 -0.0018459 -0.0051470 0.0238754 0.1735137 0.0567571 0.9829047
1403638226.595097 -0.0301096 -0.0039065 -0.0047109 0.0059253 0.1712516 0.0572359 0.9835456
