1403638523.527829409 0.03299 -0.02687 0.15506 0.86184 0.06204 0.47713 -0.16043
1403638523.627829552 0.02494 -0.04090 0.09791 0.87895 0.05991 0.45128 -0.14215
1403638523.727829456 0.01304 -0.04649 0.06140 0.88866 0.05980 0.43559 -0.13024
1403638523.827829599 -0.00764 -0.06438 0.00743 0.89073 0.06310 0.43158 -0.12793
1403638523.927829504 -0.01336 -0.05719 -0.01012 0.89141 0.06547 0.43324 -0.11576
1403638524.027829409 -0.02917 -0.05779 -0.03716 0.89147 0.07203 0.43548 -0.10219
1403638524.127829552 -0.03498 -0.05911 -0.04429 0.89386 0.07891 0.43105 -0.09475
1403638524.227829456 -0.02954 -0.05896 -0.01375 0.89602 0.08073 0.42544 -0.09810
1403638524.327829599 -0.01583 -0.05649 0.03858 0.89573 0.07703 0.42562 -0.10289
1403638524.427829504 0.00261 -0.05640 0.09953 0.89184 0.07271 0.43257 -0.11056
1403638524.527829409 0.02285 -0.05664 0.16325 0.88470 0.07042 0.44600 -0.11587
1403638524.627829552 0.04049 -0.05770 0.23523 0.87831 0.06601 0.45902 -0.11626
1403638524.727829456 0.06091 -0.03707 0.28278 0.87510 0.06105 0.46822 -0.10605
1403638524.827829599 0.06898 -0.05209 0.31365 0.87342 0.05748 0.47443 -0.09356
1403638525.027829409 0.07268 -0.04698 0.33697 0.86965 0.05937 0.47926 -0.10245
1403638525.327829599 0.03734 -0.03763 0.22083 0.87175 0.07372 0.47427 -0.09841
1403638525.427829504 0.02369 -0.03501 0.16148 0.88060 0.07750 0.45607 -0.10260
1403638525.527829409 0.01185 -0.03118 0.10784 0.89010 0.07744 0.43567 -0.10912
1403638525.627829552 -0.00202 -0.02666 0.06156 0.89456 0.07566 0.42622 -0.11121
1403638525.727829456 -0.01369 -0.02698 0.02376 0.89501 0.07172 0.42655 -0.10896
1403638525.827829599 -0.02350 -0.02663 -0.00612 0.89264 0.06600 0.43369 -0.10364
1403638525.927829504 -0.03084 -0.03056 -0.02646 0.88998 0.06414 0.44149 -0.09438
1403638526.027829409 -0.03567 -0.04595 -0.03198 0.89011 0.06483 0.44235 -0.08849
1403638526.127829552 -0.03675 -0.07355 -0.03014 0.89222 0.05948 0.43946 -0.08533
1403638526.227829456 -0.03602 -0.11037 -0.02111 0.89314 0.05081 0.43921 -0.08251
1403638526.327829599 -0.03541 -0.15353 -0.00818 0.89036 0.04315 0.44609 -0.08002
1403638526.427829504 -0.03647 -0.20148 0.00412 0.88594 0.03416 0.45588 -0.07822
1403638526.527829409 -0.03925 -0.25341 0.01249 0.88176 0.02249 0.46483 -0.07697
1403638526.627829552 -0.04163 -0.31068 0.01556 0.87652 0.01360 0.47515 -0.07590
1403638526.727829456 -0.04578 -0.37402 0.01579 0.87295 0.00717 0.48254 -0.07121
1403638526.827829599 -0.05229 -0.44078 0.01430 0.87107 0.00463 0.48733 -0.06098
1403638526.927829504 -0.05769 -0.50404 0.01021 0.87171 0.00186 0.48666 -0.05727
1403638527.027829409 -0.06234 -0.56120 0.00554 0.87558 -0.00634 0.48035 -0.05083
1403638527.127829552 -0.06400 -0.61377 0.00185 0.87891 -0.01941 0.47475 -0.04198
1403638527.227829456 -0.06015 -0.65600 0.00054 0.87878 -0.03243 0.47497 -0.03329
1403638527.327829599 -0.06087 -0.69471 0.00321 0.87484 -0.04334 0.48218 -0.01683
1403638527.427829504 -0.04985 -0.70237 0.00684 0.87103 -0.04767 0.48888 -0.00442
1403638527.827829599 0.03181 -0.49976 0.00398 0.86979 -0.03733 0.49182 -0.01351
1403638527.927829504 0.04022 -0.45685 0.01193 0.86950 -0.03310 0.49200 -0.02853
1403638528.027829409 0.03087 -0.40387 0.01190 0.86769 -0.03091 0.49529 -0.02916
1403638528.127829552 0.03759 -0.33864 0.01301 0.86532 -0.02371 0.49918 -0.03844
1403638528.227829456 0.06666 -0.26761 0.01466 0.86477 -0.01273 0.49912 -0.05377
1403638528.327829599 0.09317 -0.19518 0.00459 0.86442 -0.00450 0.49872 -0.06347
1403638528.427829504 0.13267 -0.13857 -0.01419 0.86167 0.00249 0.50280 -0.06863
1403638528.727829456 0.25894 -0.01822 -0.03644 0.86385 -0.01005 0.49966 -0.06322
1403638528.927829504 0.29609 0.00355 -0.01280 0.86099 -0.02359 0.50365 -0.06698
1403638529.127829552 0.27132 0.03758 0.03377 0.86128 -0.02402 0.50388 -0.06098
1403638529.227829456 0.23215 0.04033 0.03704 0.86144 -0.01558 0.50559 -0.04544
1403638529.327829599 0.17549 0.02675 0.04322 0.86305 -0.00938 0.50363 -0.03756
1403638529.427829504 0.11878 -0.00564 0.03083 0.86829 -0.00398 0.49474 -0.03599
1403638529.527829409 0.07361 -0.03058 0.01506 0.87693 -0.00018 0.47896 -0.03994
1403638529.627829552 0.03313 -0.05835 0.00066 0.88222 0.00529 0.46914 -0.03966
1403638529.727829456 0.01013 -0.04820 -0.01333 0.88212 0.00683 0.46932 -0.03939
1403638529.827829599 -0.00652 -0.03560 -0.03992 0.87657 0.00449 0.47957 -0.04022
1403638529.927829504 -0.01525 -0.02214 -0.05581 0.87217 0.00325 0.48753 -0.04033
1403638530.127829552 -0.00266 -0.01361 -0.08007 0.87384 0.00105 0.48462 -0.03945
1403638530.227829456 0.00928 -0.00368 -0.08873 0.87460 -0.00452 0.48342 -0.03675
1403638530.327829599 0.02362 -0.00277 -0.09519 0.87426 -0.01050 0.48406 -0.03517
1403638530.427829504 0.03916 -0.01248 -0.10259 0.87418 -0.01417 0.48437 -0.03149
1403638530.627829552 0.05170 -0.01854 -0.12727 0.87492 -0.02091 0.48279 -0.03151
1403638530.727829456 0.05596 -0.02095 -0.13354 0.87883 -0.02180 0.47558 -0.03188
1403638530.827829599 0.05790 -0.02500 -0.14216 0.87986 -0.02292 0.47368 -0.03070
1403638531.127829552 0.06011 -0.02628 -0.15288 0.87265 -0.02156 0.48673 -0.03337
1403638538.927829504 0.06356 -0.02472 -0.15636 0.86562 -0.02026 0.49944 -0.02915
1403638539.027829409 0.06816 -0.02673 -0.15666 0.86155 -0.02092 0.50647 -0.02795
1403638539.127829552 0.07535 -0.02883 -0.15579 0.85558 -0.02267 0.51639 -0.02840
1403638539.227829456 0.08524 -0.03110 -0.14920 0.85116 -0.02232 0.52363 -0.02891
1403638539.327829599 0.09988 -0.02801 -0.12852 0.85028 -0.02203 0.52505 -0.02934
1403638539.427829504 0.10948 -0.03691 -0.11533 0.85172 -0.02073 0.52277 -0.02933
1403638539.527829409 0.12220 -0.04199 -0.09040 0.85338 -0.01931 0.52007 -0.02985
1403638539.627829552 0.13703 -0.04714 -0.06453 0.85379 -0.01831 0.51938 -0.03088
1403638539.827829599 0.16627 -0.04865 -0.03742 0.85538 -0.01581 0.51677 -0.03197
1403638540.027829409 0.19604 -0.05019 -0.03773 0.86345 -0.01465 0.50307 -0.03422
1403638540.127829552 0.22463 -0.05009 -0.02190 0.86869 -0.01382 0.49398 -0.03417
1403638540.227829456 0.25639 -0.04849 -0.01791 0.86856 -0.01249 0.49427 -0.03381
1403638540.327829599 0.29419 -0.04944 -0.01274 0.86290 -0.01204 0.50411 -0.03368
1403638540.427829504 0.33725 -0.04769 -0.01422 0.85853 -0.00875 0.51149 -0.03490
1403638540.527829409 0.38548 -0.04997 0.00553 0.85748 -0.00068 0.51289 -0.04082
1403638540.627829552 0.42453 -0.03844 0.00081 0.85659 0.01264 0.51338 -0.05035
1403638540.727829456 0.47202 -0.03191 -0.00102 0.85433 0.03335 0.51534 -0.05863
1403638540.827829599 0.51872 -0.02144 0.00129 0.85171 0.05897 0.51611 -0.06890
1403638540.927829504 0.56254 -0.00476 -0.00007 0.84837 0.08622 0.51589 -0.08182
1403638541.027829409 0.60514 0.01514 -0.00449 0.84448 0.10770 0.51550 -0.09754
1403638541.127829552 0.64698 0.03530 -0.01185 0.84044 0.12313 0.51608 -0.11026
1403638541.227829456 0.68652 0.06255 -0.02008 0.83801 0.13385 0.51567 -0.11798
1403638541.427829504 0.76624 0.12089 -0.02457 0.83535 0.14126 0.51653 -0.12421
1403638541.627829552 0.83508 0.19181 -0.00200 0.83064 0.14484 0.52333 -0.12319
1403638541.727829456 0.86977 0.24738 0.02066 0.82716 0.14854 0.52653 -0.12846
1403638541.827829599 0.89367 0.29806 0.05649 0.82428 0.15387 0.52683 -0.13905
1403638541.927829504 0.93481 0.34670 0.07624 0.82131 0.16388 0.52575 -0.14894
1403638542.027829409 0.96787 0.40215 0.10166 0.81757 0.17779 0.52366 -0.16048
1403638542.127829552 1.00162 0.47167 0.11794 0.81265 0.19479 0.52160 -0.17199
1403638542.227829456 1.04669 0.53933 0.14615 0.80663 0.21312 0.51920 -0.18536
1403638542.327829599 1.08770 0.59528 0.15256 0.79979 0.23382 0.51670 -0.19671
1403638542.427829504 1.13059 0.66390 0.16239 0.78764 0.25125 0.52431 -0.20395
1403638542.527829409 1.16978 0.73034 0.16997 0.77389 0.26768 0.53718 -0.20217
1403638542.627829552 1.20545 0.79666 0.17865 0.76568 0.27998 0.54478 -0.19634
1403638542.727829456 1.23569 0.86577 0.19180 0.76649 0.28203 0.54259 -0.19633
1403638542.827829599 1.26209 0.94045 0.21371 0.77176 0.27664 0.53612 -0.20110
1403638542.927829504 1.27828 1.01477 0.24236 0.77763 0.27145 0.52929 -0.20363
1403638543.127829552 1.29839 1.15316 0.30780 0.78462 0.26278 0.52314 -0.20405
1403638543.427829504 1.32809 1.37548 0.37146 0.78717 0.25650 0.52440 -0.19894
1403638543.527829409 1.36134 1.47263 0.37835 0.78652 0.26091 0.52328 -0.19870
1403638543.627829552 1.38561 1.56271 0.38188 0.78266 0.27444 0.52121 -0.20117
1403638543.727829456 1.40714 1.65246 0.38336 0.77632 0.29200 0.51838 -0.20820
1403638543.827829599 1.42583 1.74304 0.39007 0.76707 0.31330 0.51647 -0.21612
1403638543.927829504 1.44424 1.83659 0.40500 0.75818 0.33226 0.51243 -0.22844
1403638544.027829409 1.46106 1.93196 0.42776 0.75213 0.34532 0.50672 -0.24142
1403638544.127829552 1.47744 2.02731 0.45301 0.74911 0.35336 0.50073 -0.25147
1403638544.227829456 1.49136 2.11800 0.47392 0.74664 0.35672 0.49780 -0.25975
1403638544.327829599 1.50666 2.21038 0.48945 0.74529 0.35916 0.49635 -0.26302
1403638544.627829552 1.56139 2.47198 0.51937 0.74072 0.35865 0.50237 -0.26519
1403638544.727829456 1.58370 2.57202 0.53488 0.73683 0.35790 0.50758 -0.26714
1403638544.927829504 1.62315 2.74730 0.56475 0.74204 0.36058 0.49985 -0.26363
1403638545.127829552 1.66275 2.92135 0.57429 0.74096 0.36025 0.50129 -0.26438
1403638545.427829504 1.72981 3.18196 0.54982 0.73919 0.36023 0.50444 -0.26341
1403638545.627829552 1.77244 3.35728 0.52610 0.73509 0.37181 0.49712 -0.27252
1403638545.727829456 1.79587 3.45215 0.52242 0.72948 0.38541 0.49077 -0.28012
1403638545.827829599 1.81806 3.54538 0.52799 0.71969 0.40351 0.48492 -0.28998
1403638545.927829504 1.83973 3.64017 0.54052 0.70868 0.42455 0.47688 -0.30019
1403638546.027829409 1.86052 3.73365 0.55832 0.69705 0.44513 0.46978 -0.30869
1403638546.127829552 1.87952 3.82468 0.57545 0.68697 0.46113 0.46514 -0.31475
1403638546.227829456 1.89746 3.91777 0.58633 0.68093 0.47039 0.45999 -0.32168
1403638546.327829599 1.91355 4.01044 0.59093 0.67798 0.47500 0.45552 -0.32746
1403638546.527829409 1.94312 4.18441 0.58570 0.67676 0.47779 0.45025 -0.33315
1403638546.727829456 1.97088 4.36400 0.58971 0.66859 0.48864 0.44669 -0.33865
1403638546.927829504 2.00062 4.55961 0.62592 0.66180 0.49884 0.44514 -0.33917
1403638547.127829552 2.02023 4.74776 0.64597 0.65669 0.50673 0.44802 -0.33356
1403638547.427829504 2.02966 5.03778 0.64486 0.65834 0.50554 0.44598 -0.33484
1403638547.627829552 2.01973 5.23468 0.62235 0.66397 0.49845 0.44061 -0.34140
1403638547.827829599 2.00912 5.43610 0.58548 0.66254 0.50042 0.44516 -0.33534
1403638548.027829409 1.99406 5.64785 0.54797 0.66195 0.50140 0.44434 -0.33612
1403638548.127829552 1.98369 5.76050 0.53784 0.65942 0.50524 0.44118 -0.33949
1403638548.227829456 1.96969 5.87585 0.53496 0.65433 0.51193 0.43625 -0.34563
1403638548.327829599 1.95469 5.99449 0.54025 0.64669 0.52185 0.42963 -0.35337
1403638548.427829504 1.93831 6.11420 0.55574 0.63750 0.53436 0.42185 -0.36069
1403638548.527829409 1.92135 6.23878 0.57407 0.62940 0.54311 0.41600 -0.36856
1403638548.627829552 1.90460 6.36684 0.58690 0.62252 0.55025 0.41232 -0.37374
1403638548.727829456 1.88707 6.49013 0.59580 0.61825 0.55494 0.40915 -0.37736
1403638548.927829504 1.85517 6.74158 0.62371 0.61407 0.55943 0.40559 -0.38137
1403638549.127829552 1.82208 6.99696 0.67815 0.61424 0.55966 0.40429 -0.38215
1403638549.327829599 1.78825 7.26497 0.75341 0.61583 0.55705 0.40416 -0.38355
1403638549.527829409 1.75816 7.54472 0.83372 0.61861 0.55283 0.40304 -0.38633
1403638549.627829552 1.74349 7.68997 0.86214 0.61802 0.55075 0.40529 -0.38789
1403638549.827829599 1.72024 7.95886 0.92137 0.61910 0.55033 0.40531 -0.38674
1403638550.027829409 1.70384 8.23523 1.00484 0.62087 0.55049 0.40350 -0.38558
1403638550.227829456 1.69331 8.52774 1.11854 0.62169 0.55065 0.40109 -0.38655
1403638550.427829504 1.68904 8.81961 1.25099 0.62050 0.55073 0.40156 -0.38786
1403638550.627829552 1.68991 9.10801 1.35720 0.62098 0.54614 0.40028 -0.39484
1403638550.727829456 1.69592 9.26192 1.40100 0.61979 0.54322 0.40201 -0.39895
1403638550.827829599 1.70277 9.40909 1.43948 0.61764 0.54061 0.40585 -0.40193
1403638550.927829504 1.71245 9.55498 1.47559 0.61316 0.53599 0.41308 -0.40756
1403638551.027829409 1.72398 9.69225 1.50674 0.61010 0.53234 0.41767 -0.41224
1403638551.127829552 1.73842 9.83192 1.53834 0.60935 0.52989 0.41913 -0.41502
1403638551.327829599 1.78242 10.07240 1.61596 0.61426 0.52667 0.41518 -0.41585
1403638551.427829504 1.81138 10.19208 1.65485 0.62466 0.51958 0.41466 -0.40976
1403638551.527829409 1.84492 10.29423 1.68763 0.63885 0.50610 0.41707 -0.40223
1403638551.627829552 1.88614 10.39346 1.71461 0.65459 0.48740 0.42109 -0.39578
1403638551.727829456 1.93507 10.48572 1.73621 0.66904 0.46835 0.42770 -0.38744
1403638551.827829599 1.99352 10.57590 1.75382 0.68165 0.45006 0.43633 -0.37738
1403638551.927829504 2.06032 10.66005 1.77206 0.68798 0.43908 0.44809 -0.36484
1403638552.027829409 2.13214 10.73455 1.79599 0.68952 0.43291 0.46052 -0.35367
1403638552.127829552 2.20824 10.80232 1.82721 0.69235 0.42899 0.46596 -0.34568
1403638552.227829456 2.28902 10.86341 1.86404 0.69703 0.42677 0.46436 -0.34114
1403638552.427829504 2.46092 10.96663 1.94049 0.69774 0.42062 0.46619 -0.34484
1403638552.527829409 2.54916 11.00536 1.96899 0.69387 0.41613 0.47088 -0.35164
1403638552.627829552 2.63983 11.03573 1.99252 0.69018 0.41507 0.47460 -0.35515
1403638552.827829599 2.82847 11.07485 2.02210 0.68842 0.42018 0.47381 -0.35361
1403638553.027829409 3.02416 11.08470 2.03331 0.68515 0.43221 0.47428 -0.34472
1403638553.227829456 3.22170 11.07216 2.02951 0.67712 0.43139 0.48046 -0.35294
1403638553.327829599 3.31723 11.05630 2.02911 0.67133 0.43021 0.48631 -0.35740
1403638553.427829504 3.41583 11.03149 2.03536 0.66628 0.43336 0.49217 -0.35503
1403638553.527829409 3.51415 10.99761 2.04786 0.66195 0.43709 0.49707 -0.35170
1403638553.627829552 3.60546 10.95131 2.06532 0.65915 0.43985 0.50059 -0.34852
1403638553.827829599 3.77561 10.82245 2.12375 0.66027 0.44361 0.49844 -0.34469
1403638554.027829409 3.92836 10.66779 2.19595 0.66677 0.44430 0.49031 -0.34294
1403638554.227829456 4.07498 10.48606 2.24581 0.67372 0.45204 0.48066 -0.33275
1403638554.327829599 4.14396 10.39401 2.26168 0.67835 0.45732 0.47377 -0.32595
1403638554.427829504 4.19821 10.30236 2.27619 0.68091 0.46028 0.46975 -0.32225
1403638554.627829552 4.32319 10.12499 2.29452 0.68348 0.46016 0.46519 -0.32358
1403638554.827829599 4.44359 9.94520 2.32841 0.68497 0.45372 0.46215 -0.33373
1403638555.027829409 4.55573 9.77790 2.37210 0.68679 0.44693 0.46357 -0.33715
1403638555.127829552 4.61808 9.68936 2.38428 0.69113 0.44196 0.46642 -0.33085
1403638555.227829456 4.68641 9.59535 2.39026 0.69748 0.43361 0.46903 -0.32485
1403638555.327829599 4.75110 9.50425 2.39050 0.70240 0.42659 0.47224 -0.31883
1403638555.427829504 4.81327 9.41635 2.38884 0.70447 0.42374 0.47697 -0.31093
1403638555.527829409 4.87836 9.32839 2.38126 0.70638 0.42015 0.47924 -0.30794
1403638555.627829552 4.94206 9.24312 2.37586 0.70736 0.41873 0.48054 -0.30561
1403638555.827829599 5.07001 9.06460 2.39409 0.70930 0.41860 0.47856 -0.30437
1403638556.027829409 5.19895 8.88758 2.44152 0.70796 0.42175 0.47927 -0.30203
1403638556.227829456 5.33306 8.72014 2.48339 0.71448 0.42378 0.46950 -0.29916
1403638556.427829504 5.47248 8.56812 2.50325 0.71892 0.42491 0.46264 -0.29759
1403638556.527829409 5.54340 8.49959 2.50926 0.72236 0.42611 0.45773 -0.29515
1403638556.727829456 5.70131 8.37681 2.53504 0.72453 0.41620 0.45553 -0.30712
1403638556.827829599 5.78373 8.32425 2.55494 0.72156 0.41188 0.46000 -0.31323
1403638556.927829504 5.87316 8.27051 2.58192 0.72010 0.40842 0.46216 -0.31789
1403638557.027829409 5.96776 8.21716 2.60789 0.71880 0.40794 0.46382 -0.31903
1403638557.127829552 6.06345 8.16606 2.62938 0.71718 0.41037 0.46592 -0.31649
1403638557.227829456 6.16902 8.11076 2.64049 0.71584 0.41167 0.46747 -0.31555
1403638557.427829504 6.37551 8.00108 2.66094 0.71313 0.41623 0.47062 -0.31099
1403638557.527829409 6.49558 7.95557 2.66030 0.71045 0.42095 0.47419 -0.30529
1403638557.627829552 6.60550 7.89944 2.68158 0.70825 0.42370 0.47707 -0.30210
1403638557.727829456 6.71914 7.84484 2.70431 0.70753 0.42445 0.47806 -0.30116
1403638557.927829504 6.93905 7.74034 2.73328 0.70742 0.42695 0.47877 -0.29674
1403638558.027829409 7.04342 7.68944 2.74038 0.71004 0.42780 0.47497 -0.29535
1403638558.127829552 7.14468 7.64231 2.74144 0.71514 0.42838 0.46784 -0.29359
1403638558.327829599 7.35843 7.55732 2.75971 0.72315 0.43158 0.45659 -0.28692
1403638558.427829504 7.46038 7.53076 2.76872 0.72570 0.43511 0.45288 -0.28097
1403638558.527829409 7.56925 7.50616 2.79747 0.72893 0.43659 0.44822 -0.27778
1403638558.627829552 7.68441 7.49394 2.83382 0.73013 0.43252 0.44713 -0.28268
1403638558.827829599 7.92819 7.49759 2.90862 0.72975 0.42032 0.44905 -0.29858
1403638558.927829504 8.04168 7.50312 2.92456 0.72658 0.41997 0.45406 -0.29923
1403638559.027829409 8.16653 7.51440 2.94287 0.72145 0.42013 0.46176 -0.29964
1403638559.127829552 8.29396 7.52857 2.95241 0.71760 0.42010 0.46711 -0.30062
1403638559.227829456 8.41846 7.54442 2.95115 0.71433 0.42183 0.47123 -0.29956
1403638559.327829599 8.54101 7.56151 2.94802 0.71206 0.42388 0.47397 -0.29773
1403638559.427829504 8.66572 7.57627 2.94143 0.70957 0.42756 0.47695 -0.29363
1403638559.527829409 8.77752 7.60331 2.92494 0.70776 0.42895 0.47924 -0.29225
1403638559.627829552 8.89942 7.61521 2.90617 0.70610 0.42950 0.48098 -0.29258
1403638559.727829456 9.01371 7.63689 2.88739 0.70518 0.43013 0.48151 -0.29300
1403638559.927829504 9.23480 7.68455 2.86873 0.70670 0.42761 0.48063 -0.29447
1403638560.027829409 9.34210 7.71001 2.85670 0.71226 0.41794 0.48297 -0.29111
1403638560.127829552 9.44510 7.73372 2.83944 0.72080 0.40184 0.48858 -0.28331
1403638560.227829456 9.54779 7.75862 2.81577 0.73083 0.38190 0.49652 -0.27113
1403638560.327829599 9.65263 7.78422 2.78856 0.73920 0.35884 0.50786 -0.25867
1403638560.427829504 9.75509 7.80338 2.76039 0.74658 0.33407 0.51998 -0.24625
1403638560.527829409 9.85236 7.82005 2.73069 0.75397 0.30845 0.53104 -0.23319
1403638560.627829552 9.95007 7.83743 2.69106 0.76343 0.28023 0.53766 -0.22263
1403638560.727829456 10.04195 7.84850 2.65346 0.77276 0.25245 0.54114 -0.21512
1403638560.827829599 10.12958 7.85273 2.62216 0.77934 0.22931 0.54613 -0.20439
1403638560.927829504 10.21475 7.84747 2.59902 0.78423 0.20655 0.55208 -0.19371
1403638561.027829409 10.29868 7.83564 2.58272 0.78595 0.18684 0.56112 -0.18031
1403638561.127829552 10.37637 7.81557 2.57501 0.78767 0.16762 0.56847 -0.16829
1403638561.227829456 10.45110 7.79771 2.57227 0.78825 0.15206 0.57473 -0.15883
1403638561.327829599 10.51764 7.74223 2.58827 0.78949 0.14200 0.57731 -0.15253
1403638561.427829504 10.57769 7.70603 2.58529 0.79560 0.14204 0.57187 -0.14077
1403638561.527829409 10.63097 7.65841 2.58502 0.80031 0.14673 0.56698 -0.12848
1403638561.627829552 10.68097 7.60980 2.57763 0.80325 0.15025 0.56334 -0.12186
1403638561.827829599 10.77526 7.51286 2.54751 0.80382 0.15454 0.56198 -0.11902
1403638561.927829504 10.81801 7.46140 2.52245 0.80374 0.15348 0.56327 -0.11480
1403638562.027829409 10.85782 7.40879 2.49629 0.80486 0.14607 0.56473 -0.10931
1403638562.127829552 10.89488 7.35501 2.47739 0.80650 0.13636 0.56622 -0.10181
1403638562.227829456 10.93044 7.30052 2.46252 0.80748 0.12828 0.56791 -0.09483
1403638562.327829599 10.96551 7.24598 2.45327 0.80822 0.11862 0.56992 -0.08887
1403638562.427829504 10.99406 7.19246 2.44850 0.80905 0.10483 0.57250 -0.08184
1403638562.527829409 11.02222 7.13914 2.45067 0.81135 0.08693 0.57348 -0.07267
1403638562.627829552 11.04889 7.08598 2.45960 0.81256 0.06438 0.57580 -0.06372
1403638562.727829456 11.07317 7.02931 2.47087 0.81410 0.03932 0.57682 -0.05451
1403638562.827829599 11.09305 6.97146 2.48130 0.81482 0.01365 0.57796 -0.04287
1403638562.927829504 11.10620 6.90842 2.48542 0.81520 -0.01048 0.57837 -0.02882
1403638563.027829409 11.11305 6.84456 2.48479 0.81438 -0.03347 0.57914 -0.01633
1403638563.127829552 11.11284 6.77895 2.47820 0.81360 -0.05787 0.57847 -0.00882
1403638563.227829456 11.10719 6.71144 2.46751 0.81110 -0.07384 0.58020 0.00498
1403638563.327829599 11.09743 6.64276 2.45149 0.80600 -0.08470 0.58562 0.01538
1403638563.427829504 11.08510 6.57069 2.43219 0.79710 -0.09256 0.59638 0.01970
1403638563.527829409 11.06710 6.49647 2.40850 0.79479 -0.09511 0.59893 0.02326
1403638563.627829552 11.04248 6.41819 2.38901 0.79749 -0.09434 0.59532 0.02650
1403638563.827829599 10.97541 6.25033 2.37439 0.80174 -0.09504 0.58974 0.01975
1403638564.127829552 10.83342 5.96395 2.38883 0.80110 -0.08804 0.59196 0.00881
1403638564.327829599 10.70926 5.74904 2.38546 0.79985 -0.07590 0.59530 0.01010
1403638564.527829409 10.56068 5.51788 2.40530 0.79820 -0.06931 0.59833 0.00830
1403638564.727829456 10.38571 5.27836 2.43003 0.80153 -0.07338 0.59344 -0.00124
1403638564.827829599 10.28954 5.14828 2.43239 0.80162 -0.07636 0.59293 -0.00427
1403638564.927829504 10.18825 5.01574 2.42192 0.80068 -0.07868 0.59386 -0.00658
1403638565.027829409 10.07956 4.87761 2.39339 0.80060 -0.07946 0.59385 -0.00806
1403638565.127829552 9.96860 4.73481 2.35037 0.80122 -0.07994 0.59294 -0.00919
1403638565.227829456 9.85499 4.58431 2.29701 0.80206 -0.07934 0.59188 -0.00911
1403638565.327829599 9.74159 4.43489 2.24150 0.80304 -0.07851 0.59070 -0.00693
1403638565.427829504 9.62273 4.28016 2.18499 0.80399 -0.07717 0.58959 -0.00475
1403638565.527829409 9.50017 4.12038 2.13252 0.80209 -0.07523 0.59244 0.00079
1403638565.627829552 9.37449 3.95883 2.08853 0.80071 -0.07149 0.59470 0.00935
1403638565.727829456 9.23849 3.79105 2.05269 0.80206 -0.06482 0.59334 0.02117
1403638565.827829599 9.09341 3.62268 2.02421 0.80509 -0.06197 0.58929 0.02699
1403638565.927829504 8.94875 3.45103 1.99571 0.80758 -0.05971 0.58583 0.03259
1403638566.027829409 8.79961 3.29745 1.97286 0.80875 -0.06061 0.58407 0.03317
1403638566.127829552 8.64475 3.14956 1.93974 0.80896 -0.06099 0.58374 0.03351
1403638566.227829456 8.49642 3.01102 1.90911 0.80878 -0.06095 0.58396 0.03388
1403638566.327829599 8.35360 2.86872 1.85020 0.80982 -0.06095 0.58256 0.03331
1403638566.427829504 8.20568 2.73256 1.79398 0.80974 -0.05963 0.58282 0.03294
1403638566.527829409 8.06176 2.60292 1.73274 0.81011 -0.05894 0.58248 0.03100
1403638566.627829552 7.92254 2.47478 1.66473 0.81680 -0.05791 0.57330 0.02864
1403638566.727829456 7.78425 2.34738 1.58860 0.82900 -0.05704 0.55569 0.02673
1403638566.827829599 7.65139 2.21812 1.51082 0.83868 -0.05402 0.54130 0.02631
1403638566.927829504 7.52118 2.08942 1.42923 0.84482 -0.05142 0.53197 0.02544
1403638567.027829409 7.39545 1.95715 1.34360 0.84460 -0.04974 0.53255 0.02391
1403638567.127829552 7.28089 1.82868 1.26206 0.83225 -0.04647 0.55184 0.02593
1403638567.227829456 7.16940 1.70210 1.17601 0.82114 -0.04423 0.56833 0.02782
1403638567.327829599 7.06000 1.57883 1.08463 0.81562 -0.04248 0.57619 0.03099
1403638567.427829504 6.94959 1.45616 0.99175 0.81523 -0.04240 0.57663 0.03307
1403638567.527829409 6.83483 1.33845 0.90387 0.81771 -0.04333 0.57296 0.03457
1403638567.627829552 6.71973 1.22501 0.82520 0.82148 -0.04426 0.56735 0.03633
1403638567.727829456 6.61218 1.11820 0.75685 0.82462 -0.04472 0.56260 0.03854
1403638567.827829599 6.50840 1.01656 0.69650 0.82853 -0.04505 0.55668 0.04005
1403638567.927829504 6.40824 0.91638 0.64153 0.82992 -0.04763 0.55459 0.03735
1403638568.027829409 6.31353 0.82027 0.59283 0.83047 -0.04761 0.55371 0.03822
1403638568.127829552 6.22071 0.72531 0.55027 0.82961 -0.04594 0.55495 0.04079
1403638568.227829456 6.13420 0.63735 0.51725 0.82892 -0.04481 0.55594 0.04270
1403638568.427829504 5.97318 0.47768 0.45685 0.83012 -0.04535 0.55404 0.04351
1403638568.627829552 5.82517 0.33289 0.38036 0.83229 -0.04445 0.55076 0.04455
1403638568.827829599 5.69458 0.20557 0.30600 0.83342 -0.04380 0.54915 0.04384
1403638569.027829409 5.58203 0.09617 0.25863 0.83238 -0.04311 0.55072 0.04465
1403638569.227829456 5.49096 0.00357 0.23927 0.83398 -0.04090 0.54819 0.04787
1403638569.527829409 5.40479 -0.09063 0.19606 0.83256 -0.03971 0.55026 0.04982
1403638570.227829456 5.35731 -0.12943 0.15167 0.82628 -0.04553 0.56004 0.03931
1403638570.427829504 5.36087 -0.10958 0.12030 0.82511 -0.06207 0.56091 0.02667
1403638570.527829409 5.35726 -0.10770 0.09465 0.82319 -0.08382 0.56118 0.02031
1403638570.627829552 5.36726 -0.10713 0.05860 0.81869 -0.11270 0.56283 0.01618
1403638570.727829456 5.36872 -0.11585 0.02219 0.81008 -0.13987 0.56897 0.02185
1403638570.827829599 5.36523 -0.13633 -0.01453 0.79700 -0.16649 0.57973 0.03153
1403638570.927829504 5.35599 -0.16601 -0.05375 0.78672 -0.18888 0.58593 0.04574
1403638571.127829552 5.31405 -0.25173 -0.14106 0.78035 -0.22515 0.57778 0.08080
1403638571.227829456 5.27656 -0.30629 -0.17903 0.78265 -0.23349 0.56794 0.10193
1403638571.327829599 5.23172 -0.36732 -0.20517 0.78306 -0.23810 0.56191 0.11994
1403638571.427829504 5.18749 -0.42910 -0.22209 0.78082 -0.24398 0.56082 0.12754
1403638571.527829409 5.13306 -0.50096 -0.23336 0.77775 -0.24721 0.56234 0.13331
1403638571.627829552 5.07605 -0.57213 -0.24390 0.77631 -0.25416 0.55968 0.13967
1403638571.827829599 4.95200 -0.71973 -0.28006 0.77415 -0.28141 0.54555 0.15451
1403638571.927829504 4.88706 -0.79817 -0.30271 0.76882 -0.30074 0.54061 0.16191
1403638572.027829409 4.81810 -0.88143 -0.31909 0.76183 -0.32018 0.53660 0.17077
1403638572.127829552 4.74641 -0.96867 -0.32578 0.75404 -0.33801 0.53307 0.18167
1403638572.227829456 4.67095 -1.05779 -0.32512 0.74813 -0.35270 0.52597 0.19813
1403638572.327829599 4.59213 -1.15191 -0.32552 0.74339 -0.37045 0.51534 0.21109
1403638572.427829504 4.51364 -1.24953 -0.33013 0.73818 -0.38708 0.50489 0.22439
1403638572.527829409 4.43620 -1.35076 -0.33758 0.73449 -0.39760 0.49639 0.23671
1403638572.627829552 4.35933 -1.45658 -0.34551 0.73115 -0.40407 0.49206 0.24499
1403638572.727829456 4.28394 -1.56617 -0.34879 0.73080 -0.40657 0.48705 0.25181
1403638572.827829599 4.21042 -1.68084 -0.34371 0.73298 -0.40567 0.48163 0.25728
1403638572.927829504 4.14080 -1.80004 -0.33159 0.73492 -0.40503 0.47864 0.25835
1403638573.027829409 4.07573 -1.92025 -0.31844 0.73741 -0.40383 0.47575 0.25847
1403638573.227829456 3.95479 -2.17079 -0.30452 0.74070 -0.40023 0.47549 0.25511
1403638573.427829504 3.85337 -2.43011 -0.29152 0.74285 -0.39841 0.47405 0.25439
1403638573.527829409 3.81029 -2.56516 -0.27966 0.74272 -0.39829 0.47279 0.25729
1403638573.627829552 3.77544 -2.70186 -0.25805 0.74239 -0.39861 0.47237 0.25850
1403638573.727829456 3.74811 -2.83931 -0.23114 0.74177 -0.40042 0.46943 0.26281
1403638573.827829599 3.72785 -2.98105 -0.20091 0.73473 -0.40427 0.47097 0.27373
1403638573.927829504 3.71396 -3.12261 -0.17602 0.72221 -0.41259 0.47457 0.28805
1403638574.027829409 3.70324 -3.26575 -0.15845 0.70368 -0.43039 0.48168 0.29595
1403638574.127829552 3.69274 -3.40592 -0.14682 0.68175 -0.45285 0.48889 0.30186
1403638574.227829456 3.67979 -3.54318 -0.14066 0.66020 -0.47602 0.49181 0.30929
1403638574.327829599 3.66076 -3.67668 -0.13783 0.64415 -0.49689 0.48559 0.31994
1403638574.427829504 3.63521 -3.80352 -0.13982 0.63192 -0.51500 0.47347 0.33358
1403638574.527829409 3.60437 -3.92576 -0.14266 0.62036 -0.53177 0.46187 0.34503
1403638574.627829552 3.56872 -4.04809 -0.13773 0.61066 -0.54218 0.45473 0.35547
1403638574.727829456 3.52986 -4.16576 -0.12674 0.60768 -0.54625 0.44432 0.36731
1403638574.827829599 3.49052 -4.28039 -0.11039 0.60974 -0.54913 0.43265 0.37347
1403638574.927829504 3.45236 -4.39180 -0.09524 0.61190 -0.55387 0.42494 0.37180
1403638575.127829552 3.37708 -4.61516 -0.08124 0.61018 -0.56207 0.42661 0.36024
1403638575.327829599 3.29414 -4.83611 -0.08926 0.60860 -0.56423 0.43263 0.35226
1403638575.427829504 3.24698 -4.94903 -0.10299 0.61359 -0.56389 0.42891 0.34867
1403638575.527829409 3.20041 -5.06063 -0.11789 0.61822 -0.56186 0.42612 0.34719
1403638575.627829552 3.14928 -5.18147 -0.12813 0.62507 -0.55745 0.42027 0.34917
1403638575.727829456 3.09537 -5.30955 -0.12983 0.63149 -0.55293 0.41485 0.35127
1403638575.827829599 3.04420 -5.43698 -0.12362 0.63745 -0.55040 0.40861 0.35178
1403638575.927829504 2.99718 -5.57042 -0.10640 0.63940 -0.54927 0.40801 0.35071
1403638576.027829409 2.95281 -5.71034 -0.08113 0.63990 -0.54798 0.40897 0.35069
1403638576.127829552 2.91249 -5.85346 -0.05052 0.63972 -0.54729 0.40962 0.35136
1403638576.227829456 2.87301 -6.00516 -0.01753 0.63895 -0.54560 0.41111 0.35363
1403638576.327829599 2.83715 -6.16142 0.00937 0.64008 -0.54247 0.40948 0.35826
1403638576.427829504 2.80536 -6.32017 0.03072 0.64218 -0.54042 0.40603 0.36152
1403638576.527829409 2.77954 -6.48090 0.04669 0.64600 -0.53683 0.39999 0.36674
1403638576.627829552 2.76178 -6.64214 0.05794 0.64874 -0.53464 0.39526 0.37022
1403638576.727829456 2.75069 -6.81115 0.06596 0.64804 -0.53224 0.39666 0.37339
1403638576.827829599 2.74937 -6.97739 0.06923 0.64400 -0.52878 0.40308 0.37840
1403638576.927829504 2.75556 -7.14223 0.06663 0.63829 -0.52898 0.41150 0.37874
1403638577.027829409 2.76858 -7.30457 0.06081 0.63333 -0.53191 0.41881 0.37491
1403638577.127829552 2.78559 -7.46656 0.05964 0.62948 -0.53450 0.42397 0.37190
1403638577.227829456 2.80443 -7.62829 0.06568 0.62782 -0.53625 0.42620 0.36964
1403638577.327829599 2.82639 -7.78771 0.07882 0.63023 -0.53350 0.42278 0.37341
1403638577.427829504 2.85283 -7.94401 0.10016 0.63497 -0.52871 0.41625 0.37948
1403638577.527829409 2.88419 -8.09966 0.12319 0.63558 -0.52822 0.41560 0.37986
1403638577.627829552 2.92156 -8.24691 0.14070 0.63453 -0.53029 0.41707 0.37711
1403638577.827829599 3.00840 -8.54079 0.15729 0.63393 -0.53306 0.41877 0.37232
1403638578.027829409 3.11013 -8.83703 0.15885 0.63440 -0.53100 0.41995 0.37313
1403638578.127829552 3.16745 -8.97991 0.16580 0.63280 -0.53179 0.42342 0.37079
1403638578.227829456 3.22704 -9.12160 0.17979 0.62740 -0.53686 0.43163 0.36311
1403638578.327829599 3.28557 -9.26445 0.19662 0.62381 -0.54076 0.43677 0.35731
1403638578.527829409 3.39969 -9.55593 0.22078 0.62261 -0.54176 0.43733 0.35720
1403638578.727829456 3.50143 -9.83136 0.22533 0.62336 -0.53933 0.43519 0.36215
1403638578.927829504 3.60203 -10.09181 0.21578 0.62839 -0.53302 0.42784 0.37144
1403638579.127829552 3.71127 -10.34719 0.22129 0.62982 -0.53002 0.42750 0.37370
1403638579.327829599 3.83347 -10.59273 0.25595 0.62814 -0.53134 0.43106 0.37055
1403638579.427829504 3.89548 -10.71284 0.27057 0.62338 -0.53643 0.43789 0.36317
1403638579.527829409 3.95691 -10.83128 0.27923 0.62017 -0.53855 0.44375 0.35838
1403638579.627829552 4.01840 -10.95235 0.28436 0.61800 -0.53038 0.45472 0.36057
1403638579.727829456 4.07723 -11.06870 0.28474 0.62411 -0.51431 0.46365 0.36195
1403638579.827829599 4.13542 -11.17809 0.27864 0.63994 -0.49449 0.46861 0.35547
1403638579.927829504 4.19261 -11.28432 0.26570 0.66123 -0.47166 0.47334 0.34096
1403638580.027829409 4.25103 -11.37901 0.25158 0.67934 -0.44220 0.48726 0.32485
1403638580.127829552 4.30770 -11.46529 0.23504 0.69304 -0.40608 0.50963 0.30833
1403638580.227829456 4.36582 -11.54103 0.21581 0.70947 -0.36986 0.52774 0.28520
1403638580.327829599 4.41856 -11.60632 0.18865 0.72753 -0.33860 0.53884 0.25633
1403638580.427829504 4.46572 -11.66450 0.15690 0.74157 -0.31826 0.54558 0.22613
1403638580.527829409 4.50730 -11.71932 0.12356 0.75034 -0.30402 0.55005 0.20496
1403638580.627829552 4.54489 -11.77184 0.08946 0.75874 -0.29049 0.55158 0.18892
1403638580.727829456 4.57897 -11.82126 0.05927 0.76983 -0.27518 0.54852 0.17539
1403638580.827829599 4.61001 -11.87133 0.03774 0.77817 -0.26265 0.54508 0.16841
1403638580.927829504 4.63793 -11.91898 0.02721 0.78262 -0.25480 0.54362 0.16451
1403638581.027829409 4.66608 -11.96715 0.02652 0.78386 -0.25313 0.54382 0.16048
1403638581.227829456 4.71867 -12.05934 0.04912 0.78462 -0.25105 0.54249 0.16449
1403638581.427829504 4.77114 -12.14443 0.07670 0.78245 -0.25292 0.54232 0.17230
1403638581.527829409 4.80121 -12.18296 0.09583 0.78110 -0.25553 0.54203 0.17548
1403638581.627829552 4.83437 -12.22077 0.11789 0.77871 -0.25695 0.54330 0.18001
1403638581.727829456 4.86683 -12.25790 0.13570 0.77405 -0.25703 0.54822 0.18501
1403638581.827829599 4.90063 -12.29552 0.14547 0.77230 -0.25876 0.54922 0.18697
1403638581.927829504 4.93335 -12.33214 0.15041 0.76559 -0.25824 0.55758 0.19049
1403638582.027829409 4.96253 -12.36403 0.15234 0.76217 -0.25745 0.56179 0.19289
1403638582.127829552 4.98791 -12.39119 0.15717 0.76846 -0.25983 0.55286 0.19054
1403638582.227829456 5.01144 -12.41218 0.17356 0.77446 -0.26237 0.54426 0.18750
1403638582.327829599 5.03468 -12.43176 0.20258 0.77309 -0.26054 0.54634 0.18966
1403638582.527829409 5.08194 -12.46123 0.29190 0.76970 -0.25788 0.55137 0.19247
1403638582.927829504 5.16883 -12.46775 0.56614 0.77487 -0.26029 0.54341 0.19113
1403638583.027829409 5.19489 -12.46031 0.62355 0.77759 -0.26196 0.53901 0.19029
1403638583.727829456 5.36195 -12.33385 0.93723 0.78146 -0.26310 0.53278 0.19037
1403638583.827829599 5.39157 -12.30006 0.96653 0.78122 -0.26294 0.53298 0.19105
1403638584.127829552 5.47661 -12.19767 1.05183 0.77284 -0.25901 0.54497 0.19658
1403638584.227829456 5.49622 -12.15466 1.05596 0.76327 -0.25542 0.55834 0.20112
1403638584.327829599 5.51265 -12.11133 1.05361 0.75747 -0.25422 0.56623 0.20248
1403638584.627829552 5.53292 -11.95033 1.04770 0.75740 -0.25396 0.56705 0.20075
1403638584.827829599 5.52851 -11.81265 1.06400 0.76898 -0.25848 0.55186 0.19315
1403638584.927829504 5.53021 -11.73699 1.06571 0.77489 -0.26273 0.54338 0.18778
1403638585.127829552 5.53251 -11.58629 1.07741 0.77764 -0.26539 0.53919 0.18469
1403638585.327829599 5.53536 -11.43708 1.06984 0.77427 -0.26442 0.54407 0.18595
1403638585.527829409 5.54016 -11.28580 1.05272 0.77472 -0.26419 0.54349 0.18609
1403638585.727829456 5.54968 -11.12682 1.06528 0.78064 -0.26529 0.53519 0.18383
1403638585.827829599 5.55513 -11.04491 1.08051 0.78499 -0.26776 0.52852 0.18102
1403638586.027829409 5.58018 -10.88200 1.14125 0.78419 -0.27115 0.52879 0.17862
1403638586.227829456 5.60675 -10.71929 1.19425 0.77781 -0.27003 0.53704 0.18353
1403638586.427829504 5.63860 -10.55864 1.22516 0.77206 -0.26344 0.54440 0.19530
1403638586.727829456 5.68173 -10.31668 1.23096 0.77152 -0.26374 0.54474 0.19610
1403638586.927829504 5.71039 -10.14698 1.19952 0.76998 -0.26524 0.54723 0.19316
1403638587.127829552 5.73133 -9.97576 1.15569 0.76990 -0.26609 0.54751 0.19153
1403638587.327829599 5.74784 -9.80035 1.13663 0.77369 -0.26619 0.54241 0.19066
1403638587.527829409 5.76646 -9.61044 1.13713 0.77397 -0.26815 0.54195 0.18803
1403638587.727829456 5.78627 -9.42259 1.12329 0.77375 -0.26937 0.54188 0.18740
1403638587.927829504 5.80887 -9.24049 1.08897 0.77294 -0.27100 0.54259 0.18634
1403638588.127829552 5.82614 -9.07116 1.03855 0.77285 -0.26879 0.54279 0.18931
1403638588.327829599 5.84003 -8.89870 0.98794 0.77469 -0.26325 0.54046 0.19614
1403638588.527829409 5.86108 -8.71089 0.96426 0.77434 -0.26461 0.54116 0.19371
1403638588.727829456 5.87772 -8.51407 0.97482 0.77196 -0.26763 0.54481 0.18878
1403638588.927829504 5.89095 -8.31339 0.98539 0.77096 -0.26973 0.54591 0.18664
1403638589.127829552 5.90210 -8.10452 0.96850 0.77108 -0.26997 0.54518 0.18798
1403638589.327829599 5.90735 -7.90568 0.93404 0.77002 -0.27007 0.54657 0.18815
1403638589.527829409 5.90752 -7.70776 0.90854 0.77040 -0.27031 0.54626 0.18714
1403638589.727829456 5.90219 -7.50773 0.90941 0.77190 -0.27081 0.54408 0.18657
1403638589.927829504 5.89724 -7.29975 0.92206 0.77314 -0.27188 0.54154 0.18727
1403638590.127829552 5.89213 -7.09471 0.91249 0.77214 -0.27350 0.54224 0.18702
1403638590.327829599 5.88910 -6.88682 0.88361 0.77090 -0.27411 0.54348 0.18764
1403638590.527829409 5.87275 -6.70558 0.84630 0.77196 -0.27518 0.54175 0.18672
1403638590.727829456 5.85750 -6.52347 0.82661 0.77496 -0.27711 0.53759 0.18343
1403638590.927829504 5.84385 -6.34667 0.83735 0.77650 -0.27765 0.53535 0.18263
1403638591.127829552 5.83295 -6.15397 0.86394 0.77988 -0.27968 0.53002 0.18068
1403638591.227829456 5.82825 -6.06705 0.86972 0.78486 -0.28136 0.52237 0.17877
1403638591.327829599 5.82778 -5.98377 0.87020 0.79046 -0.28414 0.51361 0.17506
1403638591.427829504 5.83212 -5.91640 0.86641 0.79363 -0.28639 0.50837 0.17230
1403638591.527829409 5.84256 -5.85125 0.85702 0.79615 -0.28883 0.50410 0.16912
1403638591.727829456 5.88019 -5.74703 0.82753 0.79704 -0.29099 0.50227 0.16668
1403638591.927829504 5.94182 -5.67620 0.80102 0.79209 -0.28836 0.51054 0.16969
1403638592.127829552 6.02374 -5.62243 0.80295 0.78791 -0.28622 0.51784 0.17062
1403638592.227829456 6.07362 -5.60406 0.81795 0.78338 -0.28270 0.52770 0.16711
1403638592.327829599 6.12243 -5.59393 0.84391 0.77883 -0.27587 0.53994 0.16059
1403638592.427829504 6.16989 -5.58508 0.87668 0.77871 -0.26415 0.54897 0.14985
1403638592.527829409 6.21511 -5.57828 0.91622 0.78434 -0.24977 0.55044 0.13944
1403638592.627829552 6.25722 -5.57626 0.96285 0.79211 -0.23688 0.54670 0.13258
1403638592.727829456 6.29843 -5.57822 1.01274 0.79959 -0.22762 0.54111 0.12671
1403638592.827829599 6.33848 -5.58445 1.05769 0.80600 -0.22239 0.53495 0.12136
1403638593.127829552 6.47124 -5.62976 1.16658 0.81111 -0.21464 0.53116 0.11792
1403638593.227829456 6.52250 -5.65486 1.20205 0.80772 -0.21268 0.53635 0.12118
1403638593.327829599 6.57732 -5.68516 1.24361 0.80527 -0.20794 0.53996 0.12938
1403638593.427829504 6.63327 -5.71675 1.28809 0.80088 -0.20230 0.54603 0.13970
1403638593.527829409 6.68848 -5.74710 1.32636 0.79714 -0.20025 0.55082 0.14514
1403638593.727829456 6.80173 -5.79657 1.38503 0.79323 -0.19956 0.55534 0.15022
1403638593.827829599 6.85690 -5.81706 1.40577 0.78676 -0.20035 0.56438 0.14944
1403638593.927829504 6.90935 -5.83165 1.43055 0.77752 -0.19791 0.57920 0.14428
1403638594.027829409 6.95605 -5.84094 1.45792 0.77994 -0.19515 0.57878 0.13644
1403638594.227829456 7.02901 -5.84515 1.52663 0.79077 -0.18749 0.56788 0.13057
1403638594.427829504 7.08509 -5.83873 1.59179 0.78978 -0.17681 0.57150 0.13555
1403638594.627829552 7.12933 -5.81488 1.67529 0.78981 -0.17814 0.57267 0.12853
1403638594.927829504 7.17453 -5.75989 1.79945 0.79128 -0.18413 0.56990 0.12326
1403638595.527829409 7.20886 -5.62307 1.87502 0.79470 -0.18874 0.56358 0.12331
1403638596.127829552 7.19524 -5.46177 1.85202 0.79829 -0.17337 0.55796 0.14612
1403638596.327829599 7.19668 -5.37748 1.82699 0.80227 -0.15677 0.55075 0.16868
1403638596.627829552 7.22415 -5.17720 1.85271 0.80322 -0.13990 0.54724 0.18920
1403638596.827829599 7.26958 -4.97120 1.90650 0.80368 -0.13155 0.54495 0.19955
1403638596.927829504 7.30045 -4.84521 1.94157 0.80270 -0.12964 0.54595 0.20199
1403638597.027829409 7.33589 -4.70371 1.97462 0.80160 -0.12964 0.54692 0.20374
1403638597.127829552 7.37460 -4.54858 2.00056 0.79996 -0.12857 0.54857 0.20642
1403638597.227829456 7.41887 -4.37746 2.02207 0.79779 -0.12970 0.55128 0.20687
1403638597.327829599 7.47040 -4.19007 2.03809 0.79575 -0.13329 0.55468 0.20335
1403638597.427829504 7.52457 -3.98704 2.05101 0.79354 -0.13908 0.55854 0.19743
1403638597.527829409 7.57788 -3.77109 2.05736 0.78876 -0.14790 0.56701 0.18568
1403638597.627829552 7.62942 -3.54348 2.05848 0.78507 -0.15525 0.57303 0.17662
1403638597.727829456 7.67956 -3.30837 2.05387 0.78421 -0.15582 0.57418 0.17623
1403638597.827829599 7.72932 -3.06611 2.04485 0.78718 -0.14603 0.57110 0.18128
1403638597.927829504 7.77783 -2.81528 2.03302 0.79030 -0.13473 0.56829 0.18523
1403638598.027829409 7.82614 -2.55320 2.02301 0.79156 -0.12815 0.56882 0.18289
1403638598.127829552 7.87447 -2.27852 2.02064 0.79193 -0.13203 0.57217 0.16745
1403638598.227829456 7.91842 -1.99531 2.02412 0.79258 -0.14160 0.57468 0.14664
1403638598.327829599 7.95836 -1.71053 2.02896 0.79489 -0.14880 0.57321 0.13206
1403638598.427829504 7.99702 -1.42627 2.02790 0.79685 -0.15229 0.57120 0.12475
1403638598.527829409 8.03126 -1.14217 2.02065 0.79861 -0.15197 0.56969 0.12070
1403638598.627829552 8.06275 -0.85965 2.00426 0.80205 -0.14688 0.56724 0.11568
1403638598.727829456 8.09316 -0.57954 1.98589 0.80421 -0.13658 0.56801 0.10937
1403638598.827829599 8.12046 -0.30218 1.97096 0.80567 -0.12392 0.57048 0.10042
1403638598.927829504 8.14711 -0.02541 1.96112 0.80857 -0.10846 0.57110 0.09111
1403638599.027829409 8.17114 0.24916 1.95546 0.81076 -0.09289 0.57260 0.07854
1403638599.127829552 8.19442 0.52268 1.95774 0.81246 -0.07473 0.57422 0.06780
1403638599.227829456 8.21307 0.79615 1.96482 0.81452 -0.05611 0.57466 0.05638
1403638599.327829599 8.22971 1.07022 1.97877 0.81704 -0.03806 0.57370 0.04319
1403638599.427829504 8.24318 1.34075 1.99794 0.82028 -0.02176 0.57055 0.03383
1403638599.527829409 8.25417 1.60853 2.01941 0.82269 -0.01074 0.56775 0.02684
1403638599.627829552 8.26616 1.87644 2.03451 0.82442 -0.00563 0.56556 0.02105
1403638599.727829456 8.27895 2.14315 2.04096 0.82569 -0.00257 0.56379 0.01904
1403638599.827829599 8.29803 2.40352 2.03033 0.82624 -0.00347 0.56302 0.01803
1403638599.927829504 8.31089 2.66853 2.03308 0.82727 -0.00734 0.56155 0.01531
1403638600.027829409 8.33258 2.92901 2.02208 0.82644 -0.01400 0.56276 0.01049
1403638600.127829552 8.35366 3.18517 2.01019 0.82826 -0.02360 0.55984 0.00214
1403638600.227829456 8.38489 3.43669 1.99848 0.83077 -0.03553 0.55540 -0.00980
1403638600.327829599 8.42099 3.66779 1.97658 0.83223 -0.04532 0.55227 -0.01866
1403638600.427829504 8.45707 3.89115 1.95887 0.83325 -0.05374 0.54964 -0.02656
1403638600.527829409 8.49681 4.10235 1.94815 0.83390 -0.05671 0.54829 -0.02766
1403638600.627829552 8.54148 4.29890 1.94592 0.83521 -0.05827 0.54616 -0.02717
1403638600.727829456 8.59107 4.48113 1.95147 0.83738 -0.05966 0.54265 -0.02771
1403638600.827829599 8.64678 4.65076 1.96282 0.84151 -0.05674 0.53670 -0.02423
1403638600.927829504 8.70526 4.79603 1.97710 0.84517 -0.04428 0.53259 -0.00895
1403638601.027829409 8.77278 4.93091 1.98540 0.84648 -0.03294 0.53138 0.00433
1403638601.127829552 8.84579 5.06036 1.98956 0.84555 -0.02704 0.53310 0.01082
1403638601.227829456 8.92698 5.19080 1.98875 0.84285 -0.01958 0.53744 0.01969
1403638601.327829599 9.01464 5.32338 1.98591 0.83578 -0.01271 0.54828 0.02630
1403638601.427829504 9.10827 5.45964 1.98583 0.83148 -0.01007 0.55523 0.01607
1403638601.527829409 9.20569 5.59411 1.99081 0.82747 -0.00045 0.56149 0.00452
1403638601.627829552 9.30190 5.72783 2.00198 0.82452 0.01669 0.56555 -0.00653
1403638601.727829456 9.39758 5.86013 2.01917 0.82249 0.03991 0.56707 -0.01873
1403638601.827829599 9.48804 5.99192 2.04418 0.81875 0.06791 0.56920 -0.03232
1403638601.927829504 9.57340 6.12460 2.07390 0.81477 0.09582 0.56991 -0.04655
1403638602.027829409 9.65715 6.25941 2.10067 0.81280 0.11612 0.56773 -0.05967
1403638602.127829552 9.73776 6.39475 2.12125 0.81004 0.13166 0.56735 -0.06793
1403638602.227829456 9.81623 6.53471 2.13685 0.80414 0.14863 0.57087 -0.07337
1403638602.327829599 9.88853 6.67918 2.14734 0.79591 0.16495 0.57604 -0.08663
1403638602.427829504 9.95512 6.82796 2.16609 0.78027 0.17300 0.58928 -0.11831
1403638602.527829409 10.01231 6.97337 2.19501 0.75677 0.17871 0.60984 -0.15317
1403638602.627829552 10.05552 7.10128 2.23386 0.73992 0.18717 0.61997 -0.18200
1403638602.727829456 10.08203 7.23525 2.26167 0.73409 0.20426 0.61687 -0.19714
1403638602.827829599 10.09076 7.33166 2.31326 0.73090 0.22561 0.61051 -0.20534
1403638602.927829504 10.08695 7.42383 2.36231 0.72972 0.24368 0.59990 -0.21964
1403638603.027829409 10.06909 7.50275 2.40937 0.72861 0.25719 0.58699 -0.24171
1403638603.127829552 10.04143 7.56864 2.44972 0.72107 0.27125 0.58278 -0.25856
1403638603.227829456 10.00572 7.61813 2.48272 0.72083 0.28706 0.57331 -0.26327
1403638603.327829599 9.96013 7.64869 2.50845 0.73316 0.30328 0.55142 -0.25776
1403638603.427829504 9.91439 7.68169 2.51938 0.74442 0.31383 0.53259 -0.25239
1403638603.527829409 9.87168 7.71332 2.52493 0.74835 0.31860 0.52514 -0.25037
1403638603.627829552 9.82029 7.72538 2.54088 0.74267 0.32049 0.53020 -0.25420
1403638603.727829456 9.77103 7.73538 2.54433 0.73462 0.32542 0.53994 -0.25080
1403638603.927829504 9.66452 7.75462 2.52476 0.72009 0.33575 0.55920 -0.23673
1403638604.127829552 9.52487 7.75553 2.48633 0.71223 0.34042 0.57022 -0.22735
1403638604.227829456 9.43922 7.75282 2.47620 0.71372 0.33885 0.56810 -0.23033
1403638604.327829599 9.34090 7.74677 2.47271 0.72016 0.33456 0.55967 -0.23709
1403638604.427829504 9.23428 7.73611 2.47424 0.72823 0.33293 0.54904 -0.23958
1403638604.527829409 9.12840 7.71633 2.48318 0.73556 0.33456 0.53941 -0.23677
1403638604.627829552 9.00796 7.71142 2.48981 0.73876 0.33508 0.53514 -0.23574
1403638604.727829456 8.88881 7.69648 2.49251 0.74142 0.33202 0.53157 -0.23979
1403638604.827829599 8.77101 7.67902 2.49498 0.74376 0.32937 0.52846 -0.24302
1403638604.927829504 8.65350 7.66014 2.49906 0.74797 0.33021 0.52264 -0.24157
1403638605.027829409 8.53451 7.64090 2.50353 0.75523 0.33207 0.51205 -0.23909
1403638605.127829552 8.40878 7.61813 2.51361 0.76076 0.33380 0.50390 -0.23646
1403638605.327829599 8.20339 7.59322 2.56455 0.76187 0.33937 0.50213 -0.22860
1403638605.427829504 8.10536 7.58710 2.57871 0.75450 0.34496 0.51256 -0.22140
1403638605.527829409 8.01050 7.58529 2.58944 0.74451 0.35010 0.52629 -0.21483
1403638605.627829552 7.91579 7.58747 2.59694 0.73727 0.35505 0.53571 -0.20829
1403638605.827829599 7.70355 7.60273 2.61416 0.73464 0.35843 0.53873 -0.20396
1403638606.027829409 7.46271 7.65075 2.64582 0.73357 0.36187 0.54053 -0.19687
1403638606.227829456 7.21227 7.71641 2.68039 0.73396 0.36429 0.54054 -0.19082
1403638606.327829599 7.07544 7.76120 2.68200 0.73785 0.36215 0.53618 -0.19221
1403638606.427829504 6.92999 7.81260 2.67505 0.74786 0.35598 0.52360 -0.19959
1403638606.527829409 6.77972 7.86694 2.66714 0.75810 0.34869 0.51007 -0.20865
1403638606.627829552 6.64903 7.93380 2.63862 0.76407 0.34708 0.49968 -0.21460
1403638606.727829456 6.50301 7.99993 2.62499 0.76576 0.35346 0.49063 -0.21902
1403638606.827829599 6.37007 8.07443 2.60126 0.76361 0.36456 0.48261 -0.22600
1403638606.927829504 6.24454 8.15633 2.57743 0.75810 0.37900 0.47530 -0.23607
1403638607.027829409 6.12348 8.24736 2.55982 0.75042 0.39410 0.46824 -0.24960
1403638607.127829552 6.00834 8.34498 2.55579 0.74333 0.40369 0.46202 -0.26651
1403638607.227829456 5.90552 8.44924 2.55366 0.73103 0.41022 0.46750 -0.28064
1403638607.327829599 5.80874 8.55529 2.54877 0.71945 0.41264 0.47562 -0.29310
1403638607.427829504 5.71608 8.65932 2.53235 0.71290 0.41359 0.47893 -0.30223
1403638607.527829409 5.62730 8.76340 2.50977 0.71198 0.41426 0.47695 -0.30658
1403638607.627829552 5.54261 8.86600 2.48026 0.71080 0.41555 0.47691 -0.30763
1403638607.727829456 5.46185 8.96620 2.44874 0.70843 0.41603 0.48033 -0.30713
1403638607.827829599 5.38316 9.06501 2.41355 0.70899 0.41568 0.48026 -0.30642
1403638608.027829409 5.24613 9.24793 2.32841 0.71463 0.40845 0.47510 -0.31106
1403638608.227829456 5.12911 9.41820 2.22800 0.70815 0.40829 0.48845 -0.30535
1403638608.427829504 5.02336 9.57359 2.10847 0.69972 0.40626 0.50217 -0.30524
1403638608.527829409 4.96793 9.64794 2.03931 0.70162 0.40694 0.50004 -0.30346
1403638608.727829456 4.86355 9.77353 1.90252 0.69795 0.40254 0.50516 -0.30925
1403638608.827829599 4.81006 9.82806 1.84054 0.70058 0.40399 0.50128 -0.30772
1403638608.927829504 4.76095 9.87641 1.78535 0.70445 0.40537 0.49555 -0.30636
1403638609.027829409 4.70454 9.92418 1.73762 0.70817 0.40537 0.49000 -0.30670
1403638609.227829456 4.61130 10.00102 1.65900 0.70962 0.40112 0.48773 -0.31252
1403638609.427829504 4.52352 10.06085 1.56369 0.70997 0.39998 0.48770 -0.31321
1403638609.627829552 4.45316 10.10634 1.44809 0.71020 0.40306 0.48845 -0.30753
1403638609.827829599 4.39006 10.13813 1.32263 0.71015 0.40499 0.48861 -0.30485
1403638610.227829456 4.29952 10.16376 1.14945 0.70289 0.40005 0.49904 -0.31125
1403638610.827829599 4.15283 10.04037 0.83095 0.69950 0.39744 0.50314 -0.31559
1403638610.927829504 4.12923 9.99832 0.79022 0.70255 0.39983 0.49794 -0.31402
1403638611.227829456 4.05867 9.83874 0.66053 0.69835 0.39815 0.50224 -0.31866
1403638611.427829504 4.01522 9.70208 0.57726 0.69341 0.40774 0.50973 -0.30513
1403638611.527829409 3.98943 9.62684 0.54962 0.69079 0.41484 0.51394 -0.29426
1403638611.627829552 3.95905 9.54863 0.53080 0.69281 0.41741 0.51217 -0.28891
1403638611.827829599 3.88479 9.39057 0.48433 0.70253 0.41020 0.49966 -0.29753
1403638611.927829504 3.84032 9.30767 0.44997 0.70715 0.40635 0.49402 -0.30128
1403638612.127829552 3.76485 9.14492 0.38924 0.71163 0.40296 0.48842 -0.30438
1403638612.327829599 3.69966 8.98004 0.35487 0.71191 0.40339 0.48862 -0.30285
1403638612.527829409 3.64382 8.81453 0.32552 0.70890 0.40327 0.49501 -0.29966
1403638612.727829456 3.59041 8.64547 0.27103 0.70561 0.40649 0.50262 -0.29025
1403638612.927829504 3.52992 8.47728 0.20703 0.70413 0.40266 0.50796 -0.28990
1403638613.127829552 3.45951 8.30844 0.16682 0.70795 0.40091 0.50388 -0.29015
1403638613.327829599 3.38121 8.13983 0.15482 0.71018 0.40112 0.50109 -0.28922
1403638613.627829552 3.25779 7.88930 0.13964 0.71057 0.39211 0.50647 -0.29125
1403638613.827829599 3.17226 7.72102 0.09708 0.70965 0.37810 0.51639 -0.29459
1403638613.927829504 3.12865 7.63041 0.06360 0.71346 0.36906 0.52075 -0.28912
1403638614.027829409 3.08309 7.53228 0.02634 0.72002 0.35820 0.52511 -0.27844
1403638614.127829552 3.03575 7.42982 -0.01313 0.72898 0.34487 0.52843 -0.26535
1403638614.327829599 2.94031 7.21659 -0.07933 0.74581 0.31991 0.53183 -0.24204
1403638614.427829504 2.89130 7.11104 -0.10196 0.75120 0.31014 0.53232 -0.23696
1403638614.627829552 2.79525 6.89554 -0.11697 0.75938 0.29213 0.53355 -0.23094
1403638614.727829456 2.75484 6.79288 -0.10920 0.76640 0.27774 0.53211 -0.22879
1403638614.927829504 2.67690 6.57233 -0.07130 0.78629 0.24252 0.52668 -0.21341
1403638615.027829409 2.64896 6.45869 -0.04222 0.79468 0.22182 0.52885 -0.19900
1403638615.127829552 2.62898 6.34348 -0.00824 0.80046 0.20058 0.53591 -0.17842
1403638615.227829456 2.61164 6.22288 0.03015 0.80186 0.17979 0.54864 -0.15390
1403638615.327829599 2.59718 6.10270 0.06789 0.80419 0.15579 0.55831 -0.13155
1403638615.427829504 2.58220 5.98022 0.10026 0.80687 0.13001 0.56553 -0.11064
1403638615.527829409 2.56706 5.85840 0.12515 0.81001 0.10454 0.56977 -0.09117
1403638615.627829552 2.55145 5.73931 0.14599 0.81183 0.08348 0.57287 -0.07601
1403638615.727829456 2.53381 5.62250 0.16711 0.81324 0.06860 0.57409 -0.06596
1403638615.827829599 2.51436 5.50655 0.19497 0.81416 0.05767 0.57472 -0.05920
1403638615.927829504 2.49211 5.39050 0.22523 0.81476 0.04499 0.57551 -0.05409
1403638616.027829409 2.46810 5.27079 0.24991 0.81596 0.03317 0.57530 -0.04620
1403638616.127829552 2.44333 5.15340 0.26648 0.81649 0.02051 0.57584 -0.03657
1403638616.227829456 2.41835 5.03814 0.26823 0.81743 0.00406 0.57539 -0.02687
1403638616.327829599 2.39260 4.92245 0.25375 0.81781 -0.01499 0.57511 -0.01447
1403638616.427829504 2.36650 4.80466 0.22834 0.81786 -0.03382 0.57442 -0.00181
1403638616.527829409 2.34040 4.68741 0.19742 0.81818 -0.04928 0.57280 0.00729
1403638616.627829552 2.31456 4.56913 0.16405 0.82081 -0.06008 0.56784 0.01466
1403638616.727829456 2.28910 4.45234 0.12649 0.82770 -0.06985 0.55658 0.01573
1403638616.827829599 2.26575 4.33252 0.08566 0.83495 -0.07926 0.54450 0.01025
1403638616.927829504 2.24851 4.21018 0.04879 0.83691 -0.08224 0.54104 0.00958
1403638617.027829409 2.23765 4.07969 0.02139 0.83381 -0.07720 0.54638 0.01648
1403638617.127829552 2.23222 3.94556 0.00209 0.83017 -0.07018 0.55258 0.02340
1403638617.227829456 2.23094 3.81027 -0.01095 0.83016 -0.06433 0.55316 0.02664
1403638617.327829599 2.23423 3.67945 -0.01834 0.83338 -0.06155 0.54866 0.02575
1403638617.427829504 2.24310 3.54951 -0.01860 0.83759 -0.05787 0.54260 0.02612
1403638617.627829552 2.28154 3.30450 0.00715 0.83909 -0.05170 0.54091 0.02581
1403638617.727829456 2.31392 3.18475 0.03251 0.83750 -0.04735 0.54369 0.02746
1403638617.827829599 2.35173 3.06933 0.06483 0.83745 -0.04454 0.54399 0.02761
1403638617.927829504 2.39340 2.95370 0.10387 0.83628 -0.04332 0.54596 0.02605
1403638618.127829552 2.48815 2.73257 0.17388 0.83595 -0.04166 0.54674 0.02285
1403638618.327829599 2.59882 2.52271 0.22055 0.83516 -0.03897 0.54816 0.02257
1403638618.527829409 2.72308 2.32374 0.25359 0.83459 -0.03665 0.54921 0.02176
1403638618.627829552 2.79094 2.23116 0.26834 0.83423 -0.03836 0.54954 0.02451
1403638618.727829456 2.86239 2.14035 0.28375 0.83394 -0.04041 0.54963 0.02871
1403638618.827829599 2.93865 2.05308 0.30406 0.83265 -0.04411 0.55123 0.03002
1403638618.927829504 3.01894 1.96577 0.32997 0.82986 -0.04906 0.55472 0.03473
1403638619.027829409 3.10016 1.88241 0.35263 0.82513 -0.06005 0.56006 0.04347
1403638619.127829552 3.18268 1.80093 0.36835 0.82114 -0.07566 0.56275 0.05755
1403638619.227829456 3.26576 1.72232 0.37708 0.81697 -0.09721 0.56393 0.07135
1403638619.327829599 3.34888 1.64610 0.37790 0.81271 -0.12191 0.56312 0.08685
1403638619.427829504 3.43129 1.57071 0.37060 0.80755 -0.14500 0.56287 0.10009
1403638619.527829409 3.51219 1.50139 0.36161 0.80309 -0.16315 0.56275 0.10837
1403638619.627829552 3.59322 1.43392 0.35033 0.79974 -0.17842 0.56237 0.11103
1403638619.727829456 3.67178 1.36657 0.33655 0.79675 -0.19305 0.56287 0.10532
1403638619.927829504 3.81644 1.23368 0.29931 0.79205 -0.20678 0.56497 0.10347
1403638620.127829552 3.93839 1.08994 0.26226 0.78814 -0.20842 0.56872 0.10935
1403638620.327829599 4.03981 0.93507 0.24938 0.78789 -0.20511 0.56897 0.11589
1403638620.627829552 4.15086 0.70009 0.26677 0.79280 -0.20024 0.56395 0.11549
1403638620.927829504 4.23418 0.46157 0.24448 0.80125 -0.19326 0.55451 0.11478
1403638621.127829552 4.28417 0.30225 0.21927 0.79974 -0.18399 0.55872 0.11998
1403638621.327829599 4.32983 0.13925 0.20324 0.79879 -0.17862 0.56156 0.12117
1403638621.527829409 4.37827 0.00108 0.20972 0.79574 -0.17380 0.56716 0.12219
1403638621.827829599 4.43008 -0.18584 0.16074 0.79110 -0.16945 0.57453 0.12394
1403638622.027829409 4.44004 -0.28662 0.11024 0.78624 -0.16775 0.58145 0.12494
1403638622.327829599 4.42733 -0.41671 0.02892 0.78710 -0.17356 0.58008 0.11775
1403638622.527829409 4.39424 -0.47669 0.02113 0.78814 -0.17163 0.57812 0.12310
1403638622.727829456 4.34477 -0.52529 0.01697 0.77886 -0.16708 0.59007 0.13146
1403638622.827829599 4.30198 -0.54200 0.04823 0.76936 -0.16628 0.60216 0.13355
1403638623.027829409 4.20619 -0.55888 0.08524 0.77537 -0.17078 0.59390 0.13007
1403638623.127829552 4.14591 -0.55386 0.09680 0.78101 -0.17458 0.58627 0.12584
1403638623.327829599 4.01109 -0.54224 0.10342 0.78736 -0.17960 0.57761 0.11906
1403638623.527829409 3.86061 -0.52872 0.09538 0.79062 -0.18050 0.57316 0.11754
1403638623.827829599 3.61278 -0.50089 0.11892 0.79172 -0.17842 0.57104 0.12354
1403638624.027829409 3.43454 -0.47316 0.14978 0.79415 -0.18013 0.56677 0.12512
1403638624.327829599 3.16124 -0.42392 0.16161 0.79362 -0.18775 0.56631 0.11926
1403638624.627829552 2.88429 -0.37972 0.13451 0.78053 -0.19345 0.58305 0.11583
1403638624.827829599 2.69175 -0.35135 0.11430 0.79040 -0.17734 0.57335 0.12284
1403638624.927829504 2.59401 -0.33304 0.11642 0.79507 -0.17212 0.56907 0.12003
1403638625.127829552 2.38921 -0.29354 0.12810 0.79764 -0.17114 0.56883 0.10447
1403638625.327829599 2.18091 -0.25865 0.12415 0.79914 -0.16889 0.56838 0.09899
1403638625.627829552 1.86566 -0.21457 0.13593 0.80026 -0.16702 0.56736 0.09894
1403638625.827829599 1.65774 -0.19181 0.17136 0.80745 -0.16899 0.55686 0.09681
1403638626.027829409 1.45189 -0.17441 0.18716 0.80920 -0.16982 0.55388 0.09784
1403638626.327829599 1.16755 -0.16327 0.17332 0.80770 -0.16718 0.55572 0.10415
1403638626.627829552 0.89729 -0.15551 0.13136 0.80914 -0.16234 0.55396 0.10982
1403638626.827829599 0.73236 -0.14987 0.11391 0.81516 -0.16405 0.54530 0.10604
1403638627.127829552 0.52357 -0.14602 0.12264 0.81743 -0.16297 0.54255 0.10437
1403638627.627829552 0.27832 -0.14828 0.08093 0.81516 -0.15788 0.54625 0.11045
1403638627.827829599 0.21515 -0.13853 0.05513 0.81083 -0.15724 0.55238 0.11274
1403638628.027829409 0.16223 -0.13297 0.02963 0.81357 -0.15721 0.54794 0.11468
1403638628.127829552 0.14029 -0.12558 0.02030 0.81451 -0.15785 0.54622 0.11533
1403638628.527829409 0.08539 -0.09590 -0.00634 0.80872 -0.16801 0.55387 0.10470
1403638628.627829552 0.07768 -0.08232 -0.00671 0.80175 -0.17258 0.56364 0.09866
1403638628.927829504 0.04951 -0.06926 -0.02335 0.80272 -0.16978 0.56208 0.10431
1403638629.127829552 0.02941 -0.06372 -0.04037 0.80510 -0.16352 0.55890 0.11272
1403638629.327829599 0.01225 -0.05675 -0.04884 0.80688 -0.16131 0.55640 0.11555
1403638629.427829504 0.00854 -0.04889 -0.04589 0.81101 -0.16219 0.55024 0.11487
1403638629.527829409 0.00505 -0.04739 -0.04263 0.81562 -0.16482 0.54321 0.11187
1403638629.627829552 0.00726 -0.03659 -0.04183 0.81577 -0.17028 0.54272 0.10476
1403638629.727829456 0.01419 -0.02895 -0.02919 0.81148 -0.17799 0.54849 0.09480
1403638629.827829599 0.02336 -0.02915 -0.04574 0.80533 -0.18113 0.55707 0.09115
1403638629.927829504 0.02769 -0.03005 -0.03545 0.79929 -0.17835 0.56568 0.09657
1403638630.027829409 0.03244 -0.03984 -0.03912 0.79371 -0.17108 0.57376 0.10754
1403638630.127829552 0.03010 -0.04163 -0.07454 0.79424 -0.16632 0.57319 0.11390
1403638630.227829456 0.02836 -0.04265 -0.10608 0.79840 -0.16424 0.56749 0.11634
1403638630.327829599 0.02567 -0.04250 -0.14335 0.80504 -0.16382 0.55772 0.11842
1403638630.427829504 0.03544 -0.03969 -0.14489 0.81104 -0.17029 0.55000 0.10354
1403638630.527829409 0.04737 -0.03979 -0.13605 0.80172 -0.16261 0.56396 0.11288
1403638630.627829552 0.05792 -0.03894 -0.14745 0.80094 -0.16286 0.56485 0.11368
1403638630.727829456 0.06631 -0.04574 -0.16310 0.82732 -0.15638 0.52961 0.10293
1403638630.827829599 0.06043 -0.04116 -0.16945 0.82466 -0.15845 0.53209 0.10817
