1311868164.399026 -0.0000170 0.0000321 -0.0000571 0.0000260 -0.0000526 -0.0000050 1.0000000
1311868164.831006 0.0530857 -0.0007036 -0.0385120 0.0057761 -0.0045404 -0.0138655 0.9998769
1311868164.863058 0.0605971 -0.0004372 -0.0411318 0.0091903 -0.0037298 -0.0153618 0.9998328
1311868164.930933 0.0764175 -0.0008012 -0.0458252 0.0149640 -0.0022011 -0.0171421 0.9997386
1311868166.031204 0.3270184 0.0669922 -0.1412957 -0.0103816 -0.0241253 -0.0300356 0.9992037
1311868166.299209 0.3209281 0.1150031 -0.1914202 -0.0357772 -0.0065802 -0.0209910 0.9991176
1311868167.431237 0.5924982 0.1425062 -0.2521444 -0.0320093 -0.0678587 -0.0613373 0.9952931
1311868169.231354 0.7051457 -0.0416268 -0.0275845 -0.0036036 -0.1545653 -0.0908695 0.9837883
1311868170.699432 0.9492866 -0.1609739 0.0207817 0.0324439 -0.2592497 -0.1329355 0.9560676
1311868171.399409 1.0825477 -0.1509477 0.0122109 0.0244809 -0.2868297 -0.1522409 0.9454904
1311868172.031533 1.2498132 -0.1391899 0.0840792 0.0033897 -0.3148307 -0.1919263 0.9295345
1311868172.531606 1.3413510 -0.1204320 0.1524049 -0.0302459 -0.3095376 -0.2114155 0.9265933
1311868172.899539 1.3779423 -0.1126680 0.2439562 -0.0728554 -0.2955229 -0.2157879 0.9277898
1311868173.831620 1.4150729 -0.2222883 0.4341635 -0.0714673 -0.3256681 -0.2276326 0.9148858
1311868174.467566 1.5078609 -0.3163302 0.5442544 -0.0379738 -0.3955452 -0.2721752 0.8763690
1311868175.199578 1.4758158 -0.4418179 0.6291054 0.0109901 -0.4248255 -0.2558887 0.8682877
1311868175.631778 1.4338360 -0.5043120 0.6992238 0.0529218 -0.4593490 -0.2053389 0.8625739
1311868175.899663 1.4395950 -0.5457721 0.7510473 0.0711422 -0.4816430 -0.2024956 0.8496790
1311868176.167963 1.4741602 -0.5871110 0.8152609 0.0786526 -0.5163991 -0.2275719 0.8218009
1311868176.431678 1.5215039 -0.6145139 0.8998555 0.0630325 -0.5321100 -0.2484044 0.8069579
1311868176.931762 1.5509741 -0.6451755 1.0156622 0.0355164 -0.5394116 -0.2582439 0.8006771
1311868177.599732 1.4951673 -0.6953428 1.1521041 0.0244436 -0.5303422 -0.2804827 0.7996681
1311868178.000124 1.5050254 -0.7117320 1.2392594 0.0156914 -0.5571753 -0.3049299 0.7722223
1311868178.199855 1.5308353 -0.7305809 1.2912978 0.0132957 -0.5833018 -0.3267695 0.7435079
1311868178.500102 1.5760908 -0.7382106 1.3449340 0.0053097 -0.6009824 -0.3372119 0.7246241
1311868178.867919 1.6542372 -0.7358105 1.3564334 -0.0073446 -0.6142475 -0.3343977 0.7147197
1311868179.700151 1.9146982 -0.7239444 1.3616073 -0.0355586 -0.5849853 -0.3491490 0.7311791
1311868181.432419 2.0828872 -0.8262464 1.6073546 -0.0605705 -0.6059143 -0.3711264 0.7010451
1311868182.568033 1.7627686 -0.8956463 1.6897858 -0.0526172 -0.6045433 -0.3558971 0.7107012
1311868182.868215 1.6599190 -0.9404400 1.7311684 -0.0290673 -0.6425418 -0.3470981 0.6825086
1311868183.168211 1.5385050 -1.0146408 1.7817541 -0.0033230 -0.6787974 -0.3674097 0.6357934
1311868183.500255 1.4328769 -1.0581307 1.8038743 0.0042263 -0.7102937 -0.3835856 0.5901924
1311868183.936316 1.2911284 -1.0968940 1.8271396 -0.0314762 -0.7241388 -0.3857062 0.5708441
1311868184.300643 1.1754907 -1.1333185 1.8343583 -0.0128906 -0.7232803 -0.3654003 0.5858175
1311868184.636350 1.0808575 -1.1510003 1.8584925 -0.0130623 -0.7409701 -0.3595695 0.5670119
1311868184.800366 1.0235770 -1.1795704 1.8770012 -0.0030270 -0.7607935 -0.3609064 0.5393799
1311868184.968436 0.9734584 -1.2098107 1.8953097 0.0071742 -0.7754062 -0.3606079 0.5183201
1311868185.168559 0.9218764 -1.2270436 1.9101117 -0.0155538 0.7848256 0.3664046 -0.4995544
1311868185.300484 0.8816758 -1.2404332 1.9171622 -0.0175326 0.7920888 0.3603584 -0.4923715
1311868185.468575 0.8420001 -1.2443911 1.9314739 -0.0223489 0.7941153 0.3479040 -0.4978395
1311868185.600364 0.8179345 -1.2493906 1.9316247 0.0387103 -0.7919270 -0.3398267 0.5058370
1311868185.736700 0.7921996 -1.2551746 1.9386767 0.0452892 -0.7940873 -0.3275607 0.5099787
1311868185.868447 0.7724305 -1.2531555 1.9457244 0.0368831 -0.7983072 -0.3170750 0.5106944
1311868186.068672 0.7361042 -1.2542403 1.9634244 -0.0339977 0.8064554 0.3289637 -0.4901598
1311868186.237659 0.7100054 -1.2540674 1.9858418 -0.0288619 0.8172446 0.3423372 -0.4626915
1311868186.800524 0.7024113 -1.2611432 2.0741692 -0.0080670 0.8419544 0.3748186 -0.3880192
1311868187.201269 0.7774191 -1.2797680 2.1244612 0.0030680 0.8351967 0.3843403 -0.3933440
1311868187.436706 0.8194363 -1.2904258 2.1605918 0.0058136 0.8209205 0.4073878 -0.4001137
1311868188.000735 0.8471879 -1.3263236 2.2805409 0.0043684 0.8241200 0.4146362 -0.3858548
1311868188.169752 0.8323337 -1.3352926 2.3417268 0.0151944 0.8315138 0.4210902 -0.3619902
1311868188.368537 0.8107868 -1.3269639 2.4204369 0.0095926 0.8277668 0.4474880 -0.3383261
1311868188.537539 0.8143854 -1.3249323 2.4537382 0.0241232 0.8261659 0.4584379 -0.3266538
1311868188.968696 0.9068581 -1.3405101 2.5426054 0.0594531 0.8181129 0.4756551 -0.3176617
1311868189.400547 1.0266807 -1.3647683 2.6226478 0.0615331 0.7958106 0.5017778 -0.3333441
1311868190.168751 1.0526975 -1.4379486 2.8039336 0.0701871 0.7837835 0.5113029 -0.3454368
1311868192.038266 0.9534751 -1.5367481 2.9916279 0.0635672 0.7825667 0.5024484 -0.3620693
1311868193.640297 0.7583436 -1.5690620 2.8072028 0.0410761 0.8130330 0.4999538 -0.2955270
1311868195.641375 0.6392608 -1.7133772 2.8649731 0.0214487 0.8349846 0.4593693 -0.3021929
1311868196.269144 0.6771725 -1.7182090 2.9854491 0.0330747 0.8085207 0.4781175 -0.3414733
1311868197.237163 0.7087165 -1.7554574 3.1746976 0.0650288 0.7830761 0.4965170 -0.3688277
1311868198.005244 0.6221324 -1.7769918 3.3362994 0.0780228 0.7770482 0.5335795 -0.3246560
1311868199.769136 0.3660419 -1.7475207 3.3649237 0.0823122 0.7903403 0.5482755 -0.2607315
1311868200.873224 0.1545045 -1.8047582 3.4881358 0.0638721 0.8033431 0.5682799 -0.1661870
1311868203.073357 -0.1247847 -1.8126600 3.5062118 0.0339018 0.8135353 0.5697095 -0.1115444
1311868203.805515 -0.1846347 -1.8821539 3.3870678 0.0398132 0.8342786 0.5490054 -0.0314177
1311868204.773695 -0.3653360 -1.9930000 3.2242999 0.0155269 0.8265513 0.5617291 0.0321283
1311868206.137732 -0.4634687 -2.1287618 3.0966716 0.0291968 0.8717367 0.4885738 0.0227683
1311868208.337811 -0.7120500 -1.9241000 3.2956467 -0.0115958 0.8442811 0.5316074 0.0666980
1311868210.473857 -0.8703462 -1.6563082 3.3291936 0.0066010 0.8107865 0.5792283 0.0841199
1311868212.942123 -1.2801621 -1.6108894 3.2947946 -0.0125033 0.8083373 0.5748779 0.1262925
1311868214.674410 -1.4131783 -1.5386481 3.1054845 0.0015369 0.8085428 0.5472936 0.2161614
1311868215.874205 -1.4683036 -1.5656639 2.9338651 -0.0274855 0.7964633 0.5035738 0.3336227
1311868217.074615 -1.4897118 -1.6585362 2.7457893 -0.0037988 0.8021999 0.4882192 0.3436610
1311868219.410427 -1.5868926 -1.4661999 2.7897472 0.0107022 0.8095286 0.4580314 0.3670915
1311868220.374967 -1.6358635 -1.3045406 2.8994172 0.0300287 0.7623385 0.4902543 0.4214132
1311868222.174994 -1.7707500 -1.2254412 2.9490523 0.0074657 0.7450300 0.5171974 0.4211667
1311868224.311516 -1.8968472 -1.1247373 2.7258325 0.0113558 0.7100220 0.5059997 0.4895959
1311868225.211565 -2.0268779 -1.0690176 2.6004887 0.0011362 0.7014244 0.4857485 0.5215849
1311868226.810784 -2.1384640 -0.9833844 2.4274902 0.0031315 0.6842504 0.4860314 0.5436591
1311868227.377762 -2.1260586 -0.9402357 2.2796512 0.0133325 0.6808344 0.4690377 0.5623971
1311868228.079022 -2.1404715 -0.8916842 2.1642699 0.0114968 0.6381298 0.4403116 0.6314934
1311868228.944678 -2.2332058 -0.8200223 2.0035172 -0.0078625 0.6105196 0.4081593 0.6786824
1311868229.647479 -2.1607740 -0.8262178 1.8897512 -0.0104595 0.6036682 0.4320897 0.6699058
1311868230.012490 -2.0701725 -0.8627802 1.8263385 -0.0076866 0.6003790 0.4347490 0.6711775
1311868230.283031 -2.0074723 -0.8870654 1.7789716 -0.0113071 0.6113063 0.4345126 0.6613438
1311868230.543330 -1.9536335 -0.8987591 1.7322369 -0.0005027 0.5937182 0.4653621 0.6564575
1311868230.812536 -1.9093821 -0.9090144 1.6770864 0.0127159 0.6096332 0.4491502 0.6530312
1311868231.083967 -1.8643899 -0.9140596 1.6213509 -0.0096165 0.6150428 0.4335317 0.6585439
1311868231.313322 -1.8396957 -0.9288037 1.5871978 -0.0431318 0.6111019 0.4332272 0.6610661
1311868231.643249 -1.7732291 -0.9569675 1.5486593 -0.0642169 0.6033185 0.4337041 0.6661710
1311868231.981369 -1.7094698 -1.0094291 1.5318693 -0.0758336 0.6004478 0.4412561 0.6625744
1311868232.311279 -1.6485409 -1.0578356 1.5239354 -0.0859415 0.5939744 0.4412447 0.6671668
1311868232.779268 -1.5837735 -1.1184688 1.5169523 -0.0741900 0.6070527 0.4468012 0.6529560
1311868234.043413 -1.6804318 -1.0347054 1.4686676 -0.0458772 0.5901989 0.4111077 0.6932179
1311868234.443480 -1.7749560 -0.9854509 1.4212681 -0.0450515 0.5898152 0.3692131 0.7167776
1311868235.079664 -1.9118700 -0.8784748 1.3596314 -0.0502805 0.5786202 0.3630910 0.7285846
1311868235.479571 -1.9667904 -0.8029401 1.3192848 -0.0400252 0.5784045 0.3718508 0.7249642
1311868235.843663 -1.9878833 -0.7370132 1.2901466 -0.0375830 0.5890437 0.3632082 0.7208987
1311868236.311580 -1.9814563 -0.6542238 1.2485952 -0.0312720 0.5589942 0.3648515 0.7439294
1311868236.779605 -1.9696133 -0.5776894 1.2101448 -0.0170811 0.5448107 0.3506317 0.7615425
1311868237.311685 -1.9823318 -0.4820983 1.1621099 0.0061997 0.5149211 0.3478398 0.7834700
1311868237.847748 -2.0084419 -0.3849377 1.0328430 -0.0142405 0.4810845 0.3120449 0.8191354
1311868238.279669 -2.0256300 -0.3105102 0.9496257 -0.0186048 0.4569530 0.3164259 0.8310971
1311868238.811727 -1.9884365 -0.2485053 0.8833777 -0.0255538 0.4559326 0.3240410 0.8285347
1311868239.479757 -1.9120717 -0.1840856 0.8217415 -0.0172537 0.4141148 0.3183354 0.8525690
1311868240.047963 -1.8816346 -0.1169072 0.7611402 -0.0293379 0.3674099 0.2889221 0.8835571
1311868240.379758 -1.8742507 -0.0613867 0.6754196 -0.0423914 0.3573338 0.2681603 0.8936473
1311868241.011989 -1.8735535 -0.0054509 0.5918522 -0.0683487 0.3470778 0.2745044 0.8941548
1311868241.648036 -1.7497771 -0.1237876 0.5434884 -0.0591327 0.3455633 0.2879525 0.8911636
1311868241.911969 -1.6955723 -0.1614117 0.5175444 -0.0584258 0.3364666 0.2655683 0.9015820
1311868242.379943 -1.6365073 -0.2006585 0.4401659 -0.0611986 0.2951586 0.2327886 0.9246327
1311868242.747909 -1.6025050 -0.1844474 0.4203809 -0.0492137 0.2681288 0.2100250 0.9389220
1311868243.280037 -1.5538753 -0.1619565 0.3831980 -0.0316081 0.2871577 0.2182336 0.9321563
1311868243.779970 -1.4994476 -0.1048991 0.2980905 -0.0490539 0.2423893 0.1686475 0.9541484
1311868244.112211 -1.4621632 -0.0577991 0.2341976 -0.0535305 0.2046780 0.1571088 0.9646544
1311868244.512251 -1.4327108 0.0214308 0.1802178 -0.0542265 0.1900035 0.1370816 0.9706528
1311868244.848096 -1.3959088 0.0779387 0.1559920 -0.0581383 0.1930580 0.1493641 0.9680077
1311868245.248256 -1.3266953 0.1209888 0.1451937 -0.0654721 0.2061552 0.1395169 0.9663066
1311868245.780177 -1.2057264 0.1710333 0.1102499 -0.0489717 0.1683923 0.1507683 0.9728899
1311868246.016098 -1.1587247 0.2099099 0.0841107 -0.0610773 0.1472405 0.1461490 0.9763351
1311868246.448298 -1.1191105 0.2717792 0.0023534 -0.0813010 0.1281255 0.1280942 0.9800847
1311868247.048425 -1.0813204 0.3428226 -0.0938096 -0.0936906 0.1474972 0.1373746 0.9749845
1311868248.080326 -0.8788557 0.2148466 -0.0226301 -0.0831749 0.1354533 0.1284312 0.9788972
1311868248.548298 -0.7641651 0.1530642 0.0194587 -0.0983682 0.0982990 0.1148687 0.9835986
1311868248.916530 -0.6586900 0.1020362 0.0353664 -0.1213568 0.0679061 0.0820658 0.9868771
1311868249.048258 -0.6193100 0.0888674 0.0392491 -0.1197636 0.0816968 0.0778751 0.9863660
1311868249.248249 -0.5684668 0.0638324 0.0522342 -0.1271784 0.0856323 0.0776906 0.9851177
1311868249.448316 -0.5384856 0.0378391 0.0699651 -0.1206257 0.0842198 0.0775252 0.9860762
1311868249.580331 -0.5252137 0.0181311 0.0846322 -0.1120840 0.0915936 0.0721712 0.9868329
1311868249.948306 -0.4852594 -0.0529369 0.1444715 -0.1092606 0.0956760 0.0767435 0.9864171
1311868250.180457 -0.4717999 -0.1058454 0.1841436 -0.1006544 0.1027826 0.0726919 0.9869246
1311868250.548715 -0.4631476 -0.1745218 0.2322276 -0.0910610 0.0915177 0.0736577 0.9888918
1311868251.080543 -0.4606703 -0.2300411 0.2518379 -0.0681945 0.0786264 0.0596922 0.9927760
1311868251.881180 -0.3627094 -0.1472781 0.1837312 -0.0748366 0.0737863 0.0482805 0.9932895
1311868252.380676 -0.2425862 -0.0969876 0.0920380 -0.0731359 0.0595565 0.0038415 0.9955347
1311868252.880663 -0.1120119 -0.0177592 0.0253026 -0.0963733 0.0371846 0.0129719 0.9945658
1311868253.348831 -0.0119773 0.0166043 0.0188067 -0.1066010 0.0457050 0.0203594 0.9930422
1311868254.148648 0.1770196 0.0359522 0.0463575 -0.1029569 0.0214724 0.0157965 0.9943286
1311868254.748845 0.3470754 0.0780657 0.0171767 -0.1320703 -0.0507365 -0.0276065 0.9895560
1311868255.148803 0.4398077 0.1118730 -0.0086568 -0.1418316 -0.0737966 -0.0308448 0.9866542
1311868255.748794 0.5268815 0.1255746 -0.0093988 -0.1394411 -0.0818387 -0.0336232 0.9862698
1311868256.149657 0.6170526 0.0969089 0.0324709 -0.1424637 -0.0904890 -0.0451392 0.9846209
1311868256.385489 0.6709869 0.0685977 0.0596345 -0.1371847 -0.0944901 -0.0595209 0.9842303
1311868256.649078 0.7301481 0.0384425 0.0873971 -0.1229598 -0.1048282 -0.0526436 0.9854545
1311868257.085190 0.8170927 -0.0131691 0.1374273 -0.1156161 -0.1399470 -0.0793788 0.9801769
1311868257.384936 0.8801821 -0.0565997 0.1594582 -0.1264579 -0.1615668 -0.1114314 0.9723619
1311868257.749626 0.9459146 -0.1209546 0.1856682 -0.1209875 -0.1990686 -0.1372655 0.9627522
1311868258.016837 0.9658910 -0.1693334 0.2029014 -0.1255421 -0.2150431 -0.1585078 0.9554428
1311868258.317231 0.9700890 -0.2309116 0.2509339 -0.1424288 -0.2365639 -0.1769942 0.9446823
1311868258.616904 0.9604238 -0.3092462 0.3070133 -0.1321707 -0.2332452 -0.1866843 0.9451331
1311868258.917705 0.9579454 -0.3778706 0.3602425 -0.1265770 -0.2537144 -0.1760816 0.9426572
1311868259.216979 0.9648666 -0.4267129 0.4224850 -0.1104591 -0.2747066 -0.1957264 0.9348937
1311868259.549524 1.0085936 -0.4757254 0.4866666 -0.0900489 -0.2868201 -0.2210801 0.9277656
1311868260.317238 1.0603536 -0.4789542 0.5382677 -0.0950924 -0.3011201 -0.2238889 0.9220401
