1311868164.363181 -0.0000199 0.0000143 0.0000089 -0.0000304 -0.0000006 -0.0000075 1.0000000
1311868165.031122 0.1047613 -0.0034219 -0.0532696 0.0091195 -0.0113758 -0.0193010 0.9997074
1311868165.063108 0.1158421 -0.0027733 -0.0563623 0.0091693 -0.0159977 -0.0207265 0.9996151
1311868165.163146 0.1507834 -0.0021369 -0.0631445 0.0133006 -0.0260450 -0.0283251 0.9991709
1311868165.663251 0.3003767 0.0321478 -0.0860693 -0.0083905 -0.0563476 -0.0362019 0.9977194
1311868166.163189 0.3172701 0.0792180 -0.1705129 -0.0257597 -0.0167003 -0.0272872 0.9991561
1311868166.631287 0.3476315 0.1423492 -0.2308132 -0.0543012 0.0039929 -0.0234336 0.9982416
1311868167.299141 0.5512102 0.1343649 -0.2547504 -0.0356158 -0.0601925 -0.0574730 0.9958942
1311868168.463333 0.6818427 0.0592103 -0.1554518 -0.0375855 -0.0931649 -0.0692643 0.9925271
1311868169.463229 0.7281779 -0.1010783 0.0166993 0.0110926 -0.2012723 -0.1184396 0.9722852
1311868169.799368 0.7792640 -0.1643143 0.0677713 0.0358047 -0.2433798 -0.1439608 0.9585195
1311868170.763453 0.9568931 -0.1628000 0.0165712 0.0233016 -0.2624610 -0.1308696 0.9557428
1311868171.799464 1.1885601 -0.1482969 0.0517664 0.0146289 -0.3123305 -0.1793811 0.9327691
1311868172.099529 1.2608967 -0.1407482 0.0939518 -0.0046717 -0.3184677 -0.1902167 0.9286410
1311868172.463477 1.3291197 -0.1305733 0.1430054 -0.0303156 -0.3150684 -0.2058028 0.9259903
1311868173.067546 1.3784244 -0.1298048 0.2881877 -0.0816065 -0.2956778 -0.2221324 0.9255119
1311868173.431624 1.3845919 -0.1793794 0.3590762 -0.0779142 -0.2999389 -0.2265670 0.9233815
1311868173.731607 1.4044944 -0.2098249 0.4165151 -0.0798768 -0.3143960 -0.2228354 0.9193037
1311868173.931642 1.4207156 -0.2419479 0.4501051 -0.0667960 -0.3437155 -0.2393730 0.9055929
1311868174.131747 1.4548339 -0.2783816 0.4871411 -0.0523455 -0.3730484 -0.2586081 0.8895036
1311868174.631772 1.5150971 -0.3336698 0.5702279 -0.0420019 -0.4121363 -0.2701365 0.8691408
1311868174.831815 1.5103698 -0.3640360 0.5981052 -0.0336921 -0.4217929 -0.2607990 0.8677208
1311868175.400048 1.4460435 -0.4707053 0.6606516 0.0349122 -0.4438344 -0.2265153 0.8663042
1311868175.667696 1.4288548 -0.5083449 0.7114711 0.0527553 -0.4632347 -0.2025276 0.8611696
1311868175.931644 1.4367678 -0.5474760 0.7643415 0.0696088 -0.4872376 -0.2005843 0.8470656
1311868176.467865 1.5215850 -0.6127207 0.9173729 0.0552935 -0.5350747 -0.2475802 0.8058174
1311868176.667782 1.5406487 -0.6223980 0.9697509 0.0400423 -0.5392050 -0.2551729 0.8015868
1311868177.168091 1.5335943 -0.6622003 1.0643886 0.0314108 -0.5376438 -0.2670472 0.7991485
1311868177.531751 1.4976349 -0.6857066 1.1410656 0.0307676 -0.5321180 -0.2724397 0.8010495
1311868177.832005 1.4883242 -0.6968597 1.2077813 0.0125376 -0.5413537 -0.2878970 0.7898698
1311868178.199855 1.5272371 -0.7247744 1.2977512 0.0103655 -0.5859083 -0.3234947 0.7429369
1311868178.531933 1.5774628 -0.7332236 1.3577797 -0.0005462 -0.6065428 -0.3323766 0.7222405
1311868178.932267 1.6711504 -0.7288065 1.3624471 -0.0121808 -0.6173451 -0.3305664 0.7137665
1311868179.268108 1.7910779 -0.7177171 1.3511012 -0.0128653 -0.6100644 -0.3367349 0.7171232
1311868179.668182 1.9013797 -0.7171032 1.3682685 -0.0386766 -0.5900598 -0.3457004 0.7285773
1311868180.131924 2.0036340 -0.7495062 1.4389421 -0.0441211 -0.6033971 -0.3592905 0.7105460
1311868180.568027 2.0747170 -0.7692664 1.5224686 -0.0663902 -0.6228951 -0.3713355 0.6853495
1311868181.600115 2.0518219 -0.8235899 1.6329958 -0.0651391 -0.6071375 -0.3706202 0.6998440
1311868182.032194 1.9226863 -0.8503587 1.6550803 -0.0602097 -0.6032797 -0.3667805 0.7056206
1311868182.500921 1.7776294 -0.8778317 1.6942677 -0.0599683 -0.6028500 -0.3559712 0.7115196
1311868182.936274 1.6315641 -0.9442175 1.7534567 -0.0271345 -0.6552933 -0.3483887 0.6696863
1311868183.300363 1.4884083 -1.0263603 1.8072314 0.0057048 -0.6925162 -0.3746712 0.6164497
1311868183.668587 1.3715659 -1.0660778 1.8321419 -0.0295968 -0.7298246 -0.3758078 0.5703056
1311868184.000440 1.2620548 -1.1009167 1.8372297 -0.0256838 -0.7261246 -0.3825074 0.5707639
1311868184.368210 1.1561608 -1.1256511 1.8449092 -0.0138251 -0.7259957 -0.3645524 0.5829585
1311868184.668352 1.0658023 -1.1447322 1.8714210 -0.0164912 -0.7478893 -0.3558999 0.5601115
1311868185.036432 0.9517727 -1.2065126 1.9111360 0.0101249 -0.7810178 -0.3593220 0.5106823
1311868185.401199 0.8546191 -1.2292291 1.9356189 -0.0193337 0.7978035 0.3479604 -0.4919953
1311868185.768630 0.7805695 -1.2429252 1.9477692 0.0432684 -0.7968630 -0.3197986 0.5107506
1311868186.103248 0.7255192 -1.2411423 1.9770793 -0.0329205 0.8105502 0.3275358 -0.4844016
1311868186.400544 0.6867176 -1.2446413 2.0238678 -0.0221040 0.8345712 0.3536976 -0.4217824
1311868186.900515 0.7113291 -1.2498314 2.0956855 0.0002390 0.8449267 0.3754711 -0.3809465
1311868187.268822 0.7914102 -1.2646708 2.1429529 0.0064730 0.8329886 0.3870723 -0.3953013
1311868187.600502 0.8354403 -1.2864255 2.2003112 0.0060867 0.8171739 0.4066147 -0.4084779
1311868188.000735 0.8422555 -1.3092909 2.2906663 0.0053363 0.8268280 0.4103457 -0.3846341
1311868188.336811 0.8087865 -1.3127030 2.4199467 0.0120045 0.8325320 0.4376411 -0.3394358
1311868188.703460 0.8325135 -1.3116144 2.4981046 0.0362991 0.8298736 0.4572737 -0.3176366
1311868189.036870 0.9218423 -1.3225245 2.5663738 0.0730071 0.8182861 0.4754948 -0.3146149
1311868189.368446 1.0114430 -1.3406565 2.6264439 0.0628717 0.8004724 0.4964105 -0.3299510
1311868189.968616 1.0577086 -1.3852706 2.7589960 0.0698174 0.7867450 0.5086263 -0.3427203
1311868190.604416 1.0228240 -1.4644921 2.9218256 0.0665231 0.7864407 0.5017751 -0.3539879
1311868192.105561 0.9379999 -1.5111450 2.9965336 0.0637796 0.7844937 0.4995619 -0.3618558
1311868193.038080 0.8254744 -1.5019851 2.8661056 0.0553778 0.7944053 0.4865268 -0.3593677
1311868193.710143 0.7493044 -1.5535153 2.8137703 0.0363086 0.8189589 0.4939977 -0.2897486
1311868194.243018 0.7125255 -1.5966685 2.7869492 0.0304782 0.8272151 0.4866836 -0.2791510
1311868195.038705 0.6681575 -1.6576382 2.7702901 0.0328659 0.8433882 0.4564394 -0.2815657
1311868195.508972 0.6361533 -1.6908876 2.8472109 0.0198868 0.8417838 0.4515237 -0.2951795
1311868195.869116 0.6258053 -1.6926082 2.9274807 0.0172208 0.8281662 0.4653197 -0.3119644
1311868196.369056 0.6855077 -1.6954349 3.0114033 0.0428346 0.8076106 0.4728548 -0.3497693
1311868196.837005 0.7279813 -1.7010493 3.0903890 0.0735545 0.7840111 0.4822502 -0.3838633
1311868197.337258 0.6897010 -1.7344990 3.2091217 0.0617461 0.7884728 0.5008335 -0.3516587
1311868197.769193 0.6362550 -1.7491617 3.3095136 0.0648765 0.7859593 0.5238944 -0.3218598
1311868198.437155 0.5597962 -1.7410561 3.3783286 0.0837269 0.7747257 0.5308548 -0.3331411
1311868199.469396 0.3957003 -1.7207925 3.3679690 0.0815630 0.7837504 0.5419987 -0.2920962
1311868200.205451 0.2677155 -1.7412760 3.4043682 0.0618546 0.8056607 0.5526380 -0.2041471
1311868200.837445 0.1492462 -1.7759025 3.4933920 0.0619833 0.8061356 0.5649678 -0.1646661
1311868202.373252 -0.0178786 -1.7631359 3.5222902 0.0540950 0.8004588 0.5837539 -0.1247834
1311868203.137538 -0.1386011 -1.7841449 3.5079060 0.0410450 0.8186104 0.5635551 -0.1029467
1311868203.605369 -0.1683519 -1.8371307 3.4242041 0.0376629 0.8360006 0.5457166 -0.0433346
1311868203.973618 -0.2267403 -1.8700792 3.3549333 0.0298921 0.8289316 0.5585160 -0.0062284
1311868204.305523 -0.2946195 -1.9174546 3.2934031 0.0288812 0.8349668 0.5493799 0.0133465
1311868204.837551 -0.3774717 -1.9753542 3.2326775 0.0204959 0.8280656 0.5589458 0.0382994
1311868205.205555 -0.4300082 -2.0283141 3.1830523 0.0199002 0.8342791 0.5497015 0.0375588
1311868205.805674 -0.4606131 -2.0851927 3.1444592 0.0251205 0.8643782 0.5008357 0.0371876
1311868206.205696 -0.4775699 -2.1140423 3.0948229 0.0264501 0.8766052 0.4798904 0.0238539
1311868207.505671 -0.5936004 -1.9831381 3.1901038 0.0054108 0.8601438 0.5042734 0.0763649
1311868207.873905 -0.6585974 -1.9395094 3.2328765 0.0007540 0.8549657 0.5137004 0.0717287
1311868208.237842 -0.7035941 -1.9063828 3.2874260 -0.0146745 0.8491581 0.5236005 0.0675102
1311868208.573867 -0.7474684 -1.8791173 3.3359671 -0.0092990 0.8433329 0.5326037 0.0709676
1311868208.973765 -0.8010347 -1.8329141 3.3774703 0.0032927 0.8284083 0.5557398 0.0698718
1311868209.705861 -0.8552271 -1.7031488 3.3620968 0.0168316 0.8136650 0.5764983 0.0729091
1311868211.205845 -0.9597344 -1.6134018 3.3242836 0.0015907 0.8153670 0.5653058 0.1249141
1311868211.773982 -1.1129967 -1.6043901 3.3276515 -0.0125617 0.8090561 0.5676505 0.1518004
1311868212.442138 -1.2429509 -1.5958436 3.3371973 -0.0120161 0.8063533 0.5736998 0.1432427
1311868213.374390 -1.3251710 -1.5681112 3.2436392 -0.0167728 0.8154445 0.5588492 0.1498548
1311868214.106187 -1.3793423 -1.5344982 3.1556044 -0.0099762 0.8161238 0.5490610 0.1799288
1311868214.806468 -1.4307455 -1.5126250 3.0917482 -0.0055373 0.8105940 0.5358629 0.2361305
1311868215.306401 -1.4779978 -1.5076494 3.0283306 -0.0287511 0.8044437 0.5163249 0.2923221
1311868215.674534 -1.4765234 -1.5317222 2.9628177 -0.0307170 0.8002196 0.5073154 0.3183335
1311868216.042488 -1.4644916 -1.5596359 2.9073720 -0.0274592 0.7960369 0.4979654 0.3429311
1311868216.342596 -1.4649403 -1.5888410 2.8564005 -0.0189472 0.7967661 0.4931763 0.3486861
1311868216.774257 -1.4810764 -1.6148715 2.7843130 -0.0042463 0.8000954 0.4872597 0.3498674
1311868217.206576 -1.4912870 -1.6462299 2.7329576 -0.0071485 0.8099679 0.4780296 0.3396890
1311868218.710423 -1.4988689 -1.5833325 2.7460999 0.0122826 0.8188664 0.4578799 0.3459088
1311868219.110710 -1.5501177 -1.5287840 2.7578688 -0.0065246 0.8160965 0.4482110 0.3647612
1311868219.543330 -1.5975411 -1.4166563 2.8003409 0.0120346 0.7992161 0.4638354 0.3820544
1311868220.042788 -1.6221789 -1.3359478 2.8518324 0.0328117 0.7796344 0.4733060 0.4087481
1311868220.442609 -1.6438911 -1.2783129 2.9055989 0.0198735 0.7610263 0.4874399 0.4276055
1311868220.974895 -1.7000290 -1.2286253 2.9384956 0.0039903 0.7394390 0.5124969 0.4365330
1311868222.643013 -1.8036377 -1.1835420 2.8830357 -0.0033365 0.7378145 0.5142782 0.4371916
1311868224.075595 -1.8752977 -1.1234317 2.7497706 0.0103068 0.7143213 0.5115355 0.4774624
1311868224.611208 -1.9483516 -1.0896847 2.6791236 -0.0000260 0.7078524 0.4903153 0.5084643
1311868225.143930 -2.0212121 -1.0564801 2.6013267 -0.0046652 0.7037932 0.4815517 0.5222655
1311868225.810874 -2.0953345 -1.0282238 2.5563459 -0.0034475 0.6891207 0.4794763 0.5433262
1311868226.444052 -2.1361647 -0.9960840 2.5013368 -0.0048488 0.6904533 0.4768969 0.5438934
1311868226.844284 -2.1410782 -0.9669458 2.4078443 -0.0017450 0.6835604 0.4808203 0.5491393
1311868227.247413 -2.1312516 -0.9409372 2.2965405 0.0013570 0.6839312 0.4665705 0.5608460
1311868227.610890 -2.1255484 -0.9171921 2.2302508 0.0119365 0.6738622 0.4592087 0.5787008
1311868227.979289 -2.1347589 -0.8904305 2.1703556 0.0066323 0.6485059 0.4394848 0.6214895
1311868228.344381 -2.1688142 -0.8628747 2.1012135 0.0034547 0.6229273 0.4216575 0.6589041
1311868228.714922 -2.2113123 -0.8368046 2.0322418 -0.0103243 0.6148772 0.4101790 0.6734780
1311868229.115479 -2.2375441 -0.8008337 1.9616508 -0.0047838 0.6133248 0.4118811 0.6739168
1311868229.512638 -2.1913502 -0.8073453 1.9008061 -0.0102887 0.5978428 0.4285314 0.6773766
1311868229.883361 -2.0998640 -0.8401154 1.8333297 -0.0142327 0.6001540 0.4319178 0.6730970
1311868230.214879 -2.0239391 -0.8718217 1.7826174 -0.0146591 0.6084816 0.4321777 0.6654004
1311868230.543330 -1.9503639 -0.8942612 1.7200469 -0.0061857 0.5937551 0.4623396 0.6585278
1311868230.713079 -1.9171298 -0.9037190 1.6806810 0.0044710 0.6057895 0.4586582 0.6501013
1311868231.012678 -1.8741446 -0.9079701 1.6269045 -0.0119614 0.6108616 0.4380844 0.6593838
1311868231.243144 -1.8458884 -0.9224242 1.5826137 -0.0373293 0.6132094 0.4276690 0.6630837
1311868231.711268 -1.7530551 -0.9618792 1.5338441 -0.0752276 0.6050031 0.4292041 0.6664053
1311868232.143235 -1.6756364 -1.0303270 1.5181545 -0.0902594 0.5965150 0.4331706 0.6696165
1311868232.583131 -1.6008453 -1.0883427 1.5109496 -0.0878995 0.6055537 0.4453326 0.6536492
1311868234.243581 -1.7201941 -1.0122042 1.4302481 -0.0505749 0.5916170 0.3886391 0.7045504
1311868234.643547 -1.8161108 -0.9539876 1.3883872 -0.0531351 0.5857409 0.3597287 0.7243477
1311868234.979489 -1.8872843 -0.8970774 1.3570433 -0.0536440 0.5802028 0.3594363 0.7288982
1311868235.543566 -1.9666712 -0.7879210 1.3013139 -0.0453915 0.5785819 0.3680358 0.7264518
1311868236.011678 -1.9799337 -0.7034771 1.2619108 -0.0392099 0.5818738 0.3613882 0.7275191
1311868236.479602 -1.9717287 -0.6173314 1.2119899 -0.0421077 0.5563565 0.3535021 0.7508199
1311868236.879498 -1.9705849 -0.5583664 1.1887043 -0.0194181 0.5388131 0.3440914 0.7687031
1311868237.247704 -1.9742873 -0.4910785 1.1557788 -0.0006034 0.5165687 0.3480130 0.7823320
1311868237.647688 -1.9878268 -0.4204255 1.0634073 -0.0165516 0.4956991 0.3205308 0.8070121
1311868238.047724 -2.0102286 -0.3474672 0.9689156 -0.0214142 0.4667405 0.3119895 0.8272589
1311868238.447579 -2.0055838 -0.2919909 0.9072315 -0.0240895 0.4549821 0.3110881 0.8340474
1311868239.011813 -1.9465619 -0.2223547 0.8431854 -0.0299229 0.4468179 0.3315153 0.8303951
1311868239.679838 -1.8846390 -0.1642219 0.7942448 -0.0293899 0.4008829 0.3033984 0.8639320
1311868240.079916 -1.8674785 -0.1133237 0.7374663 -0.0374894 0.3650745 0.2836894 0.8859094
1311868240.412142 -1.8571005 -0.0600595 0.6494566 -0.0505779 0.3534483 0.2642756 0.8959211
1311868240.911960 -1.8667729 -0.0037327 0.5783440 -0.0613537 0.3442430 0.2633196 0.8991081
1311868241.547948 -1.7555338 -0.1093427 0.5364662 -0.0662278 0.3434035 0.2829181 0.8931099
1311868241.847976 -1.6961544 -0.1551210 0.5130150 -0.0635211 0.3345755 0.2754875 0.8989611
1311868242.180028 -1.6388034 -0.1922822 0.4622861 -0.0682468 0.3093115 0.2398979 0.9176698
1311868242.580083 -1.6046586 -0.1961087 0.4151200 -0.0605417 0.2788543 0.2157780 0.9338173
1311868243.012214 -1.5672903 -0.1760310 0.3945201 -0.0444545 0.2849298 0.2109525 0.9339903
1311868243.411942 -1.5294766 -0.1564735 0.3584613 -0.0350462 0.2746544 0.2058557 0.9385948
1311868243.747912 -1.4912696 -0.1156981 0.2951633 -0.0512154 0.2398368 0.1694053 0.9545455
1311868244.080141 -1.4490489 -0.0678970 0.2303024 -0.0618826 0.2038532 0.1568299 0.9643748
1311868244.448220 -1.4252243 0.0064770 0.1849356 -0.0606104 0.1822631 0.1350707 0.9720404
1311868244.912189 -1.3699836 0.0772120 0.1430364 -0.0670513 0.1946847 0.1471322 0.9674472
1311868245.412242 -1.2737308 0.1234638 0.1310686 -0.0613280 0.1841839 0.1303950 0.9722717
1311868245.816257 -1.1897612 0.1681227 0.1023349 -0.0544917 0.1617502 0.1518563 0.9735539
1311868246.148198 -1.1380887 0.2155730 0.0541929 -0.0778932 0.1341353 0.1350670 0.9786201
1311868246.516170 -1.1081815 0.2692199 -0.0197261 -0.0905730 0.1281051 0.1279176 0.9792970
1311868247.116311 -1.0698473 0.3224310 -0.1038094 -0.1009301 0.1511130 0.1389318 0.9734865
1311868247.948167 -0.9072645 0.2231545 -0.0465706 -0.0928066 0.1416305 0.1239768 0.9777308
1311868248.348315 -0.8201528 0.1700074 -0.0077708 -0.0934446 0.1172033 0.1213936 0.9812212
1311868248.716495 -0.7143567 0.1268112 0.0173717 -0.1088487 0.0918561 0.0851954 0.9861319
1311868249.080657 -0.6058144 0.0749989 0.0317617 -0.1264395 0.0813868 0.0769894 0.9856277
1311868249.480373 -0.5346355 0.0362357 0.0634432 -0.1205545 0.0840381 0.0754203 0.9862636
1311868249.880507 -0.4903984 -0.0368991 0.1229416 -0.1141282 0.0911513 0.0730716 0.9865732
1311868250.280374 -0.4688452 -0.1255931 0.1907322 -0.1014451 0.0960656 0.0738632 0.9874333
1311868250.716511 -0.4536524 -0.2063667 0.2366719 -0.0916016 0.0839100 0.0772855 0.9892397
1311868251.780606 -0.3802719 -0.1610781 0.1887893 -0.0761057 0.0733318 0.0461841 0.9933264
1311868252.148733 -0.2980892 -0.1272953 0.1304610 -0.0772009 0.0632264 0.0343757 0.9944148
1311868252.480598 -0.2104082 -0.0809686 0.0701449 -0.0813790 0.0477912 0.0035667 0.9955304
1311868252.816693 -0.1262491 -0.0301001 0.0266203 -0.0976219 0.0367242 0.0099333 0.9944962
1311868254.116780 0.1673086 0.0296662 0.0443400 -0.1070459 0.0235907 0.0170957 0.9938272
1311868254.916952 0.3870882 0.0852936 0.0060453 -0.1438774 -0.0616428 -0.0302960 0.9872090
1311868255.684941 0.5136869 0.1156360 -0.0135082 -0.1449031 -0.0824507 -0.0297715 0.9855550
1311868255.817549 0.5374048 0.1131138 -0.0066150 -0.1467352 -0.0834201 -0.0348201 0.9850368
1311868256.517192 0.6992037 0.0448448 0.0737809 -0.1354927 -0.1027840 -0.0554447 0.9838715
1311868257.184982 0.8321943 -0.0321737 0.1423894 -0.1180523 -0.1502560 -0.0894933 0.9774854
1311868257.885261 0.9566364 -0.1478430 0.1928780 -0.1173486 -0.2012538 -0.1521162 0.9605139
1311868258.616904 0.9580249 -0.3144274 0.3097446 -0.1365537 -0.2352467 -0.1865452 0.9440408
1311868259.248996 0.9642179 -0.4363985 0.4317233 -0.1120806 -0.2797573 -0.1963432 0.9330719
1311868260.017107 1.0558411 -0.4926934 0.5406119 -0.0864651 -0.3049001 -0.2243507 0.9215349
1311868261.185057 0.9960759 -0.4503216 0.5123118 -0.1045873 -0.3222391 -0.2304328 0.9122084
