1311868164.363181 0.0000012 0.0000070 -0.0000094 0.0000028 -0.0000025 -0.0000022 1.0000000
1311868164.863058 0.0587643 -0.0000284 -0.0420253 0.0068492 -0.0044258 -0.0156415 0.9998444
1311868164.899132 0.0656800 -0.0020226 -0.0428225 0.0098588 -0.0030415 -0.0159166 0.9998201
1311868165.131014 0.1356620 -0.0003685 -0.0563288 0.0118860 -0.0221720 -0.0252869 0.9993637
1311868165.331226 0.2078293 0.0186090 -0.0707989 0.0099610 -0.0432050 -0.0356128 0.9983816
1311868165.699187 0.3019280 0.0395316 -0.0851073 -0.0045238 -0.0531754 -0.0363053 0.9979147
1311868166.263177 0.3148143 0.1061733 -0.1824208 -0.0337481 -0.0095425 -0.0250785 0.9990701
1311868167.463303 0.5977821 0.1390603 -0.2487479 -0.0349853 -0.0713192 -0.0611110 0.9949648
1311868169.199452 0.6998656 -0.0361595 -0.0304694 -0.0078939 -0.1489739 -0.0878333 0.9849009
1311868169.863396 0.7899243 -0.1668317 0.0765368 0.0384953 -0.2474978 -0.1445192 0.9572759
1311868171.463459 1.0950476 -0.1508241 0.0219635 0.0221798 -0.2929088 -0.1559703 0.9430725
1311868172.263475 1.2912838 -0.1347318 0.1171854 -0.0142910 -0.3184266 -0.1959526 0.9273634
1311868172.899539 1.3681544 -0.1136448 0.2455720 -0.0755695 -0.2953041 -0.2157048 0.9276617
1311868173.931642 1.4178494 -0.2382724 0.4524051 -0.0650978 -0.3422031 -0.2405618 0.9059743
1311868174.899678 1.5068330 -0.3754659 0.6089410 -0.0266754 -0.4233788 -0.2606230 0.8672454
1311868175.231818 1.4619368 -0.4461763 0.6410861 0.0215693 -0.4268916 -0.2533958 0.8678070
1311868175.367738 1.4459982 -0.4610830 0.6582270 0.0366852 -0.4390659 -0.2317281 0.8672816
1311868175.799815 1.4254155 -0.5274203 0.7382908 0.0655742 -0.4707910 -0.2009029 0.8565593
1311868176.067949 1.4455447 -0.5675221 0.7990487 0.0732326 -0.5049574 -0.2125183 0.8333613
1311868176.431678 1.5114307 -0.6125777 0.9095653 0.0608408 -0.5332331 -0.2472702 0.8067331
1311868176.967856 1.5421422 -0.6468679 1.0270412 0.0333641 -0.5391520 -0.2581984 0.8009591
1311868177.867810 1.4849474 -0.7002554 1.2199918 0.0130240 -0.5445984 -0.2913207 0.7863684
1311868178.299815 1.5389669 -0.7326192 1.3202541 0.0204383 -0.5842845 -0.3314741 0.7404855
1311868179.132026 1.7355131 -0.7265857 1.3514781 -0.0187814 -0.6122685 -0.3307632 0.7178929
1311868180.200023 2.0054727 -0.7630618 1.4497284 -0.0482695 -0.6036487 -0.3632278 0.7080564
1311868182.300234 1.8336561 -0.8718045 1.6719533 -0.0597873 -0.6010807 -0.3622543 0.7098587
1311868182.700341 1.7026255 -0.9196119 1.7116523 -0.0453486 -0.6197163 -0.3473556 0.7023100
1311868182.968092 1.6117219 -0.9535953 1.7581325 -0.0235965 -0.6577891 -0.3522741 0.6653268
1311868183.268380 1.4944004 -1.0261195 1.8040575 0.0035217 -0.6879530 -0.3742621 0.6218007
1311868183.500255 1.4247652 -1.0485947 1.8105321 0.0023281 -0.7107682 -0.3808986 0.5913709
1311868183.968498 1.2689273 -1.0967333 1.8343376 -0.0313101 -0.7241004 -0.3845033 0.5717127
1311868184.336293 1.1592168 -1.1273038 1.8427759 -0.0141726 -0.7229206 -0.3649517 0.5865110
1311868184.636350 1.0723755 -1.1437948 1.8662131 -0.0153311 -0.7412005 -0.3572305 0.5681313
1311868184.836324 1.0061457 -1.1791573 1.8890184 -0.0016485 -0.7647408 -0.3577394 0.5359024
1311868184.968436 0.9649229 -1.2017502 1.9033976 0.0051539 -0.7756597 -0.3583062 0.5195595
1311868185.268543 0.8822023 -1.2289939 1.9253604 -0.0134816 0.7906338 0.3614933 -0.4940031
1311868185.401199 0.8485708 -1.2341692 1.9352915 -0.0190296 0.7956901 0.3498684 -0.4940721
1311868185.500443 0.8272318 -1.2397987 1.9406185 0.0250768 -0.7934760 -0.3442782 0.5012380
1311868185.600364 0.8087561 -1.2406328 1.9406238 0.0369327 -0.7921553 -0.3376477 0.5070701
1311868185.668624 0.7942815 -1.2440610 1.9442345 0.0433477 -0.7936279 -0.3340129 0.5066667
1311868185.701972 0.7896338 -1.2475352 1.9454036 0.0439375 -0.7938378 -0.3298177 0.5090297
1311868185.736700 0.7828169 -1.2465690 1.9477448 0.0433932 -0.7942838 -0.3254744 0.5111719
1311868185.800441 0.7720283 -1.2464070 1.9507368 0.0420037 -0.7957935 -0.3180589 0.5136020
1311868185.868447 0.7636206 -1.2445467 1.9554598 0.0351826 -0.7985781 -0.3146851 0.5118676
1311868186.136633 0.7196677 -1.2498523 1.9829504 -0.0329630 0.8102697 0.3318165 -0.4819484
1311868186.168524 0.7130128 -1.2482908 1.9876087 -0.0312583 0.8125294 0.3335913 -0.4770070
1311868186.200391 0.7071498 -1.2459913 1.9916310 -0.0289353 0.8149347 0.3359109 -0.4713894
1311868186.268650 0.6970463 -1.2478850 2.0010374 -0.0264429 0.8207527 0.3435481 -0.4556759
1311868186.336402 0.6895542 -1.2484547 2.0124273 -0.0244512 0.8271083 0.3487719 -0.4400592
1311868186.436523 0.6786051 -1.2492235 2.0329442 -0.0206043 0.8345150 0.3580887 -0.4182495
1311868186.537052 0.6737160 -1.2482214 2.0477786 -0.0124127 0.8375526 0.3634395 -0.4077540
1311868186.636497 0.6728998 -1.2514839 2.0632198 -0.0049726 0.8408291 0.3684199 -0.3965457
1311868187.036707 0.7323000 -1.2666962 2.1133716 0.0000469 0.8414365 0.3782102 -0.3859295
1311868187.236433 0.7810782 -1.2737713 2.1401477 0.0050489 0.8335227 0.3851557 -0.3960675
1311868187.600502 0.8320386 -1.2922651 2.2007973 0.0065037 0.8151310 0.4085507 -0.4106160
1311868188.036686 0.8357702 -1.3181731 2.3034770 0.0066342 0.8267664 0.4132972 -0.3815740
1311868188.200610 0.8201246 -1.3251247 2.3665626 0.0192661 0.8330913 0.4215397 -0.3576199
1311868188.437067 0.8014607 -1.3139043 2.4492085 0.0130812 0.8259677 0.4519756 -0.3366368
1311868188.768663 0.8419822 -1.3224316 2.5141208 0.0414841 0.8261839 0.4628138 -0.3185947
1311868188.968696 0.9011479 -1.3270895 2.5538344 0.0609208 0.8191735 0.4727696 -0.3189550
1311868189.302276 0.9937964 -1.3441114 2.6154547 0.0661050 0.8011419 0.4939705 -0.3313532
1311868189.868685 1.0563588 -1.3848046 2.7344429 0.0697172 0.7865031 0.5098526 -0.3414713
1311868190.668720 1.0209554 -1.4806992 2.9337256 0.0656087 0.7850027 0.5023280 -0.3565570
1311868193.270506 0.8002998 -1.5176067 2.8539414 0.0629947 0.8025515 0.4899222 -0.3345430
1311868194.568867 0.6816310 -1.6354022 2.7721620 0.0273748 0.8322400 0.4748818 -0.2848059
1311868196.208314 0.6547782 -1.7026210 2.9939413 0.0330240 0.8135331 0.4747856 -0.3341435
1311868197.036991 0.7172825 -1.7260029 3.1439419 0.0707593 0.7840059 0.4809367 -0.3860412
1311868197.905203 0.6220636 -1.7557738 3.3410110 0.0758600 0.7828507 0.5265324 -0.3227285
1311868199.669160 0.3706730 -1.7216469 3.3750169 0.0821380 0.7894710 0.5436893 -0.2727470
1311868200.705281 0.1700039 -1.7763650 3.4805923 0.0604249 0.8042839 0.5659027 -0.1709692
1311868202.637392 -0.0687203 -1.7782388 3.5349963 0.0448322 0.7989722 0.5863093 -0.1259955
1311868203.537432 -0.1461138 -1.8277383 3.4474690 0.0393154 0.8354431 0.5448858 -0.0599058
1311868204.573698 -0.3343484 -1.9475670 3.2674830 0.0214594 0.8273860 0.5602924 0.0323162
1311868205.537722 -0.4369504 -2.0647018 3.1698220 0.0230293 0.8519858 0.5216050 0.0389631
1311868206.373776 -0.4593742 -2.1039310 3.1201601 0.0188153 0.8832797 0.4684449 0.0047316
1311868207.537787 -0.5904929 -1.9851270 3.2100756 0.0037204 0.8605592 0.5043899 0.0708156
1311868208.137703 -0.6775221 -1.9265648 3.2870121 -0.0091302 0.8513489 0.5207959 0.0623964
1311868209.137783 -0.8002386 -1.8200816 3.3995180 -0.0007383 0.8234863 0.5643163 0.0584529
1311868211.842132 -1.1139258 -1.6227595 3.3357728 -0.0148296 0.8067482 0.5725448 0.1453612
1311868214.474262 -1.3956894 -1.5421597 3.1418355 0.0012296 0.8122287 0.5498546 0.1947897
1311868216.042488 -1.4585922 -1.5777951 2.9244969 -0.0291105 0.7962500 0.5002727 0.3389185
1311868216.906366 -1.4803138 -1.6469927 2.7836378 -0.0060332 0.8037474 0.4834654 0.3467202
1311868219.174460 -1.5546858 -1.5319312 2.7784855 -0.0043102 0.8153358 0.4507558 0.3633568
1311868219.674450 -1.6044607 -1.4058080 2.8238540 0.0182365 0.7914596 0.4756703 0.3834018
1311868220.410461 -1.6400006 -1.3001517 2.9247003 0.0215708 0.7639053 0.4882386 0.4214337
1311868221.642622 -1.7450137 -1.2329844 2.9782238 -0.0035612 0.7419591 0.5108672 0.4341644
1311868224.574703 -1.9431610 -1.1035476 2.6949859 0.0013249 0.7063383 0.4945956 0.5064185
1311868226.277609 -2.1243424 -1.0149337 2.5372195 -0.0075707 0.6861713 0.4759090 0.5501111
1311868227.010946 -2.1387715 -0.9641176 2.3811095 0.0005040 0.6842266 0.4757857 0.5526858
1311868227.679026 -2.1244659 -0.9155475 2.2375486 0.0134664 0.6699592 0.4590650 0.5832946
1311868228.312417 -2.1659966 -0.8721408 2.1295638 0.0040336 0.6254628 0.4247169 0.6545194
1311868229.249047 -2.2379913 -0.8039011 1.9649978 -0.0004937 0.6180370 0.4059044 0.6732545
1311868230.012490 -2.0760543 -0.8644274 1.8373741 -0.0131487 0.6017672 0.4319167 0.6716779
1311868230.343265 -1.9968979 -0.8963947 1.7759900 -0.0172319 0.6094476 0.4348758 0.6626913
1311868230.613609 -1.9438577 -0.9037169 1.7265339 -0.0058897 0.6022032 0.4653375 0.6486737
1311868230.843194 -1.9036767 -0.9141914 1.6778045 0.0042348 0.6107205 0.4465221 0.6539270
1311868231.115505 -1.8620944 -0.9252714 1.6218505 -0.0153194 0.6178131 0.4297572 0.6583169
1311868231.343237 -1.8300300 -0.9364408 1.5869882 -0.0558683 0.6078796 0.4329034 0.6632916
1311868231.743341 -1.7494402 -0.9757131 1.5498239 -0.0758048 0.6067095 0.4313557 0.6633924
1311868232.011255 -1.6988616 -1.0178214 1.5384847 -0.0842593 0.6003658 0.4381992 0.6636586
1311868232.343193 -1.6417652 -1.0649793 1.5321491 -0.0918594 0.5931875 0.4405859 0.6675137
1311868233.079646 -1.5695086 -1.1457086 1.5416453 -0.0722589 0.6095908 0.4285848 0.6629425
1311868233.979347 -1.6693925 -1.0440389 1.4877144 -0.0510597 0.5913237 0.4089295 0.6931853
1311868234.479529 -1.7792356 -0.9876190 1.4257001 -0.0511692 0.5885607 0.3662893 0.7188951
1311868234.943562 -1.8834661 -0.9113554 1.3756658 -0.0535735 0.5812654 0.3613060 0.7271302
1311868235.279710 -1.9439682 -0.8499747 1.3432217 -0.0553351 0.5739449 0.3698533 0.7285149
1311868235.711568 -1.9816337 -0.7670710 1.3018311 -0.0436874 0.5934458 0.3630464 0.7170151
1311868236.043684 -1.9848197 -0.7093227 1.2777026 -0.0368552 0.5805545 0.3642888 0.7272495
1311868236.443514 -1.9769630 -0.6386275 1.2370591 -0.0433251 0.5585775 0.3556199 0.7480966
1311868236.911822 -1.9747453 -0.5639054 1.2068486 -0.0200084 0.5368310 0.3466453 0.7689273
1311868237.379984 -1.9833797 -0.4778852 1.1485703 -0.0015260 0.5105394 0.3444326 0.7878537
1311868237.647688 -1.9943912 -0.4289481 1.0823424 -0.0166305 0.4967873 0.3229671 0.8053682
1311868238.079831 -2.0219741 -0.3479535 0.9804986 -0.0212239 0.4660576 0.3152426 0.8264151
1311868238.847715 -1.9828470 -0.2522325 0.8803762 -0.0308501 0.4551710 0.3262873 0.8278914
1311868239.479757 -1.9134154 -0.1926803 0.8219504 -0.0222353 0.4140351 0.3179463 0.8526375
1311868240.247823 -1.8701644 -0.0948357 0.7094228 -0.0392194 0.3587374 0.2804048 0.8894619
1311868240.547745 -1.8789036 -0.0437860 0.6422670 -0.0595342 0.3532543 0.2525488 0.8988249
1311868241.479924 -1.7822343 -0.1083732 0.5541041 -0.0716973 0.3470828 0.2810097 0.8918669
1311868242.047949 -1.6730850 -0.1939282 0.4974532 -0.0625141 0.3246217 0.2559088 0.9084181
1311868242.812042 -1.5936408 -0.1901247 0.4174394 -0.0488190 0.2754833 0.2107692 0.9366440
1311868243.611954 -1.5222821 -0.1458764 0.3313817 -0.0381881 0.2620561 0.1880616 0.9457807
1311868244.048067 -1.4657407 -0.0795543 0.2426172 -0.0632245 0.2085817 0.1598160 0.9627851
1311868244.312192 -1.4514161 -0.0297582 0.1983473 -0.0552619 0.1847194 0.1390663 0.9713318
1311868244.780046 -1.4082329 0.0564035 0.1617910 -0.0606051 0.1859693 0.1423248 0.9703020
1311868245.148152 -1.3469404 0.1063812 0.1544970 -0.0764135 0.2053588 0.1393514 0.9656966
1311868245.580262 -1.2486923 0.1330109 0.1282272 -0.0505981 0.1657900 0.1310789 0.9761003
1311868246.016098 -1.1623341 0.1974723 0.0863724 -0.0662142 0.1476089 0.1482559 0.9756267
1311868246.616068 -1.1131992 0.2830424 -0.0302998 -0.0944891 0.1304474 0.1300675 0.9783342
1311868247.916219 -0.9195277 0.2274328 -0.0396916 -0.0931583 0.1421311 0.1265624 0.9772933
1311868248.680356 -0.7322785 0.1344610 0.0332388 -0.1055434 0.0938687 0.0932350 0.9855742
1311868249.180476 -0.5871422 0.0683041 0.0479097 -0.1304008 0.0834986 0.0772832 0.9849116
1311868249.548294 -0.5335568 0.0279914 0.0801714 -0.1150271 0.0899366 0.0741014 0.9865035
1311868249.980348 -0.4878470 -0.0583985 0.1526902 -0.1090743 0.0977559 0.0763716 0.9862626
1311868250.480450 -0.4733496 -0.1608159 0.2260284 -0.0928854 0.0974735 0.0733456 0.9881759
1311868251.916574 -0.3594863 -0.1449718 0.1795738 -0.0790355 0.0724792 0.0461055 0.9931639
1311868252.380676 -0.2401836 -0.0961712 0.0930006 -0.0755386 0.0575543 0.0033521 0.9954749
1311868252.916592 -0.1091476 -0.0121623 0.0259869 -0.0989930 0.0371246 0.0142073 0.9942939
1311868253.381067 -0.0058071 0.0152045 0.0199933 -0.1098898 0.0452519 0.0199527 0.9927126
1311868254.516676 0.2796170 0.0575249 0.0389245 -0.1193429 -0.0280182 -0.0120016 0.9923851
1311868254.816878 0.3605800 0.0853594 0.0161153 -0.1376236 -0.0573064 -0.0288925 0.9884032
1311868255.185128 0.4378286 0.1135030 -0.0055799 -0.1446733 -0.0750575 -0.0314207 0.9861282
1311868255.817549 0.5364962 0.1195652 0.0014640 -0.1448244 -0.0831806 -0.0347331 0.9853428
1311868256.284837 0.6426728 0.0753939 0.0533481 -0.1476501 -0.0943417 -0.0523440 0.9831374
1311868256.616929 0.7185797 0.0424561 0.0879385 -0.1271981 -0.1055155 -0.0534137 0.9848015
1311868257.348967 0.8667557 -0.0538502 0.1559812 -0.1267292 -0.1583172 -0.1085082 0.9731913
1311868258.016837 0.9605947 -0.1656395 0.2021994 -0.1265340 -0.2144803 -0.1584452 0.9554488
1311868258.484910 0.9599413 -0.2687198 0.2882764 -0.1428145 -0.2372397 -0.1879324 0.9423390
1311868258.716929 0.9533514 -0.3370212 0.3318059 -0.1338888 -0.2443697 -0.1759265 0.9441436
1311868259.449140 0.9896905 -0.4670237 0.4770840 -0.1031047 -0.2912872 -0.2129490 0.9269164
