1311868164.363181 -0.0000006 0.0000465 -0.0000869 -0.0000095 -0.0001042 -0.0000253 1.0000000
1311868164.863058 0.0587900 -0.0001762 -0.0425239 0.0070798 -0.0045328 -0.0156597 0.9998420
1311868165.231193 0.1717277 0.0072724 -0.0667482 0.0160579 -0.0297206 -0.0324292 0.9989030
1311868165.563054 0.2745084 0.0364057 -0.0751603 -0.0081821 -0.0572527 -0.0316291 0.9978250
1311868166.431171 0.3204526 0.1309860 -0.2079089 -0.0528155 -0.0023222 -0.0225897 0.9983460
1311868168.399360 0.6792348 0.0778480 -0.1655791 -0.0417090 -0.0902452 -0.0646437 0.9929438
1311868169.263274 0.7024885 -0.0494941 -0.0220821 -0.0041483 -0.1604690 -0.0940473 0.9825414
1311868169.731279 0.7652224 -0.1505808 0.0582691 0.0346830 -0.2380871 -0.1453831 0.9596746
1311868171.031493 1.0010842 -0.1590382 -0.0001639 0.0265586 -0.2631703 -0.1336032 0.9550844
1311868171.699419 1.1532017 -0.1507370 0.0341542 0.0184789 -0.3055834 -0.1738696 0.9359736
1311868172.363479 1.3036339 -0.1302291 0.1235584 -0.0219625 -0.3167523 -0.2002634 0.9268658
1311868172.899539 1.3648307 -0.1106477 0.2390844 -0.0750403 -0.2938330 -0.2149640 0.9283435
1311868173.931642 1.4141502 -0.2396438 0.4449212 -0.0655220 -0.3408009 -0.2403375 0.9065316
1311868174.631772 1.5082986 -0.3310255 0.5633634 -0.0408778 -0.4090368 -0.2710511 0.8703730
1311868175.199578 1.4618683 -0.4380421 0.6267110 0.0090196 -0.4233788 -0.2560928 0.8689566
1311868175.967871 1.4351010 -0.5517148 0.7619948 0.0717815 -0.4881519 -0.2037849 0.8455926
1311868176.299834 1.4864056 -0.6010577 0.8531106 0.0705704 -0.5266181 -0.2375157 0.8131909
1311868176.731819 1.5361207 -0.6252109 0.9726403 0.0360165 -0.5370916 -0.2572403 0.8025353
1311868177.499762 1.4923724 -0.6888989 1.1228530 0.0360576 -0.5279827 -0.2746236 0.8028175
1311868177.967919 1.4922297 -0.7053298 1.2250251 0.0134284 -0.5514836 -0.3014458 0.7776991
1311868178.467895 1.5621127 -0.7292656 1.3356005 0.0071836 -0.5969535 -0.3353272 0.7288008
1311868179.100093 1.7232740 -0.7241527 1.3384176 -0.0156024 -0.6085825 -0.3303622 0.7212799
1311868179.832089 1.9355490 -0.7284864 1.3686072 -0.0412233 -0.5822517 -0.3506001 0.7323682
1311868180.867980 2.0944071 -0.7939458 1.5383704 -0.0677210 -0.6173915 -0.3735275 0.6889984
1311868182.536127 1.7646741 -0.8876605 1.6786101 -0.0581698 -0.5998499 -0.3560764 0.7141470
1311868182.868215 1.6550320 -0.9356332 1.7274923 -0.0316165 -0.6414996 -0.3453951 0.6842375
1311868183.136176 1.5476561 -0.9981803 1.7739222 -0.0106975 -0.6739206 -0.3614977 0.6442328
1311868183.436153 1.4434860 -1.0468997 1.8050632 0.0120350 -0.7029063 -0.3825614 0.5995204
1311868183.836230 1.3206792 -1.0806763 1.8243253 -0.0303501 -0.7233284 -0.3794566 0.5760968
1311868184.000440 1.2594755 -1.1049023 1.8255848 -0.0259215 -0.7224030 -0.3843799 0.5742073
1311868184.268504 1.1788149 -1.1275988 1.8310951 -0.0162224 -0.7231814 -0.3632559 0.5871887
1311868184.600381 1.0872583 -1.1442510 1.8549045 -0.0136712 -0.7361265 -0.3577679 0.5743979
1311868184.768456 1.0299090 -1.1667603 1.8748122 -0.0091310 -0.7564873 -0.3593703 0.5463485
1311868184.968436 0.9690928 -1.2037199 1.8952042 0.0050859 -0.7743936 -0.3585455 0.5212810
1311868185.300484 0.8770935 -1.2335750 1.9173628 -0.0157316 0.7911877 0.3583142 -0.4953640
1311868185.500443 0.8305922 -1.2415040 1.9329767 0.0250905 -0.7923011 -0.3443827 0.5030209
1311868185.600364 0.8121489 -1.2423823 1.9328640 0.0365854 -0.7909572 -0.3378208 0.5088471
1311868185.736700 0.7855077 -1.2474020 1.9393778 0.0434762 -0.7930506 -0.3256497 0.5129648
1311868185.936471 0.7529339 -1.2438102 1.9529022 0.0317249 -0.8000216 -0.3188267 0.5072559
1311868186.136633 0.7212678 -1.2496961 1.9751859 -0.0331394 0.8090656 0.3322036 -0.4836894
1311868186.368410 0.6914594 -1.2501376 2.0114031 -0.0230917 0.8290520 0.3525025 -0.4334530
1311868186.600576 0.6774185 -1.2513252 2.0481651 -0.0055661 0.8386888 0.3674855 -0.4019012
1311868187.036707 0.7359376 -1.2663000 2.1047139 -0.0002233 0.8404272 0.3783693 -0.3879675
1311868187.268822 0.7929525 -1.2707384 2.1352382 0.0068038 0.8300483 0.3889869 -0.3995780
1311868187.436706 0.8156130 -1.2827042 2.1624293 0.0080954 0.8205108 0.4052625 -0.4030617
1311868187.936595 0.8455012 -1.3139458 2.2633188 0.0082744 0.8197734 0.4117767 -0.3979234
1311868188.136705 0.8337004 -1.3255275 2.3305655 0.0136953 0.8299669 0.4170196 -0.3702189
1311868188.268577 0.8183324 -1.3253722 2.3854980 0.0172513 0.8319725 0.4294126 -0.3508973
1311868188.468574 0.8085306 -1.3136936 2.4438105 0.0164358 0.8239390 0.4550714 -0.3372897
1311868188.668666 0.8290267 -1.3220545 2.4846654 0.0364917 0.8276725 0.4581039 -0.3221295
1311868189.000574 0.9178917 -1.3323858 2.5501733 0.0690913 0.8165478 0.4754134 -0.3200908
1311868189.400547 1.0250083 -1.3581388 2.6229589 0.0637914 0.7953008 0.5008739 -0.3354885
1311868189.868685 1.0652187 -1.3907543 2.7239683 0.0704112 0.7848368 0.5108804 -0.3436200
1311868190.568647 1.0317321 -1.4796726 2.9110563 0.0695165 0.7841112 0.5038360 -0.3556491
1311868192.438459 0.8986701 -1.5232230 2.9537668 0.0606555 0.7785603 0.5005192 -0.3736914
1311868193.710143 0.7550138 -1.5669086 2.8089972 0.0381360 0.8163638 0.4957484 -0.2938184
1311868195.569178 0.6402681 -1.7030835 2.8562469 0.0209759 0.8372215 0.4538353 -0.3043907
1311868196.208314 0.6648063 -1.7079792 2.9840209 0.0342641 0.8117765 0.4755782 -0.3371502
1311868197.205086 0.7106712 -1.7426542 3.1774378 0.0685588 0.7833316 0.4914281 -0.3744193
1311868198.537261 0.5475384 -1.7579246 3.3839855 0.0832687 0.7723012 0.5331895 -0.3351508
1311868200.237169 0.2640103 -1.7636105 3.4130733 0.0654411 0.8037812 0.5549174 -0.2042547
1311868202.305308 -0.0025306 -1.7821085 3.5312679 0.0576133 0.8004658 0.5823821 -0.1294844
1311868204.037612 -0.2348603 -1.8931366 3.3524411 0.0319066 0.8318870 0.5539426 -0.0096753
1311868205.605542 -0.4570752 -2.0792634 3.1627560 0.0321932 0.8573915 0.5118983 0.0424685
1311868208.773982 -0.7886242 -1.8799853 3.3737059 0.0030868 0.8348794 0.5457096 0.0718886
1311868211.906024 -1.1468868 -1.6129243 3.3513095 -0.0061326 0.8075280 0.5704625 0.1497782
1311868214.806468 -1.4356450 -1.5195017 3.1162417 -0.0004625 0.8115246 0.5355465 0.2337041
1311868216.606527 -1.4833000 -1.6097188 2.8288479 -0.0100878 0.7992680 0.4940157 0.3420780
1311868220.074683 -1.6277177 -1.3393095 2.8731661 0.0375569 0.7771584 0.4773874 0.4083081
1311868222.077068 -1.7675276 -1.2245311 2.9579542 0.0051539 0.7441351 0.5171485 0.4228401
1311868225.310787 -2.0481396 -1.0507783 2.6028864 -0.0017669 0.7007769 0.4817828 0.5261121
1311868227.144535 -2.1422906 -0.9471365 2.3437028 0.0000581 0.6871094 0.4671328 0.5564779
1311868228.178968 -2.1543064 -0.8697550 2.1529918 0.0088016 0.6327360 0.4317361 0.6427843
1311868229.315238 -2.2403226 -0.8065689 1.9590424 -0.0005520 0.6182787 0.4103679 0.6703203
1311868230.012490 -2.0800116 -0.8569218 1.8366864 -0.0093611 0.6021097 0.4318975 0.6714468
1311868230.543330 -1.9632695 -0.8964347 1.7398417 -0.0019042 0.5953159 0.4635039 0.6563227
1311868230.884514 -1.9124465 -0.9081879 1.6755632 0.0046046 0.6119537 0.4457714 0.6532835
1311868231.412886 -1.8284823 -0.9274524 1.5797594 -0.0610433 0.6052064 0.4337318 0.6647372
1311868232.111198 -1.6931858 -1.0293961 1.5311781 -0.0849153 0.5983149 0.4354610 0.6672199
1311868235.343699 -1.9548767 -0.8268549 1.3375397 -0.0472254 0.5759482 0.3710350 0.7269019
1311868236.747574 -1.9708560 -0.5767500 1.2130318 -0.0206093 0.5451286 0.3497749 0.7616217
1311868237.711933 -1.9978302 -0.4107268 1.0688815 -0.0207361 0.4964244 0.3144645 0.8088541
1311868238.811727 -1.9862299 -0.2483938 0.8868095 -0.0285166 0.4559138 0.3231787 0.8287852
1311868240.079916 -1.8791444 -0.1115130 0.7574605 -0.0347488 0.3676223 0.2848819 0.8845839
1311868241.411927 -1.7958106 -0.0828151 0.5606873 -0.0719465 0.3487544 0.2780592 0.8921195
1311868242.111944 -1.6623576 -0.1900602 0.4919238 -0.0636097 0.3175891 0.2495467 0.9125883
1311868243.280037 -1.5566626 -0.1605637 0.3901560 -0.0337724 0.2878928 0.2171427 0.9321085
1311868243.948200 -1.4794968 -0.0862527 0.2651697 -0.0600998 0.2269824 0.1654424 0.9578601
1311868244.480101 -1.4365599 0.0120773 0.1896580 -0.0577480 0.1884389 0.1369016 0.9707801
1311868245.012295 -1.3710738 0.0967250 0.1503199 -0.0715931 0.2004221 0.1439670 0.9664258
1311868245.980265 -1.1696779 0.1954066 0.0906104 -0.0624451 0.1501063 0.1512017 0.9750419
1311868246.680335 -1.1103003 0.3053075 -0.0455343 -0.0948720 0.1323841 0.1312131 0.9778839
1311868248.116239 -0.8777124 0.2067148 -0.0220875 -0.0855388 0.1322189 0.1271962 0.9792969
1311868248.780288 -0.6978267 0.1184690 0.0295116 -0.1145833 0.0862757 0.0798990 0.9864296
1311868249.116343 -0.6007783 0.0722666 0.0415360 -0.1280022 0.0831048 0.0775899 0.9852354
1311868249.648364 -0.5209460 0.0042314 0.0907789 -0.1126123 0.0920555 0.0742969 0.9865720
1311868250.116495 -0.4836544 -0.0846127 0.1699652 -0.1019535 0.1047132 0.0713692 0.9866849
1311868250.548715 -0.4705025 -0.1712028 0.2304676 -0.0922106 0.0927629 0.0727420 0.9887370
1311868252.016633 -0.3375059 -0.1363694 0.1615708 -0.0774459 0.0711462 0.0423009 0.9935547
1311868252.649109 -0.1753078 -0.0501580 0.0489167 -0.0874509 0.0404505 0.0087993 0.9953083
1311868253.116735 -0.0697044 0.0050546 0.0148371 -0.0993516 0.0370499 0.0213222 0.9941338
1311868254.816878 0.3594096 0.0832554 0.0129699 -0.1378931 -0.0569819 -0.0292610 0.9883736
1311868255.349004 0.4596365 0.1210201 -0.0164552 -0.1446848 -0.0786338 -0.0334646 0.9857805
1311868256.316827 0.6468512 0.0708063 0.0539516 -0.1460411 -0.0928168 -0.0546505 0.9833974
1311868256.885027 0.7693700 0.0091425 0.1132609 -0.1214096 -0.1218958 -0.0627478 0.9830889
1311868257.585336 0.9110425 -0.0923956 0.1733268 -0.1246110 -0.1810700 -0.1281445 0.9670909
1311868257.985217 0.9563739 -0.1633011 0.1973022 -0.1224691 -0.2084463 -0.1570987 0.9575340
1311868258.251845 0.9615611 -0.2132126 0.2344984 -0.1410812 -0.2418511 -0.1724143 0.9443926
1311868258.517262 0.9528565 -0.2807570 0.2864216 -0.1400341 -0.2330445 -0.1909650 0.9431930
1311868258.716929 0.9487985 -0.3351300 0.3238222 -0.1330652 -0.2421505 -0.1755905 0.9448940
1311868259.085232 0.9544492 -0.4066354 0.3915874 -0.1218418 -0.2619774 -0.1881839 0.9386742
1311868259.649289 1.0110403 -0.4849378 0.5014491 -0.0905940 -0.2865314 -0.2324851 0.9250098
