1403638127.345097 0.0000000 0.0000000 0.0000000 -0.0000000 -0.0000000 -0.0000000 1.0000000
1403638130.195097 -0.0051125 -0.1849464 -0.0816867 0.0145350 -0.0238379 0.0185155 0.9994387
1403638130.245097 -0.0068973 -0.2042454 -0.0892128 0.0146133 -0.0265755 0.0161832 0.9994090
1403638130.545097 -0.0137874 -0.3230199 -0.1379589 0.0271149 -0.0399327 0.0232452 0.9985639
1403638130.845097 -0.0189389 -0.4287197 -0.1830980 0.0498216 -0.0486406 0.0496413 0.9963371
1403638131.945097 0.0102388 -0.1401765 -0.0814930 0.0347233 -0.0204490 -0.0060310 0.9991695
1403638133.695097 0.2117328 -0.2493662 -0.1521813 0.0486091 0.0327357 0.0547623 0.9967781
1403638133.895097 0.2772953 -0.2077611 -0.1525738 0.0381929 0.0694406 0.0562962 0.9952638
1403638136.645097 0.2517832 -0.2213240 -0.1512305 0.0203580 0.1356796 0.0680184 0.9882055
1403638137.695097 -0.0294795 -0.0525232 -0.0139806 -0.0077523 0.0778831 0.0366361 0.9962590
1403638137.845097 -0.0332284 -0.0278337 -0.0063245 -0.0107731 0.0847128 0.0378774 0.9956269
1403638137.945097 -0.0355046 -0.0142482 -0.0027608 -0.0267097 0.0874797 0.0278203 0.9954195
1403638138.195097 -0.0373130 -0.0049678 0.0017295 -0.0199323 0.0886964 0.0287742 0.9954435
1403638148.095097 -0.0308659 -0.0462263 0.0141123 0.0337687 0.0949870 0.0340739 0.9943219
1403638149.545097 -0.0605845 -0.4884764 0.0879439 0.0349559 0.0736645 0.0213711 0.9964411
1403638150.745097 -0.2946401 -0.5669394 0.3704247 0.0102860 0.0264209 -0.0027357 0.9995943
1403638151.445097 -0.6163428 -0.7110139 0.6210699 0.0288182 -0.0814737 -0.0508889 0.9949583
1403638152.095097 -0.9880730 -0.9210669 0.8170949 0.0269806 -0.1453264 -0.0781931 0.9859200
1403638152.345097 -1.1529813 -0.9984972 0.9002785 0.0285893 -0.1421722 -0.0827612 0.9859616
1403638152.745097 -1.4693981 -1.0511258 1.0498110 0.0240067 -0.1427924 -0.0816732 0.9860849
1403638152.995097 -1.6796805 -1.1170764 1.1313225 0.0320323 -0.1747242 -0.0827880 0.9806077
1403638153.245097 -1.9001125 -1.2134377 1.2029183 0.0204459 -0.2009687 -0.0956826 0.9746991
1403638153.445097 -2.0746748 -1.2699441 1.2754008 0.0185858 -0.2214151 -0.1088802 0.9689040
1403638153.695097 -2.3119805 -1.3600553 1.3642534 0.0203882 -0.2557494 -0.1397336 0.9563739
1403638153.895097 -2.5210733 -1.4361384 1.4325297 0.0267310 -0.2876396 -0.1452547 0.9462823
1403638154.095097 -2.7408724 -1.4802723 1.5169685 0.0354808 -0.3040128 -0.1427636 0.9412417
1403638154.395097 -3.0808208 -1.5221977 1.6410866 0.0581235 -0.3080320 -0.1404457 0.9391555
1403638154.595097 -3.3016915 -1.5283548 1.7057598 0.0618773 -0.3098213 -0.1354358 0.9390630
1403638154.845097 -3.5690649 -1.5478292 1.7397772 0.0471291 -0.3219067 -0.1500832 0.9336113
1403638155.045097 -3.7791278 -1.5863501 1.7385713 0.0486498 -0.3361187 -0.1627523 0.9263742
1403638155.245097 -3.9965756 -1.6238471 1.7198064 0.0547333 -0.3575034 -0.1668309 0.9172584
1403638155.395097 -4.1633840 -1.6381388 1.6978359 0.0635584 -0.3693433 -0.1704129 0.9113206
1403638155.645097 -4.4351916 -1.6138395 1.6512313 0.0684652 -0.4042900 -0.1717061 0.8957562
1403638155.845097 -4.6224594 -1.5658185 1.5926733 0.0668772 -0.4446985 -0.1749852 0.8758715
1403638155.995097 -4.7572083 -1.5197703 1.5392680 0.0500894 -0.4754538 -0.1910370 0.8572862
1403638156.195097 -4.9250164 -1.4801425 1.4510734 0.0305188 -0.5153663 -0.2112747 0.8299574
1403638156.395097 -5.0901012 -1.4588419 1.3490145 0.0173569 -0.5428283 -0.2263194 0.8085887
1403638156.745097 -5.3946681 -1.4024061 1.2413776 0.0110601 -0.5576792 -0.2339919 0.7963161
1403638157.195097 -5.8304062 -1.3304319 1.1655173 0.0034331 -0.5480129 -0.2374521 0.8020516
1403638157.545097 -6.2251620 -1.3380399 1.1184368 0.0186971 -0.5548490 -0.2409343 0.7960802
1403638157.795097 -6.5218039 -1.3318291 1.0876865 0.0382234 -0.5840912 -0.2514947 0.7707963
1403638158.045097 -6.8105383 -1.3567581 1.0333471 0.0332138 -0.6233595 -0.2608005 0.7364122
1403638158.445097 -7.2677326 -1.3523822 0.9727998 0.0295401 -0.6460730 -0.2665045 0.7146274
1403638158.895097 -7.7673917 -1.3090010 0.9182529 0.0215978 -0.6434049 -0.2653532 0.7177405
1403638159.145097 -8.0460443 -1.3214655 0.8724275 -0.0019536 -0.6355175 -0.2767681 0.7207726
1403638159.395097 -8.3509817 -1.3329160 0.8421378 0.0076226 -0.6383598 -0.2638113 0.7230784
1403638159.645097 -8.6660948 -1.3635600 0.8165145 0.0276626 -0.6575800 -0.2108067 0.7227613
1403638159.795097 -8.8248863 -1.4083467 0.8199625 0.0288879 -0.6620145 -0.2002079 0.7216780
1403638160.095097 -9.0781002 -1.5685079 0.8498974 0.0496222 -0.6528963 -0.2306737 0.7197595
1403638160.345097 -9.2376852 -1.7399981 0.8538380 0.0244285 -0.6426694 -0.2622308 0.7194542
1403638160.695097 -9.4663048 -1.9977081 0.8588228 0.0161534 -0.6392097 -0.2700291 0.7198849
1403638160.945097 -9.6385202 -2.1568930 0.8810682 0.0279292 -0.6411260 -0.2331749 0.7306209
1403638161.145097 -9.7621698 -2.2910419 0.9319868 0.0359827 -0.6180558 -0.2180510 0.7544310
1403638161.395097 -9.8836117 -2.4348240 1.0119867 0.0300388 -0.5669898 -0.2124437 0.7952911
1403638161.695097 -10.0172920 -2.5879719 1.1134572 0.0144528 -0.5308174 -0.2116167 0.8205135
1403638161.995097 -10.1532021 -2.7197220 1.2549272 0.0232254 -0.5143899 -0.1945312 0.8348780
1403638162.395097 -10.3136311 -2.9187548 1.4739904 0.0112026 -0.5033659 -0.1831388 0.8443681
1403638162.795097 -10.4519863 -3.1450708 1.7464504 0.0183746 -0.4999237 -0.1930428 0.8440813
1403638163.095097 -10.5507221 -3.3970401 1.9579577 0.0290135 -0.4946926 -0.1673777 0.8523041
1403638163.395097 -10.6191969 -3.5599144 2.2304759 0.0356435 -0.4558746 -0.1675679 0.8734007
1403638163.645097 -10.6469231 -3.6798997 2.4651461 0.0365823 -0.4264563 -0.1602927 0.8894397
1403638163.945097 -10.6627274 -3.8782005 2.7121067 0.0361842 -0.4182565 -0.1541003 0.8944302
1403638164.195097 -10.6548672 -4.0813780 2.8936954 0.0294397 -0.4247099 -0.1427007 0.8935274
1403638164.245097 -10.6506567 -4.1227932 2.9268751 0.0307796 -0.4255995 -0.1418695 0.8931913
1403638164.345097 -10.6405287 -4.2060914 3.0051298 0.0322392 -0.4284727 -0.1389740 0.8922209
1403638164.495097 -10.6116028 -4.3182545 3.1291661 0.0319937 -0.4313669 -0.1376397 0.8910412
1403638164.595097 -10.5860748 -4.3872437 3.2163258 0.0305604 -0.4331469 -0.1346834 0.8906797
1403638164.695097 -10.5548983 -4.4557190 3.3111744 0.0301039 -0.4293212 -0.1334681 0.8927280
1403638164.745097 -10.5410995 -4.4885654 3.3611722 0.0328544 -0.4255341 -0.1341263 0.8943442
1403638164.795097 -10.5212259 -4.5201516 3.4098825 0.0386483 -0.4206169 -0.1388415 0.8957180
1403638164.845097 -10.5046215 -4.5520301 3.4616485 0.0455786 -0.4153944 -0.1444195 0.8969465
1403638164.895097 -10.4806213 -4.5800452 3.5029807 0.0522245 -0.4102484 -0.1494367 0.8981301
1403638164.945097 -10.4593449 -4.6088004 3.5560384 0.0562436 -0.4070693 -0.1520720 0.8988912
1403638164.995097 -10.4402132 -4.6342597 3.6013670 0.0594269 -0.4055881 -0.1485846 0.8999385
1403638165.145097 -10.3665056 -4.7099476 3.7419345 0.0562041 -0.4013055 -0.1296836 0.9049736
1403638165.245097 -10.3119030 -4.7472596 3.8316646 0.0440938 -0.3936917 -0.1313550 0.9087400
1403638165.495097 -10.1574163 -4.8316908 4.0733490 0.0331134 -0.3838346 -0.1252390 0.9142700
1403638165.695097 -10.0212994 -4.8850064 4.2746544 0.0656833 -0.3785068 -0.1231234 0.9150186
1403638165.895097 -9.8587112 -4.9113026 4.4640393 0.0624956 -0.3735726 -0.1333361 0.9158380
1403638166.145097 -9.6355152 -4.9651222 4.6655455 0.0396398 -0.3692030 -0.1511113 0.9161240
1403638166.545097 -9.2981615 -5.2126293 4.8814783 0.0375929 -0.3726914 -0.1629520 0.9127620
1403638167.145097 -8.8726807 -5.5092030 5.2141075 -0.0113065 -0.3792037 -0.1570587 0.9118165
1403638167.645097 -8.6447945 -5.8409595 5.6168118 0.0111916 -0.3793057 -0.1460816 0.9135985
1403638168.045097 -8.4956141 -6.0651522 6.0409126 0.0149546 -0.3437840 -0.1042170 0.9331279
1403638168.295097 -8.3658218 -6.2340698 6.3302879 0.0196704 -0.3090056 -0.0966273 0.9459344
1403638168.495097 -8.2484570 -6.4027205 6.5700989 0.0232932 -0.2748716 -0.0975709 0.9562337
1403638168.645097 -8.1608934 -6.5207157 6.7510958 0.0164310 -0.2531703 -0.1143611 0.9604980
1403638168.795097 -8.0851383 -6.6217484 6.9365439 0.0125789 -0.2425808 -0.1224448 0.9622908
1403638168.995097 -8.0028524 -6.7402806 7.1991830 0.0106874 -0.2405469 -0.1260104 0.9623640
1403638169.095097 -7.9714131 -6.7953711 7.3351555 0.0202703 -0.2453460 -0.1217198 0.9615502
1403638169.245097 -7.9429097 -6.8707252 7.5409989 0.0275046 -0.2556778 -0.1054896 0.9605958
1403638169.295097 -7.9327011 -6.8925343 7.6094995 0.0296777 -0.2580194 -0.0966413 0.9608359
1403638169.395097 -7.9147439 -6.9336290 7.7541323 0.0359398 -0.2595960 -0.0722637 0.9623389
1403638169.495097 -7.8846598 -6.9732690 7.8943357 0.0429332 -0.2526290 -0.0543744 0.9650797
1403638169.595097 -7.8482203 -7.0212927 8.0339489 0.0480896 -0.2378445 -0.0458471 0.9690281
1403638169.745097 -7.7775102 -7.0967903 8.2342100 0.0495041 -0.2035194 -0.0475896 0.9766598
1403638169.895097 -7.6897659 -7.1903658 8.4262018 0.0529670 -0.1593030 -0.0588425 0.9840501
1403638169.995097 -7.6317744 -7.2586498 8.5456371 0.0645247 -0.1304976 -0.0615498 0.9874303
1403638170.145097 -7.5325828 -7.3590941 8.7048178 0.0745786 -0.0965505 -0.0439435 0.9915569
1403638170.345097 -7.4170156 -7.4404321 8.9096546 0.0710339 -0.0541919 -0.0094910 0.9959555
1403638170.545097 -7.2894502 -7.5117822 9.0900764 0.0625781 -0.0138249 0.0228511 0.9976826
1403638170.745097 -7.1382728 -7.5846009 9.2306805 0.0708469 0.0251149 0.0489029 0.9959711
1403638170.945097 -6.9710846 -7.6500077 9.3366852 0.0712760 0.0674195 0.0622203 0.9932286
1403638171.095097 -6.8213191 -7.6859169 9.4000502 0.0738661 0.0959686 0.0723284 0.9900013
1403638171.295097 -6.6274514 -7.7146506 9.4613724 0.0779430 0.1182475 0.0833427 0.9864058
1403638171.495097 -6.4118977 -7.7217836 9.4888496 0.0825893 0.1301339 0.0913185 0.9838217
1403638171.695097 -6.1791468 -7.6987977 9.4883356 0.0898827 0.1419323 0.1037446 0.9803129
1403638171.895097 -5.9243250 -7.6563859 9.4424276 0.0978558 0.1574261 0.1179306 0.9755684
1403638172.095097 -5.6483741 -7.6154799 9.3320360 0.1022086 0.1736874 0.1132075 0.9729184
1403638172.245097 -5.4385729 -7.5736065 9.2183990 0.0995855 0.1794102 0.1113956 0.9723610
1403638172.445097 -5.1530848 -7.4683561 9.0461235 0.0999580 0.1811054 0.1090692 0.9722722
1403638172.645097 -4.8655214 -7.3119798 8.8454771 0.1066158 0.1763483 0.1126447 0.9720317
1403638172.845097 -4.5622716 -7.1113195 8.6171722 0.1069372 0.1694582 0.1153474 0.9729046
1403638172.995097 -4.3313437 -6.9356341 8.4175148 0.1027739 0.1625864 0.1196573 0.9740048
1403638173.145097 -4.0913835 -6.7323923 8.2030973 0.0913977 0.1555653 0.1236105 0.9757901
1403638173.295097 -3.8375039 -6.5211716 7.9666605 0.0818223 0.1563189 0.1151579 0.9775522
1403638173.445097 -3.5762880 -6.2827725 7.7347631 0.0732555 0.1654043 0.0930491 0.9790899
1403638173.595097 -3.3207922 -6.0347366 7.5024838 0.0661350 0.1733762 0.0768278 0.9796246
1403638173.745097 -3.0550776 -5.7865829 7.2474413 0.0634024 0.1738727 0.0769572 0.9797071
1403638173.895097 -2.8035903 -5.5215030 7.0061140 0.0598197 0.1756696 0.0771405 0.9795974
1403638173.995097 -2.6504765 -5.3624792 6.8393512 0.0602816 0.1765358 0.0781068 0.9793368
1403638174.145097 -2.4117584 -5.1098905 6.5839796 0.0576186 0.1775071 0.0770876 0.9794023
1403638174.295097 -2.1840656 -4.8755083 6.3352485 0.0432482 0.1767129 0.0789959 0.9801335
1403638174.445097 -1.9556940 -4.6192980 6.0871778 0.0338155 0.1762133 0.0782429 0.9806546
1403638174.595097 -1.7329119 -4.3738766 5.8460636 0.0252192 0.1754353 0.0765458 0.9811867
1403638174.745097 -1.5139520 -4.1422873 5.6185293 0.0132865 0.1765371 0.0737292 0.9814388
1403638174.895097 -1.2854066 -3.9257526 5.3935041 0.0071610 0.1768415 0.0707595 0.9816664
1403638175.045097 -1.0613694 -3.7300909 5.1822405 0.0074974 0.1779967 0.0697238 0.9815292
1403638175.245097 -0.7795216 -3.4995773 4.9210005 0.0077085 0.1823216 0.0675202 0.9808876
1403638175.395097 -0.5729288 -3.3677201 4.7372475 -0.0062939 0.1847412 0.0669181 0.9804862
1403638175.645097 -0.2178286 -3.1812739 4.4660039 -0.0385031 0.1846321 0.0648229 0.9799115
1403638175.895097 0.0938222 -3.0767810 4.2839928 -0.0573568 0.1841575 0.0635663 0.9791607
1403638176.495097 0.8085659 -2.9200754 4.1996002 0.0229213 0.1924596 0.0389049 0.9802655
1403638177.095097 1.2708771 -2.9741857 4.2077723 0.0147123 0.1936109 0.0415070 0.9800895
1403638177.595097 1.4954271 -2.9645338 4.3342204 0.0169852 0.1901804 0.0573499 0.9799255
1403638177.995097 1.6198457 -2.9256709 4.4972558 0.0481791 0.1897576 0.0881955 0.9766742
1403638178.495097 1.8408924 -2.9491432 4.5507655 0.0557102 0.2645111 0.1124731 0.9561799
1403638178.695097 1.9232663 -2.9398372 4.5273638 0.0428683 0.3069585 0.1408031 0.9402730
1403638178.895097 2.0141273 -2.9035449 4.4977827 0.0348409 0.3461881 0.1582543 0.9240647
1403638179.095097 2.1193686 -2.8507562 4.4729877 0.0157431 0.3682490 0.1664470 0.9145710
1403638179.345097 2.2730892 -2.7633514 4.4406748 -0.0026160 0.3954274 0.1670940 0.9031666
1403638179.495097 2.3816669 -2.7128508 4.4296732 0.0114221 0.4192225 0.1739381 0.8909925
1403638179.695097 2.5366697 -2.6450908 4.4216900 0.0262785 0.4581520 0.1867411 0.8686392
1403638179.845097 2.6493404 -2.6086736 4.4093461 0.0281671 0.4893049 0.1967512 0.8491622
1403638179.995097 2.7614467 -2.5795724 4.3833580 0.0199132 0.5125249 0.2109136 0.8321281
1403638180.245097 2.9598081 -2.5424719 4.3318954 0.0132053 0.5307782 0.2251288 0.8169560
1403638180.545097 3.2175279 -2.4683104 4.2761545 0.0063428 0.5361763 0.2222666 0.8142925
1403638180.645097 3.3071198 -2.4394426 4.2623930 0.0020760 0.5360363 0.2197336 0.8150938
1403638180.945097 3.5971906 -2.3945045 4.2154121 -0.0055421 0.5269174 0.2226239 0.8202231
1403638180.995097 3.6505451 -2.3897510 4.2079229 -0.0033603 0.5254920 0.2231283 0.8210120
1403638181.045097 3.7064879 -2.3832784 4.2018290 -0.0006784 0.5241115 0.2230159 0.8219309
1403638181.095097 3.7581367 -2.3758440 4.1966271 0.0005331 0.5228552 0.2232626 0.8226639
1403638181.245097 3.9306769 -2.3511271 4.1858864 0.0118345 0.5207275 0.2239174 0.8237499
1403638181.345097 4.0500460 -2.3284369 4.1781850 0.0249037 0.5251040 0.2257797 0.8201641
1403638181.495097 4.2319002 -2.2830081 4.1603689 0.0427119 0.5407169 0.2366641 0.8060963
1403638181.695097 4.4746881 -2.2103119 4.1114316 0.0591046 0.5793332 0.2387166 0.7771062
1403638181.895097 4.6990499 -2.1471763 4.0255079 0.0371307 0.6174814 0.2438427 0.7469128
1403638182.195097 5.0085597 -2.1010027 3.8604088 0.0150804 0.6429866 0.2680051 0.7172964
1403638182.545097 5.3832793 -2.0468860 3.6469111 0.0012688 0.6448902 0.2800336 0.7111232
1403638182.845097 5.7483802 -2.0446343 3.4353747 -0.0058710 0.6425110 0.2714314 0.7165683
1403638182.995097 5.9412599 -2.0389028 3.3360658 0.0041936 0.6426615 0.2647766 0.7189313
1403638183.145097 6.1415148 -2.0254378 3.2444921 0.0097969 0.6453714 0.2525075 0.7208604
1403638183.195097 6.2101536 -2.0155020 3.2166696 0.0101590 0.6456494 0.2501158 0.7214400
1403638183.295097 6.3432970 -1.9949055 3.1619005 0.0028553 0.6447017 0.2497637 0.7224748
1403638183.395097 6.4737759 -1.9729021 3.1100736 -0.0044002 0.6414403 0.2564428 0.7230298
1403638183.545097 6.6753874 -1.9365182 3.0453100 -0.0168058 0.6395250 0.2599958 0.7232755
1403638183.745097 6.9581480 -1.8938124 2.9628448 -0.0062810 0.6433813 0.2507510 0.7232877
1403638183.795097 7.0337915 -1.8853242 2.9425960 -0.0033861 0.6455635 0.2453106 0.7232282
1403638183.845097 7.1071353 -1.8817947 2.9240718 0.0007586 0.6477159 0.2396001 0.7232257
1403638183.895097 7.1824007 -1.8809016 2.9049368 0.0038502 0.6490772 0.2368158 0.7229123
1403638183.945097 7.2508354 -1.8801398 2.8875790 0.0054717 0.6495767 0.2357565 0.7227994
1403638184.045097 7.3918333 -1.8875031 2.8527141 0.0046388 0.6490980 0.2383039 0.7223999
1403638184.095097 7.4621205 -1.8916395 2.8350062 0.0015486 0.6479822 0.2416735 0.7222954
1403638184.145097 7.5314350 -1.8961141 2.8199921 -0.0029224 0.6470010 0.2448143 0.7221130
1403638184.295097 7.7399035 -1.9096427 2.7809520 -0.0092314 0.6443413 0.2540463 0.7212486
1403638184.345097 7.8116035 -1.9134758 2.7682610 -0.0090395 0.6451004 0.2525848 0.7210857
1403638184.395097 7.8838100 -1.9142358 2.7593265 -0.0057908 0.6459872 0.2509882 0.7208828
1403638184.495097 8.0249414 -1.9166949 2.7441902 -0.0026839 0.6482781 0.2461921 0.7204983
1403638184.645097 8.2429485 -1.9213777 2.7266493 0.0016576 0.6496345 0.2440055 0.7200235
1403638184.795097 8.4564190 -1.9303117 2.7175021 0.0030333 0.6496598 0.2447591 0.7197402
1403638184.945097 8.6670380 -1.9445879 2.7111363 0.0027091 0.6513398 0.2422522 0.7190709
1403638185.045097 8.8070021 -1.9559073 2.7103539 0.0040224 0.6508841 0.2436590 0.7190021
1403638185.345097 9.2183018 -1.9991009 2.7234049 -0.0048305 0.6529533 0.2362575 0.7195908
1403638185.445097 9.3514662 -2.0162575 2.7382088 -0.0035497 0.6523881 0.2282982 0.7226737
1403638185.845097 9.8502779 -2.1269836 2.8444309 0.0171093 0.6170515 0.2242331 0.7541049
1403638186.095097 10.1368427 -2.1831923 2.9321985 0.0203066 0.5998563 0.2439566 0.7617384
1403638186.545097 10.6440039 -2.2800138 3.0583563 0.0066456 0.6048120 0.2296309 0.7625143
1403638186.945097 11.0976934 -2.3643730 3.2051411 -0.0084050 0.5987934 0.2061505 0.7738719
1403638187.345097 11.5255461 -2.5238075 3.4246964 0.0310361 0.5183837 0.1771092 0.8360308
1403638187.745097 11.8492603 -2.7345543 3.6082602 0.0256070 0.4748958 0.1620804 0.8646088
1403638188.195097 12.1466866 -2.9076653 3.8306689 0.0258820 0.4884866 0.1303437 0.8623929
1403638188.745097 12.2480850 -3.0530431 4.1612811 0.0818172 0.4805061 0.1368175 0.8623809
1403638189.295097 11.9463797 -3.2402172 4.2476830 0.0578314 0.4235579 0.1386394 0.8933271
1403638189.795097 11.5627174 -3.3724208 4.2820845 0.0046717 0.3656665 0.1483129 0.9188414
1403638190.345097 11.2769880 -3.4468575 4.3787823 0.0298587 0.3761564 0.1118136 0.9193001
1403638190.795097 10.9918995 -3.4465017 4.5390263 0.0335636 0.3526740 0.0945776 0.9303492
1403638191.195097 10.6577616 -3.5222449 4.6562176 0.0360846 0.3397663 0.1109035 0.9332509
1403638191.495097 10.3966913 -3.6105323 4.6953192 0.0126399 0.3378141 0.1198030 0.9334716
1403638191.845097 10.1071959 -3.6809826 4.7986407 0.0059588 0.3454107 0.1069719 0.9323159
1403638192.195097 9.8158712 -3.7466643 4.9462862 0.0107401 0.3453138 0.1086583 0.9321139
1403638192.495097 9.5674477 -3.8923569 5.0808153 0.0315748 0.3438704 0.1103051 0.9319812
1403638192.895097 9.2118950 -4.1142449 5.2081947 0.0752971 0.3447042 0.1088609 0.9293324
1403638193.245097 8.8440399 -4.2624364 5.2403822 0.0827645 0.3225356 0.1145208 0.9359518
1403638193.495097 8.5643969 -4.3599339 5.1623421 0.0689828 0.3149443 0.0966435 0.9416536
1403638193.695097 8.3193083 -4.3952637 5.0788903 0.0565286 0.3099794 0.0982032 0.9439669
1403638193.945097 8.0094738 -4.4219317 4.9630499 0.0345317 0.3060091 0.1066575 0.9454048
1403638194.495097 7.3433671 -4.3551803 4.7143645 0.0389280 0.3080651 0.1108129 0.9440874
1403638194.745097 7.0480881 -4.3488083 4.5760541 0.0184385 0.3076639 0.1162861 0.9441825
1403638195.145097 6.6170454 -4.3021665 4.4116120 0.0016074 0.3090487 0.1174829 0.9437606
1403638196.245097 5.8576822 -4.2009234 4.3738804 0.0101311 0.3069079 0.1169282 0.9444748
1403638197.145097 5.5973325 -4.2967272 4.5987501 0.0167786 0.3084682 0.1187113 0.9436491
1403638197.745097 5.5094471 -4.5159230 4.7836170 0.0301130 0.3174634 0.0933832 0.9431807
1403638198.545097 5.2295327 -4.5571752 5.0781050 0.0312390 0.3163307 0.0902260 0.9438317
1403638199.045097 4.8944511 -4.4765205 5.2829862 0.0283779 0.3309677 0.0464726 0.9420697
1403638199.445097 4.4099417 -4.5756855 5.4357815 0.0362017 0.3310528 0.0494206 0.9416215
1403638199.695097 4.0167661 -4.6985264 5.5134258 0.0273534 0.3200597 0.0468002 0.9458454
1403638200.445097 2.5640695 -5.1030083 5.8067565 0.0489992 0.2328712 0.0317338 0.9707538
1403638200.745097 1.9082257 -5.2793245 5.9111214 0.0419572 0.2019005 -0.0060162 0.9784884
1403638200.945097 1.4330380 -5.4160600 5.9660649 0.0353538 0.1817609 -0.0003907 0.9827070
1403638201.345097 0.4334250 -5.5868731 6.0891471 0.0417993 0.1676031 0.0274726 0.9845849
1403638201.545097 -0.0656054 -5.6247306 6.1634941 0.0450016 0.1715950 0.0260322 0.9837949
1403638201.795097 -0.6992255 -5.6373272 6.2617116 0.0479507 0.1754687 0.0264324 0.9829612
1403638203.145097 -3.9700234 -5.5597320 6.6631575 0.0359374 0.1328765 0.0459786 0.9894131
1403638203.295097 -4.2820396 -5.5612154 6.7027650 0.0441045 0.1344070 0.0423888 0.9890363
1403638203.495097 -4.6831126 -5.5655389 6.7385235 0.0462526 0.1326901 0.0459284 0.9890119
1403638203.745097 -5.1580429 -5.5502338 6.7723289 0.0444701 0.1305043 0.0497072 0.9892018
1403638203.845097 -5.3427329 -5.5522981 6.7780766 0.0445784 0.1307083 0.0478211 0.9892630
1403638203.995097 -5.6153936 -5.5652428 6.7776275 0.0441333 0.1294392 0.0474532 0.9894675
1403638204.145097 -5.8692327 -5.5856724 6.7721934 0.0384599 0.1259160 0.0507626 0.9899945
1403638204.345097 -6.1989446 -5.6352954 6.7449250 0.0273981 0.1175163 0.0720069 0.9900779
1403638204.445097 -6.3483114 -5.6615224 6.7288723 0.0215598 0.1146140 0.0817653 0.9898046
1403638204.845097 -6.8501620 -5.7081785 6.7093320 0.0262568 0.0971185 0.0513068 0.9936026
1403638205.195097 -7.2172790 -5.6693325 6.7409410 0.0354341 -0.0038846 -0.0206243 0.9991516
1403638205.295097 -7.3172226 -5.6703310 6.7421513 0.0386408 -0.0501356 -0.0397097 0.9972043
1403638205.445097 -7.4918761 -5.6798286 6.7417483 0.0484187 -0.1156064 -0.0679697 0.9897833
1403638205.545097 -7.6065288 -5.6922197 6.7348285 0.0561348 -0.1449810 -0.0920157 0.9835459
1403638205.645097 -7.7194600 -5.7069211 6.7247648 0.0674009 -0.1628781 -0.1130415 0.9778290
1403638205.795097 -7.8836360 -5.7432828 6.6808405 0.0787650 -0.1848171 -0.1324354 0.9706182
1403638205.945097 -8.0842905 -5.7734756 6.6263552 0.0777258 -0.2143134 -0.1422581 0.9632192
1403638206.095097 -8.2771139 -5.8127632 6.5336170 0.0739940 -0.2515416 -0.1480220 0.9535939
1403638206.445097 -8.7562132 -5.8748360 6.2530780 0.0734453 -0.3251581 -0.1476176 0.9311751
1403638206.795097 -9.1985216 -5.8397942 5.9436827 0.0739256 -0.3558469 -0.1435992 0.9204821
1403638207.095097 -9.5287266 -5.7284422 5.6746264 0.0813199 -0.3723592 -0.1430278 0.9133886
1403638207.395097 -9.7971478 -5.5513101 5.3949151 0.0865216 -0.3954484 -0.1451574 0.9028089
1403638207.695097 -9.9888859 -5.3501830 5.0700088 0.0690621 -0.4419965 -0.1662082 0.8787743
1403638208.445097 -10.2190552 -4.9967628 4.2265501 0.0452788 -0.4567910 -0.1746558 0.8710839
1403638208.795097 -10.2504988 -4.8289113 3.8760009 0.0396634 -0.4851471 -0.1849032 0.8537388
1403638208.945097 -10.2539864 -4.7755299 3.7271523 0.0431532 -0.4943119 -0.1890233 0.8473864
1403638209.095097 -10.2532158 -4.7085819 3.5977755 0.0432886 -0.5003981 -0.1902899 0.8435150
1403638209.195097 -10.2463560 -4.6598930 3.5110416 0.0428033 -0.5019086 -0.1915791 0.8423498
1403638209.295097 -10.2432709 -4.6054387 3.4375768 0.0415889 -0.5037718 -0.1902412 0.8416013
1403638209.945097 -10.1262560 -4.0295396 3.0769005 0.0522495 -0.5018025 -0.1881985 0.8426420
1403638210.645097 -9.7851019 -3.2249651 2.8187332 0.0689777 -0.5045502 -0.1762844 0.8423746
1403638212.245097 -7.9989233 -1.8307924 2.2231421 0.0393271 -0.3292868 -0.1011963 0.9379675
1403638212.645097 -7.4160614 -1.7132053 2.1239142 0.0412766 -0.2334263 -0.0666160 0.9692114
1403638212.795097 -7.1943007 -1.6891171 2.0742733 0.0415640 -0.1940685 -0.0541529 0.9786099
1403638212.845097 -7.1099730 -1.6839535 2.0625095 0.0412396 -0.1812207 -0.0492565 0.9813420
1403638212.895097 -7.0341372 -1.6825510 2.0415943 0.0400809 -0.1677613 -0.0422549 0.9841058
1403638212.995097 -6.8741183 -1.6824549 2.0099711 0.0384300 -0.1391164 -0.0314833 0.9890291
1403638213.045097 -6.7945004 -1.6823292 1.9885300 0.0389767 -0.1240698 -0.0256978 0.9911746
1403638213.095097 -6.7087493 -1.6840037 1.9726644 0.0380953 -0.1099337 -0.0191794 0.9930234
1403638213.145097 -6.6280317 -1.6874830 1.9508439 0.0359644 -0.0956026 -0.0108258 0.9947108
1403638213.195097 -6.5440488 -1.6898284 1.9366881 0.0318336 -0.0817190 -0.0024093 0.9961440
1403638213.295097 -6.3723431 -1.6932822 1.9111816 0.0202633 -0.0554842 0.0179419 0.9980927
1403638213.345097 -6.2927814 -1.6870902 1.8964710 0.0139389 -0.0417312 0.0285366 0.9986240
1403638213.395097 -6.2056909 -1.6858535 1.8882138 0.0093691 -0.0290802 0.0391026 0.9987680
1403638213.445097 -6.1174908 -1.6841763 1.8792803 0.0045269 -0.0171036 0.0508897 0.9985476
1403638213.495097 -6.0231457 -1.6794025 1.8743490 0.0034748 -0.0049203 0.0612433 0.9981048
1403638213.545097 -5.9346080 -1.6742097 1.8704436 0.0032883 0.0081915 0.0682968 0.9976260
1403638213.595097 -5.8402753 -1.6698992 1.8662705 0.0084975 0.0215203 0.0688372 0.9973596
1403638213.695097 -5.6463161 -1.6651366 1.8637298 0.0241495 0.0453759 0.0603634 0.9968521
1403638213.845097 -5.3452349 -1.6622944 1.8595104 0.0394079 0.0683861 0.0456850 0.9958330
1403638213.895097 -5.2451344 -1.6650103 1.8548685 0.0411295 0.0716893 0.0441268 0.9956012
1403638213.995097 -5.0451488 -1.6693513 1.8426136 0.0400551 0.0752249 0.0413746 0.9955024
1403638214.095097 -4.8437920 -1.6783782 1.8266066 0.0298378 0.0756665 0.0387264 0.9959340
1403638214.195097 -4.6496382 -1.6922523 1.8114340 0.0179422 0.0733896 0.0375841 0.9964334
1403638214.295097 -4.4538407 -1.7057949 1.7990025 0.0086630 0.0698691 0.0367897 0.9968399
1403638214.395097 -4.2645121 -1.7191893 1.7956506 0.0022660 0.0665441 0.0346066 0.9971806
1403638214.595097 -3.8837416 -1.7314894 1.8080449 0.0173760 0.0607803 0.0284429 0.9975945
1403638215.095097 -2.9683766 -1.6899469 1.8924104 0.0470948 0.0498558 0.0189338 0.9974658
1403638216.395097 -1.0608190 -1.4750673 1.9982889 0.0496173 0.0722314 0.0178618 0.9959928
1403638223.645097 -0.1677444 -0.2873779 -0.0596164 0.0331148 0.1678994 0.0802120 0.9819772
1403638223.845097 -0.1598074 -0.2489460 -0.0862831 0.0297080 0.1764184 0.0586886 0.9821149
1403638224.095097 -0.1552940 -0.1969749 -0.1105373 0.0209394 0.1783192 0.0530126 0.9823205
1403638224.145097 -0.1562920 -0.1853746 -0.1143927 0.0151491 0.1774283 0.0544337 0.9825104
1403638224.195097 -0.1578379 -0.1750740 -0.1172893 0.0099177 0.1769311 0.0562321 0.9825655
1403638224.645097 -0.1772642 -0.1178618 -0.1095927 0.0364324 0.1754914 0.0612718 0.9818968
1403638224.695097 -0.1805431 -0.1107438 -0.1094700 0.0281706 0.1749515 0.0618864 0.9822263
1403638224.745097 -0.1835412 -0.1032414 -0.1070852 0.0188112 0.1745968 0.0630549 0.9824389
1403638224.795097 -0.1862835 -0.0980868 -0.1057230 0.0127726 0.1744038 0.0637924 0.9825227
1403638225.295097 -0.2005774 -0.1098444 -0.0927674 0.0222404 0.1709477 0.0642682 0.9829303
1403638225.345097 -0.2001298 -0.1134226 -0.0937140 0.0217149 0.1713377 0.0626444 0.9829789
1403638225.445097 -0.1987395 -0.1179075 -0.0898361 0.0288235 0.1723043 0.0600566 0.9827887
1403638225.795097 -0.1933770 -0.1011554 -0.0786113 0.0508967 0.1743588 0.0540697 0.9818783
1403638226.045097 -0.2154202 -0.0576143 -0.0863231 0.0064405 0.1673250 0.0629650 0.9838680
1403638226.095097 -0.1937861 -0.0852781 -0.0749159 0.0075908 0.1597246 0.0796134 0.9839168
1403638226.495097 -0.2546419 -0.0339478 -0.0526227 0.0050077 0.1689263 0.0597694 0.9838021
