1403638127.295097 0.0000000 0.0000000 0.0000000 0.0000000 0.0000000 0.0000000 1.0000000
1403638129.395097 0.0029107 -0.0311423 -0.0095676 0.0363489 -0.0097015 0.0563762 0.9977005
1403638129.545097 0.0025968 -0.0385252 -0.0134569 0.0138640 -0.0111927 0.0438850 0.9988777
1403638129.695097 0.0010924 -0.0486786 -0.0172132 0.0017654 -0.0079403 0.0108896 0.9999076
1403638130.145097 -0.0068728 -0.1694761 -0.0621744 0.0153170 -0.0203368 0.0197023 0.9994817
1403638130.295097 -0.0094920 -0.2287882 -0.0848927 0.0195978 -0.0286428 0.0188878 0.9992191
1403638130.695097 -0.0125507 -0.3812514 -0.1555368 0.0396129 -0.0390950 0.0260450 0.9981102
1403638130.945097 -0.0208532 -0.4490556 -0.1845623 0.0587899 -0.0483593 0.0531079 0.9956830
1403638133.845097 0.2551615 -0.2107018 -0.1379909 0.0424948 0.0631143 0.0564237 0.9955035
1403638136.495097 0.2466126 -0.2075425 -0.1261385 0.0217615 0.1397629 0.0505833 0.9886526
1403638136.545097 0.2490994 -0.2074134 -0.1310202 0.0195624 0.1415645 0.0565364 0.9881197
1403638137.345097 0.0046261 -0.1650714 -0.0486714 0.0275526 0.0614745 0.0756468 0.9948564
1403638137.495097 -0.0185502 -0.1101085 -0.0253171 0.0098123 0.0657754 0.0584620 0.9960721
1403638137.595097 -0.0268365 -0.0778306 -0.0115618 -0.0052244 0.0717281 0.0410806 0.9965641
1403638137.745097 -0.0336334 -0.0468201 0.0022227 -0.0048929 0.0819822 0.0377143 0.9959080
1403638137.945097 -0.0383091 -0.0172398 0.0101647 -0.0259403 0.0883235 0.0274953 0.9953743
1403638138.445097 -0.0402273 -0.0057461 0.0134512 -0.0033668 0.0905470 0.0316648 0.9953830
1403638147.995097 -0.0363121 -0.0277135 0.0242799 0.0260432 0.0953837 0.0351398 0.9944792
1403638148.095097 -0.0358269 -0.0358421 0.0200806 0.0351486 0.0958025 0.0336883 0.9942090
1403638149.845097 -0.0933041 -0.5451339 0.1550963 0.0361311 0.0611365 0.0138526 0.9973791
1403638150.895097 -0.3478036 -0.6186430 0.4257873 0.0168854 0.0141907 -0.0107683 0.9996987
1403638151.295097 -0.5305448 -0.6941179 0.5780202 0.0304454 -0.0448435 -0.0395291 0.9977472
1403638151.545097 -0.6652852 -0.7327868 0.6660314 0.0302260 -0.1039225 -0.0587714 0.9923872
1403638151.845097 -0.8367317 -0.8222716 0.7572028 0.0299100 -0.1400371 -0.0734880 0.9869623
1403638152.195097 -1.0527246 -0.9662651 0.8535559 0.0274337 -0.1445644 -0.0794418 0.9859197
1403638153.095097 -1.7580111 -1.1630964 1.1695297 0.0272212 -0.1886177 -0.0884255 0.9776826
1403638153.345097 -1.9795403 -1.2505656 1.2472548 0.0197266 -0.2103534 -0.1009624 0.9721979
1403638153.595097 -2.2065985 -1.3243808 1.3408782 0.0197609 -0.2396729 -0.1304650 0.9618447
1403638153.845097 -2.4641969 -1.4220504 1.4263300 0.0256101 -0.2816928 -0.1447305 0.9481806
1403638154.095097 -2.7384613 -1.4858632 1.5278343 0.0361930 -0.3043216 -0.1426787 0.9411276
1403638154.395097 -3.0758641 -1.5241501 1.6529531 0.0591900 -0.3085258 -0.1402563 0.9389550
1403638154.595097 -3.2976129 -1.5290449 1.7146206 0.0630142 -0.3101346 -0.1354592 0.9388805
1403638154.895097 -3.6111090 -1.5537444 1.7539960 0.0479427 -0.3250689 -0.1535332 0.9319116
1403638155.145097 -3.8789387 -1.6088321 1.7336693 0.0523416 -0.3477385 -0.1668079 0.9211479
1403638155.345097 -4.0964627 -1.6380752 1.7068766 0.0613445 -0.3652535 -0.1686022 0.9134550
1403638155.545097 -4.3123584 -1.6310791 1.6680741 0.0683661 -0.3869474 -0.1744846 0.9028582
1403638155.745097 -4.5185428 -1.5969232 1.6114583 0.0700054 -0.4247359 -0.1704599 0.8863645
1403638155.945097 -4.7014508 -1.5382091 1.5456218 0.0569809 -0.4652060 -0.1840757 0.8639749
1403638156.145097 -4.8704438 -1.4911147 1.4633842 0.0343322 -0.5060700 -0.2083971 0.8362327
1403638156.345097 -5.0342875 -1.4764992 1.3678881 0.0205780 -0.5378357 -0.2239161 0.8125091
1403638156.645097 -5.2922397 -1.4333752 1.2584410 0.0115558 -0.5571278 -0.2328397 0.7970324
1403638157.095097 -5.7184877 -1.3444554 1.1683426 0.0075396 -0.5518028 -0.2350372 0.8001339
1403638157.545097 -6.2139554 -1.3498970 1.1060736 0.0190060 -0.5551004 -0.2407929 0.7959403
1403638157.745097 -6.4490657 -1.3429505 1.0862123 0.0367022 -0.5770912 -0.2482704 0.7771618
1403638157.945097 -6.6868377 -1.3554087 1.0486523 0.0379907 -0.6103946 -0.2564005 0.7484878
1403638158.245097 -7.0282578 -1.3685994 0.9840918 0.0237464 -0.6428936 -0.2588099 0.7205147
1403638158.595097 -7.4272985 -1.3445035 0.9456236 0.0371732 -0.6452547 -0.2698898 0.7137395
1403638158.995097 -7.8703370 -1.3100908 0.8858610 0.0151859 -0.6419893 -0.2656803 0.7190501
1403638159.295097 -8.2145262 -1.3312864 0.8377846 -0.0046937 -0.6328958 -0.2794367 0.7220361
1403638159.545097 -8.5396538 -1.3526952 0.8121625 0.0283377 -0.6505631 -0.2310912 0.7228841
1403638159.745097 -8.7678881 -1.3990414 0.8087523 0.0258634 -0.6628523 -0.1996259 0.7211847
1403638160.095097 -9.0744772 -1.5757092 0.8349757 0.0505187 -0.6533974 -0.2302508 0.7193776
1403638160.295097 -9.2037897 -1.7171530 0.8418018 0.0292358 -0.6454785 -0.2564803 0.7188328
1403638160.645097 -9.4247646 -1.9760997 0.8429869 0.0155369 -0.6397424 -0.2702443 0.7193443
1403638160.895097 -9.6033516 -2.1404116 0.8586447 0.0243018 -0.6438903 -0.2412212 0.7256907
1403638161.195097 -9.7922230 -2.3330328 0.9233698 0.0368114 -0.6088493 -0.2168485 0.7621838
1403638161.595097 -9.9699631 -2.5649064 1.0676863 0.0191289 -0.5385045 -0.2156873 0.8143255
1403638161.945097 -10.1290274 -2.7217960 1.2244591 0.0229260 -0.5192589 -0.1960772 0.8315036
1403638162.495097 -10.3585272 -2.9920688 1.5265943 0.0144041 -0.5038990 -0.1806491 0.8445379
1403638162.895097 -10.4929132 -3.2559199 1.8052706 0.0164766 -0.4983084 -0.1871228 0.8464055
1403638163.245097 -10.5971889 -3.5051813 2.0728977 0.0325225 -0.4795569 -0.1658224 0.8610867
1403638163.645097 -10.6633186 -3.7059011 2.4524078 0.0367814 -0.4264109 -0.1594501 0.8896047
1403638163.995097 -10.6785135 -3.9391799 2.7343144 0.0343171 -0.4190387 -0.1495528 0.8949094
1403638164.245097 -10.6691246 -4.1502280 2.9140937 0.0311143 -0.4251015 -0.1408411 0.8935795
1403638164.345097 -10.6559134 -4.2338295 2.9941030 0.0324325 -0.4281071 -0.1376440 0.8925954
1403638164.495097 -10.6277962 -4.3460388 3.1227102 0.0325912 -0.4310914 -0.1366195 0.8913098
1403638164.645097 -10.5886374 -4.4475951 3.2527323 0.0303558 -0.4316337 -0.1318846 0.8918393
1403638164.695097 -10.5716858 -4.4797573 3.3008714 0.0309457 -0.4286348 -0.1322185 0.8932149
1403638164.745097 -10.5566216 -4.5131855 3.3533669 0.0335479 -0.4249853 -0.1328735 0.8947663
1403638164.795097 -10.5375137 -4.5433154 3.4022791 0.0393913 -0.4200085 -0.1375446 0.8961711
1403638164.845097 -10.5176849 -4.5767097 3.4551480 0.0460345 -0.4149783 -0.1427615 0.8973812
1403638164.945097 -10.4755831 -4.6288319 3.5445867 0.0571441 -0.4060801 -0.1504750 0.8995503
1403638164.995097 -10.4546328 -4.6595578 3.5924563 0.0600796 -0.4047031 -0.1474236 0.9004844
1403638165.095097 -10.4052715 -4.7097735 3.6899621 0.0605423 -0.4029411 -0.1324857 0.9035600
1403638165.245097 -10.3247595 -4.7692084 3.8267319 0.0451033 -0.3929458 -0.1298887 0.9092240
1403638165.495097 -10.1695385 -4.8471646 4.0692635 0.0345367 -0.3828901 -0.1235670 0.9148407
1403638165.695097 -10.0299816 -4.9025855 4.2744412 0.0665987 -0.3777437 -0.1211373 0.9155326
1403638165.945097 -9.8265438 -4.9307833 4.5052972 0.0588842 -0.3712705 -0.1345410 0.9168367
1403638166.345097 -9.4716644 -5.0721016 4.7781215 0.0391915 -0.3684628 -0.1574073 0.9153809
1403638166.795097 -9.1146450 -5.3656540 4.9874625 0.0291173 -0.3779955 -0.1512123 0.9129109
1403638167.295097 -8.7828341 -5.6090617 5.3144622 -0.0030642 -0.3747201 -0.1636176 0.9125813
1403638167.695097 -8.6209402 -5.8807988 5.6518893 0.0137319 -0.3764327 -0.1389041 0.9158687
1403638168.045097 -8.4813728 -6.0793839 6.0260248 0.0165810 -0.3415091 -0.1033835 0.9340281
1403638168.295097 -8.3474398 -6.2605453 6.3225226 0.0204236 -0.3069734 -0.0957827 0.9466657
1403638168.495097 -8.2386875 -6.4281273 6.5704961 0.0242607 -0.2724181 -0.0972655 0.9569426
1403638168.645097 -8.1478720 -6.5440807 6.7548842 0.0176368 -0.2508846 -0.1134921 0.9611792
1403638168.745097 -8.0932064 -6.6172671 6.8801289 0.0144720 -0.2425343 -0.1208075 0.9624829
1403638168.895097 -8.0246897 -6.7149196 7.0737662 0.0113343 -0.2376340 -0.1251964 0.9631861
1403638169.045097 -7.9714451 -6.8017802 7.2782702 0.0153653 -0.2397211 -0.1253694 0.9625903
1403638169.145097 -7.9479351 -6.8545980 7.4187918 0.0243090 -0.2461364 -0.1174553 0.9617849
1403638169.245097 -7.9293833 -6.9035640 7.5584178 0.0282381 -0.2532937 -0.1050936 0.9612493
1403638169.395097 -7.8981938 -6.9680243 7.7707081 0.0367985 -0.2572712 -0.0720192 0.9629489
1403638169.445097 -7.8853827 -6.9914665 7.8423076 0.0404625 -0.2552034 -0.0619183 0.9640540
1403638169.695097 -7.7801561 -7.1168122 8.1857738 0.0492684 -0.2136392 -0.0469871 0.9745374
1403638169.895097 -7.6705065 -7.2343569 8.4364986 0.0530227 -0.1569423 -0.0584662 0.9844488
1403638170.145097 -7.5232348 -7.3912539 8.7072859 0.0753634 -0.0937563 -0.0435450 0.9917832
1403638170.395097 -7.3776231 -7.4869409 8.9402800 0.0681669 -0.0400280 -0.0013076 0.9968697
1403638170.595097 -7.2492676 -7.5510058 9.1099043 0.0655504 -0.0012683 0.0332267 0.9972951
1403638170.795097 -7.1026201 -7.6232095 9.2403202 0.0733781 0.0395245 0.0550341 0.9949999
1403638171.045097 -6.8763371 -7.6972241 9.3542976 0.0742254 0.0916822 0.0709848 0.9904777
1403638171.295097 -6.6344900 -7.7320175 9.4363880 0.0794351 0.1225417 0.0852887 0.9855960
1403638171.545097 -6.3632178 -7.7334723 9.4677467 0.0862266 0.1365926 0.0966733 0.9821211
1403638171.745097 -6.1212292 -7.7041416 9.4559374 0.0929642 0.1508282 0.1091258 0.9781104
1403638172.195097 -5.5310125 -7.6107988 9.2353487 0.1014308 0.1832606 0.1147517 0.9710610
1403638172.495097 -5.1066709 -7.4487143 8.9695730 0.1031970 0.1858572 0.1122858 0.9706696
1403638172.695097 -4.8136344 -7.2748623 8.7587852 0.1078930 0.1800477 0.1153665 0.9708926
1403638172.895097 -4.5168653 -7.0636511 8.5136223 0.1077444 0.1737293 0.1170683 0.9718561
1403638173.045097 -4.2833209 -6.8846359 8.3016834 0.0997423 0.1653610 0.1230185 0.9734340
1403638173.245097 -3.9673173 -6.6013923 8.0036898 0.0858772 0.1608517 0.1215864 0.9756888
1403638173.445097 -3.6286154 -6.2891803 7.6879506 0.0742285 0.1711148 0.0962610 0.9777237
1403638173.595097 -3.3734100 -6.0307455 7.4523506 0.0673840 0.1790694 0.0796515 0.9782889
1403638173.745097 -3.1192434 -5.7686434 7.2110696 0.0656982 0.1801071 0.0796194 0.9782157
1403638173.895097 -2.8708732 -5.5017123 6.9622464 0.0621935 0.1815215 0.0805164 0.9781100
1403638174.045097 -2.6387577 -5.2392149 6.7164307 0.0614404 0.1827238 0.0813330 0.9778661
1403638174.195097 -2.4029377 -4.9998913 6.4509549 0.0565577 0.1826512 0.0820023 0.9781183
1403638174.345097 -2.1799414 -4.7533121 6.1945782 0.0429813 0.1822816 0.0814824 0.9789212
1403638174.495097 -1.9658799 -4.5021276 5.9442987 0.0342501 0.1805554 0.0840595 0.9793675
1403638174.845097 -1.4688249 -3.9501460 5.3919334 0.0107600 0.1825868 0.0773862 0.9800804
1403638174.995097 -1.2588575 -3.7596340 5.1689310 0.0066402 0.1842631 0.0764224 0.9798789
1403638175.195097 -0.9813031 -3.5296235 4.8898077 0.0083517 0.1882151 0.0741180 0.9792915
1403638175.645097 -0.3655375 -3.1568892 4.3473291 -0.0390863 0.1920115 0.0704773 0.9780781
1403638175.895097 -0.0402531 -3.0482807 4.1515527 -0.0578538 0.1902149 0.0697120 0.9775538
1403638176.195097 0.3621246 -2.9163651 4.0651550 -0.0093356 0.1958843 0.0445795 0.9795687
1403638176.495097 0.6915587 -2.8708630 4.0553875 0.0229747 0.1981454 0.0443806 0.9788978
1403638177.095097 1.1650648 -2.9173362 4.0554161 0.0148677 0.1990296 0.0470636 0.9787498
1403638177.745097 1.4448212 -2.8879855 4.2439151 0.0223962 0.1917714 0.0810636 0.9778296
1403638178.095097 1.5709176 -2.8531692 4.3800344 0.0533320 0.2025866 0.0897809 0.9736805
1403638178.945097 1.9579833 -2.8100848 4.3534122 0.0321501 0.3579653 0.1668076 0.9181516
1403638179.095097 2.0390844 -2.7737417 4.3326941 0.0166042 0.3728499 0.1720579 0.9116487
1403638179.295097 2.1574855 -2.7049236 4.3107986 0.0003513 0.3940205 0.1722645 0.9028137
1403638179.495097 2.3009331 -2.6397321 4.2946014 0.0115560 0.4242237 0.1798494 0.8874429
1403638179.695097 2.4530306 -2.5696535 4.2853518 0.0260875 0.4632307 0.1924786 0.8646899
1403638179.845097 2.5729733 -2.5297134 4.2704825 0.0280221 0.4939820 0.2025629 0.8450827
1403638180.045097 2.7288482 -2.4852867 4.2309189 0.0161343 0.5214558 0.2222809 0.8236594
1403638180.195097 2.8471622 -2.4616482 4.1973453 0.0140336 0.5325727 0.2298747 0.8144488
1403638180.445097 3.0582333 -2.4066591 4.1502523 0.0078856 0.5389105 0.2325733 0.8095820
1403638180.595097 3.1902764 -2.3616309 4.1259184 0.0047978 0.5406803 0.2266333 0.8101106
1403638180.895097 3.4798093 -2.3046904 4.0748072 -0.0069526 0.5326559 0.2282851 0.8149327
1403638180.995097 3.5835829 -2.2938440 4.0568824 -0.0035196 0.5298265 0.2289297 0.8166166
1403638181.095097 3.6934016 -2.2789180 4.0451980 0.0002274 0.5271913 0.2290768 0.8182867
1403638181.145097 3.7504544 -2.2687690 4.0380192 0.0027299 0.5256160 0.2306322 0.8188584
1403638181.295097 3.9276099 -2.2377555 4.0254340 0.0192684 0.5263816 0.2305430 0.8181693
1403638181.495097 4.1695914 -2.1790323 4.0011010 0.0422658 0.5450854 0.2420885 0.8015540
1403638181.795097 4.5269103 -2.0697498 3.9101253 0.0494196 0.6031709 0.2462979 0.7570204
1403638182.145097 4.9025683 -1.9898125 3.7198730 0.0159345 0.6443692 0.2700208 0.7152784
1403638182.595097 5.3829637 -1.9216427 3.4352007 -0.0049108 0.6490675 0.2819513 0.7065343
1403638182.895097 5.7503653 -1.9177351 3.2220216 -0.0040825 0.6458454 0.2751735 0.7121423
1403638183.095097 6.0123057 -1.8975458 3.0917001 0.0092125 0.6476218 0.2627637 0.7151619
1403638183.145097 6.0797205 -1.8906279 3.0598021 0.0092123 0.6489294 0.2579349 0.7157342
1403638183.295097 6.2761025 -1.8620911 2.9734833 0.0020257 0.6482605 0.2552192 0.7173684
1403638183.495097 6.5417891 -1.8088162 2.8723650 -0.0135180 0.6432679 0.2653162 0.7180745
1403638183.695097 6.8210130 -1.7553290 2.7878110 -0.0128983 0.6451150 0.2600948 0.7183390
1403638183.795097 6.9665546 -1.7392645 2.7465184 -0.0039734 0.6490015 0.2508651 0.7182255
1403638183.895097 7.1127801 -1.7334715 2.7066083 0.0034294 0.6526100 0.2423398 0.7178857
1403638183.995097 7.2542467 -1.7330772 2.6686492 0.0044638 0.6531757 0.2417126 0.7175769
1403638184.145097 7.4660382 -1.7443348 2.6166689 -0.0034917 0.6503705 0.2504309 0.7171404
1403638184.345097 7.7447243 -1.7567152 2.5630934 -0.0094417 0.6485001 0.2582584 0.7160036
1403638184.395097 7.8176856 -1.7573631 2.5520236 -0.0062578 0.6493506 0.2566366 0.7158508
1403638184.445097 7.8885617 -1.7575356 2.5429392 -0.0045254 0.6504127 0.2544989 0.7156628
1403638184.545097 8.0301962 -1.7593391 2.5272775 -0.0019112 0.6521955 0.2509479 0.7153059
1403638184.645097 8.1725254 -1.7627767 2.5128477 0.0011392 0.6530090 0.2496527 0.7150185
1403638184.795097 8.3887806 -1.7699082 2.5021455 0.0023816 0.6531857 0.2503277 0.7146180
1403638184.845097 8.4573822 -1.7732050 2.4978168 0.0017389 0.6532717 0.2511030 0.7142692
1403638184.945097 8.5985603 -1.7796351 2.4934881 0.0022706 0.6548191 0.2479432 0.7139544
1403638184.995097 8.6680155 -1.7860980 2.4917290 0.0028493 0.6547007 0.2485219 0.7138597
1403638185.145097 8.8774567 -1.8013817 2.4926898 0.0005867 0.6543307 0.2489991 0.7140381
1403638185.345097 9.1492004 -1.8327271 2.5001237 -0.0056765 0.6564789 0.2417820 0.7145241
1403638185.445097 9.2840214 -1.8495262 2.5123341 -0.0043059 0.6559299 0.2340153 0.7176172
1403638185.695097 9.6059189 -1.9082989 2.5627789 0.0024438 0.6383747 0.2146255 0.7391939
1403638185.995097 9.9567146 -1.9942254 2.6623394 0.0263447 0.6052148 0.2515214 0.7548231
1403638186.145097 10.1265469 -2.0168808 2.7121403 0.0170944 0.6043479 0.2466228 0.7573959
1403638186.545097 10.5873575 -2.0984020 2.8227835 0.0060544 0.6088832 0.2352495 0.7575502
1403638187.345097 11.4975243 -2.3346612 3.1737504 0.0312575 0.5225882 0.1833288 0.8320547
1403638187.895097 11.9319735 -2.6196222 3.4158204 0.0198371 0.4799870 0.1602484 0.8622873
1403638188.445097 12.2405462 -2.7849815 3.7455344 0.0732320 0.4954294 0.1384274 0.8544148
1403638189.245097 11.9701662 -3.0287323 4.0028157 0.0605393 0.4378849 0.1457689 0.8850668
1403638191.045097 10.8121300 -3.3142507 4.3857446 0.0408134 0.3464875 0.1144398 0.9301528
1403638191.545097 10.3719091 -3.4560575 4.4991317 0.0135968 0.3442168 0.1255010 0.9303652
1403638192.145097 9.8845663 -3.5621834 4.7086139 0.0100525 0.3507313 0.1137424 0.9294887
1403638192.595097 9.5118484 -3.8006842 4.8840141 0.0378760 0.3491627 0.1137252 0.9293640
1403638193.145097 8.9858027 -4.0903344 5.0190039 0.0958434 0.3343132 0.1233605 0.9294251
1403638193.645097 8.4092836 -4.2738242 4.8705053 0.0621702 0.3162120 0.1005524 0.9412938
1403638193.995097 7.9637928 -4.3032360 4.7177219 0.0337033 0.3103918 0.1135854 0.9431964
1403638194.395097 7.4706435 -4.2609129 4.5391536 0.0449117 0.3141026 0.1113807 0.9417626
1403638194.695097 7.1050186 -4.2406836 4.3779731 0.0218924 0.3122471 0.1202551 0.9421046
1403638194.945097 6.8207722 -4.2248878 4.2559600 0.0067139 0.3135792 0.1216837 0.9417091
1403638195.245097 6.5108094 -4.1650128 4.1614952 -0.0093525 0.3110650 0.1283801 0.9416314
1403638195.795097 6.0825520 -4.0581102 4.1433582 0.0134968 0.3122874 0.1240446 0.9417576
1403638196.645097 5.6771464 -4.1531167 4.2312961 0.0049540 0.3107313 0.1275216 0.9418916
1403638197.695097 5.5004683 -4.3945231 4.5698109 0.0305925 0.3225100 0.0984319 0.9409370
1403638198.345097 5.2937493 -4.5155663 4.8031831 0.0456217 0.3174303 0.1074268 0.9410718
1403638198.695097 5.1347246 -4.4214702 4.9499454 0.0278481 0.3321859 0.0654059 0.9405313
1403638199.045097 4.8648882 -4.3872399 5.1058068 0.0277359 0.3365313 0.0513341 0.9398629
1403638199.345097 4.5113292 -4.4549489 5.2301588 0.0377821 0.3347133 0.0588585 0.9397208
1403638199.645097 4.0582242 -4.5898409 5.3413596 0.0254519 0.3325043 0.0493498 0.9414657
1403638199.995097 3.4159870 -4.7832999 5.4779911 0.0304397 0.2921380 0.0809706 0.9524561
1403638200.345097 2.7232437 -4.9752498 5.6386056 0.0480562 0.2521978 0.0495194 0.9652123
1403638200.595097 2.2128050 -5.1187973 5.7280917 0.0474201 0.2230965 0.0187136 0.9734624
1403638200.795097 1.7571111 -5.2447987 5.7821283 0.0411513 0.2015265 -0.0037314 0.9786111
1403638200.995097 1.2663467 -5.3788548 5.8432922 0.0389019 0.1820576 0.0104006 0.9824629
1403638201.195097 0.7623854 -5.4788270 5.9155931 0.0436501 0.1723580 0.0276848 0.9836773
1403638201.395097 0.2456577 -5.5504570 5.9944324 0.0438018 0.1747897 0.0297517 0.9831809
1403638201.595097 -0.2642422 -5.5962934 6.0806260 0.0473771 0.1793968 0.0292398 0.9822002
1403638201.895097 -1.0389948 -5.6028719 6.2172160 0.0495589 0.1812125 0.0325789 0.9816540
1403638202.145097 -1.6828312 -5.5989203 6.3040166 0.0452989 0.1592934 0.0382059 0.9854511
1403638202.445097 -2.4380856 -5.6296129 6.3803387 0.0326887 0.1405811 0.0469325 0.9884158
1403638202.895097 -3.4992430 -5.5814781 6.5421443 0.0331683 0.1383552 0.0479876 0.9886632
1403638203.195097 -4.1381459 -5.5593643 6.6378841 0.0398503 0.1396427 0.0463468 0.9883136
1403638203.395097 -4.5454278 -5.5699334 6.6833410 0.0471376 0.1390674 0.0463261 0.9880750
1403638203.545097 -4.8361602 -5.5658855 6.7132778 0.0470891 0.1373062 0.0496242 0.9881635
1403638203.645097 -5.0304170 -5.5585160 6.7313318 0.0444534 0.1364362 0.0511836 0.9883265
1403638203.745097 -5.2187562 -5.5584340 6.7410889 0.0453043 0.1359337 0.0521598 0.9883061
1403638203.895097 -5.4940324 -5.5639901 6.7478843 0.0457249 0.1362070 0.0490877 0.9884064
1403638203.945097 -5.5851521 -5.5707736 6.7482944 0.0448094 0.1354497 0.0498069 0.9885164
1403638204.095097 -5.8384061 -5.5890393 6.7435417 0.0414668 0.1325824 0.0509982 0.9889902
1403638204.145097 -5.9267311 -5.5978184 6.7423196 0.0392430 0.1311478 0.0531579 0.9891585
1403638204.245097 -6.0934949 -5.6218920 6.7314258 0.0348203 0.1278011 0.0603814 0.9893475
1403638204.345097 -6.2506824 -5.6457992 6.7249064 0.0283938 0.1224194 0.0743988 0.9892786
1403638204.495097 -6.4701657 -5.6828904 6.7074986 0.0221043 0.1192334 0.0861207 0.9888771
1403638205.145097 -7.3380685 -5.7489672 6.6857181 0.0290592 0.0347914 -0.0065422 0.9989506
1403638205.245097 -7.4446316 -5.7433290 6.6886425 0.0323429 -0.0089286 -0.0246633 0.9991326
1403638205.395097 -7.6535521 -5.7645612 6.9334512 0.0425828 -0.0774412 -0.0432116 0.9951494
1403638205.445097 -7.5865564 -5.8181858 6.8907237 0.0454700 -0.1085859 -0.0648878 0.9909244
1403638205.545097 -7.6831164 -5.8292184 6.8763428 0.0534686 -0.1390747 -0.0896978 0.9847607
1403638205.595097 -7.7246351 -5.8390570 6.8648510 0.0580342 -0.1500630 -0.1013921 0.9817498
1403638205.645097 -7.7746902 -5.8455048 6.8548832 0.0645548 -0.1581129 -0.1109711 0.9790395
1403638205.745097 -7.8837600 -5.8704567 6.8276920 0.0741013 -0.1717802 -0.1261916 0.9742054
1403638205.845097 -7.9903235 -5.8878765 6.7954607 0.0768501 -0.1893068 -0.1342794 0.9696525
1403638205.995097 -8.1696405 -5.9242620 6.7160835 0.0728551 -0.2238610 -0.1413988 0.9615533
1403638206.095097 -8.2855129 -5.9545727 6.6666641 0.0714998 -0.2495095 -0.1473217 0.9544261
1403638206.145097 -8.3627281 -5.9675169 6.6180506 0.0719698 -0.2612501 -0.1493537 0.9509270
1403638206.295097 -8.5633287 -6.0028195 6.5015030 0.0738488 -0.2950920 -0.1548838 0.9399351
1403638206.445097 -8.7657614 -6.0214977 6.3756309 0.0707668 -0.3237178 -0.1465249 0.9320565
1403638206.495097 -8.8368683 -6.0201626 6.3162637 0.0717390 -0.3289501 -0.1448651 0.9304082
1403638206.845097 -9.2632189 -5.9728260 6.0085988 0.0713542 -0.3584145 -0.1449408 0.9194780
1403638207.045097 -9.4788370 -5.8996162 5.8183088 0.0763232 -0.3710656 -0.1424140 0.9144415
1403638207.295097 -9.7161016 -5.7681527 5.5922832 0.0808130 -0.3836254 -0.1437744 0.9086417
1403638207.545097 -9.8960819 -5.5994329 5.3303881 0.0831492 -0.4239528 -0.1541914 0.8885804
1403638207.845097 -10.0395470 -5.4256749 4.9704423 0.0491069 -0.4578282 -0.1731667 0.8706291
1403638207.895097 -10.0842390 -5.3574772 4.8809757 0.0450362 -0.4577997 -0.1740637 0.8706854
1403638208.245097 -10.1930141 -5.2123303 4.4633884 0.0491107 -0.4612256 -0.1710901 0.8692452
1403638208.545097 -10.2351522 -5.0566092 4.1392660 0.0383617 -0.4613924 -0.1794966 0.8680014
1403638208.745097 -10.2542372 -4.9537468 3.9397452 0.0368218 -0.4813271 -0.1856057 0.8558732
1403638208.795097 -10.2577686 -4.9326024 3.8846512 0.0371160 -0.4855306 -0.1869470 0.8531900
1403638208.845097 -10.2591925 -4.9202051 3.8336143 0.0375964 -0.4893991 -0.1872604 0.8508869
1403638208.945097 -10.2602444 -4.8816748 3.7375216 0.0403034 -0.4949866 -0.1908947 0.8467131
1403638208.995097 -10.2616711 -4.8605180 3.6914241 0.0407911 -0.4970023 -0.1918053 0.8453020
1403638209.145097 -10.2564917 -4.7842155 3.5578170 0.0408253 -0.5015843 -0.1927202 0.8423808
1403638209.195097 -10.2544384 -4.7573547 3.5190442 0.0403737 -0.5025486 -0.1930849 0.8417441
1403638209.245097 -10.2511349 -4.7291007 3.4730806 0.0404047 -0.5029300 -0.1928914 0.8415591
1403638209.495097 -10.2224808 -4.5722280 3.2830877 0.0390119 -0.5055252 -0.1886812 0.8410242
1403638209.695097 -10.1866274 -4.4007592 3.1710796 0.0401707 -0.5054361 -0.1855246 0.8417252
1403638209.745097 -10.1766701 -4.3479691 3.1428332 0.0404694 -0.5044432 -0.1863654 0.8421206
1403638209.995097 -10.1131802 -4.0481534 3.0589485 0.0537475 -0.5027482 -0.1882231 0.8419783
1403638211.595097 -8.8479509 -2.3583422 2.4092751 0.0411905 -0.4763204 -0.1675648 0.8621742
1403638211.995097 -8.8548765 -2.2768085 1.9617151 0.0250831 -0.3703566 -0.1391149 0.9180707
1403638212.695097 -7.3369699 -1.7160996 2.1128464 0.0408900 -0.2213341 -0.0613337 0.9724081
1403638212.745097 -7.2536988 -1.7081622 2.0820663 0.0395455 -0.2070376 -0.0589509 0.9757543
1403638212.845097 -7.1017628 -1.6966851 2.0386293 0.0405490 -0.1804461 -0.0479501 0.9815782
1403638212.895097 -7.0176024 -1.6923381 2.0233822 0.0397064 -0.1678012 -0.0409655 0.9841686
1403638213.045097 -6.7852287 -1.6913701 1.9704502 0.0386671 -0.1235509 -0.0248522 0.9912731
1403638213.095097 -6.6073003 -1.7251947 1.9386781 0.0345476 -0.1117111 -0.0155577 0.9930182
1403638213.145097 -6.5209408 -1.7221729 1.9052104 0.0329952 -0.0975964 -0.0078192 0.9946482
1403638213.195097 -6.4392557 -1.7204746 1.8887591 0.0294066 -0.0834060 0.0002230 0.9960817
1403638213.295097 -6.3723674 -1.7055835 1.9068723 0.0221353 -0.0562768 0.0130224 0.9980848
1403638213.345097 -6.2921805 -1.7092000 1.9011447 0.0150804 -0.0425519 0.0241285 0.9986890
1403638213.445097 -6.1104603 -1.7131041 1.8898737 0.0045484 -0.0185128 0.0478755 0.9986714
1403638213.645097 -5.9262242 -1.6745939 1.9101247 0.0188695 0.0407339 0.0660302 0.9968073
1403638213.845097 -5.5623379 -1.6715975 1.8923515 0.0411145 0.0761132 0.0452050 0.9952250
1403638213.995097 -5.2285714 -1.6787592 1.8821352 0.0420683 0.0819602 0.0420030 0.9948611
1403638214.045097 -5.1292329 -1.6837401 1.8746306 0.0379631 0.0826956 0.0404772 0.9950286
1403638214.095097 -5.0277429 -1.6865072 1.8645107 0.0320186 0.0825119 0.0394230 0.9952952
1403638214.145097 -4.9318290 -1.6949840 1.8549335 0.0265938 0.0817568 0.0392407 0.9955243
1403638214.195097 -4.8314562 -1.7005547 1.8462647 0.0198952 0.0801868 0.0384853 0.9958379
1403638214.295097 -4.6359906 -1.7133218 1.8315473 0.0107026 0.0768156 0.0375881 0.9962791
1403638214.445097 -4.3462911 -1.7284260 1.8220915 0.0043120 0.0715830 0.0338981 0.9968491
1403638214.495097 -4.2498779 -1.7306179 1.8233908 0.0083034 0.0699717 0.0324686 0.9969859
1403638216.045097 -1.5042347 -1.5377465 2.0109885 0.0460447 0.0628634 0.0199194 0.9967604
1403638223.845097 -0.1627763 -0.2508401 -0.0701234 0.0308012 0.1769745 0.0588061 0.9819741
1403638224.045097 -0.1557852 -0.2099728 -0.0909257 0.0259551 0.1795845 0.0517770 0.9820361
1403638224.095097 -0.1562725 -0.1990519 -0.0939508 0.0218540 0.1788851 0.0531501 0.9821902
1403638224.145097 -0.1570989 -0.1874520 -0.0977080 0.0162355 0.1780964 0.0546864 0.9823581
1403638224.245097 -0.1601135 -0.1681049 -0.1015796 0.0103391 0.1771606 0.0567423 0.9824905
1403638224.295097 -0.1615881 -0.1604357 -0.1018486 0.0121361 0.1771920 0.0567303 0.9824650
1403638224.445097 -0.1679422 -0.1437667 -0.0990418 0.0290911 0.1751391 0.0636332 0.9820544
1403638224.595097 -0.1750442 -0.1270967 -0.0935243 0.0421383 0.1755555 0.0621864 0.9815995
1403638224.645097 -0.1777320 -0.1199230 -0.0917377 0.0374444 0.1760687 0.0612462 0.9817569
1403638224.745097 -0.1839592 -0.1055983 -0.0894454 0.0196007 0.1751134 0.0630034 0.9823348
1403638224.795097 -0.1872983 -0.1006472 -0.0894723 0.0137544 0.1749481 0.0637622 0.9824145
1403638224.895097 -0.1933421 -0.0979506 -0.0854113 0.0208114 0.1732116 0.0672468 0.9823658
1403638224.945097 -0.1960626 -0.0991767 -0.0827354 0.0280278 0.1713771 0.0713069 0.9822218
1403638224.995097 -0.1987661 -0.1013363 -0.0806656 0.0352669 0.1696721 0.0752296 0.9819919
1403638225.145097 -0.2019202 -0.1068948 -0.0764006 0.0406920 0.1700886 0.0711213 0.9820162
1403638225.245097 -0.2019261 -0.1098343 -0.0763563 0.0293901 0.1711184 0.0658782 0.9826061
1403638225.445097 -0.1995357 -0.1201921 -0.0731217 0.0298178 0.1729429 0.0600729 0.9826459
1403638225.545097 -0.1983702 -0.1194004 -0.0654810 0.0475772 0.1747576 0.0560690 0.9818617
1403638225.595097 -0.1981217 -0.1162927 -0.0617168 0.0565766 0.1756454 0.0538901 0.9813479
1403638225.695097 -0.2000570 -0.1020579 -0.0528523 0.0650993 0.1761511 0.0523282 0.9808133
1403638225.745097 -0.2024765 -0.0903679 -0.0497433 0.0611780 0.1760681 0.0519771 0.9810992
1403638225.895097 -0.2189056 -0.0721641 -0.0392272 0.0304297 0.1749148 0.0556234 0.9825400
1403638226.045097 -0.2261477 0.0035641 -0.0128062 0.0093010 0.1693811 0.0617935 0.9835675
1403638226.145097 -0.2466902 0.0029970 -0.0293562 0.0115259 0.1583724 0.0848883 0.9836561
1403638226.195097 -0.2842485 0.0489017 0.0022629 0.0057132 0.1613340 0.0792822 0.9836935
1403638226.245097 -0.2941984 0.1132711 0.0458317 0.0067391 0.1722551 0.0603200 0.9831807
1403638226.295097 -0.2595696 0.0355791 0.0220229 0.0177358 0.1706535 0.0701906 0.9826679
1403638226.445097 -0.2850935 -0.0072578 -0.0018622 0.0076541 0.1710911 0.0598596 0.9834054
1403638226.495097 -0.2762952 -0.0016080 -0.0234035 0.0075374 0.1702655 0.0596214 0.9835640
1403638226.595097 -0.2718918 0.0025731 -0.0445942 0.0079681 0.1702211 0.0586861 0.9836245
1403638226.645097 -0.2705558 0.0049480 -0.0579999 0.0080379 0.1695962 0.0594092 0.9836885
1403638226.745097 -0.2705457 0.0048535 -0.0581552 0.0074697 0.1694508 0.0599612 0.9836845
1403638226.995097 -0.2705888 0.0048949 -0.0582200 0.0073968 0.1695585 0.0597661 0.9836784
