1311868164.363181 0.0000041 -0.0000072 0.0000018 0.0000032 0.0000072 0.0000073 1.0000000
1311868164.899132 0.0674153 -0.0023618 -0.0455078 0.0097763 -0.0034559 -0.0159262 0.9998194
1311868164.999037 0.0922657 0.0028634 -0.0500790 0.0111711 -0.0062799 -0.0199358 0.9997191
1311868165.163146 0.1493944 0.0009228 -0.0613992 0.0144446 -0.0256019 -0.0279061 0.9991782
1311868165.331226 0.2097206 0.0175519 -0.0717684 0.0100202 -0.0436663 -0.0355282 0.9983640
1311868166.363122 0.3199344 0.1257636 -0.1992526 -0.0474004 -0.0047627 -0.0192958 0.9986782
1311868167.763281 0.6538171 0.1327555 -0.2461448 -0.0390896 -0.0838184 -0.0654774 0.9935588
1311868169.063354 0.6911422 -0.0121612 -0.0539126 -0.0171642 -0.1290644 -0.0782673 0.9883937
1311868170.163416 0.8455493 -0.1988145 0.0830349 0.0430668 -0.2574400 -0.1224958 0.9575305
1311868171.131477 1.0290837 -0.1566594 0.0043553 0.0226262 -0.2733849 -0.1354437 0.9520524
1311868171.899575 1.2173810 -0.1391990 0.0687709 0.0091975 -0.3132781 -0.1846126 0.9314990
1311868172.599590 1.3497292 -0.1181277 0.1687077 -0.0383169 -0.3090434 -0.2105070 0.9266665
1311868172.999602 1.3755876 -0.1180005 0.2742840 -0.0795568 -0.2972510 -0.2191015 0.9259088
1311868173.831620 1.4139395 -0.2207877 0.4370967 -0.0736532 -0.3271311 -0.2264871 0.9144748
1311868174.267791 1.4767470 -0.2968729 0.5170265 -0.0430302 -0.3821785 -0.2652352 0.8841597
1311868174.799810 1.5138030 -0.3558814 0.5967719 -0.0347249 -0.4201171 -0.2621011 0.8681007
1311868175.031665 1.4969252 -0.3955353 0.6224006 -0.0147783 -0.4223652 -0.2536142 0.8700972
1311868175.199578 1.4694735 -0.4383766 0.6355938 0.0088019 -0.4257656 -0.2547755 0.8681795
1311868175.499770 1.4384080 -0.4844863 0.6827743 0.0461216 -0.4491009 -0.2147240 0.8660686
1311868175.699784 1.4287885 -0.5117346 0.7206300 0.0580095 -0.4638843 -0.2015593 0.8607091
1311868175.899663 1.4346925 -0.5397950 0.7579952 0.0697697 -0.4825923 -0.2003516 0.8497624
1311868176.099801 1.4600946 -0.5707785 0.8050537 0.0748240 -0.5096442 -0.2162118 0.8294074
1311868176.331871 1.4991022 -0.6022868 0.8746906 0.0699773 -0.5304319 -0.2397109 0.8101135
1311868176.567758 1.5320572 -0.6152846 0.9468524 0.0486790 -0.5350935 -0.2536327 0.8043480
1311868176.967856 1.5460384 -0.6417675 1.0247107 0.0343028 -0.5390598 -0.2570494 0.8013511
1311868177.731996 1.4882007 -0.6908103 1.1875899 0.0210408 -0.5300835 -0.2865044 0.7977995
1311868178.231966 1.5323648 -0.7278857 1.3017583 0.0150831 -0.5841560 -0.3281326 0.7422017
1311868178.699917 1.6108344 -0.7306424 1.3622303 -0.0046503 -0.6125827 -0.3325033 0.7170511
1311868179.532184 1.8705721 -0.7139338 1.3508444 -0.0303703 -0.5936147 -0.3425002 0.7275938
1311868180.368101 2.0516033 -0.7642075 1.4837344 -0.0549871 -0.6133111 -0.3649837 0.6982929
1311868182.136196 1.8932464 -0.8600152 1.6564469 -0.0590335 -0.6030622 -0.3645169 0.7070774
1311868182.700341 1.7149193 -0.9141636 1.7100511 -0.0431572 -0.6201233 -0.3462837 0.7026181
1311868183.068333 1.5779510 -0.9778899 1.7757759 -0.0159691 -0.6682587 -0.3553983 0.6533508
1311868183.436153 1.4492859 -1.0437863 1.8145636 0.0139516 -0.7049842 -0.3818649 0.5974795
1311868183.936316 1.2914405 -1.0890167 1.8344516 -0.0321907 -0.7253510 -0.3832006 0.5709528
1311868184.336293 1.1669047 -1.1256781 1.8422565 -0.0129571 -0.7238428 -0.3643117 0.5857992
1311868184.636350 1.0813651 -1.1442177 1.8657602 -0.0144379 -0.7421286 -0.3565439 0.5673739
1311868184.800366 1.0229919 -1.1715991 1.8842913 -0.0039555 -0.7619159 -0.3579459 0.5397622
1311868185.000422 0.9642436 -1.2053971 1.9068719 0.0091985 -0.7784532 -0.3585649 0.5151284
1311868185.236390 0.9015026 -1.2253802 1.9229208 -0.0135779 0.7898443 0.3625360 -0.4944990
1311868185.500443 0.8342105 -1.2410955 1.9407405 0.0257480 -0.7943385 -0.3433571 0.5004691
1311868185.600364 0.8167931 -1.2426276 1.9403124 0.0374062 -0.7930283 -0.3368209 0.5062199
1311868185.736700 0.7895050 -1.2469070 1.9463372 0.0443003 -0.7951177 -0.3247315 0.5102693
1311868185.868447 0.7711191 -1.2457154 1.9542253 0.0358436 -0.7993223 -0.3139468 0.5111130
1311868186.068672 0.7342970 -1.2449841 1.9720435 -0.0332540 0.8075396 0.3258437 -0.4905097
1311868186.200391 0.7134005 -1.2448361 1.9902060 -0.0296597 0.8156431 0.3351607 -0.4706526
1311868186.600576 0.6791508 -1.2497237 2.0550725 -0.0062346 0.8404672 0.3663551 -0.3991993
1311868187.169000 0.7673506 -1.2710160 2.1273832 0.0041105 0.8378078 0.3798515 -0.3921402
1311868187.436706 0.8180131 -1.2810119 2.1691411 0.0063934 0.8222630 0.4044787 -0.4002995
1311868188.068520 0.8401845 -1.3190235 2.3123956 0.0061989 0.8287079 0.4137577 -0.3768414
1311868188.336811 0.8122110 -1.3197420 2.4184191 0.0113471 0.8311107 0.4391059 -0.3410459
1311868188.568686 0.8151335 -1.3128461 2.4687624 0.0280464 0.8287690 0.4559616 -0.3231941
1311868188.968696 0.9053656 -1.3255380 2.5516140 0.0591985 0.8196994 0.4728284 -0.3178391
1311868189.368446 1.0144467 -1.3480608 2.6254091 0.0621391 0.7990375 0.4980366 -0.3311152
1311868190.036745 1.0532532 -1.4010834 2.7781563 0.0681003 0.7852508 0.5098590 -0.3446553
1311868191.036646 1.0147700 -1.4940104 2.9744577 0.0725289 0.7864415 0.5008159 -0.3541647
1311868193.105256 0.8211897 -1.5114620 2.8584549 0.0515840 0.7957972 0.4876239 -0.3553434
1311868194.508854 0.6936970 -1.6279848 2.7676272 0.0283352 0.8306217 0.4788589 -0.2827699
1311868195.906456 0.6315917 -1.6996427 2.9323440 0.0160377 0.8256830 0.4655866 -0.3181501
1311868196.869030 0.7303981 -1.7105901 3.0973563 0.0722930 0.7820423 0.4832645 -0.3868319
1311868197.737277 0.6435367 -1.7580009 3.3074369 0.0653474 0.7855673 0.5226605 -0.3247148
1311868199.605264 0.3886451 -1.7248383 3.3729517 0.0816283 0.7875072 0.5412237 -0.2832773
1311868200.805217 0.1586668 -1.7829230 3.4907131 0.0615972 0.8050598 0.5657880 -0.1672380
1311868202.773447 -0.0950917 -1.7842658 3.5287609 0.0378505 0.8017952 0.5839435 -0.1212507
1311868203.605369 -0.1644610 -1.8445214 3.4215150 0.0385409 0.8344791 0.5478126 -0.0453927
1311868204.437659 -0.3161661 -1.9366429 3.2740297 0.0306017 0.8285847 0.5583748 0.0269904
1311868205.006015 -0.4135014 -2.0148931 3.1992924 0.0232103 0.8249412 0.5623811 0.0515828
1311868205.705594 -0.4600954 -2.0899749 3.1464691 0.0270234 0.8609432 0.5062629 0.0417669
1311868206.105664 -0.4639138 -2.1121778 3.1102364 0.0245252 0.8712779 0.4895860 0.0240582
1311868207.373739 -0.5589935 -2.0007536 3.1784925 -0.0006407 0.8620316 0.5020366 0.0697152
1311868207.673813 -0.6214613 -1.9699147 3.2126265 0.0057318 0.8574251 0.5093800 0.0729473
1311868208.137703 -0.6878138 -1.9255579 3.2701831 -0.0077540 0.8498250 0.5227579 0.0667944
1311868208.737756 -0.7734632 -1.8736079 3.3590732 -0.0000924 0.8365768 0.5431349 0.0717204
1311868209.841897 -0.8527817 -1.7030298 3.3379798 0.0070356 0.8111693 0.5803603 0.0716717
1311868211.674030 -1.0783291 -1.6188121 3.3194883 -0.0105118 0.8083885 0.5698751 0.1471052
1311868213.042223 -1.2874866 -1.5942597 3.2886105 -0.0135157 0.8098502 0.5726356 0.1266831
1311868214.174039 -1.3748147 -1.5424285 3.1492758 -0.0018797 0.8122622 0.5543729 0.1813761
1311868215.274353 -1.4679701 -1.5218607 3.0288551 -0.0281955 0.8021610 0.5215412 0.2893743
1311868216.206326 -1.4514527 -1.5879731 2.8786614 -0.0232105 0.7963178 0.4996949 0.3400652
1311868216.906366 -1.4803921 -1.6344924 2.7679472 -0.0041341 0.8024003 0.4836637 0.3495799
1311868217.506647 -1.4959569 -1.6714469 2.7221634 -0.0047015 0.8187318 0.4652898 0.3363950
1311868219.174460 -1.5544116 -1.5240057 2.7649815 -0.0029403 0.8143423 0.4507325 0.3656202
1311868219.474442 -1.5866027 -1.4443501 2.7973523 0.0103085 0.8046241 0.4617509 0.3731754
1311868219.810409 -1.6079228 -1.3755765 2.8248415 0.0235284 0.7851831 0.4758658 0.3955828
1311868220.210459 -1.6253338 -1.3192489 2.8798742 0.0319620 0.7689563 0.4862274 0.4138449
1311868220.774530 -1.6724782 -1.2536007 2.9346442 0.0069276 0.7423299 0.5110092 0.4333219
1311868222.610667 -1.7967987 -1.1945848 2.8898640 -0.0002263 0.7377441 0.5181575 0.4327198
1311868224.474953 -1.9208229 -1.1073046 2.7002687 0.0090415 0.7073492 0.5001217 0.4994534
1311868225.443381 -2.0538814 -1.0486405 2.5834355 -0.0056427 0.6974502 0.4837000 0.5287398
1311868226.810784 -2.1355827 -0.9790529 2.4245822 -0.0007012 0.6842986 0.4854850 0.5440949
1311868227.311677 -2.1251674 -0.9388381 2.2886138 0.0075753 0.6796860 0.4697725 0.5632792
1311868227.813722 -2.1209760 -0.9090512 2.2020519 0.0135715 0.6590526 0.4551768 0.5985646
1311868228.444527 -2.1752572 -0.8587847 2.0886223 0.0062006 0.6193224 0.4251538 0.6600345
1311868229.044504 -2.2337375 -0.8065041 1.9809829 -0.0073800 0.6099010 0.4121304 0.6768419
1311868229.613429 -2.1670027 -0.8169200 1.8919860 -0.0131414 0.6036435 0.4296234 0.6714653
1311868229.944417 -2.0816476 -0.8505764 1.8344331 -0.0115067 0.5997353 0.4344258 0.6719072
1311868230.180570 -2.0210500 -0.8707231 1.7924154 -0.0136030 0.6029649 0.4382575 0.6664672
1311868230.582035 -1.9441190 -0.8989581 1.7230872 -0.0024393 0.5979882 0.4658218 0.6522378
1311868230.743239 -1.9062984 -0.9072052 1.6803603 0.0099465 0.6056532 0.4571206 0.6512496
1311868231.083967 -1.8582226 -0.9115172 1.6189976 -0.0129360 0.6146919 0.4332471 0.6590019
1311868231.443247 -1.8010417 -0.9340892 1.5601624 -0.0654621 0.6022268 0.4386621 0.6637869
1311868231.981369 -1.7020999 -1.0027056 1.5264226 -0.0787550 0.5991880 0.4405087 0.6638701
1311868232.343193 -1.6370196 -1.0557320 1.5197060 -0.0894160 0.5921972 0.4416566 0.6680170
1311868232.843289 -1.5744395 -1.1163375 1.5169489 -0.0776259 0.6098985 0.4392478 0.6550263
1311868234.279402 -1.7239598 -1.0035021 1.4330938 -0.0477728 0.5896899 0.3873090 0.7070894
1311868234.911468 -1.8720084 -0.9075679 1.3704273 -0.0507875 0.5819135 0.3611159 0.7269062
1311868235.379762 -1.9497153 -0.8209961 1.3243058 -0.0467477 0.5752279 0.3710945 0.7274726
1311868235.811896 -1.9784822 -0.7412682 1.2895036 -0.0409211 0.5908957 0.3632986 0.7191535
1311868236.311580 -1.9732965 -0.6505963 1.2409418 -0.0342931 0.5571214 0.3643841 0.7454287
1311868236.679569 -1.9622587 -0.5891450 1.2101259 -0.0264404 0.5452863 0.3541290 0.7593131
1311868237.011585 -1.9699584 -0.5347342 1.1949041 -0.0139072 0.5299162 0.3514784 0.7716594
1311868237.311685 -1.9758737 -0.4794942 1.1564298 0.0032957 0.5135046 0.3476354 0.7845074
1311868237.579714 -1.9849312 -0.4322002 1.0934191 -0.0082719 0.4968092 0.3320277 0.8017917
1311868237.847748 -1.9982152 -0.3864424 1.0267578 -0.0181017 0.4791892 0.3124849 0.8200020
1311868238.147711 -2.0140173 -0.3295828 0.9638336 -0.0209999 0.4616624 0.3164760 0.8284140
1311868238.711811 -1.9945588 -0.2612868 0.8908631 -0.0243250 0.4539500 0.3161483 0.8326992
1311868238.947727 -1.9645858 -0.2318362 0.8650208 -0.0276275 0.4514399 0.3324433 0.8275990
1311868239.311701 -1.9228883 -0.1998215 0.8272132 -0.0217899 0.4285921 0.3145332 0.8467011
1311868239.679838 -1.8889887 -0.1638421 0.8079150 -0.0270969 0.4017535 0.3057767 0.8627633
1311868240.111831 -1.8701972 -0.1079540 0.7411350 -0.0367428 0.3653720 0.2855840 0.8852090
1311868240.512225 -1.8678973 -0.0418666 0.6439065 -0.0564645 0.3535229 0.2551476 0.8981832
1311868241.148015 -1.8390008 -0.0238253 0.5728872 -0.0709856 0.3468504 0.2703497 0.8953027
1311868241.847976 -1.7017819 -0.1534495 0.5255411 -0.0612918 0.3355380 0.2776428 0.8980936
1311868242.412008 -1.6241970 -0.1985310 0.4391165 -0.0622654 0.2893837 0.2325566 0.9264435
1311868242.948092 -1.5825348 -0.1802520 0.4064078 -0.0470696 0.2826868 0.2080535 0.9351932
1311868243.312010 -1.5487611 -0.1613833 0.3793736 -0.0332980 0.2836567 0.2180492 0.9332120
1311868243.712048 -1.5050249 -0.1180505 0.3097946 -0.0444444 0.2432482 0.1770015 0.9526413
1311868244.012101 -1.4663122 -0.0765144 0.2448212 -0.0614425 0.2128252 0.1614043 0.9617063
1311868244.312192 -1.4511817 -0.0231177 0.1958055 -0.0538839 0.1849771 0.1383312 0.9714651
1311868244.548269 -1.4236321 0.0218217 0.1769219 -0.0574179 0.1893441 0.1359611 0.9707557
1311868244.780046 -1.4003754 0.0647510 0.1595695 -0.0588252 0.1848726 0.1419787 0.9706718
1311868245.112252 -1.3454393 0.1100245 0.1505494 -0.0749794 0.2007916 0.1385372 0.9668859
1311868245.312188 -1.3060662 0.1242564 0.1413054 -0.0643779 0.1930234 0.1377665 0.9693388
1311868245.612262 -1.2425913 0.1476142 0.1230894 -0.0485191 0.1652919 0.1290055 0.9765664
1311868245.748208 -1.2122998 0.1624219 0.1153001 -0.0520405 0.1722605 0.1466710 0.9726797
1311868245.980265 -1.1644170 0.2001569 0.0863602 -0.0613154 0.1482684 0.1508593 0.9754478
1311868246.180201 -1.1383270 0.2280656 0.0555799 -0.0776350 0.1311098 0.1347462 0.9790947
1311868246.680335 -1.1086969 0.3084913 -0.0450561 -0.0942863 0.1317751 0.1312249 0.9780212
1311868247.816205 -0.9425611 0.2546417 -0.0586028 -0.0911045 0.1390968 0.1315864 0.9772600
1311868248.180377 -0.8642932 0.1999995 -0.0151474 -0.0861563 0.1266741 0.1266685 0.9800438
1311868248.516261 -0.7782536 0.1595699 0.0156007 -0.0985915 0.1034222 0.1169227 0.9828085
1311868248.780288 -0.7000223 0.1212318 0.0283079 -0.1135799 0.0866344 0.0800691 0.9865004
1311868248.980371 -0.6424574 0.0957829 0.0340270 -0.1228069 0.0747960 0.0808582 0.9862991
1311868249.180476 -0.5845768 0.0670883 0.0447962 -0.1307985 0.0830191 0.0766164 0.9849516
1311868249.448316 -0.5403064 0.0400089 0.0677651 -0.1221530 0.0838615 0.0767744 0.9859775
1311868249.716340 -0.5101712 -0.0101677 0.1004557 -0.1161501 0.0877049 0.0739444 0.9865846
1311868250.016358 -0.4847864 -0.0653101 0.1534731 -0.1067205 0.0990508 0.0747085 0.9865183
1311868250.316452 -0.4703828 -0.1282743 0.2017643 -0.0979021 0.0956006 0.0770108 0.9875956
1311868250.580440 -0.4626095 -0.1774669 0.2348780 -0.0932415 0.0861097 0.0766275 0.9889486
1311868251.180611 -0.4546699 -0.2239594 0.2486484 -0.0716704 0.0764665 0.0599212 0.9926861
1311868251.916574 -0.3587744 -0.1443523 0.1770815 -0.0786198 0.0722550 0.0464192 0.9931986
1311868252.348634 -0.2513600 -0.1016421 0.0961797 -0.0747310 0.0595970 0.0059967 0.9954032
1311868252.780724 -0.1388772 -0.0288934 0.0335719 -0.0935600 0.0389122 0.0095865 0.9948068
1311868253.116735 -0.0650832 0.0053093 0.0148008 -0.0995228 0.0356605 0.0210182 0.9941739
1311868254.016718 0.1417338 0.0278893 0.0448086 -0.1076032 0.0277022 0.0253689 0.9934840
1311868254.080850 0.1574119 0.0330128 0.0461203 -0.1056021 0.0257177 0.0200777 0.9938731
1311868254.948966 0.3949586 0.0950461 0.0055044 -0.1425949 -0.0631020 -0.0289488 0.9873433
1311868255.248740 0.4510087 0.1158700 -0.0150393 -0.1442125 -0.0773884 -0.0327838 0.9859711
1311868255.884951 0.5508491 0.1194271 0.0030323 -0.1444559 -0.0824276 -0.0347344 0.9854602
1311868256.284837 0.6446544 0.0733741 0.0503159 -0.1482290 -0.0945484 -0.0521547 0.9830405
1311868256.717133 0.7448697 0.0282948 0.0976102 -0.1246321 -0.1076234 -0.0517158 0.9849921
1311868257.348967 0.8721768 -0.0546015 0.1545887 -0.1271471 -0.1595777 -0.1076050 0.9730312
1311868257.749626 0.9452773 -0.1200775 0.1879717 -0.1233181 -0.2001545 -0.1363042 0.9623679
1311868258.016837 0.9645888 -0.1665899 0.2055992 -0.1273400 -0.2159299 -0.1573386 0.9551980
1311868258.349077 0.9666401 -0.2395343 0.2617888 -0.1478458 -0.2373915 -0.1758039 0.9438643
1311868258.648890 0.9586840 -0.3179493 0.3190593 -0.1346568 -0.2369248 -0.1836475 0.9444616
1311868258.985070 0.9572583 -0.3883243 0.3769837 -0.1259450 -0.2594542 -0.1770325 0.9409999
1311868259.449140 0.9893298 -0.4692887 0.4712549 -0.1034327 -0.2901734 -0.2138165 0.9270294
1311868260.149117 1.0647539 -0.4901365 0.5452489 -0.0875369 -0.3060475 -0.2270766 0.9203849
