1311868164.363181 -0.0000144 -0.0000217 0.0000244 0.0000013 0.0000181 0.0000088 1.0000000
1311868164.863058 0.0816181 -0.0010662 -0.0344422 0.0066404 -0.0114485 -0.0142219 0.9998113
1311868164.963119 0.1059856 0.0042420 -0.0392956 0.0135804 -0.0104882 -0.0178219 0.9996939
1311868165.263005 0.2095922 0.0110137 -0.0569504 0.0151650 -0.0409005 -0.0321594 0.9985304
1311868165.863220 0.3500036 0.0526763 -0.0999860 -0.0091988 -0.0503038 -0.0346761 0.9980894
1311868166.299209 0.3503890 0.1166308 -0.1764508 -0.0371257 -0.0161731 -0.0204614 0.9989702
1311868167.063209 0.4969642 0.1516918 -0.2326318 -0.0378379 -0.0359462 -0.0378232 0.9979206
1311868167.463303 0.6326809 0.1429457 -0.2300434 -0.0337205 -0.0809371 -0.0602438 0.9943253
1311868168.431214 0.7191730 0.0753725 -0.1358092 -0.0381912 -0.1030084 -0.0663432 0.9917305
1311868169.031214 0.7206896 -0.0026882 -0.0356007 -0.0175117 -0.1348138 -0.0766549 0.9877462
1311868169.631327 0.7825831 -0.1342072 0.0705528 0.0306923 -0.2307657 -0.1365841 0.9628863
1311868169.763417 0.8075765 -0.1544783 0.0907163 0.0367685 -0.2515092 -0.1431423 0.9565048
1311868171.563381 1.1585116 -0.1521868 0.0607358 0.0223594 -0.3106177 -0.1629820 0.9361910
1311868172.063426 1.2880452 -0.1374441 0.1285745 0.0012116 -0.3271773 -0.1892405 0.9258194
1311868172.363479 1.3480357 -0.1268032 0.1679816 -0.0193485 -0.3300401 -0.1984518 0.9226679
1311868172.663612 1.3899889 -0.1145052 0.2213237 -0.0425684 -0.3172810 -0.2107977 0.9236260
1311868172.899539 1.4054706 -0.1081057 0.2844918 -0.0724049 -0.3071492 -0.2142502 0.9243991
1311868173.331533 1.4118685 -0.1592965 0.3847668 -0.0739411 -0.3054458 -0.2270041 0.9217943
1311868173.831620 1.4390473 -0.2198473 0.4782254 -0.0716202 -0.3376929 -0.2267069 0.9107349
1311868174.131747 1.4846480 -0.2736883 0.5317118 -0.0481599 -0.3836248 -0.2582122 0.8853468
1311868174.467566 1.5305431 -0.3154309 0.5942658 -0.0377938 -0.4081715 -0.2702951 0.8711534
1311868174.799810 1.5386257 -0.3545142 0.6416495 -0.0318193 -0.4309412 -0.2616895 0.8630155
1311868175.131719 1.5059911 -0.4151081 0.6739019 -0.0025915 -0.4335116 -0.2536736 0.8647026
1311868175.267750 1.4841850 -0.4508086 0.6853974 0.0340602 -0.4383782 -0.2480996 0.8631981
1311868176.331871 1.5206051 -0.6044301 0.9224873 0.0712988 -0.5416113 -0.2370888 0.8033447
1311868176.531915 1.5484314 -0.6153652 0.9866168 0.0521171 -0.5457857 -0.2488154 0.7984315
1311868176.731819 1.5610614 -0.6248614 1.0327964 0.0385847 -0.5507442 -0.2540739 0.7941275
1311868177.267807 1.5364542 -0.6667148 1.1320009 0.0396410 -0.5431436 -0.2699730 0.7940643
1311868177.599732 1.5069765 -0.6897182 1.2056104 0.0253115 -0.5428216 -0.2767472 0.7925371
1311868177.799899 1.4991990 -0.6944262 1.2490476 0.0176198 -0.5468906 -0.2854565 0.7868385
1311868178.000124 1.5150414 -0.7053779 1.2954543 0.0171065 -0.5700318 -0.3008841 0.7643558
1311868178.231966 1.5431112 -0.7277304 1.3576503 0.0178890 -0.5963115 -0.3253367 0.7336543
1311868178.467895 1.5775987 -0.7287913 1.4007963 0.0109233 -0.6108719 -0.3320891 0.7186328
1311868178.731905 1.6247759 -0.7301201 1.4208139 -0.0021862 -0.6250877 -0.3313776 0.7067174
1311868179.132026 1.7516053 -0.7202734 1.4082167 -0.0141044 -0.6235428 -0.3286075 0.7092338
1311868179.467999 1.8585706 -0.7121440 1.4153352 -0.0260033 -0.6115255 -0.3413235 0.7133433
1311868179.899932 1.9653796 -0.7235028 1.4589368 -0.0354437 -0.5993546 -0.3502042 0.7189401
1311868180.331912 2.0486870 -0.7599785 1.5464624 -0.0499586 -0.6225347 -0.3623683 0.6918409
1311868181.100120 2.1080503 -0.8010409 1.6549507 -0.0588549 -0.6261914 -0.3627818 0.6876117
1311868181.900215 1.9726999 -0.8364596 1.7152431 -0.0581686 -0.6140165 -0.3674726 0.6961064
1311868182.236167 1.8598940 -0.8584980 1.7273515 -0.0550372 -0.6131041 -0.3606180 0.7007346
1311868182.500921 1.7786269 -0.8741533 1.7530837 -0.0542400 -0.6124744 -0.3561704 0.7036161
1311868182.768253 1.6904194 -0.9146564 1.7804133 -0.0321217 -0.6411077 -0.3420576 0.6862549
1311868183.036254 1.5871259 -0.9666182 1.8273886 -0.0135223 -0.6754512 -0.3538840 0.6467990
1311868183.300363 1.4839466 -1.0240240 1.8592379 0.0115014 -0.7010962 -0.3738089 0.6071234
1311868183.568369 1.4046366 -1.0520014 1.8699913 -0.0085539 -0.7306806 -0.3790677 0.5677503
1311868183.836230 1.3184702 -1.0753539 1.8837068 -0.0245777 -0.7349319 -0.3772646 0.5629764
1311868184.070267 1.2337798 -1.1075907 1.8792938 -0.0131272 -0.7325299 -0.3756064 0.5675803
1311868184.336293 1.1607233 -1.1230201 1.8872929 -0.0087306 -0.7333269 -0.3627353 0.5749596
1311868184.636350 1.0733981 -1.1408571 1.9082555 -0.0102560 -0.7512968 -0.3549715 0.5562761
1311868184.900445 0.9860352 -1.1860380 1.9354265 0.0074535 -0.7805195 -0.3542114 0.5150418
1311868185.136538 0.9211085 -1.2120829 1.9549694 -0.0211573 0.7924370 0.3622674 -0.4902635
1311868185.368510 0.8562002 -1.2292019 1.9671694 -0.0248905 0.8041500 0.3496647 -0.4800602
1311868185.600364 0.8058165 -1.2364877 1.9737470 -0.0417434 0.8011369 0.3343138 -0.4946429
1311868185.836824 0.7638978 -1.2409739 1.9844787 0.0435636 -0.8060529 -0.3122961 0.5008514
1311868186.136633 0.7117161 -1.2421259 2.0128090 -0.0378049 0.8188322 0.3285002 -0.4692252
1311868186.500490 0.6685318 -1.2445087 2.0723319 -0.0217246 0.8437802 0.3588630 -0.3984727
1311868186.936400 0.7043393 -1.2514586 2.1306536 -0.0057231 0.8500322 0.3755857 -0.3692532
1311868187.268822 0.7798398 -1.2643843 2.1762083 -0.0000036 0.8383579 0.3864411 -0.3844727
1311868187.600502 0.8218091 -1.2865984 2.2341058 -0.0003070 0.8226178 0.4061921 -0.3978793
1311868188.000735 0.8266994 -1.3098896 2.3257680 -0.0012139 0.8320336 0.4097140 -0.3739695
1311868188.236529 0.7994509 -1.3177159 2.4108791 0.0117967 0.8396704 0.4229943 -0.3404264
1311868188.468574 0.7839538 -1.3033392 2.4844868 0.0083391 0.8312961 0.4526038 -0.3225321
1311868188.836521 0.8384059 -1.3157034 2.5611265 0.0344897 0.8294844 0.4657801 -0.3062922
1311868189.238292 0.9549990 -1.3318357 2.6424711 0.0558748 0.8121173 0.4865004 -0.3172708
1311868189.736593 1.0335516 -1.3656954 2.7344766 0.0622320 0.7955608 0.5096105 -0.3217255
1311868190.302512 1.0091436 -1.4335972 2.8916817 0.0597492 0.7917519 0.5058434 -0.3371667
1311868191.036646 0.9811896 -1.4892217 3.0127034 0.0646906 0.7916857 0.5008988 -0.3437285
1311868192.704764 0.8268182 -1.5054731 2.9450846 0.0496779 0.7897216 0.4938880 -0.3604810
1311868193.238476 0.7808775 -1.5139835 2.8794944 0.0512338 0.8061246 0.4876099 -0.3313228
1311868193.838095 0.7031412 -1.5704327 2.8362989 0.0225743 0.8277737 0.4889077 -0.2743178
1311868194.645036 0.6581761 -1.6339245 2.7938666 0.0172838 0.8380215 0.4706823 -0.2754620
1311868195.641375 0.6048980 -1.6949180 2.9055872 0.0140805 0.8413817 0.4554735 -0.2905554
1311868196.208314 0.6298944 -1.6978160 3.0170376 0.0239522 0.8183866 0.4740406 -0.3239678
1311868196.909608 0.6933327 -1.7107086 3.1361756 0.0642248 0.7872210 0.4825921 -0.3785011
1311868197.469173 0.6376308 -1.7453310 3.2707143 0.0479571 0.7929059 0.5099587 -0.3300645
1311868198.005244 0.5752479 -1.7524939 3.3723953 0.0678432 0.7836007 0.5316116 -0.3142553
1311868199.237228 0.3863110 -1.7321415 3.3919845 0.0659315 0.7846359 0.5438726 -0.2901761
1311868200.169388 0.2364189 -1.7451478 3.4172294 0.0534714 0.8069347 0.5540114 -0.1976575
1311868200.737553 0.1223079 -1.7781681 3.4980927 0.0513624 0.8074685 0.5657569 -0.1589835
1311868202.137626 -0.0234268 -1.7751936 3.5295055 0.0491174 0.8067125 0.5736510 -0.1331428
1311868203.105553 -0.1770823 -1.7928743 3.5210230 0.0257698 0.8180248 0.5660189 -0.0989644
1311868203.705515 -0.2152390 -1.8520968 3.4138594 0.0271870 0.8378617 0.5442706 -0.0319099
1311868204.237660 -0.3142468 -1.9171944 3.3068283 0.0195130 0.8348796 0.5498254 0.0169477
1311868204.837551 -0.4077792 -1.9818161 3.2347646 0.0111615 0.8270350 0.5601807 0.0456748
1311868205.373547 -0.4701505 -2.0547562 3.1697712 0.0045672 0.8391702 0.5421052 0.0435252
1311868206.173808 -0.4971646 -2.1161127 3.1022744 0.0179745 0.8745318 0.4834408 0.0340011
1311868207.437999 -0.6059563 -1.9969083 3.1822524 -0.0043131 0.8594089 0.5043627 0.0837616
1311868207.873905 -0.6876835 -1.9487256 3.2272453 -0.0085187 0.8533048 0.5152408 0.0795315
1311868208.437928 -0.7634000 -1.9024065 3.3142977 -0.0199740 0.8428702 0.5319136 0.0789859
1311868208.973765 -0.8383974 -1.8452234 3.3684776 -0.0057655 0.8264601 0.5575282 0.0780569
1311868209.905787 -0.8999375 -1.6942230 3.3302855 -0.0063626 0.8130820 0.5767154 0.0790990
1311868211.274088 -1.0130997 -1.6270424 3.3056526 -0.0078372 0.8102041 0.5693949 0.1389145
1311868211.974041 -1.2003639 -1.6145248 3.3131268 -0.0190587 0.8031412 0.5733517 0.1608382
1311868213.174219 -1.3442900 -1.5903208 3.2463098 -0.0241254 0.8083016 0.5701308 0.1449735
1311868214.042178 -1.4071922 -1.5486102 3.1355536 -0.0259678 0.8126276 0.5517005 0.1859803
1311868214.942194 -1.4800966 -1.5220673 3.0494158 -0.0139333 0.8029833 0.5334324 0.2654687
1311868215.606249 -1.5078024 -1.5366936 2.9467883 -0.0385492 0.7950349 0.5143853 0.3191257
1311868216.142434 -1.4856472 -1.5821241 2.8628814 -0.0325263 0.7919875 0.4996182 0.3493987
1311868216.674349 -1.4973243 -1.6164479 2.7771049 -0.0179121 0.7933381 0.4944763 0.3546646
1311868217.174613 -1.5145549 -1.6533107 2.7066078 -0.0153149 0.8014574 0.4842701 0.3505909
1311868218.942390 -1.5570316 -1.5705562 2.7220931 -0.0025165 0.8100573 0.4554071 0.3693308
1311868219.274458 -1.5939491 -1.4998020 2.7390614 -0.0042175 0.8088741 0.4529132 0.3749327
1311868219.610673 -1.6263227 -1.4147021 2.7757530 0.0070016 0.7891352 0.4715725 0.3934923
1311868220.010555 -1.6448402 -1.3548427 2.8177717 0.0246627 0.7750863 0.4756655 0.4151810
1311868220.410461 -1.6697445 -1.2951413 2.8693855 0.0162529 0.7555137 0.4903359 0.4341724
1311868220.910650 -1.7225289 -1.2460058 2.9057150 -0.0006384 0.7319384 0.5162242 0.4447227
1311868222.375332 -1.8156217 -1.2133178 2.8871989 -0.0040447 0.7376460 0.5220091 0.4282156
1311868223.444149 -1.8642530 -1.1551116 2.7529433 -0.0172830 0.7089894 0.5131915 0.4833941
1311868224.311516 -1.9255517 -1.1232815 2.6796203 0.0000167 0.7026837 0.5061530 0.5000448
1311868224.742798 -1.9918712 -1.0936031 2.6134088 -0.0056540 0.6952949 0.4946703 0.5213774
1311868225.176049 -2.0455823 -1.0675051 2.5517435 -0.0093145 0.6937195 0.4859414 0.5315331
1311868225.943096 -2.1248405 -1.0327175 2.5023367 -0.0086139 0.6763508 0.4822426 0.5567023
1311868226.610909 -2.1582847 -0.9963806 2.4205348 -0.0081909 0.6801537 0.4828555 0.5515202
1311868226.944204 -2.1535344 -0.9727964 2.3370347 -0.0071979 0.6742526 0.4775016 0.5633150
1311868227.210865 -2.1463065 -0.9528299 2.2613008 -0.0074972 0.6759786 0.4690201 0.5683457
1311868227.510861 -2.1361167 -0.9325033 2.2010159 0.0061745 0.6675075 0.4671182 0.5798243
1311868227.844330 -2.1365860 -0.9088488 2.1486082 0.0064965 0.6468584 0.4544147 0.6124045
1311868228.079022 -2.1500566 -0.8911102 2.1095579 0.0016810 0.6277921 0.4409180 0.6414559
1311868228.378967 -2.1796007 -0.8673449 2.0515580 -0.0007001 0.6106654 0.4242861 0.6686319
1311868228.679035 -2.2131472 -0.8432032 1.9941570 -0.0120701 0.6053826 0.4139601 0.6797082
1311868228.979108 -2.2411776 -0.8186370 1.9429024 -0.0162097 0.5998432 0.4091644 0.6873935
1311868229.216477 -2.2378318 -0.8042711 1.9028010 -0.0053823 0.6038395 0.4106582 0.6831608
1311868229.444833 -2.2049146 -0.8182099 1.8667983 -0.0144128 0.5882587 0.4331110 0.6827583
1311868229.681523 -2.1570282 -0.8290939 1.8329496 -0.0218856 0.5925144 0.4303731 0.6806076
1311868229.914462 -2.0934546 -0.8547335 1.7922857 -0.0169768 0.5896761 0.4356202 0.6798742
1311868230.180570 -2.0263605 -0.8759174 1.7505157 -0.0201211 0.5935316 0.4380630 0.6748453
1311868230.484314 -1.9626589 -0.9045469 1.6962854 -0.0191137 0.5821459 0.4581959 0.6714144
1311868230.743239 -1.9071506 -0.9110205 1.6412458 0.0031812 0.5960924 0.4572497 0.6599897
1311868231.083967 -1.8546897 -0.9175531 1.5791194 -0.0201429 0.6044577 0.4338187 0.6678521
1311868231.343237 -1.8197266 -0.9346981 1.5360361 -0.0608095 0.5962734 0.4339886 0.6726174
1311868231.683851 -1.7535239 -0.9627012 1.5060908 -0.0777539 0.5926554 0.4312527 0.6758217
1311868232.011255 -1.6905529 -1.0131569 1.4929676 -0.0883122 0.5892076 0.4383861 0.6729435
1311868232.311279 -1.6385646 -1.0557084 1.4885155 -0.0953683 0.5827997 0.4396184 0.6767459
1311868232.744002 -1.5731479 -1.1144841 1.4837649 -0.0846397 0.5955287 0.4476130 0.6616830
1311868234.143456 -1.6828370 -1.0235302 1.4140329 -0.0564205 0.5800151 0.4010438 0.7067978
1311868234.443480 -1.7570472 -0.9892396 1.3813000 -0.0546439 0.5774391 0.3694910 0.7259852
1311868234.811711 -1.8384523 -0.9304920 1.3414396 -0.0576782 0.5720260 0.3628635 0.7333414
1311868235.211489 -1.9179950 -0.8573785 1.3028431 -0.0590302 0.5630912 0.3681572 0.7374985
1311868235.479571 -1.9475274 -0.8079430 1.2725544 -0.0494976 0.5661567 0.3720459 0.7338927
1311868235.843663 -1.9692967 -0.7399879 1.2422611 -0.0464304 0.5769081 0.3630209 0.7302309
1311868236.179561 -1.9631698 -0.6792436 1.2100298 -0.0365705 0.5573276 0.3646013 0.7450600
1311868236.443514 -1.9573162 -0.6322126 1.1838844 -0.0460602 0.5456969 0.3563805 0.7570246
1311868237.179506 -1.9596772 -0.5070032 1.1340733 -0.0082990 0.5090953 0.3532242 0.7848476
1311868237.579714 -1.9690871 -0.4337715 1.0502629 -0.0126928 0.4847327 0.3323860 0.8089454
1311868238.011682 -1.9894201 -0.3575119 0.9424720 -0.0226806 0.4563867 0.3146191 0.8319925
1311868238.579703 -1.9789786 -0.2841622 0.8573782 -0.0219470 0.4360598 0.3188945 0.8412351
1311868238.979698 -1.9310212 -0.2324243 0.8110483 -0.0329494 0.4352812 0.3348154 0.8350708
1311868239.447769 -1.8803885 -0.1874200 0.7724956 -0.0238260 0.4008330 0.3169022 0.8592661
1311868239.947914 -1.8409424 -0.1343676 0.7308871 -0.0332470 0.3585581 0.2983122 0.8839347
1311868240.311899 -1.8262327 -0.0744054 0.6368352 -0.0455015 0.3368020 0.2741260 0.8996382
1311868240.779858 -1.8395792 -0.0084523 0.5661092 -0.0593954 0.3279775 0.2602076 0.9061981
1311868241.579911 -1.7228787 -0.1138651 0.5071287 -0.0668863 0.3302115 0.2861088 0.8970108
1311868241.847976 -1.6651080 -0.1558596 0.4888433 -0.0655588 0.3212110 0.2778861 0.9029424
1311868242.212185 -1.6045885 -0.1920872 0.4360458 -0.0695780 0.2956075 0.2374036 0.9227213
1311868242.580083 -1.5728152 -0.1943055 0.3915651 -0.0609397 0.2655616 0.2176599 0.9372233
1311868242.779977 -1.5565878 -0.1801891 0.3885499 -0.0510551 0.2571939 0.2088852 0.9421315
1311868243.079963 -1.5303998 -0.1709971 0.3688798 -0.0415926 0.2705742 0.2194309 0.9364346
1311868243.379992 -1.5010655 -0.1548358 0.3447543 -0.0342983 0.2632042 0.2130463 0.9402970
1311868243.747912 -1.4566362 -0.1142520 0.2774324 -0.0513070 0.2267531 0.1713087 0.9573944
1311868244.012101 -1.4223818 -0.0779592 0.2225021 -0.0639540 0.1989677 0.1609832 0.9645756
1311868244.312192 -1.4032036 -0.0246130 0.1732352 -0.0560020 0.1704504 0.1378030 0.9740743
1311868244.548269 -1.3812214 0.0235201 0.1539725 -0.0586712 0.1757358 0.1350646 0.9733613
1311868244.848096 -1.3449848 0.0735155 0.1346984 -0.0634291 0.1773895 0.1486658 0.9707771
1311868245.212180 -1.2811337 0.1154781 0.1296737 -0.0725996 0.1942948 0.1380543 0.9684626
1311868245.548216 -1.2090751 0.1330217 0.1112752 -0.0532464 0.1557839 0.1324639 0.9774199
1311868245.880182 -1.1398426 0.1783514 0.0862203 -0.0578481 0.1404986 0.1559149 0.9760145
1311868246.248127 -1.0909414 0.2333592 0.0281301 -0.0819986 0.1184106 0.1337103 0.9804982
1311868246.680335 -1.0641716 0.2966365 -0.0584941 -0.0983999 0.1192010 0.1311509 0.9792385
1311868247.816205 -0.9033878 0.2455046 -0.0652910 -0.0947107 0.1279579 0.1313178 0.9784745
1311868248.148302 -0.8310084 0.1971606 -0.0251246 -0.0890822 0.1169240 0.1261521 0.9810600
1311868248.580330 -0.7192178 0.1459251 0.0193968 -0.1025286 0.0837708 0.1111245 0.9849476
1311868249.048258 -0.5879061 0.0840614 0.0404900 -0.1241333 0.0711716 0.0777247 0.9866531
1311868249.448316 -0.5105253 0.0390701 0.0706721 -0.1230772 0.0742670 0.0767467 0.9866338
1311868249.748334 -0.4780970 -0.0140563 0.1102218 -0.1180733 0.0776930 0.0743362 0.9871659
1311868250.248624 -0.4458030 -0.1166489 0.1962547 -0.1023126 0.0884311 0.0738667 0.9880565
1311868250.648757 -0.4333780 -0.1886217 0.2438311 -0.0931672 0.0724708 0.0775711 0.9899750
1311868251.848729 -0.3464000 -0.1484995 0.1916302 -0.0761785 0.0658598 0.0464182 0.9938333
1311868252.148733 -0.2770063 -0.1245409 0.1423300 -0.0763199 0.0555648 0.0348727 0.9949230
1311868252.380676 -0.2167179 -0.0951819 0.0967930 -0.0750602 0.0496173 0.0030774 0.9959391
1311868252.649109 -0.1453395 -0.0511478 0.0571215 -0.0878299 0.0305473 0.0084600 0.9956310
1311868254.548867 0.3148102 0.0591545 0.0450475 -0.1218179 -0.0415393 -0.0137544 0.9915875
1311868255.084997 0.4519701 0.1109442 0.0155279 -0.1431687 -0.0793555 -0.0312756 0.9860159
1311868256.385489 0.6956037 0.0697323 0.0846548 -0.1393404 -0.1044857 -0.0594745 0.9829190
1311868256.885027 0.8037224 0.0137821 0.1402888 -0.1201425 -0.1332576 -0.0624376 0.9817891
1311868257.416835 0.9129330 -0.0608971 0.1924838 -0.1285314 -0.1769440 -0.1127952 0.9692512
1311868257.885261 0.9864637 -0.1410149 0.2238714 -0.1140756 -0.2111193 -0.1523554 0.9587509
1311868258.416975 0.9930048 -0.2503211 0.3034351 -0.1453810 -0.2499383 -0.1808208 0.9400527
1311868258.817013 0.9802994 -0.3556435 0.3768068 -0.1333689 -0.2650237 -0.1695888 0.9397951
1311868259.385116 1.0049384 -0.4515486 0.4913094 -0.1063499 -0.2998861 -0.2063871 0.9252905
1311868260.149117 1.0902622 -0.4907878 0.5791946 -0.0855923 -0.3175355 -0.2271219 0.9166574
