1403637134.388319016 0.37329 -0.01229 -0.11410 -0.07115 0.00531 -0.01720 0.99730
1403637134.488318920 0.39319 -0.01428 -0.11874 -0.07335 0.01679 -0.01051 0.99711
1403637134.688318968 0.33443 -0.00025 -0.09509 -0.07742 0.00084 -0.00886 0.99696
1403637134.788319111 0.27439 0.01041 -0.07861 -0.07320 -0.02171 -0.00921 0.99704
1403637134.888319016 0.19904 0.01917 -0.05848 -0.06802 -0.04747 -0.00300 0.99655
1403637134.988318920 0.13594 0.02383 -0.04455 -0.06469 -0.06344 0.00627 0.99587
1403637135.088319063 0.08937 0.02753 -0.03562 -0.06254 -0.06827 0.01074 0.99565
1403637135.188318968 0.06365 0.02991 -0.03312 -0.06227 -0.07577 0.00820 0.99515
1403637135.288319111 0.07287 0.02993 -0.03769 -0.06368 -0.09042 0.00642 0.99384
1403637135.388319016 0.12274 0.02735 -0.04957 -0.06731 -0.08827 0.00427 0.99381
1403637135.488318920 0.20022 0.02329 -0.06715 -0.07249 -0.06809 -0.00459 0.99503
1403637135.588319063 0.28664 0.01727 -0.08652 -0.07812 -0.04550 -0.01293 0.99582
1403637135.688318968 0.36687 0.01042 -0.10386 -0.08468 -0.02386 -0.01503 0.99601
1403637135.788319111 0.42916 0.00453 -0.11723 -0.08419 -0.00542 -0.00883 0.99640
1403637135.888319016 0.46089 0.00283 -0.12430 -0.08360 0.00330 -0.00389 0.99649
1403637136.088319063 0.41138 0.00794 -0.10488 -0.08315 -0.00803 -0.00451 0.99649
1403637136.188318968 0.34436 0.01278 -0.08308 -0.08512 -0.02245 -0.00707 0.99609
1403637136.288319111 0.26221 0.01804 -0.05923 -0.08501 -0.04426 -0.00522 0.99538
1403637136.388319016 0.18425 0.02281 -0.04088 -0.08392 -0.06946 -0.00018 0.99405
1403637136.488318920 0.12251 0.02581 -0.03154 -0.07881 -0.09085 0.00784 0.99271
1403637136.588319063 0.09229 0.02724 -0.02956 -0.07544 -0.10212 0.01430 0.99180
1403637136.788319111 0.15616 0.02268 -0.05066 -0.07490 -0.10348 0.01069 0.99175
1403637136.888319016 0.24251 0.01677 -0.07307 -0.07573 -0.08620 0.00619 0.99338
1403637136.988318920 0.33822 0.01249 -0.09589 -0.08433 -0.06224 0.00235 0.99449
1403637137.088319063 0.42203 0.00857 -0.11738 -0.09388 -0.03688 0.00364 0.99489
1403637137.188318968 0.47632 0.00460 -0.13196 -0.09288 -0.01368 0.01245 0.99551
1403637137.288319111 0.49335 0.00516 -0.13593 -0.09071 -0.00150 0.01142 0.99581
1403637137.588319063 0.33389 0.01997 -0.08515 -0.08973 -0.02093 -0.00179 0.99575
1403637137.688318968 0.25182 0.02482 -0.06142 -0.09475 -0.05056 -0.00515 0.99420
1403637137.788319111 0.17116 0.02872 -0.04986 -0.09078 -0.07393 0.00046 0.99312
1403637137.888319016 0.11506 0.02886 -0.03786 -0.08363 -0.08953 0.00407 0.99246
1403637137.988318920 0.09043 0.02966 -0.03724 -0.08163 -0.10661 0.00296 0.99094
1403637138.088319063 0.11241 0.02986 -0.04334 -0.08026 -0.11789 0.00551 0.98976
1403637138.188318968 0.17801 0.02845 -0.05789 -0.07556 -0.10904 0.00049 0.99116
1403637138.288319111 0.26981 0.02771 -0.07880 -0.08211 -0.08283 -0.01602 0.99305
1403637138.388319016 0.36202 0.02153 -0.10112 -0.08988 -0.04701 -0.01928 0.99466
1403637138.488318920 0.43301 0.01487 -0.12016 -0.09972 -0.01588 -0.02105 0.99467
1403637138.588319063 0.47189 0.01262 -0.13076 -0.10423 0.00282 -0.01980 0.99435
1403637138.788319111 0.42874 0.01842 -0.11415 -0.10034 0.00177 -0.01198 0.99488
1403637138.888319016 0.36542 0.02563 -0.08700 -0.10207 -0.01406 -0.00872 0.99464
1403637138.988318920 0.28239 0.03423 -0.05957 -0.09482 -0.02876 -0.00316 0.99507
1403637139.088319063 0.20120 0.03715 -0.03358 -0.08291 -0.03844 0.00707 0.99579
1403637139.188318968 0.13211 0.03808 -0.01416 -0.07457 -0.04620 0.01309 0.99606
1403637139.288319111 0.08314 0.03740 0.00076 -0.06932 -0.05038 0.01271 0.99624
1403637139.388319016 0.05757 0.03715 0.01193 -0.06568 -0.05240 0.00819 0.99643
1403637139.488318920 0.04736 0.03695 0.01751 -0.05646 -0.05098 0.00458 0.99709
1403637139.588319063 0.04093 0.03580 0.02233 -0.05073 -0.04558 0.00396 0.99766
1403637139.688318968 0.03450 0.03487 0.02634 -0.04768 -0.04014 0.00005 0.99806
1403637139.888319016 0.02401 0.03839 0.02848 -0.04587 -0.02752 0.00048 0.99857
1403637139.988318920 0.02239 0.04028 0.02680 -0.04998 -0.01818 0.00557 0.99857
1403637140.088319063 0.02195 0.04188 0.02315 -0.05526 -0.00715 0.00906 0.99841
1403637140.188318968 0.02208 0.04280 0.01966 -0.06002 0.00226 0.01007 0.99814
1403637149.588319063 0.02045 0.04518 0.01753 -0.05249 -0.00372 0.01193 0.99854
1403637149.688318968 0.02057 0.04472 0.01681 -0.04346 -0.01259 0.00651 0.99895
1403637149.888319016 0.01980 0.04987 0.01495 -0.03669 -0.03196 0.00640 0.99880
1403637149.988318920 0.02226 0.05799 0.01215 -0.03933 -0.05206 -0.00032 0.99787
1403637150.088319063 0.03245 0.07059 0.00865 -0.04605 -0.07097 -0.01213 0.99634
1403637150.188318968 0.05211 0.08625 0.00863 -0.05305 -0.07831 -0.01976 0.99532
1403637150.288319111 0.07995 0.10247 0.01386 -0.05878 -0.07338 -0.02217 0.99532
1403637150.388319016 0.11303 0.11800 0.02514 -0.06231 -0.06031 -0.01994 0.99603
1403637150.488318920 0.14758 0.13384 0.04013 -0.06562 -0.04885 -0.01837 0.99648
1403637150.588319063 0.18096 0.14978 0.05773 -0.06891 -0.04443 -0.01736 0.99648
1403637150.688318968 0.21356 0.16662 0.07654 -0.07134 -0.04236 -0.01666 0.99641
1403637150.788319111 0.24403 0.18182 0.09568 -0.07345 -0.04173 -0.01748 0.99627
1403637150.888319016 0.27369 0.19685 0.11579 -0.07506 -0.03621 -0.01913 0.99634
1403637150.988318920 0.30081 0.21258 0.13905 -0.07520 -0.02815 -0.02015 0.99657
1403637151.088319063 0.32514 0.22606 0.15925 -0.07451 -0.02118 -0.02157 0.99676
1403637151.188318968 0.34413 0.23865 0.17900 -0.07317 -0.01605 -0.02318 0.99692
1403637151.388319016 0.39153 0.25791 0.20475 -0.06675 -0.03023 -0.01142 0.99725
1403637151.788319111 0.51295 0.30319 0.23377 -0.06502 -0.03745 -0.01627 0.99705
1403637152.188318968 0.59567 0.35879 0.27861 -0.06340 -0.04017 -0.01582 0.99705
1403637152.588319063 0.64894 0.42696 0.33594 -0.06234 -0.04313 -0.01459 0.99702
1403637152.888319016 0.66909 0.48753 0.39500 -0.06028 -0.03199 -0.01148 0.99760
1403637153.188318968 0.72070 0.55369 0.44089 -0.06146 -0.03277 -0.01642 0.99744
1403637153.488318920 0.74424 0.61937 0.48897 -0.06448 -0.03791 -0.02270 0.99694
1403637153.788319111 0.80928 0.67487 0.52634 -0.06460 -0.03740 -0.02269 0.99695
1403637153.988318920 0.84380 0.70762 0.55653 -0.06429 -0.03219 -0.02128 0.99718
1403637154.188318968 0.85193 0.74000 0.59359 -0.06012 -0.04474 -0.00605 0.99717
1403637154.288319111 0.84732 0.75927 0.61545 -0.05627 -0.05241 0.00881 0.99700
1403637154.488318920 0.83299 0.81172 0.66874 -0.06013 -0.04469 0.00069 0.99719
1403637154.588319063 0.82901 0.84482 0.69686 -0.06442 -0.04109 -0.00786 0.99705
1403637154.788319111 0.82354 0.91438 0.75584 -0.08036 -0.05423 -0.02154 0.99506
1403637154.988318920 0.83311 0.98137 0.82553 -0.10160 -0.06015 -0.01127 0.99294
1403637155.088319063 0.85034 1.01391 0.86489 -0.11330 -0.05623 -0.00590 0.99195
1403637155.288319111 0.90855 1.07257 0.94624 -0.13356 -0.03747 0.00209 0.99033
1403637155.388319016 0.94367 1.09956 0.98818 -0.14158 -0.02935 0.00505 0.98948
1403637155.588319063 0.99208 1.15666 1.07112 -0.16726 -0.01961 0.01956 0.98552
1403637155.688318968 1.00453 1.18701 1.11164 -0.17577 -0.01858 0.03097 0.98377
1403637155.888319016 1.01142 1.25408 1.19216 -0.20501 -0.01765 0.05098 0.97727
1403637156.088319063 1.00479 1.33626 1.26114 -0.24816 -0.01443 0.06873 0.96617
1403637156.188318968 0.99938 1.38313 1.29022 -0.27083 -0.00858 0.07969 0.95928
1403637156.288319111 0.99496 1.43427 1.31335 -0.29507 -0.00415 0.09043 0.95118
1403637156.488318920 0.98224 1.54986 1.34459 -0.34548 0.00099 0.11024 0.93193
1403637156.588319063 0.96941 1.61299 1.35611 -0.37079 0.00419 0.11645 0.92138
1403637156.688318968 0.95174 1.68286 1.35767 -0.39565 0.00671 0.12132 0.91033
1403637156.788319111 0.92934 1.75343 1.35807 -0.41770 0.00524 0.12362 0.90012
1403637156.988318920 0.87772 1.89154 1.35451 -0.44349 -0.01134 0.12293 0.88773
1403637157.088319063 0.84257 1.96163 1.35603 -0.44713 -0.01583 0.12590 0.88542
1403637157.388319016 0.77292 2.18521 1.35138 -0.44066 -0.01004 0.13883 0.88682
1403637157.688318968 0.77078 2.43727 1.30315 -0.42699 -0.00457 0.14940 0.89182
1403637157.888319016 0.78948 2.62750 1.24318 -0.42681 0.00248 0.13818 0.89372
1403637157.988318920 0.79144 2.72742 1.21069 -0.42913 0.00419 0.12900 0.89398
1403637158.088319063 0.78812 2.82663 1.17640 -0.43223 0.00309 0.11882 0.89390
1403637158.288319111 0.80105 3.02314 1.09402 -0.43576 0.00364 0.11491 0.89269
1403637158.388319016 0.80832 3.12483 1.04549 -0.44327 0.00584 0.11884 0.88846
1403637158.488318920 0.81332 3.21543 0.99777 -0.45572 0.00987 0.12539 0.88119
1403637158.588319063 0.81083 3.30695 0.95048 -0.47017 0.01633 0.13766 0.87162
1403637158.688318968 0.80077 3.40159 0.89888 -0.48739 0.02189 0.14945 0.86002
1403637158.788319111 0.78555 3.49333 0.84192 -0.50568 0.02246 0.15732 0.84796
1403637158.888319016 0.76356 3.59013 0.78141 -0.51895 0.01761 0.16263 0.83901
1403637158.988318920 0.74486 3.68281 0.71803 -0.52975 0.00932 0.16039 0.83280
1403637159.088319063 0.73242 3.77290 0.64981 -0.53593 0.00443 0.15933 0.82908
1403637159.188318968 0.72204 3.86460 0.57927 -0.53634 0.00834 0.16404 0.82786
1403637159.388319016 0.67801 4.05163 0.44255 -0.53165 0.01497 0.17233 0.82911
1403637159.588319063 0.62060 4.24154 0.29378 -0.52980 0.00756 0.16434 0.83201
1403637159.688318968 0.59154 4.34234 0.21548 -0.52989 0.00129 0.15824 0.83317
1403637159.788319111 0.56687 4.44653 0.13392 -0.53004 -0.00121 0.15318 0.83402
1403637159.888319016 0.54802 4.54794 0.05197 -0.53413 -0.00241 0.15037 0.83192
1403637159.988318920 0.52878 4.65152 -0.02841 -0.54451 -0.00268 0.15589 0.82414
1403637160.088319063 0.50727 4.75430 -0.10967 -0.55956 0.00582 0.16126 0.81293
1403637160.188318968 0.48715 4.85807 -0.18726 -0.57779 0.01490 0.16767 0.79864
1403637160.288319111 0.45572 4.95919 -0.26450 -0.59915 0.01932 0.17384 0.78130
1403637160.388319016 0.42547 5.06114 -0.34677 -0.62193 0.02120 0.18171 0.76140
1403637160.488318920 0.39278 5.16225 -0.41783 -0.64762 0.01847 0.18841 0.73807
1403637160.588319063 0.35127 5.25813 -0.49117 -0.67267 0.01468 0.19512 0.71361
1403637160.688318968 0.30934 5.34971 -0.56614 -0.69343 0.00999 0.20216 0.69151
1403637160.788319111 0.27040 5.44014 -0.64829 -0.70608 0.00450 0.20947 0.67642
1403637160.888319016 0.24782 5.53753 -0.71699 -0.71418 0.00260 0.21509 0.66609
1403637160.988318920 0.22958 5.63530 -0.78504 -0.71746 0.00243 0.22248 0.66011
1403637161.188318968 0.22921 5.83252 -0.92741 -0.71517 0.02309 0.23924 0.65632
1403637161.288319111 0.25226 5.93689 -0.99813 -0.71246 0.04154 0.24589 0.65591
1403637161.388319016 0.25597 6.03159 -1.08899 -0.71135 0.04811 0.24578 0.65671
1403637161.488318920 0.27050 6.13114 -1.18403 -0.71577 0.04240 0.24109 0.65403
1403637161.588319063 0.28633 6.22961 -1.28634 -0.72309 0.03787 0.24116 0.64618
1403637161.688318968 0.29702 6.32451 -1.39388 -0.73196 0.03785 0.23885 0.63699
1403637161.788319111 0.30173 6.41942 -1.50872 -0.74205 0.04206 0.22738 0.62921
1403637161.888319016 0.30315 6.51238 -1.61585 -0.75363 0.04982 0.20959 0.62099
1403637161.988318920 0.30121 6.59609 -1.72121 -0.76253 0.05930 0.19429 0.61423
1403637162.088319063 0.29437 6.66892 -1.82772 -0.76761 0.06524 0.18601 0.60985
1403637162.288319111 0.25417 6.78586 -2.01862 -0.76324 0.07619 0.20279 0.60872
1403637162.488318920 0.18708 6.86250 -2.20080 -0.75395 0.07289 0.22770 0.61188
1403637162.588319063 0.15243 6.88750 -2.29786 -0.75263 0.05941 0.23269 0.61308
1403637162.688318968 0.12642 6.90452 -2.40562 -0.75639 0.06169 0.22103 0.61255
1403637162.788319111 0.10183 6.91480 -2.51620 -0.76385 0.07908 0.20908 0.60544
1403637162.888319016 0.06649 6.91600 -2.63124 -0.77556 0.08276 0.20573 0.59104
1403637162.988318920 0.02702 6.90887 -2.74743 -0.79134 0.07875 0.20509 0.57054
1403637163.088319063 -0.01839 6.89008 -2.86019 -0.80941 0.07363 0.20767 0.54434
1403637163.188318968 -0.06454 6.86082 -2.96788 -0.82926 0.06854 0.21090 0.51299
1403637163.288319111 -0.11517 6.82104 -3.06693 0.84817 -0.06614 -0.21399 -0.48004
1403637163.388319016 -0.16854 6.77371 -3.16091 0.86258 -0.06979 -0.22157 -0.44943
1403637163.488318920 -0.22742 6.72139 -3.24776 0.87219 -0.07632 -0.23433 -0.42256
1403637163.588319063 -0.28663 6.66115 -3.32595 0.87635 -0.08080 -0.25217 -0.40235
1403637163.688318968 -0.33374 6.59331 -3.40415 0.87649 -0.08212 -0.27224 -0.38846
1403637163.788319111 -0.37342 6.51736 -3.48812 0.87520 -0.08486 -0.28729 -0.37986
1403637163.888319016 -0.40420 6.43503 -3.57893 0.87337 -0.09259 -0.29643 -0.37521
1403637163.988318920 -0.42835 6.34651 -3.67594 0.87385 -0.10004 -0.29620 -0.37236
1403637164.088319063 -0.44899 6.24440 -3.78232 0.87534 -0.10109 -0.29154 -0.37223
1403637164.188318968 -0.46681 6.13367 -3.89814 0.87714 -0.09875 -0.28429 -0.37423
1403637164.288319111 -0.48276 6.01607 -4.01702 0.87927 -0.08899 -0.27718 -0.37702
1403637164.388319016 -0.49860 5.88930 -4.14147 0.87918 -0.07826 -0.27519 -0.38104
1403637164.488318920 -0.51991 5.76101 -4.25980 0.87621 -0.07562 -0.27987 -0.38498
1403637164.588319063 -0.54843 5.63620 -4.38107 0.87188 -0.08307 -0.28511 -0.38940
1403637164.688318968 -0.58835 5.50689 -4.50618 0.86932 -0.08314 -0.28713 -0.39361
1403637164.788319111 -0.63184 5.37209 -4.63475 0.87293 -0.07113 -0.27771 -0.39474
1403637164.888319016 -0.68330 5.23714 -4.76321 0.87889 -0.06175 -0.26809 -0.38971
1403637164.988318920 -0.74073 5.09714 -4.89027 0.88439 -0.05701 -0.26475 -0.38015
1403637165.088319063 -0.79917 4.95677 -5.01251 0.89119 -0.05633 -0.26279 -0.36544
1403637165.188318968 -0.85861 4.81008 -5.13447 0.90029 -0.05726 -0.25824 -0.34569
1403637165.288319111 -0.91147 4.66768 -5.25235 0.90787 -0.05427 -0.26229 -0.32254
1403637165.388319016 -0.95921 4.51567 -5.36544 0.91147 -0.04938 -0.27551 -0.30145
1403637165.488318920 -1.00238 4.36525 -5.47461 0.91301 -0.04788 -0.28788 -0.28504
1403637165.588319063 -1.03676 4.21699 -5.58714 0.91533 -0.04260 -0.29349 -0.27243
1403637165.688318968 -1.07157 4.07065 -5.69875 0.91896 -0.02922 -0.29252 -0.26285
1403637165.788319111 -1.10831 3.93631 -5.80824 0.92189 -0.01412 -0.28994 -0.25661
1403637165.888319016 -1.15061 3.80964 -5.90896 0.92383 -0.00093 -0.28620 -0.25421
1403637165.988318920 -1.19081 3.69299 -6.00484 0.92345 0.01121 -0.28229 -0.25967
1403637166.088319063 -1.23510 3.58926 -6.09304 0.92165 0.02080 -0.27879 -0.26907
1403637166.288319111 -1.35292 3.41854 -6.24143 0.91988 0.01921 -0.26791 -0.28579
1403637166.388319016 -1.40934 3.34561 -6.30561 0.92433 0.00344 -0.24089 -0.29592
1403637166.488318920 -1.45013 3.28635 -6.35574 0.92603 -0.00912 -0.22003 -0.30655
1403637166.688318968 -1.50706 3.17748 -6.41326 0.91545 -0.00048 -0.24317 -0.32066
1403637166.788319111 -1.52836 3.12880 -6.42518 0.90973 0.01701 -0.25797 -0.32489
1403637166.888319016 -1.54813 3.09044 -6.42638 0.90857 0.03537 -0.25658 -0.32774
1403637166.988318920 -1.56839 3.06530 -6.41789 0.91082 0.05127 -0.24293 -0.32979
1403637167.088319063 -1.57762 3.05493 -6.39968 0.91353 0.06403 -0.22628 -0.33190
1403637167.188318968 -1.57224 3.06086 -6.36678 0.91630 0.07236 -0.21039 -0.33300
1403637167.388319016 -1.52313 3.12323 -6.24692 0.91679 0.07283 -0.21087 -0.33125
1403637167.488318920 -1.49219 3.17401 -6.16030 0.91243 0.04903 -0.23327 -0.33265
1403637167.588319063 -1.46126 3.23677 -6.05943 0.90668 0.01499 -0.25596 -0.33495
1403637167.688318968 -1.43601 3.30689 -5.95416 0.90163 -0.01264 -0.26895 -0.33849
1403637167.788319111 -1.41324 3.38181 -5.84555 0.89586 -0.02132 -0.27780 -0.34614
1403637167.888319016 -1.39565 3.45999 -5.73787 0.88864 -0.01992 -0.28587 -0.35804
1403637167.988318920 -1.37524 3.54002 -5.63286 0.88454 -0.01003 -0.28647 -0.36800
1403637168.088319063 -1.34654 3.62065 -5.53185 0.88235 -0.00304 -0.28236 -0.37646
1403637168.188318968 -1.32446 3.70530 -5.43493 0.87867 -0.00902 -0.28490 -0.38299
1403637168.288319111 -1.31571 3.79776 -5.33365 0.87917 -0.01221 -0.27799 -0.38682
1403637168.388319016 -1.31926 3.88928 -5.23109 0.88255 -0.01453 -0.26379 -0.38898
1403637168.488318920 -1.33380 3.98187 -5.12587 0.88579 -0.02115 -0.24948 -0.39075
1403637168.588319063 -1.34446 4.07610 -5.01800 0.88482 -0.02660 -0.25011 -0.39220
1403637168.688318968 -1.35053 4.16709 -4.90824 0.88283 -0.02454 -0.25686 -0.39246
1403637168.788319111 -1.34613 4.25866 -4.80086 0.88138 -0.02246 -0.26243 -0.39217
1403637168.888319016 -1.33726 4.35101 -4.69644 0.88165 -0.01598 -0.26319 -0.39136
1403637168.988318920 -1.32914 4.44237 -4.58858 0.88252 -0.00945 -0.26313 -0.38966
1403637169.088319063 -1.32311 4.53726 -4.48047 0.88381 -0.00035 -0.25986 -0.38903
1403637169.188318968 -1.30998 4.63868 -4.36876 0.88302 0.00308 -0.25405 -0.39462
1403637169.288319111 -1.28876 4.74340 -4.25559 0.87865 0.00218 -0.24681 -0.40871
1403637169.388319016 -1.25842 4.84970 -4.14057 0.87105 -0.00137 -0.23930 -0.42896
1403637169.488318920 -1.21794 4.95817 -4.02431 0.86045 -0.00239 -0.23093 -0.45419
1403637169.588319063 -1.17140 5.06737 -3.90267 0.84815 -0.00120 -0.21801 -0.48282
1403637169.688318968 -1.11527 5.17702 -3.77238 -0.83391 -0.00150 0.20325 0.51312
1403637169.788319111 -1.06113 5.28498 -3.62961 -0.81723 -0.00212 0.19447 0.54251
1403637169.888319016 -1.01057 5.39083 -3.48029 -0.80173 -0.00578 0.18418 0.56858
1403637169.988318920 -0.96968 5.49438 -3.32792 -0.78739 -0.00907 0.17193 0.59192
1403637170.088319063 -0.92778 5.59356 -3.16630 -0.77245 -0.01224 0.16465 0.61324
1403637170.188318968 -0.88505 5.69016 -2.99736 -0.75678 -0.01195 0.15601 0.63467
1403637170.288319111 -0.84839 5.78069 -2.81525 -0.74110 -0.01381 0.14577 0.65523
1403637170.388319016 -0.82378 5.86725 -2.61951 -0.72182 -0.00348 0.13878 0.67802
1403637170.488318920 -0.80444 5.94168 -2.42124 -0.69777 0.01879 0.13413 0.70340
1403637170.588319063 -0.77214 6.00954 -2.21651 -0.67305 0.04143 0.12605 0.72760
1403637170.688318968 -0.74846 6.06112 -2.00775 -0.64824 0.05891 0.11461 0.75045
1403637170.788319111 -0.72404 6.10394 -1.80267 -0.62138 0.06654 0.10539 0.77353
1403637170.888319016 -0.69243 6.12810 -1.60397 -0.59208 0.06037 0.10270 0.79703
1403637170.988318920 -0.65693 6.13958 -1.41045 -0.56161 0.04986 0.10006 0.81981
1403637171.088319063 -0.62790 6.13307 -1.22724 -0.53010 0.04527 0.09932 0.84088
1403637171.188318968 -0.59004 6.12030 -1.06403 -0.50368 0.03920 0.09656 0.85758
1403637171.288319111 -0.55178 6.09405 -0.90144 -0.48519 0.04202 0.09142 0.86860
1403637171.388319016 -0.50693 6.06325 -0.75784 -0.47493 0.04055 0.08026 0.87541
1403637171.488318920 -0.45555 6.01849 -0.62100 -0.47104 0.03581 0.06911 0.87867
1403637171.588319063 -0.41263 5.95995 -0.48040 -0.47001 0.03229 0.06357 0.87977
1403637171.688318968 -0.37506 5.89369 -0.35110 -0.47197 0.02970 0.05762 0.87923
1403637171.788319111 -0.33884 5.81561 -0.22228 -0.47610 0.02959 0.05427 0.87722
1403637171.888319016 -0.31053 5.72835 -0.09601 -0.48120 0.03007 0.05082 0.87462
1403637171.988318920 -0.28648 5.62611 0.03415 -0.48603 0.03164 0.05009 0.87193
1403637172.088319063 -0.26911 5.51423 0.15995 -0.49028 0.03330 0.04960 0.86952
1403637172.188318968 -0.25851 5.38822 0.28114 -0.48964 0.03606 0.06203 0.86897
1403637172.288319111 -0.25452 5.25053 0.40360 -0.48424 0.03490 0.08905 0.86969
1403637172.388319016 -0.24163 5.10554 0.51683 -0.47968 0.03503 0.11255 0.86949
1403637172.488318920 -0.22191 4.95755 0.61605 -0.47607 0.03667 0.13156 0.86874
1403637172.588319063 -0.17712 4.80711 0.68070 -0.47354 0.03698 0.14321 0.86826
1403637172.688318968 -0.15936 4.66433 0.78076 -0.47486 0.03990 0.15064 0.86615
1403637172.788319111 -0.12646 4.52148 0.84395 -0.47704 0.03588 0.15895 0.86364
1403637172.888319016 -0.09405 4.38435 0.89126 -0.48196 0.01974 0.17588 0.85813
1403637172.988318920 -0.07300 4.25450 0.93338 -0.48830 -0.00114 0.19467 0.85069
1403637173.088319063 -0.06552 4.13960 0.97411 -0.49482 -0.01490 0.20959 0.84321
1403637173.188318968 -0.07428 4.04198 1.01556 -0.50642 -0.01868 0.22370 0.83256
1403637173.288319111 -0.09338 3.96060 1.05468 -0.52587 -0.01116 0.22965 0.81890
1403637173.388319016 -0.11150 3.89182 1.08119 -0.54852 0.00066 0.23045 0.80375
1403637173.488318920 -0.13038 3.83902 1.09922 -0.57015 0.01103 0.23325 0.78765
1403637173.588319063 -0.15739 3.80086 1.11097 -0.58873 0.02082 0.24029 0.77151
1403637173.688318968 -0.19072 3.77292 1.11481 -0.60263 0.03124 0.25575 0.75528
1403637173.788319111 -0.23390 3.75494 1.10895 -0.61460 0.03555 0.27306 0.73922
1403637173.888319016 -0.28008 3.74757 1.08964 -0.62420 0.03082 0.29279 0.72367
1403637173.988318920 -0.32151 3.75420 1.05123 -0.63761 0.01540 0.29153 0.71289
1403637174.088319063 -0.34506 3.77791 0.99334 -0.65710 0.00832 0.26229 0.70665
1403637174.188318968 -0.35376 3.81215 0.92486 -0.67329 0.02099 0.22801 0.70303
1403637174.288319111 -0.35549 3.85125 0.85072 -0.68103 0.04078 0.20753 0.70105
1403637174.388319016 -0.35449 3.88690 0.77133 -0.68038 0.05202 0.20731 0.70100
1403637174.488318920 -0.35149 3.91941 0.68790 -0.67698 0.07073 0.21769 0.69950
1403637174.588319063 -0.34257 3.94531 0.59296 -0.68033 0.07915 0.22409 0.69331
1403637174.688318968 -0.33716 3.96484 0.48782 -0.69542 0.07612 0.21844 0.68035
1403637174.788319111 -0.34252 3.98329 0.37547 -0.71627 0.07234 0.20938 0.66172
1403637174.888319016 -0.35415 3.99060 0.26157 -0.73344 0.06637 0.21836 0.64030
1403637174.988318920 -0.37306 3.99430 0.14554 -0.74851 0.06202 0.23302 0.61773
1403637175.088319063 -0.39647 3.99499 0.02907 -0.76213 0.06344 0.23831 0.59861
1403637175.188318968 -0.42356 3.99567 -0.08720 -0.77384 0.07462 0.23463 0.58357
1403637175.288319111 -0.45454 3.98789 -0.20496 -0.78366 0.08907 0.22573 0.57184
1403637175.388319016 -0.48954 3.97038 -0.32069 -0.79154 0.09606 0.21559 0.56370
1403637175.488318920 -0.53005 3.94153 -0.43795 -0.79170 0.09956 0.22167 0.56051
1403637175.588319063 -0.57924 3.90207 -0.55355 -0.78756 0.09885 0.23631 0.56048
1403637175.688318968 -0.63049 3.85255 -0.67551 -0.78302 0.09229 0.25025 0.56190
1403637175.788319111 -0.67541 3.79369 -0.80424 -0.78067 0.08715 0.25579 0.56351
1403637175.888319016 -0.71413 3.72734 -0.94067 -0.78283 0.07659 0.24991 0.56468
1403637175.988318920 -0.74657 3.65655 -1.08626 -0.78648 0.06982 0.23687 0.56609
1403637176.088319063 -0.77430 3.57932 -1.23511 -0.78799 0.07572 0.22526 0.56797
1403637176.188318968 -0.80041 3.49771 -1.38298 -0.78934 0.07789 0.21386 0.57021
1403637176.288319111 -0.83578 3.40908 -1.52745 -0.79142 0.07876 0.20789 0.56942
1403637176.388319016 -0.87431 3.31136 -1.66807 -0.79338 0.07798 0.20747 0.56695
1403637176.488318920 -0.92093 3.20583 -1.81022 -0.79543 0.07096 0.21215 0.56325
1403637176.588319063 -0.96524 3.09598 -1.94765 -0.79952 0.06707 0.22058 0.55463
1403637176.688318968 -1.01683 2.97960 -2.08107 -0.80351 0.06377 0.23162 0.54467
1403637176.788319111 -1.06682 2.85983 -2.21172 -0.80619 0.06108 0.24189 0.53648
1403637176.888319016 -1.12391 2.74101 -2.34012 -0.80776 0.05610 0.25151 0.53021
1403637176.988318920 -1.17911 2.62018 -2.46368 -0.80774 0.04765 0.26185 0.52604
1403637177.088319063 -1.24678 2.50427 -2.58983 -0.80396 0.03563 0.27937 0.52376
1403637177.188318968 -1.31952 2.39318 -2.71242 -0.79892 0.02514 0.29811 0.52174
1403637177.288319111 -1.39112 2.29320 -2.84291 -0.79576 0.01815 0.30912 0.52047
1403637177.388319016 -1.46783 2.20524 -2.97499 -0.79447 0.01234 0.31411 0.51961
1403637177.488318920 -1.54735 2.12900 -3.11072 -0.79702 -0.00175 0.31078 0.51786
1403637177.588319063 -1.62684 2.06702 -3.24862 -0.80285 -0.01563 0.30286 0.51329
1403637177.688318968 -1.69606 2.02033 -3.39224 -0.80992 -0.02605 0.28854 0.51000
1403637177.788319111 -1.75468 1.98635 -3.53954 -0.81697 -0.02881 0.27472 0.50622
1403637177.888319016 -1.81209 1.96704 -3.67878 0.82262 0.02122 -0.27634 -0.49646
1403637177.988318920 -1.87499 1.96010 -3.81535 0.83187 0.02073 -0.27756 -0.48013
1403637178.088319063 -1.93455 1.96386 -3.95234 0.84540 0.03527 -0.26972 -0.45968
1403637178.188318968 -1.99047 1.97933 -4.07941 0.85619 0.04532 -0.26728 -0.43983
1403637178.288319111 -2.04117 2.00793 -4.19704 0.86616 0.05227 -0.25741 -0.42518
1403637178.388319016 -2.07932 2.05542 -4.30877 0.87434 0.06042 -0.24481 -0.41466
1403637178.488318920 -2.10186 2.11653 -4.40204 0.87908 0.06455 -0.23871 -0.40752
1403637178.588319063 -2.10906 2.19349 -4.48221 0.88100 0.06112 -0.23926 -0.40356
1403637178.688318968 -2.11627 2.28210 -4.54707 0.88137 0.04174 -0.24191 -0.40365
1403637178.788319111 -2.12274 2.37939 -4.59726 0.88269 0.01707 -0.23843 -0.40463
1403637178.888319016 -2.13120 2.48105 -4.63882 0.88268 -0.00514 -0.23644 -0.40613
1403637178.988318920 -2.14073 2.58899 -4.66976 0.88202 -0.02185 -0.23547 -0.40757
1403637179.088319063 -2.15098 2.69528 -4.69303 0.88088 -0.02942 -0.23607 -0.40921
1403637179.188318968 -2.16678 2.79658 -4.70620 0.87820 -0.02767 -0.24322 -0.41091
1403637179.288319111 -2.17460 2.89650 -4.71434 0.87610 -0.02063 -0.24807 -0.41289
1403637179.488318920 -2.14093 3.08776 -4.72891 0.87433 -0.01364 -0.25023 -0.41564
1403637179.588319063 -2.11280 3.18326 -4.72709 0.87462 -0.01404 -0.24896 -0.41578
1403637179.788319111 -2.09307 3.38191 -4.69578 0.87810 -0.00604 -0.24217 -0.41262
1403637179.888319016 -2.11415 3.48603 -4.66414 0.88250 0.00902 -0.23077 -0.40971
1403637180.088319063 -2.17722 3.70600 -4.56116 0.88281 0.00465 -0.23086 -0.40907
1403637180.188318968 -2.19947 3.81913 -4.49383 0.87922 -0.01037 -0.24060 -0.41106
1403637180.288319111 -2.20811 3.93199 -4.42393 0.87589 -0.02101 -0.24854 -0.41305
1403637180.388319016 -2.20859 4.04179 -4.35299 0.87190 -0.02553 -0.25893 -0.41484
1403637180.488318920 -2.20222 4.15087 -4.28168 0.86576 -0.02067 -0.27805 -0.41559
1403637180.588319063 -2.19102 4.26150 -4.21217 0.86288 -0.01466 -0.28784 -0.41517
1403637180.688318968 -2.16759 4.37570 -4.14618 0.86892 -0.00615 -0.27202 -0.41345
1403637180.788319111 -2.13738 4.49283 -4.08241 0.87376 -0.00723 -0.25961 -0.41121
1403637180.888319016 -2.09767 4.61021 -4.01869 0.87861 0.00118 -0.24870 -0.40766
1403637180.988318920 -2.05270 4.73044 -3.94966 0.88249 0.01135 -0.24151 -0.40344
1403637181.088319063 -1.99670 4.85326 -3.87684 0.88480 0.01702 -0.23889 -0.39971
1403637181.188318968 -1.93287 4.97887 -3.79937 0.88382 0.00159 -0.24456 -0.39881
1403637181.288319111 -1.85711 5.10774 -3.71410 0.88346 -0.01808 -0.24709 -0.39764
1403637181.388319016 -1.77460 5.23393 -3.62460 0.88584 -0.02620 -0.24105 -0.39560
1403637181.488318920 -1.68437 5.35907 -3.53246 0.88733 -0.02380 -0.23930 -0.39347
1403637181.588319063 -1.58853 5.48337 -3.43471 0.88697 -0.02070 -0.24517 -0.39084
1403637181.688318968 -1.48704 5.60849 -3.33442 0.88683 -0.01974 -0.25062 -0.38772
1403637181.788319111 -1.38216 5.73146 -3.23088 0.88689 -0.02695 -0.25411 -0.38488
1403637181.888319016 -1.27908 5.85782 -3.12281 0.88761 -0.03327 -0.25448 -0.38246
1403637181.988318920 -1.18285 5.98057 -3.01359 0.88788 -0.03554 -0.25509 -0.38123
1403637182.088319063 -1.09133 6.10002 -2.90269 0.88954 -0.03837 -0.24896 -0.38113
1403637182.188318968 -1.00126 6.21669 -2.78994 0.88962 -0.04769 -0.24493 -0.38250
1403637182.288319111 -0.91709 6.32695 -2.67437 0.88856 -0.06074 -0.24172 -0.38516
1403637182.388319016 -0.83543 6.42878 -2.55600 0.88804 -0.06964 -0.23748 -0.38747
1403637182.488318920 -0.75802 6.51679 -2.43498 0.88960 -0.07366 -0.22693 -0.38947
1403637182.588319063 -0.66998 6.59409 -2.31301 0.89157 -0.06741 -0.21926 -0.39050
1403637182.688318968 -0.57827 6.65798 -2.18772 0.89128 -0.06488 -0.21930 -0.39156
1403637182.788319111 -0.48339 6.71108 -2.05680 0.88988 -0.07000 -0.22205 -0.39232
1403637182.888319016 -0.39387 6.75415 -1.92182 0.88843 -0.07707 -0.22578 -0.39214
1403637182.988318920 -0.31464 6.78769 -1.78146 0.88699 -0.08695 -0.22867 -0.39165
1403637183.088319063 -0.24752 6.81015 -1.63565 0.88498 -0.09830 -0.23241 -0.39132
1403637183.188318968 -0.19776 6.82241 -1.48413 0.88295 -0.10628 -0.23644 -0.39142
1403637183.288319111 -0.16325 6.82189 -1.32804 0.88135 -0.11086 -0.23990 -0.39163
1403637183.388319016 -0.13452 6.80562 -1.17324 0.87962 -0.11523 -0.24399 -0.39173
1403637183.488318920 -0.10696 6.77688 -1.02047 0.87977 -0.11627 -0.24421 -0.39096
1403637183.588319063 -0.08843 6.73097 -0.86936 0.87842 -0.11982 -0.24694 -0.39122
1403637183.688318968 -0.07809 6.66986 -0.71787 0.87769 -0.12436 -0.24777 -0.39091
1403637183.788319111 -0.06687 6.59350 -0.57414 0.87347 -0.12966 -0.25807 -0.39197
1403637183.888319016 -0.05464 6.50180 -0.43476 0.86872 -0.13448 -0.27041 -0.39257
1403637184.088319063 -0.02427 6.26579 -0.20106 0.86212 -0.14097 -0.28827 -0.39215
1403637184.188318968 -0.00490 6.12477 -0.10322 0.86292 -0.13500 -0.29022 -0.39105
1403637184.388319016 0.00293 5.80943 0.06460 0.87178 -0.09140 -0.28362 -0.38885
1403637184.588319063 -0.03707 5.47649 0.23119 0.86973 -0.05994 -0.29739 -0.38928
1403637184.688318968 -0.05977 5.30941 0.30365 0.86654 -0.05153 -0.30702 -0.39010
1403637184.788319111 -0.07952 5.14469 0.36840 0.86326 -0.04643 -0.31605 -0.39083
1403637184.888319016 -0.09330 4.98769 0.42181 0.86147 -0.04276 -0.32133 -0.39089
1403637184.988318920 -0.10845 4.83674 0.45866 0.86017 -0.04019 -0.32449 -0.39141
1403637185.088319063 -0.11998 4.68890 0.48787 0.85950 -0.03572 -0.32670 -0.39147
1403637185.188318968 -0.12217 4.55015 0.50471 0.85932 -0.03498 -0.32828 -0.39062
1403637185.288319111 -0.12610 4.41667 0.50575 0.85822 -0.03071 -0.33177 -0.39045
1403637185.388319016 -0.12247 4.28968 0.49527 0.85732 -0.02037 -0.33538 -0.39002
1403637185.488318920 -0.11588 4.17206 0.47065 0.85689 -0.01205 -0.33756 -0.38942
1403637185.588319063 -0.10266 4.06557 0.43520 0.85936 -0.01229 -0.33224 -0.38855
1403637185.688318968 -0.08484 3.96948 0.39065 0.86561 -0.02051 -0.31616 -0.38774
1403637185.788319111 -0.07283 3.88227 0.34122 0.87147 -0.02407 -0.30038 -0.38694
1403637185.888319016 -0.06683 3.80162 0.29160 0.87505 -0.02233 -0.29075 -0.38634
1403637185.988318920 -0.06685 3.72659 0.24018 0.87740 -0.02491 -0.28377 -0.38603
1403637186.088319063 -0.06821 3.65614 0.18908 0.87948 -0.02861 -0.27702 -0.38595
1403637186.188318968 -0.06166 3.58631 0.13771 0.87992 -0.03059 -0.27502 -0.38623
1403637186.388319016 -0.02778 3.45873 0.03223 0.88087 -0.03190 -0.27187 -0.38618
1403637186.588319063 0.03334 3.33415 -0.07493 0.88039 -0.04605 -0.27227 -0.38556
1403637186.788319111 0.08332 3.20886 -0.17584 0.87668 -0.05432 -0.28404 -0.38446
1403637186.988318920 0.09786 3.08291 -0.27589 0.86844 -0.08034 -0.30222 -0.38473
1403637187.188318968 0.07847 2.94544 -0.39082 0.87125 -0.08458 -0.29479 -0.38322
1403637187.288319111 0.05469 2.87113 -0.45619 0.87331 -0.07079 -0.29952 -0.37763
1403637187.388319016 0.02571 2.79334 -0.52445 0.87446 -0.05342 -0.30654 -0.37215
1403637187.488318920 -0.00799 2.71949 -0.59612 0.87533 -0.04178 -0.31150 -0.36745
1403637187.588319063 -0.04369 2.64744 -0.67147 0.87542 -0.03678 -0.31592 -0.36398
1403637187.688318968 -0.08118 2.58353 -0.75147 0.87519 -0.03796 -0.31931 -0.36145
1403637187.788319111 -0.12135 2.51879 -0.83796 0.87462 -0.03873 -0.32255 -0.35985
1403637187.888319016 -0.16658 2.46093 -0.92861 0.87369 -0.03753 -0.32624 -0.35892
1403637187.988318920 -0.21568 2.40803 -1.02343 0.87503 -0.03346 -0.32386 -0.35821
1403637188.088319063 -0.26767 2.36228 -1.12473 0.87745 -0.02904 -0.31837 -0.35759
1403637188.188318968 -0.32017 2.32479 -1.22673 0.88155 -0.02324 -0.30818 -0.35687
1403637188.388319016 -0.42901 2.26580 -1.43443 0.89045 -0.02115 -0.28405 -0.35491
1403637188.488318920 -0.48554 2.24259 -1.53338 0.89294 -0.02784 -0.27733 -0.35353
1403637188.588319063 -0.54651 2.22200 -1.63189 0.89542 -0.03752 -0.27571 -0.34756
1403637188.688318968 -0.61115 2.20149 -1.72649 0.89825 -0.05001 -0.27782 -0.33684
1403637188.788319111 -0.67665 2.17934 -1.81897 0.90080 -0.06718 -0.28347 -0.32202
1403637188.888319016 -0.74658 2.15379 -1.90767 0.90361 -0.07679 -0.28956 -0.30619
1403637188.988318920 -0.81053 2.12303 -2.00057 0.90590 -0.07487 -0.29548 -0.29400
1403637189.088319063 -0.86780 2.08912 -2.09366 0.90772 -0.06106 -0.30164 -0.28517
1403637189.188318968 -0.92430 2.05032 -2.18822 0.90600 -0.05160 -0.31360 -0.27956
1403637189.288319111 -0.98673 2.01622 -2.28475 0.90405 -0.05310 -0.32190 -0.27615
1403637189.388319016 -1.06218 1.98196 -2.38159 0.90608 -0.06166 -0.31565 -0.27493
1403637189.488318920 -1.14120 1.94406 -2.48347 0.91051 -0.06586 -0.30156 -0.27511
1403637189.588319063 -1.21360 1.90565 -2.58876 0.91354 -0.06137 -0.29219 -0.27624
1403637189.688318968 -1.27386 1.86380 -2.69502 0.91559 -0.05522 -0.28568 -0.27754
1403637189.788319111 -1.32591 1.82042 -2.80432 0.91445 -0.05156 -0.28812 -0.27947
1403637189.888319016 -1.36645 1.77773 -2.91135 0.91435 -0.04764 -0.28834 -0.28029
1403637189.988318920 -1.40139 1.73344 -3.02081 0.91537 -0.04750 -0.28503 -0.28036
1403637190.088319063 -1.42873 1.68684 -3.12859 0.91719 -0.04703 -0.28002 -0.27955
1403637190.188318968 -1.44707 1.64092 -3.23577 0.91824 -0.04726 -0.27739 -0.27866
1403637190.288319111 -1.45856 1.59631 -3.34022 0.91890 -0.04915 -0.27596 -0.27757
1403637190.388319016 -1.46221 1.54948 -3.44177 0.91904 -0.05033 -0.27655 -0.27632
1403637190.488318920 -1.45892 1.50021 -3.54090 0.91952 -0.05261 -0.27562 -0.27524
1403637190.588319063 -1.46003 1.44843 -3.63554 0.92047 -0.04786 -0.27450 -0.27403
1403637190.788319111 -1.47402 1.35093 -3.80657 0.91677 -0.03889 -0.27147 -0.29039
1403637190.988318920 -1.50867 1.25886 -3.95469 0.90975 -0.04929 -0.27007 -0.31144
1403637191.288319111 -1.59534 1.11715 -4.14039 0.90664 -0.04962 -0.26495 -0.32455
1403637191.488318920 -1.65672 1.02042 -4.24067 0.90811 -0.04506 -0.26075 -0.32452
1403637191.588319063 -1.67863 0.97156 -4.28702 0.90940 -0.03776 -0.25970 -0.32266
1403637191.688318968 -1.69300 0.92289 -4.32897 0.90776 -0.03050 -0.26914 -0.32032
1403637191.788319111 -1.69951 0.87564 -4.37002 0.90579 -0.02534 -0.27837 -0.31845
1403637191.888319016 -1.69934 0.83143 -4.41182 0.90690 -0.01247 -0.27818 -0.31621
1403637191.988318920 -1.69140 0.79173 -4.45226 0.90863 -0.00016 -0.27530 -0.31403
1403637192.188318968 -1.65058 0.72986 -4.52880 0.90422 0.00399 -0.29242 -0.31121
1403637192.388319016 -1.58279 0.70495 -4.60697 0.90612 0.01829 -0.28809 -0.30921
1403637192.588319063 -1.52776 0.71966 -4.67348 0.90076 -0.00356 -0.30478 -0.30941
1403637192.788319111 -1.48992 0.76777 -4.73556 0.89771 -0.01337 -0.31295 -0.30986
1403637192.888319016 -1.47473 0.80029 -4.77276 0.89972 -0.01446 -0.30632 -0.31058
1403637192.988318920 -1.45273 0.83851 -4.81485 0.90158 -0.01697 -0.29946 -0.31174
1403637193.088319063 -1.42381 0.88154 -4.86064 0.90038 -0.02528 -0.30151 -0.31268
1403637193.188318968 -1.39195 0.92440 -4.90913 0.89385 -0.04545 -0.31715 -0.31367
1403637193.288319111 -1.36544 0.97150 -4.96272 0.88995 -0.05572 -0.32616 -0.31386
1403637193.388319016 -1.35456 1.01919 -5.01937 0.89437 -0.04353 -0.31680 -0.31281
1403637193.488318920 -1.35192 1.06612 -5.07708 0.89942 -0.03114 -0.30453 -0.31198
1403637193.588319063 -1.34957 1.11386 -5.13801 0.90204 -0.02034 -0.29756 -0.31203
1403637193.788319111 -1.32252 1.21925 -5.27032 0.90351 -0.00963 -0.29345 -0.31218
1403637193.988318920 -1.28278 1.34317 -5.40478 0.90545 -0.01044 -0.28746 -0.31212
1403637194.088319063 -1.28156 1.41375 -5.46632 0.90763 -0.01449 -0.28086 -0.31164
1403637194.288319111 -1.30209 1.56021 -5.57378 0.90738 -0.01706 -0.28237 -0.31088
1403637194.488318920 -1.30772 1.71589 -5.67821 0.90589 -0.01610 -0.28774 -0.31035
1403637194.688318968 -1.28621 1.88116 -5.78717 0.90450 -0.01390 -0.29333 -0.30927
1403637194.888319016 -1.25455 2.06253 -5.89878 0.90198 -0.01233 -0.30311 -0.30724
1403637194.988318920 -1.24569 2.15745 -5.95309 0.90400 -0.01780 -0.29739 -0.30663
1403637195.088319063 -1.24247 2.25571 -6.00784 0.90748 -0.02079 -0.28704 -0.30603
1403637195.188318968 -1.24300 2.35416 -6.05905 0.91044 -0.02365 -0.27792 -0.30544
1403637195.288319111 -1.25194 2.45484 -6.10819 0.91237 -0.02533 -0.27156 -0.30526
1403637195.388319016 -1.26528 2.55699 -6.15234 0.91335 -0.02605 -0.26794 -0.30548
1403637195.488318920 -1.27252 2.65891 -6.18965 0.91192 -0.02811 -0.26702 -0.31034
1403637195.588319063 -1.27071 2.75853 -6.22655 0.90892 -0.02775 -0.26786 -0.31835
1403637195.688318968 -1.26250 2.85551 -6.26117 0.90712 -0.02819 -0.26562 -0.32526
1403637195.788319111 -1.24802 2.94997 -6.29591 0.90597 -0.02518 -0.26367 -0.33025
1403637195.988318920 -1.21072 3.13795 -6.35257 0.90810 -0.00041 -0.25190 -0.33453
1403637196.088319063 -1.19537 3.23595 -6.37157 0.91095 0.01261 -0.24073 -0.33476
1403637196.188318968 -1.18012 3.33782 -6.38117 0.91554 0.02186 -0.22293 -0.33407
1403637196.288319111 -1.16382 3.44204 -6.37800 0.91969 0.02513 -0.20630 -0.33315
1403637196.388319016 -1.14963 3.55159 -6.35690 0.92288 0.02876 -0.19429 -0.33124
1403637196.488318920 -1.13655 3.66671 -6.31559 0.92415 0.02762 -0.19081 -0.32982
1403637196.588319063 -1.12453 3.78350 -6.25744 0.92426 0.02214 -0.19247 -0.32896
1403637196.688318968 -1.11016 3.90095 -6.18363 0.92334 0.01577 -0.19823 -0.32847
1403637196.788319111 -1.10077 4.02229 -6.09554 0.92244 0.00699 -0.20333 -0.32820
1403637196.888319016 -1.08735 4.14506 -5.99018 0.92340 0.00711 -0.20149 -0.32664
1403637196.988318920 -1.07191 4.26559 -5.87273 0.92276 -0.00385 -0.20331 -0.32736
1403637197.088319063 -1.04964 4.38371 -5.74079 0.91823 -0.01647 -0.21134 -0.33454
1403637197.188318968 -1.01501 4.49716 -5.59738 0.91093 -0.02386 -0.21929 -0.34863
1403637197.288319111 -0.97496 4.61018 -5.44972 0.90048 -0.02737 -0.22606 -0.37053
1403637197.388319016 -0.92601 4.71261 -5.29231 0.88689 -0.02994 -0.23041 -0.39930
1403637197.488318920 -0.86861 4.81827 -5.13169 0.87039 -0.02537 -0.23162 -0.43375
1403637197.588319063 -0.80163 4.91676 -4.96782 0.85122 -0.01489 -0.22788 -0.47252
1403637197.688318968 -0.72459 5.01768 -4.80665 -0.82980 0.00880 0.22060 0.51253
1403637197.788319111 -0.64869 5.10151 -4.64641 -0.80865 0.00169 0.20644 0.55088
1403637197.888319016 -0.56467 5.19304 -4.47302 -0.78942 -0.00727 0.18762 0.58444
1403637197.988318920 -0.47558 5.28094 -4.29173 -0.77040 -0.01241 0.17300 0.61352
1403637198.088319063 -0.37691 5.36194 -4.12069 -0.75087 -0.01339 0.16233 0.64005
1403637198.188318968 -0.27358 5.43682 -3.93826 -0.73220 -0.01374 0.15442 0.66322
1403637198.288319111 -0.16218 5.50803 -3.75703 -0.71379 -0.01574 0.14378 0.68526
1403637198.388319016 -0.04422 5.57736 -3.57997 -0.69709 -0.01815 0.13022 0.70483
1403637198.488318920 0.07407 5.64502 -3.38280 -0.68706 -0.02074 0.11619 0.71695
1403637198.588319063 0.18723 5.70876 -3.18081 -0.68201 -0.02340 0.10463 0.72344
1403637198.688318968 0.27977 5.76492 -2.96940 -0.67930 -0.02427 0.09870 0.72679
1403637198.788319111 0.35485 5.81740 -2.73264 -0.67845 -0.02150 0.09737 0.72785
1403637198.888319016 0.42390 5.85893 -2.48350 -0.67944 -0.00932 0.09385 0.72765
1403637198.988318920 0.48419 5.88838 -2.23679 -0.67687 0.01151 0.09760 0.72951
1403637199.088319063 0.54253 5.90265 -1.98925 -0.66863 0.02485 0.10626 0.73555
1403637199.188318968 0.60530 5.90611 -1.73903 -0.65640 0.02729 0.11513 0.74508
1403637199.288319111 0.67360 5.89267 -1.49074 -0.64207 0.02634 0.11522 0.75748
1403637199.388319016 0.74647 5.86808 -1.24007 -0.62575 0.02552 0.10749 0.77216
1403637199.488318920 0.80994 5.83397 -0.99991 -0.60539 0.02620 0.09789 0.78945
1403637199.588319063 0.88452 5.78802 -0.75559 -0.58334 0.02686 0.09064 0.80671
1403637199.688318968 0.94459 5.72946 -0.51154 -0.55835 0.03654 0.08710 0.82421
1403637199.788319111 0.99687 5.66109 -0.26005 -0.52940 0.04810 0.08826 0.84240
1403637199.888319016 1.03303 5.58814 -0.00456 -0.49519 0.06469 0.09026 0.86166
1403637199.988318920 1.03764 5.50758 0.24611 -0.45755 0.08761 0.08824 0.88045
1403637200.088319063 1.03930 5.41594 0.47786 -0.41887 0.10453 0.08033 0.89843
1403637200.188318968 1.03318 5.32321 0.69021 -0.38322 0.10727 0.06655 0.91499
1403637200.288319111 1.01384 5.21333 0.87949 -0.35586 0.08926 0.05029 0.92890
1403637200.388319016 0.98435 5.09904 1.05272 -0.33871 0.05545 0.03752 0.93851
1403637200.488318920 0.95355 4.97251 1.20257 -0.32612 0.02448 0.03529 0.94435
1403637200.588319063 0.93571 4.84184 1.33609 -0.31354 0.01468 0.04693 0.94830
1403637200.688318968 0.92320 4.70755 1.46102 -0.30814 0.01167 0.05561 0.94964
1403637200.888319016 0.92024 4.44650 1.67388 -0.31229 0.01948 0.07437 0.94687
1403637201.088319063 0.92792 4.18663 1.84034 -0.33100 0.01952 0.07938 0.94008
1403637201.288319111 0.95062 3.93391 1.96515 -0.34468 0.01917 0.09402 0.93380
1403637201.388319016 0.96488 3.81541 2.01155 -0.34865 0.02296 0.11955 0.92931
1403637201.588319063 0.96776 3.60042 2.07680 -0.36262 0.02383 0.16734 0.91648
1403637201.788319111 0.94204 3.43706 2.09825 -0.37986 0.03163 0.16981 0.90877
1403637202.088319063 0.90086 3.27398 2.02352 -0.38320 0.02480 0.17375 0.90684
1403637202.188318968 0.89259 3.24195 1.96905 -0.38029 0.00895 0.17766 0.90760
1403637202.288319111 0.88403 3.22492 1.90559 -0.38561 -0.01277 0.15986 0.90862
1403637202.588319063 0.84149 3.23316 1.71088 -0.39385 -0.02474 0.12560 0.91022
1403637202.688318968 0.83643 3.25048 1.64504 -0.39535 -0.01616 0.11750 0.91084
1403637202.888319016 0.84119 3.29310 1.51428 -0.40189 -0.01491 0.09598 0.91052
1403637203.088319063 0.82588 3.34196 1.39100 -0.40606 -0.01786 0.08509 0.90970
1403637203.288319111 0.80274 3.39197 1.28115 -0.40750 -0.01671 0.08364 0.90921
1403637203.588319063 0.74805 3.45378 1.14604 -0.40979 -0.01609 0.08121 0.90842
1403637203.888319016 0.66753 3.49864 1.04470 -0.41236 -0.01394 0.08002 0.90739
1403637204.188318968 0.58228 3.52263 0.96862 -0.41381 -0.01447 0.08053 0.90668
1403637204.488318920 0.56049 3.51895 0.89595 -0.41416 -0.00468 0.08627 0.90609
1403637204.788319111 0.58842 3.49369 0.81760 -0.41970 -0.00834 0.08961 0.90319
1403637205.088319063 0.58311 3.46034 0.75553 -0.42114 -0.02095 0.09549 0.90171
1403637205.388319016 0.55122 3.42622 0.72476 -0.41112 -0.02335 0.09025 0.90680
1403637205.588319063 0.55225 3.40124 0.71258 -0.40124 -0.01721 0.08024 0.91229
1403637205.888319016 0.52858 3.36033 0.71375 -0.39409 -0.01585 0.07783 0.91563
1403637206.188318968 0.50218 3.30420 0.72983 -0.38896 -0.01004 0.08620 0.91716
1403637206.888319016 0.56020 3.15525 0.71439 -0.39227 -0.00512 0.08528 0.91587
1403637207.688318968 0.51958 2.95056 0.65546 -0.39381 -0.01176 0.10746 0.91281
1403637208.088319063 0.54194 2.86606 0.58747 -0.40108 -0.01347 0.09235 0.91128
1403637208.488318920 0.61164 2.79408 0.50933 -0.40147 -0.00585 0.10148 0.91021
1403637208.888319016 0.59507 2.73965 0.44427 -0.40749 -0.00676 0.08787 0.90895
1403637209.088319063 0.55713 2.71088 0.42183 -0.41446 -0.01824 0.06634 0.90746
1403637209.288319111 0.52384 2.66388 0.41310 -0.39103 -0.02055 0.07219 0.91731
1403637209.388319016 0.51791 2.63753 0.41230 -0.37618 -0.02614 0.07647 0.92302
1403637209.488318920 0.51735 2.61077 0.41321 -0.36537 -0.03684 0.07891 0.92678
1403637209.588319063 0.52143 2.58220 0.41656 -0.35690 -0.05477 0.08166 0.92895
1403637209.688318968 0.53576 2.55868 0.42419 -0.35024 -0.06907 0.08527 0.93021
1403637209.888319016 0.58721 2.52905 0.46154 -0.34459 -0.08117 0.09040 0.93086
1403637210.088319063 0.61350 2.52790 0.54242 -0.34322 -0.10161 0.09750 0.92864
1403637210.188318968 0.61046 2.53965 0.60292 -0.34221 -0.11276 0.10296 0.92713
1403637210.288319111 0.60666 2.56447 0.67835 -0.34153 -0.12209 0.10635 0.92582
1403637210.488318920 0.61704 2.65377 0.86746 -0.34160 -0.11917 0.10480 0.92635
1403637210.588319063 0.62846 2.72093 0.98223 -0.34200 -0.10391 0.09943 0.92863
1403637210.688318968 0.64371 2.79359 1.10659 -0.34159 -0.09043 0.09588 0.93056
1403637210.788319111 0.65970 2.87134 1.24042 -0.33882 -0.08087 0.09933 0.93209
1403637210.988318920 0.69001 3.04651 1.53603 -0.33399 -0.05195 0.11045 0.93464
1403637211.088319063 0.70281 3.14562 1.69015 -0.33362 -0.03506 0.11276 0.93528
1403637211.288319111 0.72571 3.35716 1.99255 -0.34364 -0.02250 0.09516 0.93400
1403637211.388319016 0.73136 3.46951 2.13956 -0.34884 -0.01375 0.08695 0.93304
1403637211.588319063 0.73482 3.69604 2.42694 -0.35107 -0.01474 0.08838 0.93205
1403637211.688318968 0.73824 3.80953 2.56364 -0.34956 -0.01785 0.09289 0.93213
1403637211.888319016 0.76855 4.03571 2.82206 -0.34293 -0.03121 0.11457 0.93183
1403637212.088319063 0.83212 4.27390 3.06852 -0.34986 -0.02322 0.09775 0.93140
1403637212.188318968 0.87843 4.39699 3.18594 -0.35353 -0.01005 0.08737 0.93128
1403637212.288319111 0.92520 4.52142 3.29730 -0.35565 -0.00269 0.08177 0.93103
1403637212.388319016 0.97395 4.64016 3.40333 -0.35741 0.00172 0.07957 0.93055
1403637212.588319063 1.08367 4.86480 3.59534 -0.36018 -0.00838 0.08236 0.92920
1403637212.688318968 1.14188 4.97637 3.68620 -0.36052 -0.01820 0.08609 0.92859
1403637212.888319016 1.25879 5.19528 3.86459 -0.36269 -0.02811 0.08226 0.92784
1403637213.088319063 1.38257 5.41816 4.04593 -0.36100 -0.02966 0.07882 0.92876
1403637213.188318968 1.43916 5.52881 4.13915 -0.35765 -0.02931 0.08271 0.92972
1403637213.288319111 1.49160 5.63757 4.23195 -0.35574 -0.02831 0.08419 0.93035
1403637213.388319016 1.53764 5.74532 4.33020 -0.35576 -0.02566 0.08236 0.93059
1403637213.488318920 1.58166 5.85363 4.42741 -0.35639 -0.02174 0.07982 0.93067
1403637213.688318968 1.65287 6.06154 4.63113 -0.36334 -0.02528 0.05925 0.92943
1403637213.888319016 1.70635 6.26072 4.84253 -0.36558 -0.03299 0.04971 0.92887
1403637214.088319063 1.76645 6.44898 5.06154 -0.35839 -0.02367 0.04634 0.93212
1403637214.188318968 1.80471 6.53053 5.17469 -0.34568 -0.01396 0.05029 0.93690
1403637214.288319111 1.84640 6.60541 5.28907 -0.33134 -0.00743 0.04590 0.94236
1403637214.388319016 1.89447 6.67266 5.39748 -0.31363 -0.00153 0.03345 0.94895
1403637214.488318920 1.94561 6.72965 5.50279 -0.29352 -0.00131 0.01292 0.95587
1403637214.588319063 1.99965 6.77362 5.60672 -0.27381 -0.00186 -0.00887 0.96174
1403637214.688318968 2.05916 6.80428 5.70602 -0.25875 -0.00047 -0.03027 0.96547
1403637214.888319016 2.17912 6.81810 5.89921 -0.24061 0.00170 -0.05134 0.96926
1403637214.988318920 2.23213 6.80661 5.99178 -0.23569 0.00437 -0.05254 0.97040
1403637215.188318968 2.31576 6.73798 6.17447 -0.23291 0.01428 -0.05175 0.97101
1403637215.388319016 2.37101 6.61259 6.34482 -0.21785 0.02787 -0.03973 0.97477
1403637215.488318920 2.39437 6.52988 6.42189 -0.19923 0.04193 -0.03403 0.97846
1403637215.588319063 2.41376 6.43164 6.48904 -0.17790 0.04854 -0.03425 0.98225
1403637215.688318968 2.43299 6.32252 6.54073 -0.15252 0.04568 -0.03828 0.98650
1403637215.788319111 2.44896 6.20326 6.57915 -0.12517 0.02981 -0.04193 0.99080
1403637215.888319016 2.46983 6.07738 6.60519 -0.09768 0.01477 -0.04466 0.99411
1403637215.988318920 2.49170 5.94548 6.62321 -0.07425 0.00442 -0.04384 0.99627
1403637216.088319063 2.51501 5.80799 6.63289 -0.05164 -0.00028 -0.04202 0.99778
1403637216.188318968 2.53554 5.67257 6.63697 -0.03217 -0.00175 -0.04130 0.99863
1403637216.288319111 2.55012 5.54079 6.63566 -0.01863 -0.00100 -0.03865 0.99908
1403637216.388319016 2.55638 5.41592 6.62866 -0.01096 0.00446 -0.03800 0.99921
1403637216.488318920 2.55698 5.29162 6.61749 -0.00770 0.01329 -0.03929 0.99911
1403637216.588319063 2.54901 5.17130 6.60060 -0.00583 0.02057 -0.03668 0.99910
1403637216.688318968 2.53584 5.05199 6.57538 -0.00489 0.02856 -0.03086 0.99910
1403637216.788319111 2.52013 4.93744 6.54079 -0.00623 0.03899 -0.02857 0.99881
1403637216.888319016 2.50479 4.83191 6.49147 -0.00941 0.04732 -0.03109 0.99835
1403637217.088319063 2.47418 4.62411 6.35285 -0.01362 0.03810 -0.02251 0.99893
1403637217.188318968 2.45473 4.52625 6.26655 -0.01191 0.03001 -0.00779 0.99945
1403637217.288319111 2.42630 4.43604 6.17350 -0.01097 0.02691 0.00480 0.99957
1403637217.388319016 2.38946 4.35350 6.07323 -0.01142 0.02470 0.01335 0.99954
1403637217.588319063 2.29563 4.22345 5.85772 -0.00981 0.02712 0.01243 0.99951
1403637217.688318968 2.24120 4.17132 5.73933 -0.00440 0.03365 -0.00840 0.99939
1403637217.788319111 2.18898 4.12314 5.60946 0.00760 0.03979 -0.03842 0.99844
1403637217.888319016 2.13597 4.07249 5.47009 0.02843 0.03699 -0.05938 0.99714
1403637217.988318920 2.08580 4.02514 5.31556 0.04886 0.03051 -0.07020 0.99587
1403637218.188318968 1.98671 3.93324 4.98088 0.07834 0.01666 -0.07673 0.99383
1403637218.288319111 1.92997 3.89155 4.80016 0.08610 0.01297 -0.07893 0.99307
1403637218.388319016 1.86132 3.84477 4.62308 0.08942 0.01312 -0.08123 0.99259
1403637218.588319063 1.73250 3.74999 4.25139 0.09008 0.01302 -0.08270 0.99241
1403637218.688318968 1.67290 3.70308 4.05526 0.08762 0.00732 -0.08364 0.99261
1403637218.788319111 1.61206 3.65770 3.85427 0.08625 0.00117 -0.08028 0.99303
1403637218.888319016 1.54048 3.61349 3.65888 0.08093 -0.00298 -0.08867 0.99276
1403637218.988318920 1.45918 3.57007 3.46047 0.07654 -0.00399 -0.09751 0.99228
1403637219.088319063 1.36197 3.52833 3.26494 0.07409 -0.00486 -0.10272 0.99194
1403637219.188318968 1.26464 3.47551 3.06997 0.07342 -0.00527 -0.10323 0.99193
1403637219.388319016 1.07615 3.35956 2.65996 0.07334 -0.01014 -0.09776 0.99245
1403637219.488318920 0.99250 3.29706 2.44693 0.07408 -0.02075 -0.09366 0.99263
1403637219.588319063 0.92146 3.22051 2.23291 0.07298 -0.03698 -0.09083 0.99250
1403637219.688318968 0.85797 3.14389 2.01877 0.07211 -0.04943 -0.08825 0.99225
1403637219.888319016 0.74446 2.98476 1.60900 0.07113 -0.06062 -0.08587 0.99191
1403637219.988318920 0.69632 2.90064 1.41953 0.07129 -0.06025 -0.08510 0.99199
1403637220.188318968 0.62449 2.72529 1.05510 0.07198 -0.06203 -0.08306 0.99200
1403637220.388319016 0.58715 2.53438 0.71569 0.07688 -0.05488 -0.06481 0.99342
1403637220.488318920 0.58204 2.44056 0.55068 0.07857 -0.05079 -0.05686 0.99399
1403637220.688318968 0.56041 2.26508 0.24759 0.07907 -0.04623 -0.05069 0.99451
1403637220.988318920 0.49748 2.03212 -0.16053 0.07523 -0.05135 -0.05292 0.99444
1403637221.088319063 0.46869 1.96480 -0.27936 0.06814 -0.05563 -0.05232 0.99475
1403637221.288319111 0.40064 1.84766 -0.50115 0.03986 -0.06109 -0.04788 0.99619
1403637221.588319063 0.28292 1.69443 -0.77690 0.00912 -0.06065 -0.03431 0.99753
1403637221.888319016 0.14698 1.57201 -0.98470 -0.00746 -0.06310 -0.02532 0.99766
1403637222.088319063 0.04505 1.51192 -1.08553 -0.04013 -0.06297 -0.01355 0.99712
1403637222.288319111 -0.06403 1.46927 -1.15421 -0.08471 -0.05349 -0.00087 0.99497
1403637222.488318920 -0.16682 1.43604 -1.20039 -0.11194 -0.02742 0.00443 0.99333
1403637222.688318968 -0.24117 1.41334 -1.24798 -0.12373 -0.02093 0.00659 0.99207
1403637222.988318920 -0.29435 1.38086 -1.31605 -0.12490 -0.04640 0.00978 0.99104
1403637223.288319111 -0.25524 1.36647 -1.36894 -0.11949 -0.04745 0.00530 0.99169
1403637223.388319016 -0.22222 1.36514 -1.38082 -0.11716 -0.03870 0.00101 0.99236
1403637223.788319111 -0.07703 1.36303 -1.39633 -0.11270 -0.02267 -0.00655 0.99335
1403637224.288319111 -0.03123 1.36929 -1.36948 -0.11435 -0.01806 -0.01110 0.99321
1403637225.288319111 -0.17439 1.33831 -1.30570 -0.11406 -0.01209 -0.01377 0.99331
1403637225.688318968 -0.22933 1.28831 -1.32368 -0.11140 -0.01607 -0.01657 0.99351
1403637225.888319016 -0.21395 1.24531 -1.35122 -0.11102 -0.02832 -0.01553 0.99329
1403637225.988318920 -0.19222 1.21989 -1.36793 -0.11032 -0.02228 -0.01612 0.99352
1403637226.288319111 -0.13676 1.13285 -1.41414 -0.11019 -0.01025 -0.01807 0.99369
1403637226.488318920 -0.12995 1.06864 -1.44153 -0.11118 -0.03167 -0.01717 0.99315
1403637226.688318968 -0.13448 1.00210 -1.46049 -0.11148 -0.04185 -0.01760 0.99273
1403637227.088319063 -0.17418 0.86026 -1.43828 -0.10382 -0.03183 0.01055 0.99403
1403637227.488318920 -0.15429 0.77158 -1.40326 -0.11133 -0.02998 0.00284 0.99333
1403637227.988318920 -0.16620 0.73556 -1.32383 -0.11491 -0.01694 0.00208 0.99323
1403637228.188318968 -0.18974 0.73709 -1.28704 -0.11502 -0.00494 -0.00715 0.99333
1403637228.588319063 -0.18985 0.71797 -1.26863 -0.11439 0.00069 -0.01894 0.99325
1403637228.788319111 -0.16940 0.69019 -1.28836 -0.11300 -0.01187 -0.01317 0.99344
1403637229.288319111 -0.18927 0.60578 -1.33234 -0.11866 -0.00889 -0.01974 0.99270
1403637229.388319016 -0.20713 0.58666 -1.34218 -0.12549 -0.01290 -0.01384 0.99191
1403637229.588319063 -0.25583 0.54919 -1.36236 -0.15221 -0.03146 0.03300 0.98730
1403637229.688318968 -0.28289 0.53782 -1.37055 -0.17496 -0.03540 0.05655 0.98231
1403637229.888319016 -0.33211 0.54007 -1.38345 -0.24278 -0.02454 0.05494 0.96821
1403637230.088319063 -0.38413 0.55626 -1.39150 -0.30657 -0.01459 0.05988 0.94985
1403637230.188318968 -0.40432 0.56301 -1.39308 -0.33030 -0.01940 0.07453 0.94073
1403637230.288319111 -0.41404 0.56849 -1.39111 -0.34905 -0.02305 0.08117 0.93330
1403637230.488318920 -0.40492 0.58063 -1.38705 -0.36996 -0.00856 0.07868 0.92567
1403637230.588319063 -0.38925 0.58553 -1.38482 -0.37799 0.00468 0.07452 0.92279
1403637230.788319111 -0.34959 0.58554 -1.39044 -0.40291 0.01380 0.09353 0.91035
1403637231.088319063 -0.30497 0.59072 -1.41535 -0.47118 -0.00725 0.15091 0.86900
1403637231.188318968 -0.31002 0.60668 -1.42394 -0.50177 -0.00516 0.16650 0.84881
1403637231.288319111 -0.32633 0.62585 -1.42941 -0.53454 0.00024 0.18168 0.82538
1403637231.388319016 -0.36073 0.65350 -1.43414 -0.56918 0.00910 0.19421 0.79889
1403637231.488318920 -0.41122 0.68356 -1.43696 -0.60276 0.01862 0.20983 0.76961
1403637231.688318968 -0.54032 0.75729 -1.44059 -0.66724 0.02540 0.24147 0.70416
1403637231.788319111 -0.60047 0.80244 -1.45279 -0.69610 0.02989 0.25028 0.67224
1403637231.888319016 -0.65684 0.85073 -1.47213 -0.71976 0.03066 0.26037 0.64282
1403637231.988318920 -0.70328 0.90096 -1.50317 -0.73903 0.03406 0.27041 0.61608
1403637232.088319063 -0.73982 0.95269 -1.54827 -0.75940 0.04984 0.26882 0.59040
1403637232.188318968 -0.77795 1.00507 -1.59894 -0.77808 0.06543 0.26648 0.56506
1403637232.288319111 -0.81065 1.05479 -1.65626 -0.79467 0.06892 0.26592 0.54132
1403637232.388319016 -0.84268 1.09805 -1.72178 -0.81216 0.06793 0.26107 0.51732
1403637232.488318920 -0.86620 1.13530 -1.79118 0.82678 -0.07025 -0.26256 -0.49251
1403637232.588319063 -0.88476 1.16578 -1.86678 0.83450 -0.07731 -0.28162 -0.46725
1403637232.688318968 -0.90563 1.19112 -1.94619 0.84156 -0.08320 -0.30121 -0.44060
1403637232.788319111 -0.91812 1.20757 -2.03885 0.84731 -0.08645 -0.32023 -0.41479
1403637232.888319016 -0.92967 1.21898 -2.14261 0.85201 -0.07920 -0.33449 -0.39487
1403637232.988318920 -0.93944 1.23126 -2.25512 0.85548 -0.06817 -0.34400 -0.38101
1403637233.088319063 -0.94575 1.24195 -2.38264 0.85764 -0.05565 -0.34984 -0.37278
1403637233.188318968 -0.96050 1.25362 -2.52167 0.85709 -0.04463 -0.35630 -0.36938
1403637233.288319111 -0.98004 1.27355 -2.66676 0.85531 -0.03619 -0.36217 -0.36874
1403637233.388319016 -1.01063 1.30091 -2.82248 0.85191 -0.02994 -0.36900 -0.37041
1403637233.488318920 -1.05792 1.33561 -2.98059 0.85190 -0.01727 -0.36709 -0.37310
1403637233.588319063 -1.12137 1.37978 -3.14626 0.86110 0.00939 -0.34068 -0.37729
1403637233.688318968 -1.18689 1.43414 -3.31487 0.87382 0.03669 -0.30030 -0.38068
1403637233.788319111 -1.25966 1.51145 -3.47704 0.88333 0.05719 -0.26540 -0.38212
1403637233.888319016 -1.32599 1.60105 -3.62921 0.88845 0.06927 -0.24470 -0.38208
1403637233.988318920 -1.39042 1.70603 -3.76261 0.89065 0.07836 -0.23503 -0.38126
1403637234.088319063 -1.45350 1.82420 -3.88367 0.89326 0.08721 -0.22238 -0.38082
1403637234.188318968 -1.51082 1.95731 -3.98724 0.89617 0.09699 -0.20897 -0.37920
1403637234.288319111 -1.56320 2.10882 -4.06975 0.89820 0.09419 -0.20326 -0.37823
1403637234.388319016 -1.61036 2.27118 -4.12307 0.89917 0.07885 -0.20341 -0.37934
1403637234.488318920 -1.65658 2.44648 -4.15231 0.89736 0.05661 -0.20534 -0.38650
1403637234.588319063 -1.70187 2.62753 -4.16273 0.89312 0.03266 -0.20524 -0.39893
1403637234.688318968 -1.74566 2.81815 -4.15764 0.88685 0.01377 -0.20371 -0.41450
1403637234.788319111 -1.78651 3.01269 -4.12739 0.87790 -0.00525 -0.20573 -0.43237
1403637234.888319016 -1.81841 3.20219 -4.08929 0.86634 -0.02348 -0.21045 -0.45235
1403637234.988318920 -1.84170 3.38665 -4.03978 0.85437 -0.03613 -0.21177 -0.47317
1403637235.088319063 -1.86067 3.56010 -3.98409 0.84407 -0.03606 -0.20641 -0.49359
1403637235.188318968 -1.86706 3.72882 -3.92653 -0.83296 0.03324 0.20084 0.51452
1403637235.288319111 -1.86638 3.88416 -3.86304 -0.82253 0.02864 0.19892 0.53203
1403637235.388319016 -1.86037 4.03349 -3.79208 -0.81268 0.01852 0.20800 0.54400
1403637235.488318920 -1.85216 4.17693 -3.72052 -0.80137 0.00953 0.22255 0.55515
1403637235.588319063 -1.83656 4.31812 -3.64474 -0.79132 0.00201 0.22981 0.56656
1403637235.688318968 -1.81478 4.46019 -3.56628 -0.78319 -0.00006 0.22692 0.57890
1403637235.788319111 -1.77805 4.60145 -3.49296 -0.77809 -0.00097 0.20924 0.59228
1403637235.888319016 -1.73012 4.74208 -3.41308 -0.77456 -0.00700 0.18125 0.60593
1403637235.988318920 -1.67513 4.88077 -3.32347 -0.76749 -0.01796 0.16095 0.62027
1403637236.088319063 -1.61464 5.01388 -3.22625 -0.75693 -0.02579 0.14740 0.63614
1403637236.188318968 -1.54124 5.13975 -3.11056 -0.74449 -0.03253 0.13881 0.65223
1403637236.288319111 -1.45094 5.26110 -2.98236 -0.73104 -0.03480 0.13187 0.66857
1403637236.388319016 -1.35329 5.37688 -2.84493 -0.71535 -0.03206 0.12814 0.68617
1403637236.488318920 -1.24502 5.49119 -2.69652 -0.70007 -0.02496 0.12879 0.70192
1403637236.588319063 -1.14055 5.59961 -2.53027 -0.68973 -0.01728 0.12798 0.71246
1403637236.688318968 -1.04200 5.70194 -2.35122 -0.68421 -0.00971 0.12165 0.71900
1403637236.788319111 -0.94227 5.79746 -2.16559 -0.67742 0.00179 0.11179 0.72705
1403637236.888319016 -0.83131 5.87933 -1.97437 -0.66649 0.01803 0.10268 0.73819
1403637236.988318920 -0.71638 5.94745 -1.78134 -0.65575 0.03875 0.08907 0.74870
1403637237.088319063 -0.59892 5.99605 -1.57854 -0.64701 0.06215 0.07531 0.75620
1403637237.188318968 -0.47273 6.02120 -1.37250 -0.63481 0.08263 0.06890 0.76514
1403637237.288319111 -0.34154 6.01659 -1.17704 -0.61887 0.08935 0.07062 0.77720
1403637237.388319016 -0.21440 5.98943 -0.99479 -0.60464 0.08909 0.07333 0.78810
1403637237.488318920 -0.08179 5.94201 -0.80764 -0.59423 0.08921 0.07611 0.79570
1403637237.588319063 0.04235 5.86663 -0.64018 -0.58500 0.09097 0.08014 0.80192
1403637237.688318968 0.17106 5.77136 -0.47599 -0.57711 0.09764 0.08645 0.80619
1403637237.788319111 0.29204 5.65542 -0.32947 -0.57017 0.10245 0.09656 0.80937
1403637237.888319016 0.40466 5.52509 -0.19002 -0.56845 0.10140 0.11205 0.80872
1403637237.988318920 0.50788 5.38534 -0.05489 -0.57295 0.09748 0.13176 0.80303
1403637238.188318968 0.68167 5.07779 0.18033 -0.59101 0.09529 0.18913 0.77837
1403637238.288319111 0.75370 4.91620 0.26967 -0.60513 0.10101 0.21867 0.75882
1403637238.388319016 0.81037 4.75224 0.34386 -0.62337 0.11040 0.24516 0.73424
1403637238.488318920 0.85371 4.58586 0.39212 -0.64457 0.12107 0.26592 0.70651
1403637238.588319063 0.88490 4.42022 0.42295 -0.66655 0.12678 0.28324 0.67780
1403637238.688318968 0.90868 4.25139 0.41602 -0.67790 0.12206 0.31132 0.65470
1403637238.788319111 0.91949 4.08479 0.39448 -0.68172 0.10754 0.34351 0.63695
1403637238.888319016 0.91449 3.92319 0.33997 -0.68042 0.08940 0.37485 0.62332
1403637238.988318920 0.91351 3.77599 0.25781 -0.67831 0.06794 0.39977 0.61275
1403637239.088319063 0.90634 3.64963 0.14103 -0.68457 0.04611 0.40198 0.60635
1403637239.188318968 0.89868 3.54689 -0.00714 -0.70238 0.03072 0.37913 0.60165
1403637239.288319111 0.87716 3.46475 -0.17659 -0.72229 0.02780 0.35291 0.59412
1403637239.388319016 0.84893 3.39614 -0.36135 -0.73804 0.03060 0.34109 0.58139
1403637239.488318920 0.80200 3.34175 -0.55635 -0.75337 0.03612 0.33819 0.56281
1403637239.588319063 0.72683 3.29739 -0.76748 -0.77042 0.04222 0.33449 0.54109
1403637239.688318968 0.64709 3.26506 -0.97847 -0.78869 0.04675 0.33100 0.51596
1403637239.788319111 0.54525 3.23332 -1.18034 0.81189 -0.05208 -0.31368 -0.48962
1403637239.888319016 0.44074 3.21542 -1.40328 0.83612 -0.05383 -0.29184 -0.46134
1403637239.988318920 0.33122 3.18612 -1.60411 0.85700 -0.05606 -0.27651 -0.43123
1403637240.088319063 0.21493 3.16240 -1.83163 0.87317 -0.05736 -0.27062 -0.40131
1403637240.188318968 0.11067 3.13288 -2.03995 0.88620 -0.05787 -0.27309 -0.36975
1403637240.288319111 -0.01368 3.10012 -2.24489 0.89411 -0.05499 -0.28455 -0.34142
1403637240.388319016 -0.15104 3.06546 -2.44302 0.89690 -0.04576 -0.30109 -0.32067
1403637240.488318920 -0.28165 3.03105 -2.63644 0.89766 -0.03172 -0.31538 -0.30616
1403637240.588319063 -0.39244 3.00843 -2.83896 0.89834 -0.02438 -0.32229 -0.29751
1403637240.688318968 -0.49251 2.99477 -3.04092 0.90019 -0.01917 -0.32140 -0.29325
1403637240.788319111 -0.58880 2.98341 -3.24935 0.90277 -0.01872 -0.31533 -0.29192
1403637240.888319016 -0.67762 2.98076 -3.46032 0.90973 -0.01774 -0.29359 -0.29304
1403637240.988318920 -0.76053 2.98267 -3.67007 0.91411 -0.01792 -0.27733 -0.29526
1403637241.088319063 -0.84138 2.98765 -3.86756 0.91288 -0.02056 -0.27795 -0.29826
1403637241.188318968 -0.92842 2.99345 -4.06106 0.91073 -0.01998 -0.28056 -0.30241
1403637241.288319111 -1.01726 3.00536 -4.24109 0.91082 -0.01204 -0.27741 -0.30545
1403637241.388319016 -1.10511 3.02533 -4.41917 0.91152 -0.00378 -0.27233 -0.30815
1403637241.488318920 -1.19219 3.05133 -4.58653 0.91261 0.00552 -0.26625 -0.31021
1403637241.588319063 -1.26850 3.08217 -4.74540 0.91479 0.01414 -0.25616 -0.31199
1403637241.688318968 -1.33371 3.12167 -4.89427 0.91711 0.01422 -0.24548 -0.31376
1403637241.788319111 -1.39228 3.16858 -5.03306 0.91990 0.01182 -0.23316 -0.31508
1403637241.888319016 -1.43750 3.22176 -5.16015 0.92159 -0.00023 -0.22485 -0.31642
1403637241.988318920 -1.47609 3.27691 -5.27381 0.92215 -0.02294 -0.21851 -0.31839
1403637242.088319063 -1.50265 3.33073 -5.37218 0.92318 -0.02861 -0.21473 -0.31749
1403637242.188318968 -1.51929 3.37960 -5.45783 0.92343 -0.01894 -0.21731 -0.31574
1403637242.388319016 -1.52965 3.48463 -5.58641 0.92612 0.00465 -0.21320 -0.31118
1403637242.588319063 -1.54128 3.59976 -5.64807 0.92881 0.01473 -0.19954 -0.31190
1403637242.688318968 -1.53843 3.66490 -5.65114 0.92479 0.00954 -0.19924 -0.32400
1403637242.788319111 -1.52310 3.73768 -5.63637 0.91810 -0.00261 -0.20092 -0.34164
1403637242.888319016 -1.49575 3.80388 -5.60705 0.91250 -0.01565 -0.19867 -0.35725
1403637242.988318920 -1.46052 3.86487 -5.56287 0.90937 -0.02027 -0.19195 -0.36850
1403637243.088319063 -1.42146 3.92169 -5.50628 0.90679 -0.01409 -0.19093 -0.37561
1403637243.188318968 -1.38720 3.97703 -5.43349 0.90368 -0.00776 -0.19685 -0.38020
1403637243.288319111 -1.35478 4.03173 -5.34648 0.89949 -0.00913 -0.20890 -0.38366
1403637243.388319016 -1.32599 4.08815 -5.24520 0.89670 -0.01206 -0.21725 -0.38548
1403637243.488318920 -1.29447 4.14747 -5.13467 0.89574 -0.01474 -0.22082 -0.38557
1403637243.588319063 -1.25597 4.20693 -5.01975 0.89339 -0.01855 -0.22992 -0.38554
1403637243.688318968 -1.21266 4.26409 -4.89862 0.88983 -0.02255 -0.24336 -0.38533
1403637243.788319111 -1.16065 4.31636 -4.77818 0.88605 -0.03142 -0.25664 -0.38478
1403637243.888319016 -1.09929 4.36568 -4.65794 0.88132 -0.04286 -0.27214 -0.38391
1403637243.988318920 -1.03204 4.40933 -4.54299 0.87916 -0.04970 -0.27964 -0.38264
1403637244.088319063 -0.95862 4.45211 -4.43627 0.87977 -0.05066 -0.28053 -0.38046
1403637244.188318968 -0.88057 4.49156 -4.33735 0.88158 -0.04932 -0.27835 -0.37802
1403637244.288319111 -0.79742 4.52522 -4.24543 0.88220 -0.04972 -0.27859 -0.37636
1403637244.388319016 -0.71003 4.55829 -4.15940 0.88084 -0.04934 -0.28347 -0.37595
1403637244.488318920 -0.61526 4.59321 -4.08036 0.87825 -0.04358 -0.28638 -0.38048
1403637244.588319063 -0.52122 4.62948 -4.00748 0.87578 -0.02925 -0.28319 -0.38982
1403637244.688318968 -0.43532 4.67057 -3.93398 0.87159 -0.01520 -0.27983 -0.40224
1403637244.788319111 -0.35630 4.71448 -3.86379 0.86649 -0.00714 -0.27747 -0.41491
1403637244.888319016 -0.28214 4.76193 -3.79431 0.86213 -0.00317 -0.27614 -0.42482
1403637244.988318920 -0.21672 4.81385 -3.72442 0.85735 -0.00405 -0.27930 -0.43235
1403637245.088319063 -0.16142 4.86646 -3.65821 0.85016 -0.01380 -0.29304 -0.43722
1403637245.188318968 -0.11199 4.92393 -3.59686 0.84321 -0.02073 -0.30853 -0.43975
1403637245.388319016 -0.02645 5.04849 -3.50004 0.84919 -0.00768 -0.29120 -0.44049
1403637245.488318920 0.00898 5.12166 -3.45763 0.85007 -0.00219 -0.28361 -0.44377
1403637245.588319063 0.04322 5.20002 -3.41936 0.84692 0.00140 -0.27962 -0.45225
1403637245.688318968 0.07083 5.28654 -3.37973 0.84059 0.00392 -0.27770 -0.46506
1403637245.788319111 0.09606 5.38136 -3.33903 0.83378 0.00045 -0.26783 -0.48278
1403637245.888319016 0.11656 5.48023 -3.29669 -0.82582 0.00553 0.24847 0.50622
1403637245.988318920 0.13009 5.58354 -3.25083 -0.81248 0.00939 0.23258 0.53450
1403637246.088319063 0.14151 5.68396 -3.21025 -0.79334 0.01053 0.21873 0.56803
1403637246.188318968 0.14511 5.78123 -3.15861 -0.76985 0.01071 0.20528 0.60422
1403637246.288319111 0.15893 5.87893 -3.10252 -0.74211 0.00871 0.19323 0.64177
1403637246.388319016 0.16200 5.97121 -3.03700 -0.71264 0.00438 0.17605 0.67906
1403637246.488318920 0.16787 6.05920 -2.96110 -0.68360 -0.00294 0.15383 0.71345
1403637246.588319063 0.16725 6.14501 -2.89090 -0.65473 -0.00343 0.13153 0.74433
1403637246.688318968 0.15748 6.22256 -2.82415 -0.62476 0.00164 0.11073 0.77292
1403637246.788319111 0.15564 6.29180 -2.74981 -0.59479 0.00352 0.09431 0.79832
1403637246.888319016 0.15784 6.34665 -2.66382 -0.56508 0.00198 0.08226 0.82092
1403637246.988318920 0.15689 6.38843 -2.58260 -0.53680 -0.00783 0.08074 0.83980
1403637247.088319063 0.16469 6.41887 -2.49722 -0.51565 -0.01835 0.08568 0.85231
1403637247.188318968 0.17460 6.44295 -2.40563 -0.50162 -0.02643 0.09394 0.85957
1403637247.288319111 0.18414 6.46325 -2.30779 -0.49390 -0.02729 0.09972 0.86335
1403637247.388319016 0.19204 6.48131 -2.20845 -0.49345 -0.00999 0.09091 0.86495
1403637247.488318920 0.19453 6.49500 -2.10725 -0.49556 0.01020 0.08070 0.86476
1403637247.588319063 0.18999 6.49899 -2.00524 -0.49465 0.01174 0.07712 0.86559
1403637247.688318968 0.18294 6.49495 -1.90437 -0.49051 0.00852 0.06812 0.86873
1403637247.788319111 0.17370 6.48218 -1.80264 -0.48408 0.00262 0.05423 0.87334
1403637247.888319016 0.17250 6.45715 -1.70133 -0.47282 0.00158 0.04533 0.87999
1403637247.988318920 0.18296 6.41899 -1.59942 -0.45576 0.01028 0.04598 0.88885
1403637248.088319063 0.18392 6.36354 -1.49821 -0.43759 0.00578 0.05129 0.89769
1403637248.288319111 0.20522 6.23385 -1.29394 -0.40735 -0.01380 0.06193 0.91106
1403637248.388319016 0.19371 6.15633 -1.18787 -0.40023 -0.01483 0.06185 0.91420
1403637248.488318920 0.18768 6.07778 -1.07920 -0.39673 -0.01047 0.06116 0.91584
1403637248.588319063 0.19106 6.00173 -0.97885 -0.39567 -0.00202 0.05664 0.91664
1403637248.688318968 0.19620 5.91805 -0.87845 -0.39709 -0.00510 0.05664 0.91602
1403637248.788319111 0.20569 5.83116 -0.78396 -0.39926 -0.01457 0.06004 0.91475
1403637248.888319016 0.22721 5.74279 -0.69449 -0.40121 -0.02039 0.06494 0.91345
1403637248.988318920 0.25049 5.64858 -0.60159 -0.40347 -0.02158 0.06994 0.91206
1403637249.088319063 0.28167 5.55228 -0.50836 -0.40672 -0.02176 0.07056 0.91056
1403637249.188318968 0.31942 5.45311 -0.41543 -0.40924 -0.02139 0.07109 0.90940
1403637249.288319111 0.36289 5.35204 -0.32588 -0.41077 -0.01923 0.07224 0.90867
1403637249.388319016 0.41340 5.25070 -0.23832 -0.41230 -0.01846 0.07199 0.90801
1403637249.488318920 0.44607 5.14780 -0.14332 -0.41278 -0.01774 0.07330 0.90770
1403637249.588319063 0.45973 5.04355 -0.04053 -0.41266 -0.01737 0.07443 0.90767
1403637249.688318968 0.46056 4.94028 0.06215 -0.41232 -0.01505 0.07311 0.90798
1403637249.788319111 0.45641 4.83250 0.16808 -0.41144 -0.00597 0.06841 0.90885
1403637249.888319016 0.45843 4.72289 0.26906 -0.40590 -0.00005 0.06436 0.91165
1403637249.988318920 0.46777 4.60748 0.36684 -0.39407 -0.00175 0.06478 0.91679
1403637250.088319063 0.48062 4.48692 0.46185 -0.37987 -0.00435 0.07332 0.92212
1403637250.188318968 0.49981 4.36405 0.55250 -0.36641 -0.00851 0.07699 0.92722
1403637250.288319111 0.51195 4.24421 0.64122 -0.35231 -0.00783 0.08058 0.93238
1403637250.388319016 0.52054 4.12632 0.72664 -0.34114 -0.00645 0.08473 0.93617
1403637250.488318920 0.52192 4.01212 0.81240 -0.33257 -0.00652 0.09171 0.93859
1403637250.588319063 0.51994 3.89938 0.89326 -0.32757 -0.00998 0.09641 0.93984
1403637250.688318968 0.52502 3.79405 0.96834 -0.32259 -0.01447 0.09478 0.94167
1403637250.788319111 0.53496 3.69509 1.03655 -0.31965 -0.01731 0.09130 0.94297
1403637250.888319016 0.55523 3.60533 1.09851 -0.31737 -0.01489 0.09016 0.94389
1403637251.088319063 0.60894 3.44558 1.20566 -0.30977 -0.01423 0.09517 0.94593
1403637251.188318968 0.64426 3.37383 1.25071 -0.30106 -0.01657 0.10018 0.94818
1403637251.388319016 0.73671 3.25148 1.32658 -0.28931 -0.01625 0.08764 0.95308
1403637251.588319063 0.83236 3.16103 1.38169 -0.26843 -0.01374 0.06490 0.96101
1403637251.788319111 0.89955 3.08276 1.42966 -0.24703 -0.01263 0.05664 0.96727
1403637251.888319016 0.92868 3.05208 1.44771 -0.24202 -0.01052 0.05073 0.96889
1403637252.088319063 0.97218 2.99283 1.47918 -0.24115 -0.00000 0.02909 0.97005
1403637252.288319111 0.99158 2.92963 1.50022 -0.23689 0.00769 0.03325 0.97094
1403637252.488318920 0.97902 2.86327 1.50905 -0.23479 -0.00481 0.04336 0.97107
1403637252.688318968 0.94313 2.80137 1.50905 -0.23375 -0.01695 0.05244 0.97073
1403637253.088319063 0.90330 2.71667 1.48262 -0.23895 -0.01747 0.04477 0.96984
1403637253.788319111 0.84444 2.63026 1.37812 -0.24586 -0.01261 0.03193 0.96870
1403637254.288319111 0.87643 2.53059 1.23795 -0.23330 -0.01617 0.02191 0.97202
1403637254.388319016 0.89188 2.50058 1.20405 -0.22438 -0.02327 0.01973 0.97402
1403637254.688318968 0.91814 2.40680 1.10931 -0.20769 -0.02768 0.01513 0.97769
1403637254.888319016 0.90937 2.34196 1.06001 -0.20291 -0.01767 0.01491 0.97892
1403637255.188318968 0.86855 2.23660 0.99015 -0.19108 -0.01351 0.01227 0.98140
1403637255.288319111 0.86054 2.19720 0.96299 -0.18144 -0.01300 0.01073 0.98326
1403637255.388319016 0.85710 2.15667 0.93263 -0.17145 -0.01326 0.01039 0.98505
1403637255.588319063 0.83641 2.07158 0.86905 -0.14675 -0.01768 -0.00084 0.98902
1403637255.888319016 0.78490 1.93473 0.76589 -0.09231 -0.03181 -0.02477 0.99491
1403637255.988318920 0.77934 1.88541 0.72741 -0.07340 -0.03459 -0.03032 0.99624
1403637256.188318968 0.78472 1.78482 0.64498 -0.05174 -0.03370 -0.04025 0.99728
1403637256.288319111 0.78770 1.73006 0.60810 -0.04667 -0.02802 -0.04233 0.99762
1403637256.488318920 0.77316 1.62217 0.53595 -0.04580 -0.02332 -0.04641 0.99760
1403637256.688318968 0.73193 1.50825 0.46266 -0.04716 -0.02961 -0.03742 0.99775
1403637256.988318920 0.65141 1.33682 0.36361 -0.04183 -0.03634 -0.02018 0.99826
1403637257.088319063 0.63243 1.28086 0.33549 -0.03534 -0.03209 -0.02939 0.99843
1403637257.288319111 0.60857 1.17503 0.27233 -0.02309 -0.03258 -0.04040 0.99839
1403637257.588319063 0.59570 1.01854 0.16562 -0.01257 -0.03951 -0.05107 0.99783
1403637257.788319111 0.57297 0.90503 0.11220 -0.00589 -0.05281 -0.04715 0.99747
1403637257.988318920 0.53448 0.78873 0.07215 0.01311 -0.06164 -0.04870 0.99682
1403637258.088319063 0.51114 0.72955 0.05744 0.02937 -0.06247 -0.05067 0.99633
1403637258.288319111 0.48953 0.60974 0.04431 0.06436 -0.04731 -0.06877 0.99443
1403637258.388319016 0.48184 0.55248 0.03605 0.07768 -0.04135 -0.07403 0.99337
1403637258.488318920 0.46407 0.49281 0.03785 0.08916 -0.04252 -0.07016 0.99263
1403637258.588319063 0.43979 0.43547 0.04080 0.09686 -0.04629 -0.06447 0.99213
1403637258.688318968 0.41732 0.38338 0.04365 0.09998 -0.04168 -0.06472 0.99201
1403637258.888319016 0.36810 0.28365 0.05421 0.10159 -0.03386 -0.06365 0.99221
1403637258.988318920 0.34087 0.24207 0.08012 0.10234 -0.03259 -0.06014 0.99239
1403637259.188318968 0.34483 0.15710 0.05409 0.09949 -0.03335 -0.05791 0.99279
1403637259.388319016 0.36863 0.08733 0.03568 0.09740 -0.03279 -0.05444 0.99321
1403637259.488318920 0.37667 0.05821 0.02704 0.09913 -0.03153 -0.04498 0.99356
1403637259.688318968 0.38192 0.01754 0.01331 0.09798 -0.03085 -0.04340 0.99376
1403637259.888319016 0.37460 -0.00165 0.00195 0.09424 -0.03683 -0.05175 0.99352
1403637260.188318968 0.33908 -0.00125 -0.00746 0.09233 -0.03096 -0.06009 0.99343
1403637260.288319111 0.32013 0.00592 -0.00947 0.09000 -0.03237 -0.06891 0.99303
1403637260.488318920 0.27787 0.01724 -0.01655 0.08558 -0.03204 -0.08642 0.99206
1403637260.688318968 0.22779 0.01609 -0.02284 0.08576 -0.05040 -0.08354 0.99153
1403637260.888319016 0.18053 0.00264 -0.02210 0.08930 -0.03703 -0.07860 0.99221
1403637260.988318920 0.15720 -0.00636 -0.01977 0.09034 -0.02917 -0.07837 0.99239
1403637261.288319111 0.08542 -0.03927 -0.01917 0.08881 -0.05331 -0.07925 0.99146
1403637261.388319016 0.07218 -0.05354 -0.01795 0.08935 -0.04664 -0.07798 0.99185
1403637261.588319063 0.05616 -0.08457 -0.01338 0.09128 -0.04672 -0.07060 0.99222
1403637261.688318968 0.05335 -0.09952 -0.00980 0.08934 -0.05709 -0.07355 0.99164
1403637261.888319016 0.06793 -0.13181 0.00461 0.08888 -0.03981 -0.07462 0.99245
1403637262.088319063 0.06389 -0.16199 0.02897 0.08888 -0.02519 -0.06940 0.99330
1403637262.188318968 0.04796 -0.17468 0.04355 0.08947 -0.02409 -0.06405 0.99364
1403637262.388319016 0.02591 -0.18054 0.05061 0.08976 -0.00045 -0.06081 0.99410
1403637262.588319063 0.02305 -0.16829 0.03731 0.06530 0.01414 -0.03027 0.99731
1403637262.688318968 0.01908 -0.16740 0.04129 0.06292 -0.00282 -0.03195 0.99750
