1403637130.538319 0.0000000 0.0000000 0.0000000 -0.0000000 -0.0000000 -0.0000000 1.0000000
1403637134.138319 0.0091101 -0.2372190 -0.0718186 -0.0298888 0.0560203 -0.0068121 0.9979590
1403637134.188319 0.0077747 -0.2694362 -0.0783967 -0.0276706 0.0621355 -0.0116686 0.9976159
1403637134.988319 0.0289297 -0.1266875 -0.0348239 -0.0670301 0.0641466 0.0050513 0.9956740
1403637135.238319 0.0333764 -0.0573080 -0.0275768 -0.0880779 0.0619345 0.0053238 0.9941721
1403637135.438319 0.0324624 -0.1498532 -0.0480889 -0.0833563 0.0685659 -0.0012500 0.9941574
1403637135.688319 0.0228131 -0.3614893 -0.0887745 -0.0269436 0.0847295 -0.0161583 0.9959086
1403637135.838319 0.0159821 -0.4492738 -0.1087625 -0.0034969 0.0847046 -0.0075003 0.9963717
1403637136.538319 0.0336645 -0.0975985 -0.0182238 -0.1029546 0.0752455 0.0105706 0.9917796
1403637136.588319 0.0337251 -0.0876486 -0.0183849 -0.1075488 0.0743529 0.0124292 0.9913377
1403637137.238319 0.0209852 -0.4913320 -0.1138151 -0.0104526 0.0916667 0.0115223 0.9956682
1403637137.538319 0.0287317 -0.3748910 -0.0762866 -0.0139585 0.0885848 0.0014133 0.9959699
1403637137.988319 0.0363973 -0.0785233 -0.0233523 -0.1116556 0.0802473 0.0013149 0.9905007
1403637138.038319 0.0376813 -0.0833694 -0.0263405 -0.1195399 0.0795751 0.0016696 0.9896339
1403637138.088319 0.0381006 -0.1005610 -0.0312262 -0.1227483 0.0785357 0.0031009 0.9893207
1403637138.138319 0.0378672 -0.1287562 -0.0383896 -0.1201375 0.0756657 0.0042112 0.9898605
1403637138.188319 0.0385615 -0.1654498 -0.0459658 -0.1131329 0.0740926 -0.0016813 0.9908120
1403637138.438319 0.0335508 -0.3973547 -0.0918297 -0.0336158 0.0951872 -0.0223886 0.9946397
1403637138.488319 0.0329884 -0.4310003 -0.0983680 -0.0193191 0.0999162 -0.0219932 0.9945651
1403637138.588319 0.0312565 -0.4723035 -0.1088492 -0.0010881 0.1047976 -0.0204825 0.9942821
1403637138.838319 0.0385994 -0.3996431 -0.0762956 -0.0097171 0.1022201 -0.0103163 0.9946609
1403637139.388319 0.0448463 -0.0492442 0.0279358 -0.0580372 0.0651951 0.0076703 0.9961538
1403637145.088319 0.0505595 -0.0103914 0.0370034 -0.0028878 0.0620665 0.0180660 0.9979043
1403637149.788319 0.0524722 -0.0071953 0.0303430 -0.0228550 0.0384586 0.0064479 0.9989780
1403637149.988319 0.0644981 -0.0082760 0.0259982 -0.0567017 0.0386604 0.0001338 0.9976424
1403637150.488319 0.1474960 -0.1337372 0.0643539 -0.0530445 0.0649173 -0.0182925 0.9963119
1403637150.538319 0.1558208 -0.1510974 0.0729087 -0.0500284 0.0666786 -0.0173834 0.9963679
1403637150.688319 0.1810990 -0.2002298 0.1066676 -0.0466787 0.0707321 -0.0166488 0.9962635
1403637150.788319 0.1986431 -0.2322884 0.1281873 -0.0459265 0.0727733 -0.0171002 0.9961438
1403637150.888319 0.2161018 -0.2618956 0.1508626 -0.0403993 0.0744243 -0.0192376 0.9962223
1403637150.988319 0.2298432 -0.2912399 0.1727046 -0.0327307 0.0749443 -0.0197775 0.9964542
1403637151.088319 0.2468728 -0.3127771 0.2004922 -0.0257023 0.0737814 -0.0203518 0.9967355
1403637151.238319 0.2641769 -0.3431239 0.2284809 -0.0234058 0.0720836 -0.0222571 0.9968755
1403637151.538319 0.2945473 -0.4334261 0.2558790 -0.0403158 0.0639772 -0.0088191 0.9970977
1403637151.738319 0.3214912 -0.4967047 0.2735700 -0.0415767 0.0644833 -0.0157267 0.9969283
1403637151.838319 0.3366660 -0.5193395 0.2845034 -0.0418728 0.0641708 -0.0174402 0.9969075
1403637151.988319 0.3601173 -0.5462855 0.3003550 -0.0421170 0.0641233 -0.0193141 0.9968657
1403637152.088319 0.3737009 -0.5714651 0.3103359 -0.0433486 0.0633045 -0.0179602 0.9968906
1403637152.188319 0.3888842 -0.5971432 0.3202554 -0.0450631 0.0627513 -0.0164921 0.9968749
1403637152.338319 0.4120237 -0.6286556 0.3394347 -0.0477963 0.0617682 -0.0134566 0.9968547
1403637152.488319 0.4372790 -0.6453158 0.3665870 -0.0480502 0.0617375 -0.0148086 0.9968252
1403637152.588319 0.4586848 -0.6483821 0.3861853 -0.0481337 0.0615774 -0.0152297 0.9968247
1403637152.788319 0.4975457 -0.6544721 0.4310728 -0.0418216 0.0605528 -0.0124108 0.9972113
1403637152.888319 0.5174911 -0.6631076 0.4540209 -0.0368397 0.0600653 -0.0117539 0.9974452
1403637153.038319 0.5512272 -0.6924640 0.4799315 -0.0345507 0.0599217 -0.0145738 0.9974985
1403637153.188319 0.5875316 -0.7151622 0.5022669 -0.0377379 0.0610045 -0.0169331 0.9972801
1403637153.538319 0.6679159 -0.7435372 0.5642039 -0.0454583 0.0640844 -0.0235304 0.9966308
1403637153.738319 0.7077960 -0.7898896 0.5903376 -0.0452697 0.0640639 -0.0234242 0.9966432
1403637153.888319 0.7336960 -0.8260332 0.6159388 -0.0400500 0.0639061 -0.0222557 0.9969035
1403637154.138319 0.7721218 -0.8471094 0.6654976 -0.0444385 0.0620755 -0.0152593 0.9969649
1403637154.438319 0.8410938 -0.8273702 0.7323040 -0.0550940 0.0576624 0.0047861 0.9968033
1403637154.738319 0.9413511 -0.8042417 0.8278814 -0.0563886 0.0738679 -0.0219342 0.9954309
1403637154.938319 1.0096753 -0.8090920 0.9006972 -0.0677557 0.0960579 -0.0163197 0.9929329
1403637155.138319 1.0780697 -0.8423325 0.9855539 -0.0571812 0.1192392 -0.0043044 0.9912083
1403637155.188319 1.0897967 -0.8560752 1.0111628 -0.0532339 0.1251410 -0.0011307 0.9907091
1403637155.338319 1.1341041 -0.9035800 1.0795277 -0.0411482 0.1365946 0.0016643 0.9897707
1403637155.438319 1.1619145 -0.9352252 1.1247222 -0.0345462 0.1475153 0.0064816 0.9884350
1403637155.488319 1.1717986 -0.9484757 1.1585526 -0.0314202 0.1556005 0.0095927 0.9872736
1403637155.638319 1.2223910 -0.9817107 1.2223803 -0.0283412 0.1718006 0.0237668 0.9844371
1403637155.838319 1.2900459 -0.9878716 1.3047637 -0.0263243 0.1957101 0.0448772 0.9792807
1403637155.938319 1.3223196 -0.9901870 1.3413481 -0.0317658 0.2161779 0.0520054 0.9744504
1403637156.488319 1.6223100 -0.9446250 1.5042844 -0.0139120 0.3475718 0.1074195 0.9313761
1403637156.838319 1.8629389 -0.8845237 1.5389557 -0.0162981 0.4299547 0.1183423 0.8949125
1403637157.938319 2.7865927 -0.7311304 1.4484708 -0.0133450 0.4327649 0.1286450 0.8921810
1403637158.588319 3.4467177 -0.7407515 1.1775947 -0.0027917 0.4764909 0.1318261 0.8692356
1403637159.088319 3.9620571 -0.6602027 0.8631494 -0.0172900 0.5419742 0.1528606 0.8261952
1403637159.488319 4.3652282 -0.5753136 0.5749671 -0.0075304 0.5363714 0.1644559 0.8277702
1403637159.588319 4.4679246 -0.5397503 0.4960418 -0.0147069 0.5364394 0.1581511 0.8288575
1403637159.738319 4.6283340 -0.4922769 0.3788631 -0.0232847 0.5369132 0.1481529 0.8302004
1403637159.838319 4.7366042 -0.4688408 0.2949009 -0.0240410 0.5378991 0.1440204 0.8302680
1403637159.938319 4.8415761 -0.4474497 0.2147489 -0.0249190 0.5454345 0.1460869 0.8249478
1403637160.038319 4.9512897 -0.4328205 0.1270845 -0.0230071 0.5586634 0.1510941 0.8151911
1403637160.138319 5.0679169 -0.4194641 0.0440986 -0.0139270 0.5750453 0.1574127 0.8027142
1403637160.188319 5.1232252 -0.4085203 -0.0048382 -0.0107371 0.5841724 0.1603010 0.7955696
1403637160.288319 5.2337356 -0.3736172 -0.0800092 -0.0068519 0.6060179 0.1657764 0.7779548
1403637160.388319 5.3448792 -0.3427858 -0.1534643 -0.0054855 0.6296048 0.1730426 0.7573797
1403637160.488319 5.4534578 -0.3019167 -0.2395744 -0.0082033 0.6544720 0.1789669 0.7345542
1403637160.588319 5.5513024 -0.2548780 -0.3230834 -0.0122165 0.6790139 0.1848767 0.7103601
1403637160.638319 5.6110077 -0.2335016 -0.3605485 -0.0151612 0.6908863 0.1879951 0.6979285
1403637160.688319 5.6665082 -0.2095611 -0.3893900 -0.0172032 0.7004469 0.1920403 0.6871672
1403637160.738319 5.7089691 -0.1852609 -0.4256058 -0.0192586 0.7075294 0.1961480 0.6786436
1403637160.888319 5.8700356 -0.1346885 -0.5359607 -0.0242749 0.7216350 0.2040802 0.6610634
1403637160.988319 5.9742827 -0.1154832 -0.6051884 -0.0249037 0.7248855 0.2116781 0.6550673
1403637161.188319 6.1842489 -0.1029592 -0.7589788 -0.0046408 0.7227626 0.2276872 0.6524961
1403637161.288319 6.2964592 -0.1237762 -0.8357592 0.0144634 0.7201862 0.2349187 0.6526375
1403637161.388319 6.4000535 -0.1399014 -0.9269247 0.0195395 0.7191166 0.2351947 0.6535848
1403637161.588319 6.6140432 -0.1786928 -1.1357913 0.0089419 0.7303236 0.2303660 0.6430234
1403637161.688319 6.7239819 -0.1906104 -1.2481594 0.0088365 0.7390785 0.2284067 0.6336524
1403637161.838319 6.8794374 -0.1954019 -1.4203281 0.0173443 0.7550232 0.2073411 0.6218110
1403637161.988319 7.0159378 -0.1876764 -1.5909476 0.0312535 0.7690989 0.1830542 0.6115565
1403637162.088319 7.0978527 -0.1812210 -1.7004519 0.0370755 0.7741385 0.1746176 0.6073250
1403637162.388319 7.2712512 -0.1129811 -1.9948630 0.0490699 0.7668362 0.2022827 0.6071541
1403637162.638319 7.3421717 -0.0244298 -2.2492824 0.0276408 0.7618489 0.2163755 0.6099212
1403637162.838319 7.3743939 0.0210128 -2.4876719 0.0524293 0.7772770 0.1962979 0.5954484
1403637163.138319 7.3455896 0.1462426 -2.8406992 0.0409963 0.8279223 0.1959033 0.5239138
1403637163.438319 7.2216749 0.3035135 -3.1534586 0.0427371 0.8768498 0.2123909 0.4291830
1403637163.688319 7.0606709 0.4296024 -3.3693848 0.0513041 0.8862538 0.2572658 0.3817544
1403637163.988319 6.7970524 0.5056903 -3.6494074 0.0687750 0.8847305 0.2811124 0.3653736
1403637164.288319 6.4480653 0.5354698 -4.0094223 0.0574035 0.8893986 0.2626868 0.3696900
1403637164.538319 6.1126184 0.5680943 -4.3328228 0.0489252 0.8839646 0.2678946 0.3800597
1403637164.788319 5.7581258 0.6503527 -4.6613469 0.0401697 0.8828779 0.2627433 0.3871421
1403637164.938319 5.5401163 0.7191133 -4.8720174 0.0281937 0.8909128 0.2507832 0.3776073
1403637165.038319 5.3910980 0.7758560 -5.0059476 0.0257946 0.8967064 0.2484859 0.3653862
1403637165.138319 5.2451262 0.8265328 -5.1362929 0.0281179 0.9049255 0.2440848 0.3474793
1403637165.288319 5.0144072 0.9046054 -5.3244166 0.0251006 0.9167627 0.2464193 0.3133588
1403637165.438319 4.7827768 0.9715595 -5.5075049 0.0186762 0.9210976 0.2664034 0.2833014
1403637165.638319 4.4839811 1.0249491 -5.7443075 0.0053619 0.9260769 0.2764432 0.2567723
1403637165.788319 4.2701502 1.0696182 -5.9173222 -0.0163930 0.9302235 0.2721542 0.2456576
1403637165.938319 4.0788212 1.1117287 -6.0745916 -0.0366493 0.9315268 0.2668837 0.2443109
1403637166.138319 3.8555298 1.1874907 -6.2596927 -0.0552601 0.9277635 0.2603612 0.2615592
1403637166.338319 3.6883078 1.3058052 -6.4088526 -0.0451051 0.9288317 0.2401588 0.2784977
1403637166.838319 3.3979349 1.4649080 -6.5712347 -0.0573762 0.9157889 0.2435564 0.3141957
1403637167.438319 3.4294338 1.4520342 -6.3419209 -0.0941201 0.9203413 0.2051077 0.3194435
1403637167.588319 3.5240374 1.4065824 -6.1895738 -0.0456892 0.9139842 0.2402761 0.3237482
1403637167.838319 3.7152228 1.3557107 -5.9063153 -0.0090311 0.9010185 0.2671511 0.3416349
1403637168.238319 4.0561590 1.2831726 -5.4609466 -0.0194098 0.8875009 0.2682889 0.3741478
1403637168.688319 4.4991989 1.3353312 -4.9424548 -0.0066634 0.8924982 0.2437179 0.3794788
1403637169.138319 4.9293771 1.3479871 -4.4374995 -0.0312663 0.8926121 0.2432439 0.3782836
1403637169.588319 5.4163566 1.2213517 -3.8828621 -0.0286317 0.8566390 0.2057255 0.4722573
1403637169.938319 5.7905464 1.0756831 -3.3574839 -0.0345287 0.8022414 0.1666408 0.5722303
1403637170.188319 6.0401182 0.9970906 -2.9221315 -0.0384484 0.7644244 0.1442109 0.6272005
1403637170.288319 6.1298990 0.9764457 -2.7237177 -0.0395046 0.7491106 0.1334496 0.6476603
1403637170.388319 6.2127419 0.9406091 -2.5157890 -0.0303179 0.7298768 0.1287491 0.6706597
1403637170.488319 6.2966261 0.9280994 -2.3183255 -0.0072863 0.7059652 0.1260018 0.6969100
1403637170.588319 6.3571863 0.9059249 -2.0859795 0.0156054 0.6833262 0.1179748 0.7203497
1403637170.638319 6.3893614 0.8951728 -1.9850824 0.0245001 0.6702395 0.1139521 0.7329350
1403637170.888319 6.4795313 0.8600526 -1.4471743 0.0372311 0.6030255 0.0974746 0.7908685
1403637170.938319 6.4829731 0.8528672 -1.3521807 0.0329465 0.5873334 0.0958632 0.8029721
1403637170.988319 6.4864464 0.8409451 -1.2458956 0.0284963 0.5725552 0.0949482 0.8138509
1403637171.038319 6.4771852 0.8263254 -1.1441913 0.0261773 0.5576450 0.0941217 0.8243105
1403637171.138319 6.4659023 0.8008620 -0.9645600 0.0206398 0.5275418 0.0941753 0.8440406
1403637171.288319 6.4316349 0.7477643 -0.7131768 0.0224655 0.4966628 0.0889294 0.8630834
1403637171.738319 6.1886663 0.5559667 -0.0683656 0.0101274 0.4844040 0.0533936 0.8731548
1403637172.788319 4.8054066 0.2987257 1.1075823 0.0122971 0.4896791 0.1551247 0.8579041
1403637172.988319 4.5306425 0.2362444 1.2037303 -0.0259844 0.5009512 0.1896478 0.8440418
1403637173.188319 4.3116884 0.2341046 1.2873573 -0.0443402 0.5191950 0.2176259 0.8252935
1403637173.638319 4.0538564 0.3098009 1.3875659 -0.0028473 0.6095989 0.2405942 0.7553115
1403637174.038319 4.0318451 0.4666508 1.2889175 -0.0233180 0.6604818 0.2693776 0.7004683
1403637174.538319 4.2099514 0.4727640 0.8965797 0.0445704 0.6911343 0.2115074 0.6896458
1403637174.738319 4.2609873 0.4625674 0.6816754 0.0428086 0.7183679 0.2032659 0.6639262
1403637175.038319 4.2922878 0.4999686 0.3254595 0.0290610 0.7683800 0.2240448 0.5987919
1403637175.388319 4.2741342 0.5901809 -0.1089706 0.0633641 0.8040710 0.2014639 0.5557582
1403637175.638319 4.1815109 0.6972668 -0.4169950 0.0616928 0.7985168 0.2300573 0.5528458
1403637175.838319 4.0557146 0.7724556 -0.6885743 0.0498018 0.7944284 0.2396560 0.5558493
1403637175.988319 3.9463773 0.8128427 -0.9122491 0.0364635 0.7990867 0.2221858 0.5574623
1403637176.088319 3.8693771 0.8291525 -1.0678754 0.0420454 0.8005107 0.2107654 0.5594575
1403637176.238319 3.7369175 0.8594909 -1.2977664 0.0450679 0.8026976 0.1955377 0.5616143
1403637176.388319 3.5858941 0.9046265 -1.5253093 0.0446737 0.8055319 0.1932987 0.5583532
1403637176.888319 2.9790044 1.1056756 -2.2252121 0.0221896 0.8207424 0.2369607 0.5193642
1403637177.188319 2.6070962 1.2742459 -2.6251526 -0.0097372 0.8122948 0.2830428 0.5098716
1403637177.338319 2.4431493 1.3779637 -2.8376639 -0.0192451 0.8079506 0.2975047 0.5082681
1403637177.488319 2.3120110 1.5002116 -3.0617344 -0.0354415 0.8095469 0.2951016 0.5062537
1403637177.588319 2.2430155 1.5786779 -3.2184761 -0.0495729 0.8144490 0.2866062 0.5020680
1403637177.838319 2.1408722 1.7311671 -3.6136146 -0.0583496 0.8295771 0.2584087 0.4915506
1403637178.088319 2.1242492 1.8805547 -3.9860237 -0.0690726 0.8545403 0.2509528 0.4494582
1403637178.338319 2.1873271 2.0146646 -4.3201990 -0.0882387 0.8783568 0.2293751 0.4099883
1403637178.438319 2.2439356 2.0421600 -4.4297810 -0.0961904 0.8841847 0.2188742 0.4013215
1403637178.638319 2.4058361 2.0643175 -4.5969372 -0.0857261 0.8882566 0.2200707 0.3939798
1403637178.838319 2.6165648 2.0736125 -4.7045321 -0.0400298 0.8910185 0.2170258 0.3967158
1403637178.888319 2.6710892 2.0780280 -4.7265215 -0.0280257 0.8907914 0.2178307 0.3978128
1403637179.038319 2.8377616 2.0978096 -4.7675996 -0.0053042 0.8904465 0.2161226 0.4004596
1403637179.488319 3.3133206 2.1075423 -4.7981634 -0.0194524 0.8837371 0.2316243 0.4061779
1403637179.888319 3.7345812 2.1024380 -4.7261224 -0.0415272 0.8907413 0.2116778 0.4000601
1403637180.238319 4.1458359 2.2150280 -4.5092525 -0.0175938 0.8867407 0.2263959 0.4026491
1403637180.688319 4.6656680 2.2103229 -4.1690464 -0.0271703 0.8783844 0.2541981 0.4038391
1403637181.338319 5.5233040 1.8779221 -3.6375852 -0.0110460 0.8943663 0.2281986 0.3845938
1403637181.838319 6.1754818 1.4086709 -3.1042051 -0.0043121 0.8967215 0.2377919 0.3732653
1403637182.338319 6.4645624 1.0946147 -2.6319551 0.0404786 0.8881040 0.2167911 0.4032797
1403637182.638319 6.6975760 0.8503346 -2.2295713 0.0400919 0.8908649 0.1952262 0.4082146
1403637182.788319 6.7440271 0.6782280 -2.0262127 0.0445245 0.8891520 0.2013760 0.4085022
1403637183.138319 6.8312364 0.4253836 -1.4908123 0.0774761 0.8839375 0.2153388 0.4077759
1403637183.188319 6.8348913 0.4049673 -1.4068289 0.0804716 0.8834446 0.2168249 0.4074763
1403637183.388319 6.7990317 0.3458688 -1.0865421 0.0891658 0.8801953 0.2254096 0.4080395
1403637183.838319 6.4951844 0.2939116 -0.4059954 0.1056348 0.8722029 0.2469794 0.4087842
1403637184.088319 6.1765299 0.2645450 -0.1097856 0.1148558 0.8636988 0.2716347 0.4087141
1403637184.388319 5.6828136 0.2381499 0.1434536 0.0648994 0.8728474 0.2649793 0.4046126
1403637184.438319 5.5947771 0.2587606 0.1756940 0.0545406 0.8734764 0.2649964 0.4047729
1403637184.488319 5.5070214 0.2702124 0.2109876 0.0460543 0.8728765 0.2681009 0.4050773
1403637184.588319 5.3295555 0.2976124 0.2758183 0.0331926 0.8701644 0.2774185 0.4058956
1403637184.688319 5.1524935 0.3285656 0.3394551 0.0245730 0.8672354 0.2864105 0.4065317
1403637184.788319 4.9782925 0.3603792 0.3934803 0.0193499 0.8642665 0.2945714 0.4073043
1403637184.938319 4.7295856 0.3919350 0.4521441 0.0124439 0.8622644 0.2999207 0.4079129
1403637185.338319 4.1445789 0.4035052 0.4781976 -0.0001496 0.8586292 0.3121771 0.4065728
1403637185.838319 3.6382678 0.3257968 0.2575135 -0.0032023 0.8735529 0.2742277 0.4021122
1403637186.538319 3.1839228 0.2234299 -0.1359732 0.0191363 0.8806010 0.2517582 0.4009905
1403637187.138319 2.8276718 0.1408076 -0.4592526 0.0615849 0.8717288 0.2777697 0.3989238
1403637187.488319 2.5863798 0.2234170 -0.6785831 0.0155878 0.8788920 0.2896693 0.3786788
1403637187.588319 2.5121651 0.2539132 -0.7596154 0.0108067 0.8790592 0.2939414 0.3751488
1403637188.038319 2.2908401 0.4451886 -1.1637576 0.0038294 0.8815857 0.2977388 0.3662563
1403637188.488319 2.1776752 0.6848910 -1.6464992 0.0015054 0.8973511 0.2534332 0.3612898
1403637188.938319 2.1033537 0.9515765 -2.0852575 0.0520472 0.9108062 0.2711078 0.3069591
1403637189.188319 2.0199149 1.1005647 -2.3327720 0.0249327 0.9124406 0.2912652 0.2863480
1403637189.388319 1.9603095 1.2221043 -2.5406926 0.0348343 0.9125566 0.2948045 0.2812778
1403637189.638319 1.8787876 1.3937447 -2.8106260 0.0308701 0.9206052 0.2681431 0.2821921
1403637189.988319 1.7365077 1.5437016 -3.2065396 0.0207475 0.9212047 0.2636520 0.2853755
1403637190.288319 1.6016368 1.5873978 -3.5336373 0.0228553 0.9245444 0.2551943 0.2820837
1403637190.638319 1.4378715 1.5745938 -3.8792551 0.0167417 0.9265324 0.2525475 0.2783472
1403637191.138319 1.2063215 1.6337934 -4.2619762 0.0256764 0.9130954 0.2476754 0.3228847
1403637191.488319 1.0263996 1.7351668 -4.4713440 0.0188746 0.9134403 0.2418421 0.3267767
1403637191.688319 0.9152293 1.7689199 -4.5684958 0.0041439 0.9129449 0.2499176 0.3225765
1403637192.038319 0.7473040 1.7519230 -4.7235794 -0.0278228 0.9126400 0.2589791 0.3150299
1403637192.138319 0.7143893 1.7313561 -4.7646666 -0.0287122 0.9099922 0.2694010 0.3138678
1403637192.488319 0.6831298 1.6030493 -4.8921123 -0.0364048 0.9092827 0.2746904 0.3105234
1403637192.538319 0.6890178 1.5904853 -4.9101186 -0.0298031 0.9078075 0.2798727 0.3109157
1403637192.688319 0.7204304 1.5522430 -4.9536190 -0.0164420 0.9036916 0.2934739 0.3113585
1403637192.838319 0.7662277 1.5311185 -5.0052404 -0.0129735 0.9041026 0.2913731 0.3123010
1403637192.938319 0.8068833 1.5123935 -5.0461397 -0.0105960 0.9062383 0.2838228 0.3131524
1403637193.238319 0.9484844 1.4246640 -5.1925964 0.0249164 0.8978028 0.3048651 0.3168385
1403637193.288319 0.9737740 1.4116584 -5.2199459 0.0286071 0.8965646 0.3081592 0.3168461
1403637193.438319 1.0495620 1.3998824 -5.3096848 0.0104861 0.9031383 0.2913941 0.3151518
1403637193.488319 1.0743089 1.4019713 -5.3422241 0.0049560 0.9050796 0.2855792 0.3150411
1403637193.688319 1.1819878 1.3914617 -5.4759531 -0.0114590 0.9080520 0.2755239 0.3152726
1403637193.738319 1.2127914 1.3819232 -5.5115614 -0.0143720 0.9083069 0.2744809 0.3153288
1403637193.788319 1.2428241 1.3748478 -5.5471668 -0.0160453 0.9084366 0.2737783 0.3154852
1403637194.038319 1.2367582 1.3752871 -5.6803503 -0.0096157 0.9106850 0.2616204 0.3195548
1403637194.088319 1.2753353 1.3761064 -5.7105470 -0.0076200 0.9116160 0.2589675 0.3191145
1403637194.238319 1.3923297 1.3919290 -5.7952509 -0.0053460 0.9114310 0.2600350 0.3188208
1403637194.338319 1.4772329 1.3966038 -5.8461828 -0.0058866 0.9106495 0.2636547 0.3180710
1403637194.488319 1.6030912 1.3967371 -5.9245286 -0.0063983 0.9097000 0.2669757 0.3180078
1403637194.638319 1.7396989 1.3799713 -6.0021777 -0.0072758 0.9093633 0.2692347 0.3170459
1403637194.788319 1.8793097 1.3527260 -6.0824723 -0.0096538 0.9070030 0.2786443 0.3156100
1403637194.988319 2.0785203 1.3319193 -6.1907320 -0.0041227 0.9081545 0.2763958 0.3143944
1403637195.088319 2.1883755 1.3240789 -6.2434011 -0.0009645 0.9114674 0.2664922 0.3133818
1403637195.188319 2.2927096 1.3271265 -6.2954149 0.0024357 0.9142021 0.2573595 0.3130409
1403637195.288319 2.4013858 1.3330699 -6.3413177 0.0041886 0.9160069 0.2511897 0.3127579
1403637195.438319 2.5632446 1.3460138 -6.4029026 0.0066496 0.9164750 0.2470500 0.3146359
1403637195.588319 2.7219009 1.3472171 -6.4572649 0.0067900 0.9120106 0.2484517 0.3262856
1403637195.688319 2.8247919 1.3372403 -6.4890652 0.0073750 0.9100472 0.2463869 0.3332466
1403637195.788319 2.9274640 1.3210813 -6.5194464 0.0043200 0.9087760 0.2445954 0.3380543
1403637195.938319 3.0764027 1.2908348 -6.5587559 -0.0124214 0.9096240 0.2360493 0.3416294
1403637196.088319 3.2344768 1.2671169 -6.5804176 -0.0324346 0.9130632 0.2205810 0.3414784
1403637196.138319 3.2888019 1.2635682 -6.5870481 -0.0371260 0.9149941 0.2120531 0.3412347
1403637196.288319 3.4503880 1.2394829 -6.5731168 -0.0440986 0.9210938 0.1855674 0.3394206
1403637196.488319 3.6931412 1.2092488 -6.4980040 -0.0465486 0.9251794 0.1706134 0.3358086
1403637196.638319 3.8767354 1.1874332 -6.3882847 -0.0391563 0.9249835 0.1762919 0.3343553
1403637196.738319 4.0064812 1.1738150 -6.2916012 -0.0310957 0.9245520 0.1812503 0.3337440
1403637196.838319 4.1329594 1.1628971 -6.1803761 -0.0269477 0.9242550 0.1854370 0.3326255
1403637196.938319 4.2598372 1.1519356 -6.0560384 -0.0245427 0.9252870 0.1831367 0.3312138
1403637197.088319 4.4507599 1.1250999 -5.8415756 -0.0044762 0.9207300 0.1941702 0.3384290
1403637197.238319 4.6268191 1.0863426 -5.5997319 0.0061263 0.9097834 0.2037658 0.3615747
1403637197.438319 4.8601518 0.9972402 -5.2521148 0.0102402 0.8837730 0.2156032 0.4151573
1403637197.638319 5.0544519 0.8838997 -4.9217076 -0.0069020 0.8445572 0.2083755 0.4932090
1403637197.688319 5.0976958 0.8537229 -4.8349199 -0.0085033 0.8334043 0.2031311 0.5139093
1403637197.788319 5.1839924 0.7792120 -4.6644382 -0.0150394 0.8119270 0.1888887 0.5521498
1403637197.888319 5.2663393 0.7008972 -4.5012875 -0.0226671 0.7908776 0.1703246 0.5873570
1403637197.938319 5.3082619 0.6554148 -4.4100895 -0.0246310 0.7807759 0.1633999 0.6025635
1403637201.938319 3.4821241 -0.8315752 2.3576212 0.0167883 0.3939832 0.1583965 0.9052104
1403637209.988319 2.6088886 -0.5365000 0.6547964 -0.1044495 0.3474798 0.0877475 0.9277114
1403637210.938319 3.1102612 -0.5989961 1.6943638 -0.0768717 0.3385983 0.1059027 0.9317868
1403637211.188319 3.3722229 -0.6084956 2.1007047 -0.0457170 0.3420713 0.1029557 0.9328973
1403637211.338319 3.5413663 -0.6095171 2.3448021 -0.0336422 0.3512536 0.0869947 0.9316228
1403637211.538319 3.7677636 -0.6005515 2.6611438 -0.0279771 0.3560465 0.0833858 0.9303198
1403637211.688319 3.9539356 -0.5929532 2.8842993 -0.0339049 0.3540569 0.0897666 0.9302882
1403637211.788319 4.0604181 -0.6001372 3.0213561 -0.0423628 0.3507057 0.1010421 0.9300545
1403637211.888319 4.1782131 -0.6193383 3.1603203 -0.0482188 0.3478714 0.1110810 0.9296889
1403637212.088319 4.4327745 -0.6599926 3.4243279 -0.0394543 0.3543459 0.0951272 0.9294263
1403637212.538319 5.0085883 -0.8724812 3.9571545 -0.0209820 0.3640715 0.0783011 0.9278366
1403637212.738319 5.2472138 -0.9820445 4.1512656 -0.0388428 0.3648217 0.0839724 0.9264691
1403637212.938319 5.4643483 -1.0899979 4.3509717 -0.0459235 0.3674224 0.0773529 0.9256935
1403637213.188319 5.7557797 -1.2385774 4.6105461 -0.0464171 0.3624839 0.0800628 0.9273839
1403637213.838319 6.4917064 -1.4560912 5.3262854 -0.0485198 0.3688771 0.0482588 0.9269556
1403637214.438319 6.9913774 -1.6578711 6.0659962 -0.0159890 0.3089532 0.0226276 0.9506736
1403637214.838319 7.1251602 -1.8966310 6.4977212 -0.0123834 0.2471785 -0.0495574 0.9676226
1403637215.338319 6.9397058 -2.1297162 6.9783535 0.0079484 0.2271787 -0.0403798 0.9729831
1403637215.638319 6.6552253 -2.1895018 7.2104034 0.0341304 0.1693837 -0.0324557 0.9844242
1403637215.888319 6.3322592 -2.2458358 7.2977495 0.0019883 0.1010500 -0.0416595 0.9940068
1403637216.288319 5.7670012 -2.3556149 7.3144031 -0.0133495 0.0215488 -0.0341058 0.9990967
1403637216.688319 5.2480035 -2.3644702 7.2426448 0.0156378 0.0090270 -0.0253118 0.9995165
1403637216.938319 4.9684653 -2.3331199 7.1146593 0.0363347 0.0160716 -0.0271018 0.9988429
1403637217.088319 4.8039217 -2.3209710 6.9976788 0.0242604 0.0179960 -0.0170552 0.9993982
1403637217.238319 4.6535473 -2.2969930 6.8513970 0.0144701 0.0157768 0.0050134 0.9997582
1403637217.388319 4.5248680 -2.2495224 6.6887913 0.0102819 0.0163614 0.0183584 0.9996448
1403637217.488319 4.4487882 -2.2090626 6.5790825 0.0089778 0.0176851 0.0230517 0.9995375
1403637217.588319 4.3874235 -2.1627464 6.4584136 0.0125953 0.0151451 0.0176317 0.9996505
1403637217.688319 4.3365307 -2.1122828 6.3304605 0.0194374 0.0093486 -0.0030869 0.9997627
1403637217.838319 4.2694659 -2.0299783 6.1128058 0.0254867 -0.0140031 -0.0427817 0.9986612
1403637218.088319 4.1561584 -1.9125388 5.6920567 0.0118168 -0.0633564 -0.0669879 0.9956701
1403637218.238319 4.0854502 -1.8427002 5.4104900 0.0040696 -0.0793575 -0.0713672 0.9942799
1403637218.488319 3.9780135 -1.6724839 4.9291825 0.0051058 -0.0879886 -0.0743603 0.9933290
1403637218.688319 3.8884068 -1.5424889 4.5157199 -0.0003324 -0.0851055 -0.0763874 0.9934394
1403637218.838319 3.8243244 -1.4485354 4.1954279 -0.0084950 -0.0813032 -0.0778424 0.9936087
1403637218.938319 3.7805915 -1.3722255 3.9860725 -0.0100742 -0.0765328 -0.0861508 0.9932871
1403637219.038319 3.7364774 -1.2807918 3.7731616 -0.0112737 -0.0724223 -0.0942095 0.9928507
1403637219.088319 3.7113163 -1.2310427 3.6715038 -0.0112962 -0.0714203 -0.0956207 0.9927881
1403637219.188319 3.6568444 -1.1343155 3.4600105 -0.0115353 -0.0706716 -0.0961363 0.9927891
1403637219.238319 3.6281385 -1.0894282 3.3510408 -0.0121517 -0.0705102 -0.0948869 0.9929134
1403637219.288319 3.5969098 -1.0469850 3.2420220 -0.0139715 -0.0704893 -0.0936594 0.9930075
1403637219.338319 3.5672343 -1.0064650 3.1299124 -0.0144376 -0.0707412 -0.0913104 0.9932017
1403637219.388319 3.5353363 -0.9626179 3.0186141 -0.0170360 -0.0703972 -0.0906535 0.9932452
1403637219.438319 3.4986305 -0.9215388 2.9087861 -0.0187951 -0.0704733 -0.0889985 0.9933577
1403637219.538319 3.4243803 -0.8476108 2.6879616 -0.0348650 -0.0699955 -0.0858725 0.9932326
1403637219.638319 3.3536580 -0.7744128 2.4585876 -0.0497849 -0.0696171 -0.0819575 0.9929541
1403637219.738319 3.2721205 -0.7198705 2.2403731 -0.0586060 -0.0685904 -0.0806831 0.9926484
1403637219.838319 3.1925027 -0.6675305 2.0222309 -0.0639923 -0.0678987 -0.0802006 0.9924025
1403637219.888319 3.1471930 -0.6456614 1.9191617 -0.0672998 -0.0678457 -0.0794216 0.9922499
1403637220.038319 3.0204763 -0.5938215 1.6132263 -0.0683104 -0.0685214 -0.0780794 0.9922410
1403637220.138319 2.9289832 -0.5675439 1.4187362 -0.0688344 -0.0678129 -0.0791611 0.9921678
1403637220.188319 2.8909862 -0.5555738 1.3138585 -0.0692326 -0.0692318 -0.0767114 0.9922344
1403637220.338319 2.7300460 -0.5458280 1.0518832 -0.0657639 -0.0708573 -0.0650779 0.9931864
1403637220.638319 2.4583285 -0.5401165 0.5497721 -0.0538823 -0.0750344 -0.0449932 0.9947071
1403637221.038319 2.1457584 -0.4722598 -0.0174568 -0.0629918 -0.0680728 -0.0476607 0.9945484
1403637221.288319 1.9915743 -0.4039918 -0.3152182 -0.0709108 -0.0355264 -0.0427823 0.9959313
1403637221.438319 1.9093788 -0.3510985 -0.4679832 -0.0696311 -0.0164331 -0.0356845 0.9967989
1403637221.638319 1.8083559 -0.2729709 -0.6448837 -0.0720289 -0.0011470 -0.0288341 0.9969850
1403637221.738319 1.7624866 -0.2264968 -0.7196305 -0.0729988 0.0038866 -0.0259811 0.9969860
1403637221.838319 1.7171464 -0.1819477 -0.7879565 -0.0741043 0.0090172 -0.0231099 0.9969419
1403637221.988319 1.6620581 -0.1099166 -0.8712639 -0.0754226 0.0256737 -0.0155145 0.9967003
1403637222.038319 1.6469218 -0.0879567 -0.8936080 -0.0752790 0.0348366 -0.0123711 0.9964770
1403637222.138319 1.6187464 -0.0352986 -0.9366459 -0.0755237 0.0573086 -0.0053842 0.9954813
1403637222.238319 1.5985674 0.0151065 -0.9713071 -0.0717126 0.0806731 0.0013316 0.9941566
1403637222.338319 1.5792017 0.0634083 -0.9988783 -0.0618596 0.0994193 0.0047706 0.9931095
1403637222.538319 1.5465453 0.1563960 -1.0429693 -0.0404209 0.1227841 0.0098269 0.9915612
1403637222.638319 1.5332539 0.1892377 -1.0635775 -0.0372037 0.1292583 0.0100033 0.9908623
1403637222.738319 1.5208496 0.2178462 -1.0862170 -0.0391818 0.1324233 0.0104415 0.9903635
1403637222.838319 1.5102534 0.2375994 -1.1149945 -0.0471783 0.1333054 0.0108195 0.9898923
1403637223.038319 1.4916997 0.2519682 -1.1636800 -0.0670990 0.1310190 0.0130512 0.9890205
1403637223.138319 1.4869875 0.2442170 -1.1807576 -0.0705576 0.1292002 0.0117787 0.9890350
1403637223.338319 1.4825174 0.1970650 -1.2104082 -0.0592468 0.1251362 0.0063483 0.9903486
1403637223.488319 1.4822873 0.1379604 -1.2199925 -0.0485866 0.1220376 0.0009035 0.9913352
1403637223.788319 1.4886291 0.0316003 -1.2232230 -0.0394518 0.1197005 -0.0035773 0.9920194
1403637224.138319 1.4947447 -0.0165348 -1.2115000 -0.0364964 0.1205058 -0.0066475 0.9920192
1403637225.538319 1.4266893 0.1779886 -1.1331382 -0.0257748 0.1197833 -0.0137973 0.9923695
1403637225.688319 1.4025092 0.1847001 -1.1505789 -0.0329651 0.1184842 -0.0133450 0.9923189
1403637225.788319 1.3823719 0.1808870 -1.1660354 -0.0390487 0.1184228 -0.0140202 0.9920961
1403637225.838319 1.3712546 0.1743867 -1.1708137 -0.0425828 0.1182285 -0.0129578 0.9919883
1403637225.988319 1.3333181 0.1449000 -1.1926861 -0.0390250 0.1175930 -0.0132933 0.9922057
1403637226.188319 1.2807695 0.0995308 -1.2263356 -0.0268788 0.1168720 -0.0140032 0.9926844
1403637226.338319 1.2328743 0.0815487 -1.2462647 -0.0307567 0.1175990 -0.0152077 0.9924682
1403637226.438319 1.2016908 0.0767652 -1.2636039 -0.0429706 0.1180523 -0.0154458 0.9919570
1403637226.538319 1.1693519 0.0755400 -1.2782978 -0.0525216 0.1179757 -0.0148342 0.9915156
1403637226.638319 1.1335480 0.0767978 -1.2866923 -0.0579439 0.1184129 -0.0159606 0.9911439
1403637226.738319 1.0994103 0.0802906 -1.2950020 -0.0598899 0.1178254 -0.0140690 0.9911269
1403637226.838319 1.0630827 0.0872382 -1.2947764 -0.0597057 0.1171851 -0.0133960 0.9912232
1403637226.988319 1.0086173 0.1003102 -1.2863128 -0.0558402 0.1146649 -0.0019601 0.9918317
1403637227.038319 0.9909402 0.1042010 -1.2813791 -0.0530637 0.1125271 0.0057842 0.9922139
1403637227.238319 0.9291270 0.1103444 -1.2597340 -0.0445680 0.1093095 0.0231950 0.9927372
1403637227.538319 0.8758461 0.0849524 -1.2325969 -0.0485683 0.1188852 0.0051783 0.9917060
1403637227.788319 0.8486507 0.0864585 -1.1949087 -0.0496802 0.1176430 0.0179376 0.9916503
1403637228.288319 0.8422891 0.1372620 -1.1039090 -0.0206026 0.1208429 -0.0059908 0.9924397
1403637228.688319 0.8129766 0.1171639 -1.1068223 -0.0212139 0.1212433 -0.0168131 0.9922537
1403637229.138319 0.7410479 0.1072958 -1.1534427 -0.0296912 0.1221804 -0.0133804 0.9919735
1403637229.338319 0.7032393 0.1309787 -1.1740991 -0.0281088 0.1282366 -0.0165938 0.9912063
1403637229.438319 0.6820793 0.1498249 -1.1846731 -0.0369975 0.1370098 -0.0028975 0.9898743
1403637229.538319 0.6607590 0.1705938 -1.1929410 -0.0476621 0.1505474 0.0218686 0.9872110
1403637229.688319 0.6397592 0.2048255 -1.2042048 -0.0568896 0.1829607 0.0576660 0.9797773
1403637229.788319 0.6376836 0.2279301 -1.2099156 -0.0565258 0.2148351 0.0620027 0.9730397
1403637229.988319 0.6541985 0.2794142 -1.2104689 -0.0392783 0.2860678 0.0491924 0.9561394
1403637230.488319 0.6883436 0.3205931 -1.2079966 -0.0355325 0.3790718 0.0743998 0.9216869
1403637231.038319 0.6994925 0.2157585 -1.2214917 -0.0367320 0.4676450 0.1359613 0.8726245
1403637232.988319 1.3685701 0.8534114 -2.1537187 0.0334954 0.8690104 0.3251178 0.3714801
1403637234.538319 2.3494875 1.8088546 -4.4719963 -0.0710328 0.8953577 0.1758514 0.4029457
1403637234.588319 2.4438257 1.8381959 -4.4887934 -0.0587977 0.8920127 0.1778634 0.4113646
1403637236.288319 5.5950513 1.5463264 -2.9129212 -0.0644086 0.7379813 0.1208099 0.6607875
1403637236.388319 5.6087360 1.5590580 -2.9760208 -0.0595215 0.7150045 0.1108674 0.6877021
1403637236.588319 5.8222771 1.3426707 -2.6338837 -0.0440451 0.6888087 0.1133147 0.7146764
1403637236.738319 5.9791436 1.1897306 -2.3446937 -0.0296837 0.6792114 0.1038839 0.7259468
1403637236.838319 6.0749869 1.0973701 -2.1406829 -0.0159691 0.6701170 0.0955114 0.7359115
1403637236.888319 6.1186967 1.0464634 -2.0460899 -0.0061142 0.6633580 0.0905393 0.7427796
1403637236.938319 6.1576095 1.0018392 -1.9548535 0.0052854 0.6564522 0.0842254 0.7496324
1403637237.038319 6.2310672 0.9071986 -1.7466772 0.0293719 0.6463832 0.0690784 0.7593117
1403637237.138319 6.2634678 0.7819101 -1.5282602 0.0525798 0.6365309 0.0587852 0.7672080
1403637237.238319 6.2794957 0.6593695 -1.2966692 0.0677117 0.6224852 0.0577951 0.7775519
1403637237.288319 6.2792025 0.6057903 -1.1931543 0.0710815 0.6134054 0.0594384 0.7843139
1403637237.338319 6.2654071 0.5408067 -1.0972123 0.0702099 0.6061181 0.0601375 0.7899841
1403637237.438319 6.2219458 0.4192372 -0.8926144 0.0727241 0.5933056 0.0636041 0.7991585
1403637237.538319 6.1570296 0.3001112 -0.6996405 0.0747282 0.5835916 0.0660726 0.8058976
1403637237.688319 6.0092440 0.1054183 -0.4454668 0.0818441 0.5708634 0.0747718 0.8135267
1403637237.838319 5.8179140 -0.0688119 -0.2172835 0.0873535 0.5622958 0.0917847 0.8171710
1403637238.088319 5.4189410 -0.3133777 0.0723305 0.0765182 0.5717375 0.1459857 0.8037097
1403637238.288319 5.0717087 -0.4765980 0.2309999 0.0789316 0.5961673 0.2050574 0.7722083
1403637238.388319 4.9187207 -0.4551226 0.2008827 0.0936494 0.6048252 0.2304629 0.7565071
1403637238.638319 4.7028346 -0.6747098 0.1043181 0.0751388 0.6398294 0.2405788 0.7260126
1403637238.688319 4.4884462 -0.8576119 0.3140883 0.0572554 0.6710055 0.2500046 0.6956804
1403637238.738319 4.4046497 -0.8671823 0.3007927 0.0502065 0.6754481 0.2655710 0.6860913
1403637238.788319 4.3214865 -0.8755965 0.2750983 0.0411603 0.6783257 0.2812676 0.6775461
1403637238.838319 4.2381587 -0.8756493 0.2407403 0.0322429 0.6796259 0.2967161 0.6700960
1403637238.888319 4.1620340 -0.8797944 0.2018900 0.0218777 0.6803043 0.3115532 0.6630552
1403637239.038319 3.9661894 -0.8847301 0.0465550 -0.0108571 0.6835609 0.3375965 0.6470357
1403637239.288319 3.7522631 -0.8970931 -0.3795094 -0.0347603 0.7215745 0.2820910 0.6313056
1403637239.338319 3.7279768 -0.8961788 -0.4785705 -0.0333591 0.7295409 0.2738695 0.6258217
1403637239.488319 3.6733150 -0.8795395 -0.8030000 -0.0237298 0.7524295 0.2658837 0.6021566
1403637239.538319 3.6608071 -0.8655415 -0.9168935 -0.0195913 0.7612194 0.2638212 0.5920807
1403637239.588319 3.6507447 -0.8485327 -1.0337746 -0.0161866 0.7702712 0.2621288 0.5811271
1403637239.638319 3.6444032 -0.8296247 -1.1500702 -0.0137911 0.7795322 0.2606547 0.5693843
1403637239.738319 3.6368756 -0.7719935 -1.3821065 -0.0061466 0.8006144 0.2501542 0.5444278
1403637239.888319 3.6433208 -0.6484245 -1.7558362 0.0044965 0.8357990 0.2163064 0.5046101
1403637240.038319 3.6421027 -0.5151379 -2.1409183 0.0124382 0.8649801 0.1962825 0.4616577
1403637240.238319 3.6435895 -0.3174325 -2.6121244 0.0178712 0.8937224 0.1985886 0.4018750
1403637240.388319 3.6390581 -0.1633946 -2.9590607 0.0066484 0.9030464 0.2226290 0.3672865
1403637240.588319 3.6461418 0.0192490 -3.4132385 -0.0155845 0.9074188 0.2434001 0.3422056
1403637240.788319 3.6742091 0.1599483 -3.8783250 -0.0202841 0.9112283 0.2361617 0.3368667
1403637240.938319 3.7125897 0.2464645 -4.2259593 -0.0194492 0.9183621 0.2040104 0.3385446
1403637241.088319 3.7567279 0.3233162 -4.5564475 -0.0163388 0.9178914 0.1987819 0.3430659
1403637241.238319 3.8115945 0.4148693 -4.8673401 -0.0207980 0.9156796 0.2000538 0.3479610
1403637241.388319 3.8716495 0.5145222 -5.1663136 -0.0327412 0.9154699 0.1929289 0.3515982
1403637241.488319 3.9253719 0.5799088 -5.3521452 -0.0418007 0.9159890 0.1864723 0.3527676
1403637241.538319 3.9507093 0.6100084 -5.4401593 -0.0461546 0.9168873 0.1801562 0.3531730
1403637241.588319 3.9791536 0.6362456 -5.5276546 -0.0494380 0.9171793 0.1760568 0.3540368
1403637241.688319 4.0424175 0.6838492 -5.6905274 -0.0485532 0.9185165 0.1653977 0.3558282
1403637241.888319 4.1802044 0.7489184 -5.9693971 -0.0326256 0.9210823 0.1460078 0.3594784
1403637242.138319 4.3580136 0.7807680 -6.2290244 -0.0076731 0.9220206 0.1389283 0.3612728
1403637242.438319 4.5423369 0.7809118 -6.4111714 -0.0409146 0.9260561 0.1295096 0.3520984
1403637242.838319 4.8057189 0.7459989 -6.3870764 -0.0237729 0.9112048 0.1217596 0.3928299
1403637243.088319 4.9437914 0.6616563 -6.2264280 -0.0205972 0.9008939 0.1141623 0.4182499
1403637243.488319 5.1194992 0.5760384 -5.7912774 -0.0229433 0.8914162 0.1451679 0.4286923
1403637243.738319 5.2175264 0.5078330 -5.4511313 -0.0125598 0.8859940 0.1739289 0.4296577
1403637244.038319 5.3191261 0.3541620 -5.0458989 0.0091724 0.8793684 0.2087604 0.4278389
1403637244.538319 5.4372497 0.0988505 -4.7767854 0.0090758 0.8790509 0.2168655 0.4244485
1403637244.638319 5.4561696 0.0222306 -4.6865506 -0.0058222 0.8752056 0.2122114 0.4346809
1403637244.938319 5.5394106 -0.1829112 -4.4249501 -0.0242557 0.8593123 0.2062814 0.4673778
1403637245.138319 5.6246753 -0.2979465 -4.2595177 -0.0114164 0.8465415 0.2331310 0.4784214
1403637245.388319 5.7642212 -0.4028604 -4.0942845 -0.0220786 0.8490550 0.2217393 0.4790092
1403637245.638319 5.9478803 -0.4780669 -3.9556909 -0.0315381 0.8425738 0.2088775 0.4954239
1403637245.788319 6.0747266 -0.5035815 -3.8819418 -0.0295508 0.8303644 0.1970892 0.5203629
1403637245.888319 6.1658907 -0.5147204 -3.8299899 -0.0232498 0.8198028 0.1774075 0.5439756
1403637245.988319 6.2601237 -0.5347745 -3.7716026 -0.0202790 0.8041225 0.1623447 0.5715068
1403637246.038319 6.3070064 -0.5376428 -3.7448316 -0.0205368 0.7942098 0.1548230 0.5872298
1403637246.138319 6.4030194 -0.5345672 -3.6855669 -0.0206865 0.7704611 0.1408412 0.6213900
1403637246.288319 6.5314083 -0.5440149 -3.5768206 -0.0254059 0.7271285 0.1222784 0.6750457
1403637246.488319 6.7076616 -0.5211557 -3.4439242 -0.0383866 0.6612587 0.0831568 0.7445458
1403637246.538319 6.7458396 -0.5161459 -3.4096088 -0.0387181 0.6446623 0.0732296 0.7599664
1403637246.588319 6.7862349 -0.5057127 -3.3748846 -0.0388598 0.6288525 0.0613458 0.7741261
1403637246.638319 6.8219528 -0.4980680 -3.3312860 -0.0379612 0.6128682 0.0519358 0.7875621
1403637246.738319 6.8851509 -0.4868013 -3.2434225 -0.0347820 0.5815095 0.0334810 0.8121059
1403637246.888319 6.9623990 -0.4653221 -3.1242468 -0.0357995 0.5325321 0.0150384 0.8455186
1403637247.138319 7.0084963 -0.4610693 -2.8732381 -0.0639015 0.4767728 0.0246866 0.8763532
1403637247.388319 7.0376821 -0.4402686 -2.6287985 -0.0505867 0.4607451 0.0265009 0.8856933
1403637247.488319 7.0400810 -0.4308496 -2.5155180 -0.0295823 0.4621347 0.0180828 0.8861317
1403637247.588319 7.0367193 -0.4077432 -2.4111922 -0.0274633 0.4608121 0.0147073 0.8869508
1403637247.688319 7.0221410 -0.3932823 -2.3090875 -0.0309372 0.4558597 0.0060748 0.8894931
1403637247.738319 7.0145659 -0.3764328 -2.2597747 -0.0324911 0.4520165 -0.0009375 0.8914171
1403637247.888319 6.9603338 -0.3549252 -2.1062510 -0.0375183 0.4360003 -0.0162914 0.8990165
1403637247.988319 6.9053483 -0.3409281 -2.0065181 -0.0288581 0.4182773 -0.0144587 0.9077457
1403637248.088319 6.8328733 -0.3239686 -1.9056704 -0.0342842 0.4004516 -0.0087981 0.9156340
1403637248.188319 6.7595887 -0.3237948 -1.8161490 -0.0470730 0.3821819 -0.0032273 0.9228818
1403637248.388319 6.5816526 -0.2967525 -1.6225084 -0.0590828 0.3621539 0.0022020 0.9302413
1403637248.688319 6.2996483 -0.2352551 -1.3416723 -0.0483354 0.3580381 -0.0029595 0.9324504
1403637248.988319 5.9750056 -0.2383438 -1.0779676 -0.0651139 0.3667915 0.0088023 0.9279799
1403637249.288319 5.6272130 -0.3005084 -0.8202757 -0.0621923 0.3740898 0.0107897 0.9252419
1403637249.588319 5.2646475 -0.3312864 -0.5488482 -0.0589114 0.3763520 0.0121309 0.9245223
1403637249.788319 5.0224929 -0.2935654 -0.3596205 -0.0476237 0.3743493 0.0070767 0.9260370
1403637249.938319 4.8329449 -0.2746192 -0.2222038 -0.0428293 0.3630684 0.0026315 0.9307740
1403637249.988319 4.7639885 -0.2693228 -0.1771668 -0.0441664 0.3563364 0.0048317 0.9333008
1403637250.088319 4.6243038 -0.2648641 -0.0942950 -0.0481136 0.3424294 0.0136706 0.9382113
1403637250.138319 4.5581007 -0.2687001 -0.0549347 -0.0519628 0.3356458 0.0167316 0.9404052
1403637250.288319 4.3513217 -0.2650131 0.0625311 -0.0535942 0.3146775 0.0220590 0.9474276
1403637250.538319 4.0322351 -0.2358595 0.2493308 -0.0564384 0.2926028 0.0371428 0.9538442
1403637250.788319 3.7563429 -0.2176689 0.4027206 -0.0657382 0.2809838 0.0343571 0.9568418
1403637251.088319 3.4779167 -0.2595818 0.5521848 -0.0634433 0.2706223 0.0388566 0.9598066
1403637251.338319 3.2906344 -0.3378545 0.6430179 -0.0671482 0.2508514 0.0414292 0.9648048
1403637251.588319 3.1506720 -0.4460208 0.7112966 -0.0623188 0.2256555 0.0105855 0.9721543
1403637251.788319 3.0552394 -0.5073693 0.7590224 -0.0616871 0.2033820 0.0036663 0.9771474
1403637251.988319 2.9794390 -0.5484537 0.7982517 -0.0533768 0.1965718 -0.0152478 0.9789168
1403637252.288319 2.8725674 -0.5774436 0.8303094 -0.0398979 0.1913494 -0.0182159 0.9805416
1403637252.788319 2.7128308 -0.4983815 0.8078802 -0.0760969 0.1882068 0.0095122 0.9791307
1403637254.338319 2.4905286 -0.4862016 0.4613454 -0.0670063 0.1824726 -0.0316873 0.9804131
1403637255.038319 2.2850418 -0.4988901 0.2337389 -0.0613853 0.1542488 -0.0359848 0.9854665
1403637255.588319 2.0752659 -0.4512133 0.0232747 -0.0660823 0.0982214 -0.0487572 0.9917704
1403637255.838319 1.9705468 -0.4071753 -0.0852242 -0.0771261 0.0530620 -0.0668301 0.9933629
1403637255.988319 1.9023827 -0.3992096 -0.1593400 -0.0829747 0.0233919 -0.0744178 0.9934939
1403637256.138319 1.8318734 -0.4087705 -0.2340613 -0.0844709 0.0049478 -0.0815600 0.9930701
1403637256.538319 1.6324482 -0.4008221 -0.4181749 -0.0708398 -0.0054083 -0.0871540 0.9936582
1403637256.838319 1.4705793 -0.3338321 -0.5554524 -0.0927266 -0.0038126 -0.0600336 0.9938728
1403637257.188319 1.2965201 -0.2600816 -0.7030470 -0.0805635 -0.0219146 -0.0772186 0.9935123
1403637257.438319 1.1751846 -0.2531082 -0.8153443 -0.0859458 -0.0353793 -0.0878216 0.9917908
1403637257.588319 1.0987089 -0.2466541 -0.8804107 -0.0892290 -0.0392427 -0.0918678 0.9909887
1403637257.688319 1.0472362 -0.2339486 -0.9211195 -0.0963638 -0.0412856 -0.0895967 0.9904453
1403637257.838319 0.9706702 -0.2086641 -0.9792812 -0.1056964 -0.0492734 -0.0886534 0.9892123
1403637257.988319 0.8864365 -0.1716124 -1.0242654 -0.1116463 -0.0650166 -0.0892535 0.9875939
1403637258.088319 0.8309740 -0.1485781 -1.0481764 -0.1132427 -0.0815555 -0.0904473 0.9860751
1403637258.238319 0.7450265 -0.1268288 -1.0766521 -0.1025290 -0.1103079 -0.1016792 0.9833521
1403637258.338319 0.6891227 -0.1143940 -1.0895587 -0.0933159 -0.1256716 -0.1080499 0.9817454
1403637258.388319 0.6609738 -0.1075497 -1.0961794 -0.0913636 -0.1322217 -0.1086099 0.9810067
1403637258.538319 0.5764729 -0.0764320 -1.1125526 -0.0966698 -0.1480173 -0.1002625 0.9791288
1403637258.688319 0.4980765 -0.0396267 -1.1252580 -0.0937261 -0.1543036 -0.0978618 0.9786873
1403637258.838319 0.4259112 0.0008265 -1.1321322 -0.0883429 -0.1562309 -0.0974953 0.9789189
1403637258.888319 0.4025643 0.0146496 -1.1338848 -0.0867373 -0.1564624 -0.0964192 0.9791321
1403637259.038319 0.3368996 0.0417943 -1.1429244 -0.0873966 -0.1561131 -0.0913026 0.9796195
1403637259.138319 0.2964787 0.0463830 -1.1504527 -0.0865389 -0.1545495 -0.0923331 0.9798470
1403637259.388319 0.2073240 0.0241635 -1.1755991 -0.0861434 -0.1524776 -0.0873849 0.9806599
1403637259.638319 0.1460122 0.0117084 -1.1974244 -0.0849791 -0.1539285 -0.0728736 0.9817200
1403637260.188319 0.1248563 0.0563016 -1.2279973 -0.0844365 -0.1482059 -0.0928256 0.9809633
1403637260.488319 0.1490112 0.1191846 -1.2403402 -0.0837357 -0.1429763 -0.1199834 0.9788514
1403637260.588319 0.1525980 0.1435901 -1.2470367 -0.0951821 -0.1426007 -0.1204268 0.9778051
1403637260.688319 0.1522497 0.1671253 -1.2536185 -0.1029664 -0.1426970 -0.1181182 0.9772838
1403637260.838319 0.1452119 0.2019277 -1.2580860 -0.0939931 -0.1454148 -0.1131063 0.9783797
1403637260.988319 0.1339996 0.2372848 -1.2609984 -0.0830584 -0.1476644 -0.1105744 0.9793211
1403637261.088319 0.1256606 0.2623779 -1.2650419 -0.0860033 -0.1480672 -0.1094054 0.9791374
1403637261.138319 0.1213357 0.2753207 -1.2672653 -0.0916592 -0.1477288 -0.1094930 0.9786655
1403637261.188319 0.1171117 0.2876235 -1.2699449 -0.0979089 -0.1470950 -0.1109838 0.9779875
1403637261.288319 0.1061706 0.3092819 -1.2744846 -0.1076131 -0.1458395 -0.1130780 0.9769154
1403637261.338319 0.0997529 0.3172191 -1.2756988 -0.1059638 -0.1458738 -0.1132357 0.9770723
1403637261.588319 0.0621847 0.3399196 -1.2784296 -0.1024335 -0.1481212 -0.1037416 0.9781642
1403637262.088319 -0.0210439 0.3417839 -1.2445849 -0.0821440 -0.1467481 -0.1007477 0.9805954
1403637262.238319 -0.0403812 0.3707453 -1.2291238 -0.0813707 -0.1469156 -0.0933115 0.9813703
1403637262.388319 -0.0623669 0.3473858 -1.2199476 -0.0625620 -0.1452627 -0.0929215 0.9830312
1403637262.688319 -0.0290437 0.3848543 -1.2312506 -0.0635715 -0.1188481 -0.0631009 0.9888640
