1311868164.631140 0.0000260 0.0000234 -0.0000356 0.0000102 -0.0000311 -0.0000044 1.0000000
1311868165.063108 0.0957505 0.0006961 -0.0303994 0.0160121 -0.0185174 -0.0049620 0.9996880
1311868165.099162 0.1082315 0.0005293 -0.0335763 0.0155149 -0.0225814 -0.0078841 0.9995935
1311868165.231193 0.1567857 0.0084234 -0.0424749 0.0216489 -0.0333655 -0.0168669 0.9990664
1311868166.063111 0.3029639 0.0778096 -0.1223932 -0.0097095 -0.0246213 -0.0106259 0.9995932
1311868166.499195 0.3119105 0.1496721 -0.1873926 -0.0484656 -0.0016865 -0.0081302 0.9987903
1311868167.431237 0.5687766 0.1570105 -0.2214060 -0.0279007 -0.0722294 -0.0467206 0.9959024
1311868168.499268 0.6608949 0.0765506 -0.1176453 -0.0250944 -0.0970177 -0.0539096 0.9935047
1311868169.363470 0.6979526 -0.0558987 0.0283898 0.0113093 -0.1822521 -0.0926607 0.9788107
1311868169.563501 0.7278450 -0.1051100 0.0671283 0.0300712 -0.2172108 -0.1181426 0.9684821
1311868171.799464 1.1726348 -0.1148800 0.0815721 0.0257067 -0.3134711 -0.1673509 0.9343815
1311868172.063426 1.2365584 -0.1064411 0.1215163 0.0094199 -0.3183921 -0.1785259 0.9309491
1311868172.363479 1.2950482 -0.0953936 0.1589101 -0.0114694 -0.3211658 -0.1875274 0.9281996
1311868172.699619 1.3425597 -0.0809309 0.2181374 -0.0394538 -0.3066694 -0.1988365 0.9299792
1311868172.931607 1.3548843 -0.0786268 0.2835914 -0.0675072 -0.2995633 -0.2041970 0.9295204
1311868173.399596 1.3636961 -0.1373653 0.3853081 -0.0674713 -0.3005614 -0.2144657 0.9268845
1311868173.799549 1.3908694 -0.1808032 0.4602926 -0.0650661 -0.3242812 -0.2146425 0.9189867
1311868174.331790 1.4725223 -0.2694330 0.5551341 -0.0297632 -0.3888327 -0.2568245 0.8842875
1311868174.567585 1.4978703 -0.2897751 0.5905025 -0.0289844 -0.4089902 -0.2620042 0.8736365
1311868174.799810 1.4980961 -0.3214661 0.6223748 -0.0232821 -0.4212147 -0.2522416 0.8708676
1311868175.067713 1.4794450 -0.3699946 0.6504071 0.0001440 -0.4234372 -0.2444888 0.8723108
1311868175.299978 1.4451704 -0.4210889 0.6702136 0.0487109 -0.4306187 -0.2317669 0.8709069
1311868175.567800 1.4219146 -0.4569829 0.7163236 0.0621635 -0.4531982 -0.1960494 0.8673590
1311868176.399921 1.5025530 -0.5756894 0.9197326 0.0779087 -0.5321071 -0.2349664 0.8096808
1311868176.667782 1.5321493 -0.5886728 0.9927533 0.0542323 -0.5381626 -0.2468955 0.8040413
1311868177.067892 1.5363870 -0.6151674 1.0651932 0.0452801 -0.5393957 -0.2518758 0.8022223
1311868177.367900 1.4991826 -0.6494083 1.1279920 0.0448127 -0.5346170 -0.2653544 0.8011014
1311868177.699913 1.4819038 -0.6676400 1.2045950 0.0344720 -0.5302741 -0.2770920 0.8005255
1311868178.031988 1.5030015 -0.6786053 1.2762065 0.0258748 -0.5642340 -0.2962545 0.7701973
1311868178.600064 1.5842555 -0.7056627 1.3858578 0.0120604 -0.6093340 -0.3252719 0.7230248
1311868178.932267 1.6652342 -0.6979486 1.3852056 0.0025716 -0.6165841 -0.3239541 0.7175452
1311868179.268108 1.7855140 -0.6828448 1.3752905 0.0019533 -0.6094651 -0.3301105 0.7208160
1311868179.600201 1.8805206 -0.6756981 1.3871362 -0.0219473 -0.5931386 -0.3363246 0.7311571
1311868179.968012 1.9617805 -0.6967841 1.4327228 -0.0267762 -0.5927834 -0.3459270 0.7267912
1311868180.331912 2.0365977 -0.7245773 1.5070705 -0.0407364 -0.6131355 -0.3565876 0.7037405
1311868180.732090 2.0858839 -0.7363394 1.5726473 -0.0553825 -0.6241166 -0.3665860 0.6877688
1311868181.800057 1.9947531 -0.7956737 1.6730148 -0.0529193 -0.6068486 -0.3606022 0.7063287
1311868182.236167 1.8525096 -0.8303451 1.6930834 -0.0462953 -0.6041077 -0.3541818 0.7123663
1311868182.668039 1.7226758 -0.8746163 1.7348613 -0.0327258 -0.6185251 -0.3394442 0.7079077
1311868183.000259 1.6029928 -0.9348499 1.7898308 -0.0062186 -0.6632001 -0.3469661 0.6631300
1311868183.400232 1.4553015 -1.0219958 1.8336403 0.0286773 -0.7018952 -0.3772379 0.6035000
1311868183.768221 1.3408288 -1.0580883 1.8563721 -0.0145869 -0.7274476 -0.3707237 0.5772099
1311868184.100684 1.2315743 -1.0999317 1.8505476 -0.0032474 -0.7239276 -0.3686587 0.5831029
1311868184.468412 1.1250848 -1.1261728 1.8705230 0.0000531 -0.7297344 -0.3591256 0.5818217
1311868184.868735 1.0046575 -1.1770147 1.9098454 0.0154972 -0.7691084 -0.3519130 0.5332816
1311868185.200754 0.9139066 -1.2154001 1.9368497 -0.0281496 0.7879220 0.3587962 -0.4996516
1311868185.536414 0.8314000 -1.2362230 1.9592474 0.0455011 -0.7930689 -0.3375548 0.5050032
1311868185.868447 0.7736775 -1.2427858 1.9692179 0.0508429 -0.7990785 -0.3099949 0.5126322
1311868186.237659 0.7102442 -1.2468412 2.0104551 -0.0421473 0.8181370 0.3357276 -0.4649327
1311868186.968636 0.7268304 -1.2604549 2.1184306 -0.0159820 0.8427160 0.3762487 -0.3847222
1311868187.268822 0.7975163 -1.2695149 2.1576428 -0.0091711 0.8314227 0.3861522 -0.3994229
1311868187.600502 0.8410356 -1.2902927 2.2146516 -0.0093304 0.8154960 0.4054439 -0.4129098
1311868187.968459 0.8491467 -1.3120494 2.2937646 -0.0093934 0.8227242 0.4090864 -0.3945694
1311868188.300900 0.8188317 -1.3232496 2.4196920 -0.0019259 0.8319047 0.4325524 -0.3476050
1311868188.637504 0.8259043 -1.3194261 2.4997218 0.0181623 0.8291380 0.4555210 -0.3235751
1311868188.968696 0.9095812 -1.3284283 2.5672641 0.0444889 0.8193116 0.4722108 -0.3221275
1311868189.302276 1.0038482 -1.3433222 2.6276300 0.0497413 0.8010434 0.4932259 -0.3355346
1311868189.802939 1.0673263 -1.3743730 2.7296982 0.0540274 0.7883081 0.5092006 -0.3411249
1311868190.302512 1.0465592 -1.4400163 2.8675456 0.0526963 0.7861413 0.5046351 -0.3529140
1311868190.936594 1.0262015 -1.4961517 2.9762945 0.0544450 0.7890175 0.4957747 -0.3587402
1311868192.204710 0.9384347 -1.5219301 3.0000136 0.0486314 0.7812272 0.4998136 -0.3708172
1311868192.904715 0.8466052 -1.5128431 2.8928378 0.0404882 0.7885430 0.4883330 -0.3716066
1311868193.238476 0.8217462 -1.5253533 2.8581035 0.0433151 0.8002080 0.4870389 -0.3472524
1311868194.009150 0.7362794 -1.5971655 2.8075652 0.0127117 0.8268608 0.4808702 -0.2913819
1311868194.508854 0.7058117 -1.6367908 2.7794600 0.0134424 0.8298428 0.4780784 -0.2874392
1311868195.068954 0.6822516 -1.6770718 2.7818837 0.0173757 0.8417533 0.4564004 -0.2878335
1311868195.837123 0.6418444 -1.7108982 2.9297295 0.0031932 0.8271319 0.4665819 -0.3132794
1311868196.208314 0.6781467 -1.7135067 2.9965634 0.0166953 0.8123822 0.4736025 -0.3397898
1311868196.769084 0.7461416 -1.7177882 3.0856407 0.0580837 0.7854773 0.4803509 -0.3858947
1311868197.205086 0.7245011 -1.7478592 3.1844652 0.0507317 0.7839178 0.4894597 -0.3785873
1311868197.769193 0.6563125 -1.7756479 3.3161616 0.0498019 0.7836295 0.5242307 -0.3295857
1311868198.869154 0.5039285 -1.7647815 3.3772111 0.0585169 0.7732785 0.5439684 -0.3204910
1311868199.905169 0.3509764 -1.7564712 3.3810420 0.0607722 0.7948788 0.5505327 -0.2477664
1311868200.373427 0.2487569 -1.7939543 3.4314830 0.0456724 0.8034584 0.5603405 -0.1959266
1311868201.037420 0.1481968 -1.8249303 3.5140502 0.0512194 0.8060340 0.5660010 -0.1653135
1311868202.173321 0.0340750 -1.8151553 3.5206456 0.0437157 0.8016934 0.5776780 -0.1471893
1311868202.973443 -0.1078610 -1.8344692 3.5260344 0.0198212 0.8086436 0.5752535 -0.1215977
1311868203.305495 -0.1258745 -1.8531127 3.4788337 0.0349844 0.8225009 0.5605193 -0.0899250
1311868203.605369 -0.1438685 -1.8880092 3.4261756 0.0238372 0.8327162 0.5507343 -0.0520319
1311868204.037612 -0.2130684 -1.9319333 3.3453517 0.0150525 0.8292915 0.5584134 -0.0149505
1311868204.437659 -0.2918842 -1.9837337 3.2774076 0.0168104 0.8264623 0.5623867 0.0199659
1311868204.837551 -0.3494594 -2.0293248 3.2329638 0.0073449 0.8243629 0.5652182 0.0300052
1311868205.205555 -0.3989496 -2.0838394 3.1839962 0.0064310 0.8308468 0.5557011 0.0291302
1311868205.705594 -0.4287304 -2.1359386 3.1485341 0.0124578 0.8592380 0.5101895 0.0355189
1311868206.105664 -0.4339437 -2.1565678 3.1134665 0.0098636 0.8698915 0.4927888 0.0187280
1311868207.337883 -0.5233144 -2.0539927 3.1755602 -0.0174257 0.8602358 0.5059366 0.0609831
1311868207.737830 -0.6060035 -2.0149679 3.2206795 -0.0104908 0.8538800 0.5160350 0.0669835
1311868208.137703 -0.6638702 -1.9809415 3.2715988 -0.0213939 0.8472923 0.5272226 0.0606170
1311868208.473867 -0.7076482 -1.9568646 3.3257813 -0.0234626 0.8395689 0.5390479 0.0632532
1311868208.837756 -0.7661403 -1.9238994 3.3670337 -0.0129466 0.8289262 0.5555947 0.0634682
1311868209.341866 -0.7976516 -1.8397132 3.3886893 -0.0129404 0.8136762 0.5783421 0.0573065
1311868210.141864 -0.8536739 -1.7320154 3.3419247 -0.0082973 0.8153250 0.5746807 0.0701311
1311868211.205845 -0.9403191 -1.6887903 3.3277938 -0.0108837 0.8111379 0.5730991 0.1161651
1311868211.674030 -1.0705249 -1.6867193 3.3279631 -0.0218078 0.8063194 0.5740829 0.1407205
1311868212.142105 -1.1789052 -1.6816648 3.3408163 -0.0245635 0.8000516 0.5824435 0.1416818
1311868212.974154 -1.2731570 -1.6718495 3.3018939 -0.0277656 0.8079323 0.5764385 0.1191348
1311868213.774084 -1.3400555 -1.6294663 3.1952248 -0.0356723 0.8083698 0.5654107 0.1599265
1311868214.406227 -1.3794539 -1.6130389 3.1365759 -0.0104678 0.8090295 0.5578293 0.1849002
1311868214.842297 -1.4199208 -1.5982914 3.0936189 -0.0183296 0.8066358 0.5424730 0.2339353
1311868215.242259 -1.4590061 -1.5967777 3.0370872 -0.0363205 0.7996376 0.5292476 0.2813496
1311868215.642404 -1.4618617 -1.6161761 2.9728889 -0.0404975 0.7963721 0.5202109 0.3058299
1311868216.042488 -1.4473280 -1.6485692 2.9067824 -0.0379556 0.7908049 0.5100391 0.3362248
1311868216.506418 -1.4500842 -1.6824247 2.8310039 -0.0304066 0.7930496 0.5043341 0.3402865
1311868216.906366 -1.4680016 -1.7078078 2.7717764 -0.0139584 0.7999710 0.4914557 0.3439810
1311868217.342453 -1.4766258 -1.7419686 2.7278163 -0.0129760 0.8127260 0.4798933 0.3301674
1311868218.710423 -1.4810822 -1.6684024 2.7492676 0.0016498 0.8152599 0.4693852 0.3391551
1311868219.110710 -1.5347548 -1.6159898 2.7600996 -0.0167090 0.8120378 0.4602309 0.3584730
1311868219.543330 -1.5838697 -1.5060532 2.8049340 0.0020090 0.7954808 0.4759378 0.3750859
1311868219.974873 -1.6066083 -1.4371359 2.8478773 0.0197398 0.7792211 0.4837413 0.3980193
1311868220.374967 -1.6310074 -1.3783734 2.9040480 0.0160168 0.7602845 0.4983886 0.4163167
1311868220.810775 -1.6736575 -1.3352582 2.9432411 -0.0020351 0.7384441 0.5214978 0.4274765
1311868222.010658 -1.7597098 -1.3101816 2.9546366 -0.0055052 0.7402782 0.5262479 0.4183553
1311868222.943172 -1.8120488 -1.2627919 2.8548858 -0.0179220 0.7215760 0.5311059 0.4437717
1311868224.043743 -1.8697095 -1.2214404 2.7639637 0.0015988 0.7108318 0.5243987 0.4687447
1311868224.511812 -1.9294877 -1.1963949 2.7018383 -0.0013096 0.7036448 0.5087490 0.4960411
1311868224.912106 -1.9931221 -1.1647134 2.6397750 -0.0126742 0.6990781 0.5020255 0.5090182
1311868225.379392 -2.0510311 -1.1478360 2.5936978 -0.0147184 0.6960902 0.4934591 0.5212868
1311868225.842939 -2.0991991 -1.1266046 2.5648627 -0.0095045 0.6839350 0.4920603 0.5385343
1311868226.345151 -2.1352944 -1.1034138 2.5282691 -0.0147080 0.6858174 0.4851254 0.5423021
1311868226.745829 -2.1459033 -1.0775933 2.4485872 -0.0110658 0.6853542 0.4935812 0.5352988
1311868227.110902 -2.1426525 -1.0474074 2.3450720 -0.0088172 0.6815154 0.4824371 0.5501940
1311868227.547438 -2.1279292 -1.0160513 2.2487731 0.0062089 0.6720571 0.4763975 0.5668740
1311868227.979289 -2.1388984 -0.9854053 2.1798205 0.0018931 0.6441863 0.4544796 0.6151981
1311868228.412437 -2.1829762 -0.9492028 2.1007144 -0.0005449 0.6172020 0.4353507 0.6553863
1311868228.844666 -2.2329295 -0.9166946 2.0198975 -0.0153130 0.6064134 0.4211124 0.6743091
1311868229.249047 -2.2380619 -0.8932714 1.9529222 -0.0056286 0.6125323 0.4207399 0.6691416
1311868229.647479 -2.1676788 -0.9099618 1.8891490 -0.0200381 0.5994130 0.4433552 0.6661372
1311868230.083190 -2.0593359 -0.9495466 1.8160776 -0.0179410 0.5954456 0.4487273 0.6661580
1311868230.382061 -1.9903674 -0.9782553 1.7596565 -0.0203468 0.6009732 0.4521303 0.6587833
1311868230.643420 -1.9347910 -0.9787866 1.7085209 -0.0071966 0.5995935 0.4775106 0.6421989
1311868230.884514 -1.9023824 -0.9881686 1.6628729 -0.0044633 0.6051162 0.4603589 0.6495261
1311868231.284432 -1.8431106 -1.0008869 1.5866003 -0.0471013 0.6066914 0.4449349 0.6570692
1311868231.811225 -1.7360768 -1.0496709 1.5362335 -0.0827398 0.6005597 0.4472336 0.6576201
1311868232.311279 -1.6426257 -1.1239159 1.5198650 -0.0955166 0.5869413 0.4534038 0.6639288
1311868232.779268 -1.5748382 -1.1837705 1.5151079 -0.0844630 0.6007015 0.4587733 0.6492694
1311868233.943472 -1.6565056 -1.1133881 1.4817137 -0.0553942 0.5851611 0.4231100 0.6895620
1311868234.411591 -1.7595069 -1.0627987 1.4226460 -0.0545286 0.5849279 0.3843709 0.7121411
1311868234.843512 -1.8601928 -0.9954293 1.3779994 -0.0570043 0.5782598 0.3758810 0.7218584
1311868235.311695 -1.9457431 -0.9080831 1.3322828 -0.0559082 0.5684496 0.3850623 0.7248906
1311868235.811896 -1.9842861 -0.8193936 1.2911443 -0.0470286 0.5864177 0.3771581 0.7153002
1311868236.311580 -1.9823936 -0.7271957 1.2426851 -0.0394685 0.5524794 0.3782688 0.7417017
1311868236.779605 -1.9729427 -0.6525121 1.2075043 -0.0256155 0.5389251 0.3645347 0.7589585
1311868237.247704 -1.9853675 -0.5685340 1.1712698 -0.0035359 0.5124131 0.3652099 0.7772014
1311868237.611575 -1.9985558 -0.5003498 1.0908302 -0.0153535 0.4917101 0.3424910 0.8004282
1311868238.079831 -2.0280597 -0.4172633 0.9805316 -0.0237422 0.4606723 0.3303366 0.8234653
1311868238.579703 -2.0218554 -0.3541626 0.9126018 -0.0201531 0.4458095 0.3323212 0.8309094
1311868238.979698 -1.9784961 -0.3027351 0.8667028 -0.0312732 0.4453499 0.3483832 0.8242054
1311868239.379722 -1.9354076 -0.2643429 0.8330563 -0.0231500 0.4179389 0.3291449 0.8464365
1311868239.747890 -1.9037364 -0.2261678 0.8112538 -0.0318296 0.3912518 0.3200234 0.8622610
1311868240.079916 -1.8943927 -0.1807310 0.7581751 -0.0367249 0.3612832 0.3006378 0.8818972
1311868240.379758 -1.8857539 -0.1310951 0.6797101 -0.0475106 0.3503539 0.2835345 0.8914051
1311868240.748004 -1.8994682 -0.0786639 0.6231894 -0.0572740 0.3393732 0.2748061 0.8977901
1311868241.311846 -1.8337975 -0.1262379 0.5712316 -0.0759300 0.3453882 0.2910686 0.8889436
1311868241.648036 -1.7619332 -0.1887935 0.5529208 -0.0640638 0.3397439 0.3027294 0.8881581
1311868241.979902 -1.6965861 -0.2355667 0.5169643 -0.0620014 0.3271179 0.2732842 0.9024774
1311868242.379943 -1.6470706 -0.2579976 0.4518099 -0.0640980 0.2896036 0.2474907 0.9223717
1311868242.779977 -1.6114144 -0.2393539 0.4306946 -0.0489322 0.2673658 0.2242477 0.9358601
1311868243.312010 -1.5641071 -0.2164507 0.3909542 -0.0335348 0.2793619 0.2330451 0.9308718
1311868243.680036 -1.5281292 -0.1803698 0.3295951 -0.0410476 0.2440404 0.1974387 0.9485660
1311868244.012101 -1.4839214 -0.1272077 0.2594513 -0.0602070 0.2086777 0.1766724 0.9600081
1311868244.380022 -1.4607170 -0.0539180 0.2106797 -0.0554647 0.1750667 0.1524103 0.9711058
1311868244.780046 -1.4240799 0.0179964 0.1722693 -0.0564610 0.1808187 0.1571245 0.9692413
1311868245.148152 -1.3639576 0.0700392 0.1666102 -0.0726172 0.1998224 0.1537858 0.9649599
1311868245.648241 -1.2578317 0.1090225 0.1378088 -0.0488505 0.1628467 0.1471534 0.9743924
1311868245.980265 -1.1904269 0.1613314 0.1048450 -0.0585229 0.1439229 0.1662612 0.9737651
1311868246.380220 -1.1487384 0.2164284 0.0308187 -0.0789664 0.1262970 0.1451304 0.9781362
1311868246.848370 -1.1297206 0.2871920 -0.0546251 -0.0950753 0.1333957 0.1462702 0.9755877
1311868247.780427 -0.9766546 0.2255672 -0.0428457 -0.0888099 0.1333375 0.1502474 0.9755817
1311868248.080326 -0.9056730 0.1798857 -0.0060579 -0.0836016 0.1305331 0.1432099 0.9774778
1311868248.480364 -0.8077069 0.1322429 0.0304835 -0.0961393 0.1011110 0.1340982 0.9810970
1311868248.848299 -0.6984136 0.0796341 0.0502133 -0.1182608 0.0675155 0.0950783 0.9861116
1311868249.180476 -0.6043094 0.0454061 0.0641847 -0.1271100 0.0770779 0.0912769 0.9846678
1311868249.548294 -0.5492599 0.0064963 0.0973536 -0.1121123 0.0836195 0.0877337 0.9862766
1311868249.948306 -0.5071726 -0.0669468 0.1606263 -0.1061437 0.0905750 0.0907676 0.9860481
1311868250.316452 -0.4865479 -0.1490933 0.2199677 -0.0945251 0.0907724 0.0919869 0.9870987
1311868250.680503 -0.4703912 -0.2168958 0.2584016 -0.0876908 0.0777350 0.0921563 0.9888250
1311868251.048640 -0.4756108 -0.2501079 0.2694902 -0.0656836 0.0769213 0.0750809 0.9920341
1311868251.649011 -0.4242002 -0.1932495 0.2336082 -0.0720720 0.0732298 0.0733247 0.9920013
1311868252.048722 -0.3400669 -0.1458531 0.1727682 -0.0713875 0.0645032 0.0561485 0.9937759
1311868252.416673 -0.2481944 -0.0997638 0.1044432 -0.0713026 0.0513927 0.0174601 0.9959769
1311868252.816693 -0.1494408 -0.0324454 0.0519510 -0.0908083 0.0335757 0.0257384 0.9949694
1311868254.716785 0.3171264 0.0780785 0.0456664 -0.1266293 -0.0543261 -0.0131195 0.9903744
1311868255.484846 0.4621707 0.1339403 0.0143220 -0.1353459 -0.0870770 -0.0172697 0.9868135
1311868255.616865 0.4800113 0.1354589 0.0146630 -0.1346338 -0.0892860 -0.0137625 0.9867687
1311868256.316827 0.6312622 0.0891813 0.0834924 -0.1386841 -0.0998723 -0.0405165 0.9844545
1311868256.949184 0.7668799 0.0230334 0.1523312 -0.1130658 -0.1324001 -0.0546503 0.9832089
1311868257.549492 0.8926148 -0.0643959 0.2021702 -0.1186668 -0.1846837 -0.1082939 0.9695786
1311868258.251845 0.9515586 -0.1901434 0.2661396 -0.1320640 -0.2477119 -0.1593112 0.9464765
1311868258.985070 0.9437265 -0.3653092 0.4011096 -0.1161181 -0.2625509 -0.1646275 0.9436532
1311868259.685014 1.0141675 -0.4596140 0.5370598 -0.0805571 -0.2925238 -0.2186176 0.9274409
1311868261.787133 0.9785610 -0.4210934 0.5350689 -0.0959569 -0.3279450 -0.2208616 0.9134903
