1403637171.588319 -0.9855075 2.5184150 -0.9786575 -0.7806790 -0.0398352 -0.0084182 0.6236045
1403637171.688319 -1.1445280 2.5322893 -0.9658198 -0.7800598 -0.0436077 -0.0140115 0.6240262
1403637171.938319 -1.5534903 2.5119507 -0.9568391 -0.7764400 -0.0406484 -0.0272644 0.6282877
1403637172.438319 -2.4298954 2.2291384 -0.9829690 -0.7989633 0.0080584 0.0121438 0.6012033
1403637173.188319 -3.3693366 1.5439783 -0.8759375 -0.8496690 0.0865527 0.0082520 0.5200992
1403637173.688319 -3.5679884 1.3294427 -0.9728212 -0.8158790 0.2033461 -0.0501071 0.5389630
1403637173.788319 -3.5637801 1.3011920 -1.0062375 -0.8135565 0.2291066 -0.0534976 0.5317651
1403637173.888319 -3.5399582 1.2783253 -1.0437369 -0.8159068 0.2518436 -0.0574499 0.5172721
1403637173.988319 -3.4929600 1.2600589 -1.0750381 -0.8200029 0.2560450 -0.0774059 0.5060084
1403637174.038319 -3.4604485 1.2538557 -1.0844935 -0.8189372 0.2503691 -0.0949638 0.5075816
1403637174.188319 -3.3415396 1.2499523 -1.0825264 -0.7965088 0.2349958 -0.1352872 0.5404148
1403637174.388319 -3.1690259 1.2483286 -1.0435983 -0.7741026 0.2356813 -0.1392950 0.5708033
1403637174.438319 -3.1253767 1.2448012 -1.0302017 -0.7713903 0.2407878 -0.1327948 0.5738848
1403637174.538319 -3.0341296 1.2319448 -0.9988722 -0.7645569 0.2534230 -0.1230221 0.5797371
1403637174.888319 -2.6603560 1.1120656 -0.9038538 -0.7461311 0.2972112 -0.1862551 0.5659178
1403637175.038319 -2.4966791 1.0328255 -0.8842242 -0.7400488 0.3322051 -0.2050699 0.5476440
1403637175.438319 -2.0706122 0.7569106 -0.8656490 -0.6934540 0.3663334 -0.2421794 0.5712010
1403637175.588319 -1.9296262 0.6106517 -0.8783551 -0.6987174 0.3784092 -0.2295254 0.5620664
1403637175.888319 -1.6474156 0.2443866 -0.8818446 -0.7164133 0.3759353 -0.2270548 0.5420985
1403637176.038319 -1.4989214 0.0342444 -0.8514764 -0.7138099 0.3632920 -0.2401555 0.5484703
1403637176.188319 -1.3548496 -0.1883729 -0.8099077 -0.7075542 0.3530086 -0.2472073 0.5600363
1403637176.488319 -1.0994015 -0.6789149 -0.7664101 -0.7070758 0.3559678 -0.2574327 0.5541293
1403637177.538319 -0.2810103 -2.4869652 -0.9149988 -0.7511791 0.4149443 -0.2589493 0.4432793
1403637177.688319 -0.0979376 -2.6856961 -0.9542701 -0.7522230 0.4017306 -0.2844042 0.4380495
1403637177.838319 0.1008008 -2.8449404 -0.9714460 -0.7440341 0.4006461 -0.2994175 0.4429957
1403637178.788319 1.2804024 -3.0203106 -1.0607607 -0.6784368 0.4457552 -0.3896320 0.4349858
1403637179.088319 1.5311346 -2.7780030 -1.0904094 -0.6574375 0.4583136 -0.3700757 0.4698602
1403637179.238319 1.6279788 -2.6497355 -1.1221142 -0.6647808 0.4605046 -0.3635864 0.4623928
1403637179.388319 1.7090902 -2.5169199 -1.1234827 -0.6709754 0.4577099 -0.3640352 0.4558202
1403637180.438319 1.8979681 -1.3246639 -1.4061706 -0.6727731 0.4698587 -0.3467253 0.4543027
1403637180.588319 1.8763632 -1.1216999 -1.4408281 -0.6826683 0.4779130 -0.3359581 0.4389707
1403637180.738319 1.8695182 -0.9110391 -1.4500108 -0.6785377 0.4655671 -0.3556286 0.4431277
1403637180.888319 1.8644235 -0.6911103 -1.4417723 -0.6747155 0.4559885 -0.3746517 0.4432490
1403637181.188319 1.8251631 -0.2018518 -1.3797185 -0.6686432 0.4594832 -0.3841775 0.4406803
1403637181.338319 1.7860438 0.0675175 -1.3215617 -0.6551703 0.4700089 -0.3753965 0.4570790
1403637181.538319 1.7154475 0.4264915 -1.2248769 -0.6530707 0.4702337 -0.3814535 0.4548320
1403637181.738319 1.6165178 0.7887357 -1.1038766 -0.6529896 0.4804461 -0.3759405 0.4488262
1403637181.888319 1.5340295 1.0615369 -1.0143926 -0.6461280 0.4862197 -0.3728401 0.4550816
1403637182.088319 1.4158142 1.4193668 -0.9145808 -0.6411237 0.4852845 -0.3748715 0.4614441
1403637182.388319 1.2052228 1.9311628 -0.7911637 -0.6253949 0.4845293 -0.3650926 0.4907341
1403637182.588319 1.0335317 2.2331533 -0.7142406 -0.6226529 0.4716370 -0.3764395 0.4981518
1403637182.738319 0.8777292 2.4385889 -0.6420977 -0.6236719 0.4704193 -0.3755613 0.4986912
1403637182.888319 0.6997453 2.6276205 -0.5745542 -0.6201929 0.4768142 -0.3672551 0.5031228
1403637183.388319 -0.0165346 3.0840178 -0.5432310 -0.6052681 0.4983313 -0.3378690 0.5207314
1403637183.588319 -0.3421564 3.1655159 -0.5846686 -0.6030927 0.5014036 -0.3343144 0.5225969
1403637183.788319 -0.6865242 3.1812022 -0.6398674 -0.6012891 0.5101069 -0.3215851 0.5242379
1403637183.988319 -1.0297503 3.1244166 -0.6830522 -0.6032702 0.5247986 -0.3004260 0.5199960
1403637184.188319 -1.3609157 2.9822187 -0.6926433 -0.6069509 0.5295513 -0.2969373 0.5128492
1403637184.388319 -1.6701499 2.7693806 -0.7106112 -0.6270937 0.5146673 -0.3242551 0.4865488
1403637184.738319 -2.1723664 2.3407302 -0.8169894 -0.6582963 0.5152077 -0.3204573 0.4455493
1403637184.988319 -2.4639375 2.0275557 -0.8609861 -0.6665674 0.5179610 -0.3143572 0.4342625
1403637185.388319 -2.7545223 1.5411136 -0.8173209 -0.6788900 0.5184323 -0.3140883 0.4143488
1403637185.888319 -2.8360751 1.0158081 -0.6309246 -0.6633632 0.4992837 -0.3488239 0.4347265
1403637186.088319 -2.8235538 0.8357155 -0.5805093 -0.6558573 0.4947523 -0.3562962 0.4451116
1403637186.288319 -2.8084979 0.6688153 -0.5184625 -0.6554890 0.4937536 -0.3570227 0.4461797
1403637186.688319 -2.7677717 0.3713678 -0.3171647 -0.6442784 0.5009845 -0.3507366 0.4592426
1403637187.188319 -2.7066569 -0.0410532 -0.1890650 -0.6306943 0.5242374 -0.3218722 0.4730732
1403637187.688319 -2.5435858 -0.5765824 -0.2070205 -0.6481470 0.5359675 -0.3378711 0.4224778
1403637188.188319 -2.1970134 -1.0884553 -0.2772567 -0.6499378 0.5276723 -0.3555735 0.4155844
1403637188.688319 -1.7361867 -1.5087109 -0.4117355 -0.6162642 0.5322249 -0.3774760 0.4409842
1403637189.088319 -1.4003358 -1.8509508 -0.5638580 -0.5870177 0.5767058 -0.3843970 0.4184014
1403637189.388319 -1.1512611 -2.1352048 -0.6674628 0.5850254 -0.5896860 0.3790179 -0.4078740
1403637190.038319 -0.5901847 -2.7885134 -0.7727619 -0.5862871 0.5656816 -0.4053212 0.4147126
1403637190.338319 -0.3737783 -3.0794525 -0.7063444 -0.5817167 0.5646879 -0.4105940 0.4173080
1403637190.838319 -0.0847609 -3.5306818 -0.5797722 -0.5958775 0.5493793 -0.4062952 0.4219441
1403637191.088319 0.0225658 -3.7330508 -0.5686947 -0.6023214 0.5391407 -0.3921605 0.4390289
1403637191.588319 0.1722002 -4.1321530 -0.6194023 -0.6097359 0.5275666 -0.4005130 0.4352989
1403637192.138319 0.2534294 -4.4653072 -0.5161417 -0.6321123 0.5359688 -0.4008669 0.3904834
1403637192.388319 0.3053060 -4.5287590 -0.4061607 -0.6380152 0.5311920 -0.4089589 0.3788460
1403637192.638319 0.3777533 -4.5266209 -0.3166735 -0.6313488 0.5518268 -0.3834010 0.3871557
1403637192.938319 0.5108271 -4.4825993 -0.2487077 -0.6259820 0.5507402 -0.3835053 0.3971843
1403637193.288319 0.7162635 -4.3997121 -0.1184574 -0.6139542 0.5741081 -0.3485653 0.4146836
1403637193.588319 0.9473171 -4.3564062 -0.0620937 -0.6227344 0.5488321 -0.3847667 0.4036580
1403637193.838319 1.1675777 -4.3061604 0.0066170 -0.6278062 0.5420467 -0.3923922 0.3975841
1403637194.088319 1.3986485 -4.2266569 0.0670257 -0.6205688 0.5380141 -0.3988043 0.4079098
1403637194.338319 1.6238449 -4.1259141 0.0633396 -0.6203350 0.5412546 -0.3955644 0.4071323
1403637194.588319 1.8487201 -4.0014195 0.0870350 -0.6217164 0.5441034 -0.3921941 0.4044800
1403637194.838319 2.0807064 -3.8553443 0.1427719 -0.6252761 0.5505368 -0.3861535 0.3960109
1403637195.088319 2.3281004 -3.6912708 0.1752014 -0.6160421 0.5466065 -0.3942520 0.4077729
1403637195.288319 2.5244710 -3.5517666 0.1731880 -0.6085705 0.5404552 -0.4038846 0.4176449
1403637196.038319 3.1214075 -2.9784508 0.2274964 -0.6350523 0.5008462 -0.4144558 0.4172388
1403637196.288319 3.2572863 -2.7357929 0.2434646 -0.6298789 0.4719052 -0.4502916 0.4216582
1403637196.538319 3.3148375 -2.4222307 0.2294735 -0.6240255 0.4656070 -0.4618554 0.4248433
1403637196.788319 3.2780952 -2.0383422 0.1872753 -0.6183150 0.4802111 -0.4477367 0.4319905
1403637197.038319 3.1542568 -1.6084285 0.1217515 -0.6118023 0.4883074 -0.4373292 0.4427156
1403637197.288319 2.9487817 -1.1472511 0.0788465 -0.6324824 0.4820793 -0.3950568 0.4598867
1403637197.538319 2.6851382 -0.6871611 0.0823605 -0.6817976 0.4325369 -0.3410875 0.4813763
1403637197.788319 2.3926632 -0.2388990 0.1282761 -0.7334623 0.3452711 -0.2918848 0.5075670
1403637198.288319 1.6937952 0.6353126 0.3562452 -0.7809032 0.1973139 -0.2166411 0.5516558
1403637198.538319 1.2736590 1.0646834 0.4940132 -0.7847536 0.1431079 -0.2038032 0.5675793
1403637198.738319 0.8983710 1.3992780 0.5387841 -0.7831399 0.1283030 -0.2040016 0.5732482
1403637198.988319 0.3641121 1.7957282 0.5120955 -0.7658091 0.1371805 -0.1880708 0.5994558
1403637199.238319 -0.2441331 2.1361356 0.4896984 -0.7714438 0.1339366 -0.1463095 0.6045899
1403637199.438319 -0.7599666 2.3531046 0.5025468 -0.7763226 0.0957219 -0.1208002 0.6112019
1403637199.638319 -1.2919227 2.5209041 0.5155385 -0.7781796 0.0522229 -0.0844483 0.6201434
1403637199.888319 -1.9691129 2.6643691 0.4721107 -0.7695472 0.0097085 -0.0008822 0.6385155
1403637200.088319 -2.4868541 2.7182069 0.3694499 -0.7470289 -0.0353765 0.0766220 0.6594130
1403637200.188319 -2.7228029 2.7144909 0.3089025 -0.7397778 -0.0687489 0.1016893 0.6615601
1403637200.288319 -2.9397440 2.6897168 0.2416985 -0.7426642 -0.1061628 0.1110790 0.6517982
1403637200.388319 -3.1392052 2.6460524 0.1733515 -0.7553516 -0.1401231 0.1072540 0.6311150
1403637200.988319 -4.1487484 2.2207417 -0.0219853 -0.7869324 -0.1368877 0.1277899 0.5879362
1403637202.638319 -4.5800142 1.1618887 0.0068862 -0.8248658 -0.0738452 0.0703191 0.5560562
1403637205.138319 -3.5682671 0.8732837 -0.0226058 -0.8180479 -0.0746599 0.0344020 0.5692452
1403637205.638319 -3.5590038 0.7923622 -0.0337257 -0.8095316 -0.0995744 0.0476418 0.5766054
1403637208.138319 -3.6990483 0.2329276 0.0650194 -0.8134037 -0.0888107 0.0519361 0.5725294
1403637208.638319 -3.6718662 0.1220899 0.1611015 -0.8111195 -0.0809030 0.0542312 0.5767139
1403637209.538319 -3.6752579 -0.1145956 0.1019012 -0.8225682 -0.1340805 0.0679480 0.5484405
1403637211.788319 -5.1590686 2.2590458 -0.4539979 -0.8210943 -0.1199775 0.0999305 0.5490205
1403637211.988319 -5.2844963 2.6085923 -0.5018401 -0.8260751 -0.1185553 0.1011458 0.5415847
1403637212.238319 -5.4180136 3.0639038 -0.5155029 -0.8053033 -0.1220089 0.0920748 0.5728199
1403637212.438319 -5.5116658 3.4131625 -0.5002589 -0.8000530 -0.1210734 0.0890955 0.5807912
1403637212.638319 -5.5946207 3.7390590 -0.4676466 -0.8099663 -0.1210928 0.0838012 0.5676870
1403637212.888319 -5.6950507 4.1384850 -0.4125385 -0.8163738 -0.1259946 0.0755865 0.5585212
1403637213.138319 -5.8022652 4.5385647 -0.3471065 -0.8166552 -0.1300196 0.0765731 0.5570510
1403637213.338319 -5.8937550 4.8606167 -0.3148365 -0.8160614 -0.1294894 0.0819370 0.5572814
1403637213.538319 -5.9859734 5.1818981 -0.3022556 -0.8112758 -0.1306210 0.0808758 0.5641177
1403637213.738319 -6.0793738 5.4929428 -0.3128710 -0.8072852 -0.1447917 0.0611272 0.5688493
1403637213.988319 -6.2204919 5.8572645 -0.3527784 -0.8069581 -0.1518104 0.0548994 0.5681180
1403637214.188319 -6.3664083 6.1320729 -0.3655672 -0.7982373 -0.1550967 0.0792371 0.5766140
1403637214.388319 -6.5249915 6.3837395 -0.3506002 -0.7833159 -0.1828840 0.1018396 0.5853191
1403637214.638319 -6.7307124 6.6408587 -0.3044672 -0.7561898 -0.2493717 0.1145306 0.5940318
1403637214.938319 -7.0174847 6.8398204 -0.2118282 -0.7367085 -0.2866993 0.1221987 0.6001096
1403637215.238319 -7.3508177 6.8947029 -0.1502743 -0.7303262 -0.2828030 0.1344479 0.6070996
1403637215.488319 -7.6482468 6.8267040 -0.1305094 -0.7183459 -0.2824958 0.1760602 0.6108831
1403637215.688319 -7.8657017 6.6923237 -0.1086912 -0.7047283 -0.3108854 0.2112010 0.6017495
1403637215.938319 -8.0942888 6.4431219 -0.0519981 -0.7039191 -0.3649486 0.2447301 0.5580482
1403637216.138319 -8.2497501 6.2094107 0.0211315 -0.6981096 -0.3908237 0.2741124 0.5336312
1403637216.388319 -8.4117632 5.9075599 0.0929317 -0.6873526 -0.4015934 0.3000284 0.5255968
1403637216.638319 -8.5279551 5.6046896 0.1269274 -0.6779577 -0.3950104 0.3131815 0.5350304
1403637216.938319 -8.5741587 5.2295165 0.1526489 -0.6678860 -0.3816101 0.3181412 0.5541553
1403637217.238319 -8.4878578 4.8251729 0.2028799 -0.6919968 -0.3675003 0.3266346 0.5285773
1403637217.538319 -8.2909098 4.4424090 0.1952791 -0.7007627 -0.3571334 0.3320616 0.5206943
1403637217.788319 -8.0441856 4.1531806 0.1597967 -0.6645833 -0.3992972 0.3238195 0.5422470
1403637218.038319 -7.7293673 3.8417141 0.1540318 -0.6382051 -0.4514598 0.3368078 0.5248227
1403637218.238319 -7.4420738 3.5750861 0.1621256 -0.6334479 -0.4710224 0.3453580 0.5075526
1403637218.438319 -7.1355400 3.3005300 0.1494989 -0.6299086 -0.4772268 0.3487047 0.5038600
1403637218.588319 -6.8914685 3.0879986 0.1373281 -0.6289628 -0.4780181 0.3479294 0.5048264
1403637218.838319 -6.4666834 2.7222822 0.1322346 -0.6374159 -0.4807239 0.3374169 0.4987538
1403637219.088319 -6.0303688 2.3417149 0.0558472 -0.6343052 -0.4886235 0.3200698 0.5064181
1403637219.288319 -5.6805987 2.0122340 -0.0114655 -0.6367184 -0.4874083 0.3199475 0.5046350
1403637220.338319 -4.0894890 0.1500063 0.0816801 -0.6730462 -0.4853182 0.3160995 0.4599525
1403637220.588319 -3.8319373 -0.2534713 0.2010524 -0.6751715 -0.4692178 0.3353056 0.4599439
1403637221.138319 -3.3330898 -1.0023495 0.3284068 -0.6869011 -0.4660197 0.3184222 0.4578208
1403637221.638319 -2.9930956 -1.5075030 0.2915784 -0.7159193 -0.4272944 0.2861538 0.4722236
1403637224.388319 -2.6237814 -2.0776846 0.1852260 -0.7413703 -0.3358189 0.2247851 0.5357869
1403637224.888319 -2.6633248 -2.0849133 0.1083615 -0.7430577 -0.3303232 0.2317548 0.5338929
1403637225.188319 -2.6698971 -2.1007357 0.0600568 -0.7385495 -0.3350407 0.2249807 0.5400704
1403637225.438319 -2.6750143 -2.1285319 0.0020337 -0.7354205 -0.3361050 0.2270285 0.5428151
1403637225.738319 -2.6680074 -2.1900256 -0.0081975 -0.7389256 -0.3410022 0.2239523 0.5362387
1403637226.038319 -2.6740537 -2.2648761 0.0578203 -0.7384873 -0.3411726 0.2257987 0.5359596
1403637226.288319 -2.6856015 -2.3369842 0.1197583 -0.7343005 -0.3396806 0.2278551 0.5417581
1403637226.838319 -2.7253628 -2.5292091 0.1466018 -0.7506762 -0.3491915 0.2155312 0.5177808
1403637227.138319 -2.7943351 -2.6173291 0.1238852 -0.7555215 -0.3263997 0.2438768 0.5130055
1403637227.688319 -2.9033964 -2.6743085 0.1403147 -0.7563688 -0.3273280 0.2318920 0.5167093
1403637228.288319 -2.9956155 -2.6477659 0.0611681 -0.7357107 -0.3291056 0.2324151 0.5444286
1403637228.638319 -3.0140686 -2.6640429 0.0745726 -0.7298628 -0.3356089 0.2275048 0.5503713
1403637229.038319 -3.0152187 -2.7332916 0.1072778 -0.7421237 -0.3360768 0.2248646 0.5345472
1403637229.338319 -3.0144129 -2.7974181 0.0888627 -0.7370503 -0.3344039 0.2185374 0.5451351
1403637229.738319 -3.0001373 -2.8885684 0.0140406 -0.7957501 -0.2476375 0.1958700 0.5168099
1403637230.138319 -2.9676795 -2.8809032 -0.0832055 -0.8072993 -0.1605748 0.1013559 0.5587580
1403637230.538319 -2.9644406 -2.8510437 -0.0942385 -0.8068168 -0.1142106 0.0655326 0.5759411
1403637230.888319 -2.9728930 -2.8266175 -0.0214093 -0.8173135 -0.0528582 0.0448428 0.5720086
1403637231.288319 -2.9283679 -2.7802982 -0.0171716 -0.8300290 0.0771530 -0.0300554 0.5515397
1403637231.588319 -2.8419459 -2.7141163 -0.1652079 -0.8083851 0.2027620 -0.0972838 0.5440007
1403637232.088319 -2.5499508 -2.5987663 -0.4411168 -0.7472487 0.3569874 -0.2046804 0.5218096
1403637232.488319 -2.1957200 -2.5649686 -0.5021861 -0.6877521 0.4305214 -0.2794020 0.5134033
1403637232.938319 -1.7517978 -2.6828537 -0.4668505 -0.6512950 0.5395147 -0.2929679 0.4459917
1403637233.338319 -1.2073619 -2.8992996 -0.3819768 -0.6681815 0.5498262 -0.3019964 0.4000285
1403637233.838319 -0.2605386 -3.1191297 -0.4601723 -0.6911327 0.4500747 -0.4110983 0.3882869
1403637234.788319 1.1004236 -2.1317737 -0.9286817 -0.6712089 0.4195478 -0.3856170 0.4740861
1403637235.238319 1.3035825 -1.3083887 -1.1691892 -0.7036290 0.3655992 -0.3121113 0.5232878
1403637236.138319 1.2347187 0.2579721 -1.2353456 -0.7707137 0.2204658 -0.2708192 0.5329654
1403637238.138319 -2.2005653 2.3610864 0.0326684 -0.7695091 0.1490315 -0.0428437 0.6195239
1403637238.488319 -2.7640898 2.0236239 0.2309271 -0.7556161 0.2826583 -0.0555263 0.5882734
1403637239.038319 -3.0703723 1.1617106 0.4210674 -0.7840686 0.4102208 -0.0713290 0.4602907
1403637239.538319 -2.4463687 0.3652671 0.5642774 -0.7525058 0.4189080 -0.1875518 0.4723086
1403637239.988319 -1.5318089 -0.3065070 0.4205691 -0.6664948 0.4768254 -0.3167171 0.4776114
1403637240.438319 -0.6284238 -0.9895844 0.1318071 -0.6167438 0.5584133 -0.3752327 0.4086589
1403637240.838319 0.1673754 -1.5415572 -0.0414138 -0.6148607 0.5601446 -0.3979450 0.3870713
1403637241.238319 0.9718888 -1.9764733 -0.1420873 -0.6142972 0.5406668 -0.4097383 0.4030298
1403637241.688319 1.7982588 -2.3047526 -0.3021557 -0.6250929 0.5071058 -0.4377414 0.4006061
1403637242.038319 2.3144433 -2.3701828 -0.3435063 -0.5978594 0.5030806 -0.4379126 0.4446421
1403637242.338319 2.6160955 -2.3492708 -0.3351085 -0.6076402 0.4978834 -0.4510599 0.4235924
1403637242.788319 2.8162985 -2.1350675 -0.3368829 -0.6196590 0.4729323 -0.4438255 0.4420143
1403637243.188319 2.7188010 -1.7797487 -0.2806487 -0.6379657 0.4509853 -0.4206175 0.4611864
1403637243.538319 2.4727850 -1.4069874 -0.2862709 -0.6453859 0.4662868 -0.3953993 0.4579445
1403637243.888319 2.1456232 -0.9995797 -0.2436012 -0.6458693 0.5028951 -0.3515035 0.4543070
1403637244.288319 1.7944189 -0.5885317 -0.0606949 -0.6403799 0.5134684 -0.3486708 0.4524295
1403637244.738319 1.4651566 -0.2106964 0.2173966 -0.6778798 0.4799399 -0.3428129 0.4388805
1403637245.088319 1.2759987 0.0968658 0.3713532 -0.6958613 0.4709803 -0.3106241 0.4443729
1403637245.538319 1.1866663 0.5158541 0.4762901 -0.7045668 0.4542929 -0.3164333 0.4439296
1403637246.038319 1.2112458 1.0592071 0.4815539 -0.7353495 0.3566614 -0.2751383 0.5063128
1403637246.488319 1.1896986 1.5594158 0.3774087 -0.7874206 0.1790303 -0.1763471 0.5628665
1403637246.838319 1.0877230 1.9054646 0.2545800 -0.7901717 0.0465198 -0.1022197 0.6025078
1403637247.188319 0.8685740 2.1596131 0.1796446 -0.8164777 -0.0175134 -0.0385258 0.5758241
1403637247.588319 0.5447333 2.3976755 0.0702164 -0.7924185 -0.0214879 -0.0234577 0.6091477
1403637247.938319 0.1960858 2.4994349 -0.0423937 -0.7851698 -0.0679913 -0.0136736 0.6153849
1403637248.288319 -0.2333909 2.4679265 -0.0890045 -0.8017066 -0.1036016 0.0362941 0.5875508
1403637248.638319 -0.6863934 2.3840978 -0.1630237 -0.7942091 -0.1126186 0.0482080 0.5951681
1403637248.938319 -1.0844231 2.2651107 -0.1769643 -0.8075009 -0.1064013 0.0407402 0.5787585
1403637249.288319 -1.5712909 2.1073401 -0.1078372 -0.8085148 -0.0969508 0.0360528 0.5793139
1403637249.588319 -2.0071959 1.9648571 -0.0744491 -0.8078052 -0.0933226 0.0360018 0.5809007
1403637249.938319 -2.5285535 1.7802175 -0.1330149 -0.7958512 -0.1034416 0.0470218 0.5947349
1403637250.338319 -3.1178608 1.5143046 -0.1320717 -0.8031152 -0.1269955 0.1002820 0.5734297
1403637250.788319 -3.6748090 1.2342341 -0.1625211 -0.8089986 -0.1426637 0.1220544 0.5570198
1403637252.138319 -4.5351005 0.8387967 0.2330983 -0.7663298 -0.2302127 0.1630552 0.5771948
1403637252.538319 -4.6256943 0.7243654 0.2345355 -0.7771028 -0.2257632 0.1714412 0.5619165
1403637252.938319 -4.6553469 0.6056088 0.1794064 -0.7894989 -0.2239665 0.1699687 0.5455650
1403637253.438319 -4.6318798 0.5080607 0.1881421 -0.7799745 -0.2242788 0.1637824 0.5608156
1403637254.438319 -4.4893546 0.2211539 0.2839112 -0.7734710 -0.2583147 0.1633465 0.5552784
1403637254.888319 -4.4401393 0.0277057 0.3415840 -0.7648312 -0.2688699 0.1777487 0.5578060
1403637255.288319 -4.4044676 -0.1724131 0.3332572 -0.7565660 -0.2823439 0.1945080 0.5568271
1403637255.838319 -4.3322778 -0.5010728 0.3388073 -0.7332293 -0.3536046 0.2319131 0.5324988
1403637256.238319 -4.2865872 -0.7605896 0.4067705 -0.7103217 -0.3967642 0.2600733 0.5199837
1403637256.988319 -4.2244692 -1.2953453 0.3807451 -0.7202953 -0.3877262 0.2740302 0.5057179
1403637257.338319 -4.1939602 -1.5302635 0.3872935 -0.7030113 -0.4136048 0.2790968 0.5067654
1403637257.638319 -4.1756330 -1.7294252 0.4163153 -0.7006374 -0.4261128 0.2783146 0.5000761
1403637257.938319 -4.1764827 -1.9318826 0.3961464 -0.7036669 -0.4402319 0.2856825 0.4789931
1403637258.288319 -4.2202020 -2.1485662 0.3700470 -0.6675857 -0.4785991 0.3203848 0.4718325
1403637258.588319 -4.2824121 -2.3187923 0.3430257 -0.6565094 -0.4909061 0.3454299 0.4568203
1403637258.888319 -4.3456855 -2.4654622 0.2860205 -0.6493390 -0.4887716 0.3540540 0.4627170
1403637259.188319 -4.3984919 -2.5872912 0.2766197 -0.6524451 -0.4841974 0.3557130 0.4618837
1403637259.488319 -4.4369402 -2.6820946 0.3193331 -0.6572062 -0.4746430 0.3632551 0.4591731
1403637259.788319 -4.4477444 -2.7367678 0.3286288 -0.6588486 -0.4781202 0.3557912 0.4590558
1403637260.288319 -4.4231353 -2.7556939 0.2736387 -0.6510382 -0.4869662 0.3442981 0.4695444
1403637260.538319 -4.3971753 -2.7593307 0.2193637 -0.6470007 -0.4986944 0.3295028 0.4734152
1403637260.788319 -4.3845000 -2.7807384 0.1625540 -0.6534136 -0.4984859 0.3306293 0.4639469
1403637261.088319 -4.3852558 -2.8186371 0.0949891 -0.6474043 -0.4930370 0.3408539 0.4707448
1403637261.388319 -4.3896751 -2.8653793 0.0395525 -0.6547413 -0.4980934 0.3334573 0.4604596
1403637261.638319 -4.4069676 -2.9024348 0.0236030 -0.6600760 -0.4970275 0.3343568 0.4532869
1403637261.888319 -4.4440904 -2.9285808 0.0366819 -0.6537898 -0.4935921 0.3376230 0.4636125
1403637262.338319 -4.5050483 -2.9657638 0.0017664 -0.6511329 -0.4536316 0.3863865 0.4700529
1403637262.788319 -4.4904046 -2.9562523 -0.0121244 -0.6659184 -0.4374431 0.3579872 0.4868690
1403637262.938319 -4.4910102 -2.9555147 -0.0140868 -0.6654829 -0.4386359 0.3569610 0.4871448
1403637263.438319 -4.4925098 -2.9552588 -0.0152223 -0.6662350 -0.4385435 0.3574509 0.4858388
1403637263.788319 -4.4926209 -2.9556377 -0.0144892 -0.6663573 -0.4383061 0.3576479 0.4857403
1403637264.088319 -4.4921436 -2.9557176 -0.0140409 -0.6663890 -0.4384592 0.3573757 0.4857590
1403637264.588319 -4.4921451 -2.9559748 -0.0142571 -0.6665478 -0.4383756 0.3574491 0.4855627
1403637264.838319 -4.4922657 -2.9558783 -0.0141627 -0.6666217 -0.4383534 0.3574056 0.4855131
1403637265.338319 -4.4921250 -2.9558032 -0.0138242 -0.6668384 -0.4383087 0.3575093 0.4851795
