1403636581.913555384 0.00422 -0.00138 -0.11219 0.81973 0.08939 0.55391 -0.11507
1403636582.013555527 -0.02196 -0.00512 -0.17352 0.82879 0.08700 0.54115 -0.11264
1403636582.113555431 -0.02356 0.00137 -0.21766 0.83809 0.08866 0.52723 -0.10849
1403636582.213555574 -0.02783 0.00667 -0.23923 0.84417 0.09085 0.51705 -0.10853
1403636582.413555384 -0.02401 0.00811 -0.18457 0.84172 0.09139 0.52026 -0.11173
1403636582.513555527 -0.02103 0.00639 -0.12313 0.83436 0.09037 0.53225 -0.11129
1403636582.613555431 -0.01685 0.00423 -0.05362 0.83065 0.08810 0.53951 -0.10576
1403636582.713555574 -0.00687 -0.00109 0.01171 0.82861 0.08413 0.54398 -0.10207
1403636582.813555479 -0.00174 -0.01008 0.07847 0.82455 0.07740 0.55114 -0.10186
1403636582.913555384 0.00467 -0.01800 0.14193 0.81696 0.06807 0.56377 -0.10058
1403636583.013555527 0.00771 -0.02429 0.19002 0.80735 0.06479 0.57770 -0.10126
1403636583.113555431 0.00387 -0.03436 0.20845 0.80150 0.06553 0.58590 -0.10012
1403636583.313555479 0.00205 -0.03015 0.15929 0.80270 0.07016 0.58425 -0.09693
1403636583.413555384 0.00051 -0.02509 0.09831 0.80452 0.07193 0.58128 -0.09843
1403636583.513555527 -0.00161 -0.02346 0.03014 0.80691 0.07743 0.57692 -0.10034
1403636583.613555431 -0.00629 -0.02221 -0.03976 0.81242 0.07808 0.57037 -0.09247
1403636583.713555574 -0.01206 -0.01946 -0.10772 0.82264 0.07523 0.55586 -0.09284
1403636583.813555479 -0.01830 -0.01653 -0.16673 0.83498 0.07297 0.53691 -0.09599
1403636583.913555384 -0.02459 -0.01541 -0.21296 0.84178 0.07495 0.52676 -0.09117
1403636584.013555527 -0.02985 -0.01182 -0.23976 0.84350 0.08105 0.52322 -0.09047
1403636584.113555431 -0.03367 -0.00996 -0.23965 0.84277 0.08341 0.52355 -0.09314
1403636584.213555574 -0.03115 -0.00852 -0.21143 0.84247 0.08478 0.52374 -0.09355
1403636584.313555479 -0.02617 -0.00792 -0.16171 0.84053 0.08427 0.52695 -0.09348
1403636584.413555384 -0.02224 -0.00956 -0.09552 0.83858 0.08526 0.53094 -0.08724
1403636584.513555527 -0.00779 -0.01203 -0.02639 0.83436 0.08494 0.53833 -0.08264
1403636584.613555431 0.00307 -0.01247 0.04812 0.82638 0.08019 0.55126 -0.08226
1403636584.713555574 0.00885 -0.01619 0.11833 0.81487 0.07355 0.56936 -0.08005
1403636584.813555479 0.01168 -0.01850 0.17803 0.80458 0.06864 0.58458 -0.07873
1403636584.913555384 0.01149 -0.01957 0.21948 0.79778 0.06468 0.59371 -0.08296
1403636585.213555574 0.01209 -0.01623 0.18536 0.80326 0.05297 0.58853 -0.07490
1403636585.313555479 0.01375 -0.01679 0.13502 0.80668 0.05419 0.58496 -0.06444
1403636585.413555384 0.01347 -0.01804 0.07958 0.80950 0.05692 0.58180 -0.05456
1403636585.513555527 0.01182 -0.01837 0.02533 0.81499 0.06530 0.57273 -0.05928
1403636585.613555431 0.00260 -0.01945 -0.02089 0.82086 0.07294 0.56254 -0.06654
1403636585.713555574 -0.00861 -0.02066 -0.05332 0.82779 0.07566 0.55074 -0.07562
1403636585.813555479 -0.02039 -0.02282 -0.06892 0.83582 0.07404 0.53769 -0.08259
1403636585.913555384 -0.03162 -0.02365 -0.07321 0.84560 0.07305 0.52125 -0.08899
1403636586.013555527 -0.03816 -0.02570 -0.07321 0.85804 0.06863 0.50155 -0.08657
1403636586.113555431 -0.04324 -0.02608 -0.07009 0.87046 0.06118 0.48255 -0.07555
1403636586.213555574 -0.05005 -0.02363 -0.06467 0.87972 0.05395 0.46720 -0.07003
1403636586.313555479 -0.05842 -0.02203 -0.06073 0.88909 0.05083 0.44956 -0.06957
1403636586.413555384 -0.06864 -0.02322 -0.05867 0.89861 0.04692 0.43064 -0.06959
1403636586.513555527 -0.07920 -0.02758 -0.05676 0.90638 0.04829 0.41421 -0.06757
1403636586.613555431 -0.08467 -0.03476 -0.05314 0.91065 0.05103 0.40428 -0.06830
1403636586.813555479 -0.07902 -0.05246 -0.04706 0.90661 0.05086 0.41230 -0.07400
1403636587.013555527 -0.06756 -0.05775 -0.04824 0.90191 0.05969 0.42090 -0.07642
1403636587.313555479 -0.04513 -0.07623 -0.05009 0.90554 0.06380 0.41273 -0.07475
1403636587.413555384 -0.03373 -0.09531 -0.05164 0.90660 0.06046 0.41108 -0.07366
1403636587.513555527 -0.02203 -0.12118 -0.05342 0.90784 0.05609 0.40884 -0.07443
1403636587.613555431 -0.01026 -0.15354 -0.05450 0.90824 0.05139 0.40861 -0.07419
1403636587.713555574 0.00284 -0.18958 -0.05395 0.90643 0.04459 0.41363 -0.07288
1403636587.813555479 0.01585 -0.22661 -0.05328 0.90426 0.03621 0.41959 -0.07038
1403636587.913555384 0.02673 -0.26222 -0.05589 0.90483 0.02932 0.41950 -0.06663
1403636588.013555527 0.03494 -0.29434 -0.06123 0.90913 0.02310 0.41178 -0.05820
1403636588.113555431 0.04143 -0.31969 -0.06764 0.91277 0.01750 0.40440 -0.05489
1403636588.213555574 0.04659 -0.33825 -0.07355 0.91364 0.01763 0.40254 -0.05393
1403636588.713555574 0.03259 -0.31220 -0.07148 0.91084 0.01750 0.40824 -0.05836
1403636588.813555479 0.02248 -0.28566 -0.07014 0.91181 0.02195 0.40546 -0.06098
1403636588.913555384 0.01167 -0.25273 -0.06857 0.91184 0.02519 0.40460 -0.06492
1403636589.013555527 -0.00060 -0.21508 -0.06461 0.91042 0.03004 0.40689 -0.06840
1403636589.113555431 -0.01420 -0.17445 -0.05841 0.90776 0.03611 0.41170 -0.07187
1403636589.213555574 -0.02744 -0.13105 -0.05125 0.90587 0.04011 0.41504 -0.07445
1403636589.313555479 -0.04123 -0.08540 -0.04582 0.90614 0.04544 0.41356 -0.07623
1403636589.413555384 -0.05287 -0.03900 -0.04478 0.90743 0.05141 0.40977 -0.07763
1403636589.513555527 -0.06819 0.00746 -0.04189 0.90699 0.05484 0.41024 -0.07782
1403636589.613555431 -0.08236 0.05308 -0.04086 0.90557 0.05774 0.41260 -0.07975
1403636589.713555574 -0.09609 0.09795 -0.04038 0.90448 0.06084 0.41429 -0.08110
1403636589.813555479 -0.10875 0.14080 -0.04253 0.90487 0.06596 0.41170 -0.08582
1403636589.913555384 -0.12009 0.17778 -0.04611 0.90679 0.07256 0.40531 -0.09052
1403636590.013555527 -0.12954 0.20814 -0.04917 0.90651 0.07759 0.40317 -0.09841
1403636590.213555574 -0.14044 0.24074 -0.04644 0.90044 0.08387 0.41310 -0.10735
1403636590.413555384 -0.14175 0.22377 -0.04257 0.90183 0.08324 0.41204 -0.10004
1403636590.513555527 -0.13930 0.19752 -0.03972 0.90190 0.07997 0.41401 -0.09366
1403636590.613555431 -0.13450 0.16336 -0.03659 0.90115 0.07673 0.41751 -0.08789
1403636590.813555479 -0.11734 0.08193 -0.03716 0.90386 0.06728 0.41471 -0.08075
1403636590.913555384 -0.10539 0.03685 -0.04089 0.90666 0.06314 0.40940 -0.07985
1403636591.013555527 -0.09227 -0.00909 -0.04493 0.90737 0.06131 0.40840 -0.07834
1403636591.113555431 -0.07862 -0.05240 -0.04826 0.90667 0.06070 0.40958 -0.08065
1403636591.213555574 -0.06535 -0.09235 -0.05151 0.90713 0.05774 0.40886 -0.08133
1403636591.313555479 -0.05253 -0.12790 -0.05726 0.90854 0.05467 0.40651 -0.07942
1403636591.413555384 -0.04465 -0.15400 -0.06346 0.90974 0.05015 0.40496 -0.07658
1403636591.613555431 -0.02614 -0.18774 -0.08014 0.90641 0.03614 0.41592 -0.06427
1403636591.713555574 -0.01769 -0.19605 -0.08545 0.89852 0.02778 0.43458 -0.05509
1403636591.813555479 -0.01096 -0.20093 -0.08591 0.88945 0.02077 0.45426 -0.04575
1403636591.913555384 -0.00463 -0.20473 -0.08429 0.88320 0.01264 0.46715 -0.03948
1403636592.013555527 0.00395 -0.21060 -0.08386 0.88501 0.00215 0.46422 -0.03543
1403636592.113555431 0.01993 -0.22015 -0.08471 0.88859 -0.01075 0.45761 -0.02961
1403636592.213555574 0.04081 -0.23058 -0.08636 0.89269 -0.02105 0.44954 -0.02399
1403636592.313555479 0.06526 -0.23778 -0.08728 0.89655 -0.02411 0.44176 -0.02159
1403636592.413555384 0.09339 -0.23689 -0.08759 0.89926 -0.02310 0.43595 -0.02715
1403636592.513555527 0.12405 -0.22610 -0.08597 0.89823 -0.01393 0.43786 -0.03561
1403636592.613555431 0.15402 -0.20561 -0.08437 0.89365 0.00156 0.44651 -0.04485
1403636592.713555574 0.18079 -0.17630 -0.08433 0.89014 0.01998 0.45203 -0.05395
1403636592.813555479 0.20027 -0.13712 -0.08463 0.88866 0.04084 0.45146 -0.06931
1403636592.913555384 0.20664 -0.08823 -0.08635 0.88849 0.06314 0.44575 -0.08888
1403636593.013555527 0.19697 -0.03304 -0.08729 0.88828 0.08552 0.43845 -0.10685
1403636593.113555431 0.17198 0.02484 -0.08652 0.88686 0.10823 0.43241 -0.12161
1403636593.213555574 0.13325 0.08083 -0.08422 0.88436 0.12376 0.42818 -0.13878
1403636593.313555479 0.08543 0.12790 -0.08129 0.88283 0.13339 0.42320 -0.15404
1403636593.413555384 0.03334 0.15840 -0.08008 0.88350 0.13921 0.41837 -0.15816
1403636593.513555527 -0.01904 0.16893 -0.08217 0.88546 0.13816 0.41604 -0.15422
1403636593.613555431 -0.06744 0.16227 -0.08735 0.88996 0.12765 0.41153 -0.14935
1403636593.713555574 -0.11072 0.13978 -0.09391 0.89679 0.10943 0.40465 -0.14157
1403636593.813555479 -0.14661 0.10263 -0.09985 0.90293 0.08158 0.40292 -0.12537
1403636593.913555384 -0.17420 0.05476 -0.10255 0.90434 0.04677 0.41107 -0.10491
1403636594.013555527 -0.19177 0.00029 -0.10190 0.90241 0.01228 0.42310 -0.08062
1403636594.113555431 -0.19641 -0.05627 -0.10040 0.90078 -0.02004 0.43009 -0.05679
1403636594.213555574 -0.18633 -0.11269 -0.10054 0.90097 -0.04605 0.42983 -0.03726
1403636594.313555479 -0.15911 -0.16650 -0.10204 0.90113 -0.06109 0.42872 -0.02067
1403636594.413555384 -0.11523 -0.21432 -0.10393 0.89948 -0.06757 0.43165 -0.00678
1403636594.513555527 -0.06245 -0.25526 -0.10505 0.89503 -0.06626 0.44106 0.00198
1403636594.613555431 -0.00826 -0.28055 -0.10549 0.89012 -0.06668 0.45083 0.00118
1403636594.713555574 0.03860 -0.28238 -0.10523 0.88735 -0.06450 0.45654 -0.00288
1403636594.813555479 0.07836 -0.25916 -0.10739 0.88606 -0.05049 0.46063 -0.01295
1403636594.913555384 0.10753 -0.21002 -0.11048 0.88449 -0.02609 0.46506 -0.02672
1403636595.013555527 0.12100 -0.14041 -0.11303 0.88253 0.00742 0.46778 -0.04757
1403636595.113555431 0.11024 -0.06040 -0.11167 0.88175 0.04313 0.46423 -0.07169
1403636595.213555574 0.10545 0.01376 -0.11928 0.88129 0.07327 0.45687 -0.09611
1403636595.313555479 0.07839 0.07493 -0.12117 0.88015 0.09844 0.44936 -0.11714
1403636595.413555384 0.04681 0.11340 -0.12290 0.87912 0.11424 0.44439 -0.12889
1403636595.513555527 0.01441 0.12398 -0.12396 0.87966 0.12020 0.44029 -0.13376
1403636595.613555431 -0.01356 0.10600 -0.12693 0.88165 0.12261 0.43579 -0.13323
1403636595.713555574 -0.03972 0.06694 -0.13094 0.88482 0.11599 0.43381 -0.12426
1403636595.813555479 -0.06010 0.01168 -0.13707 0.88813 0.10088 0.43603 -0.10452
1403636595.913555384 -0.07822 -0.04920 -0.14441 0.89146 0.07785 0.43869 -0.08241
1403636596.013555527 -0.09928 -0.10522 -0.15008 0.89565 0.05328 0.43726 -0.06146
1403636596.113555431 -0.12641 -0.14495 -0.15378 0.89937 0.02895 0.43397 -0.04440
1403636596.213555574 -0.15841 -0.15927 -0.15287 0.90053 0.01339 0.43299 -0.03722
1403636596.313555479 -0.19483 -0.14684 -0.14573 0.89941 0.00513 0.43541 -0.03820
1403636596.413555384 -0.23743 -0.11926 -0.13359 0.89724 0.00361 0.43996 -0.03707
1403636596.513555527 -0.27997 -0.08719 -0.12164 0.89450 0.00874 0.44550 -0.03632
1403636596.613555431 -0.31382 -0.05809 -0.11273 0.89338 0.01383 0.44771 -0.03504
1403636596.713555574 -0.33403 -0.03606 -0.10871 0.89450 0.01584 0.44540 -0.03501
1403636596.913555384 -0.31149 -0.02383 -0.11134 0.89042 0.02394 0.45350 -0.03018
1403636597.013555527 -0.26599 -0.02883 -0.11539 0.89145 0.02581 0.45165 -0.02588
1403636597.113555431 -0.20622 -0.03593 -0.12101 0.89644 0.02843 0.44145 -0.02670
1403636597.213555574 -0.13813 -0.04299 -0.12289 0.89958 0.03838 0.43382 -0.03301
1403636597.313555479 -0.06629 -0.04718 -0.11981 0.89845 0.05212 0.43411 -0.04031
1403636597.413555384 0.00503 -0.04527 -0.11640 0.89530 0.06728 0.43765 -0.04870
1403636597.513555527 0.06561 -0.03744 -0.11430 0.89174 0.08529 0.44064 -0.05801
1403636597.613555431 0.10506 -0.02235 -0.11386 0.88644 0.10156 0.44532 -0.07487
1403636597.713555574 0.12216 0.00097 -0.11736 0.87980 0.11624 0.45135 -0.09335
1403636597.813555479 0.11798 0.02543 -0.12242 0.87369 0.12824 0.45740 -0.10489
1403636597.913555384 0.08512 0.04072 -0.12058 0.86970 0.13952 0.46092 -0.10820
1403636598.013555527 0.04657 0.04916 -0.12399 0.86970 0.14789 0.45851 -0.10734
1403636598.113555431 0.00284 0.04994 -0.13071 0.87407 0.14931 0.44976 -0.10692
1403636598.313555479 -0.07070 0.03233 -0.15133 0.89036 0.14808 0.42015 -0.09384
1403636598.413555384 -0.08195 0.02023 -0.16522 0.89407 0.14603 0.41496 -0.08445
1403636598.513555527 -0.07250 0.01022 -0.18013 0.89297 0.14574 0.41801 -0.08139
1403636598.613555431 -0.04579 0.00232 -0.19351 0.88681 0.14849 0.42881 -0.08736
1403636598.713555574 -0.01022 0.00069 -0.20669 0.87761 0.15337 0.44350 -0.09792
1403636598.813555479 0.02540 -0.00050 -0.22514 0.86561 0.15783 0.46195 -0.11140
1403636598.913555384 0.05773 -0.00195 -0.24752 0.85428 0.15674 0.48095 -0.11966
1403636599.013555527 0.08325 -0.00385 -0.27053 0.84567 0.15672 0.49559 -0.12114
1403636599.113555431 0.10410 -0.00282 -0.28937 0.83564 0.15577 0.51033 -0.13040
1403636599.213555574 0.11955 -0.00215 -0.30078 0.81989 0.15395 0.53362 -0.13903
1403636599.313555479 0.13320 -0.00072 -0.30935 0.80400 0.14778 0.55751 -0.14467
1403636599.413555384 0.14393 0.00104 -0.31805 0.79589 0.14393 0.57059 -0.14240
1403636599.513555527 0.15339 0.00170 -0.32835 0.79667 0.13936 0.57236 -0.13530
1403636599.613555431 0.15863 0.00231 -0.33759 0.80153 0.13395 0.56786 -0.13091
1403636599.713555574 0.16128 0.00185 -0.34463 0.80257 0.13221 0.56722 -0.12904
1403636600.113555431 0.16139 -0.00432 -0.34819 0.78696 0.12309 0.58838 -0.13913
1403636624.413555384 0.15990 -0.00891 -0.34853 0.79458 0.11958 0.58015 -0.13327
1403636624.513555527 0.15682 -0.01497 -0.35177 0.80053 0.11797 0.57300 -0.13004
1403636624.613555431 0.15367 -0.02259 -0.34137 0.80319 0.11784 0.57018 -0.12607
1403636624.713555574 0.15144 -0.03422 -0.35047 0.80175 0.12090 0.57285 -0.12004
1403636624.813555479 0.14529 -0.04963 -0.35148 0.80178 0.12708 0.57318 -0.11165
1403636624.913555384 0.13643 -0.06742 -0.34665 0.80686 0.13734 0.56605 -0.09847
1403636625.013555527 0.12602 -0.08431 -0.33273 0.81297 0.14620 0.55693 -0.08681
1403636625.113555431 0.11683 -0.09510 -0.31281 0.81912 0.14953 0.54761 -0.08250
1403636625.213555574 0.10995 -0.10391 -0.28771 0.82040 0.14469 0.54583 -0.08983
1403636625.313555479 0.10740 -0.10527 -0.25927 0.81647 0.14085 0.55156 -0.09650
1403636625.713555574 0.12260 -0.09699 -0.25521 0.81590 0.14429 0.55081 -0.10048
1403636625.813555479 0.13901 -0.08416 -0.22288 0.80995 0.14382 0.55926 -0.10258
1403636625.913555384 0.14964 -0.07835 -0.18917 0.80456 0.14187 0.56678 -0.10641
1403636626.013555527 0.16150 -0.06965 -0.14097 0.80161 0.14080 0.57075 -0.10882
1403636626.213555574 0.18566 -0.04837 -0.05050 0.80105 0.13019 0.57067 -0.12534
1403636626.313555479 0.19323 -0.04477 -0.01938 0.80102 0.12816 0.57042 -0.12872
1403636626.513555527 0.21415 -0.04898 -0.00094 0.79752 0.13313 0.57550 -0.12264
1403636626.613555431 0.22212 -0.05562 0.00150 0.79270 0.13790 0.58198 -0.11796
1403636626.913555384 0.22219 -0.08498 -0.01658 0.79798 0.14604 0.57329 -0.11508
1403636627.013555527 0.21608 -0.09718 -0.02877 0.80306 0.14798 0.56604 -0.11316
1403636627.113555431 0.21195 -0.10894 -0.04016 0.80804 0.14917 0.55888 -0.11167
1403636627.313555479 0.20422 -0.12984 -0.02664 0.80154 0.14827 0.56784 -0.11449
1403636627.513555527 0.19424 -0.14920 0.02120 0.80132 0.14328 0.56891 -0.11709
1403636627.613555431 0.19253 -0.16379 0.03546 0.80392 0.13643 0.56773 -0.11311
1403636627.813555479 0.18343 -0.19370 0.02157 0.81749 0.12280 0.55417 -0.09763
1403636627.913555384 0.18390 -0.20883 0.00920 0.82464 0.11464 0.54690 -0.08786
1403636628.113555431 0.19845 -0.23253 0.01377 0.82341 0.10282 0.55266 -0.07741
1403636628.213555574 0.21647 -0.23928 0.03128 0.81416 0.09609 0.56708 -0.07955
1403636628.313555479 0.23124 -0.24751 0.05492 0.80884 0.08862 0.57495 -0.08577
1403636628.513555527 0.25885 -0.26923 0.09936 0.80818 0.08355 0.57569 -0.09191
1403636628.813555479 0.29564 -0.32763 0.11795 0.81273 0.08384 0.57058 -0.08295
1403636628.913555384 0.31004 -0.35387 0.11665 0.81821 0.08124 0.56436 -0.07370
1403636629.013555527 0.32038 -0.38305 0.12373 0.82238 0.07846 0.55936 -0.06822
1403636629.113555431 0.33533 -0.40930 0.13966 0.82399 0.07532 0.55790 -0.06412
1403636629.313555479 0.37413 -0.46671 0.16311 0.82293 0.05875 0.56231 -0.05613
1403636629.413555384 0.39981 -0.49398 0.16829 0.82061 0.04940 0.56644 -0.05742
1403636629.613555431 0.45243 -0.55213 0.15480 0.82117 0.02247 0.56806 -0.04974
1403636629.713555574 0.48248 -0.58762 0.13742 0.82749 0.00889 0.56027 -0.03586
1403636629.913555384 0.54741 -0.65838 0.08735 0.83431 -0.02442 0.55072 -0.00620
1403636630.013555527 0.58649 -0.69407 0.07171 0.83431 -0.03738 0.55001 0.00426
1403636630.213555574 0.66774 -0.77223 0.05932 0.82236 -0.05199 0.56636 0.01603
1403636630.513555527 0.80438 -0.87867 0.08843 0.82044 -0.05373 0.56878 0.02183
1403636630.813555479 0.94367 -0.98310 0.13276 0.82357 -0.04384 0.56506 0.02278
1403636631.113555431 1.08695 -1.07416 0.13264 0.82148 -0.04508 0.56824 0.01573
1403636631.313555479 1.17863 -1.14395 0.11735 0.81837 -0.04450 0.57274 0.01579
1403636631.713555574 1.35843 -1.25583 0.06656 0.81903 -0.03820 0.57212 0.02000
1403636632.113555431 1.51670 -1.34566 0.05311 0.81804 -0.03523 0.57349 0.02603
1403636632.413555384 1.64543 -1.38714 0.04730 0.81695 -0.03778 0.57468 0.03022
1403636632.613555431 1.72831 -1.41044 0.01225 0.82680 -0.04272 0.56076 0.01121
1403636632.713555574 1.77346 -1.42100 -0.00676 0.83046 -0.03578 0.55592 -0.00206
1403636632.813555479 1.82156 -1.43267 -0.02181 0.83090 -0.01905 0.55592 -0.01402
1403636633.013555527 1.92509 -1.45887 -0.02707 0.82288 0.02820 0.56694 -0.02558
1403636633.313555479 2.09534 -1.50021 -0.03927 0.82170 0.05675 0.56554 -0.04183
1403636633.513555527 2.18920 -1.51085 -0.06630 0.82594 0.05444 0.55884 -0.05064
1403636633.713555574 2.30882 -1.52897 -0.09737 0.82918 0.04959 0.55463 -0.04877
1403636633.913555384 2.44184 -1.54846 -0.10345 0.82804 0.04068 0.55688 -0.05083
1403636634.113555431 2.58535 -1.57327 -0.10609 0.82642 0.03115 0.55933 -0.05663
1403636634.313555479 2.74033 -1.61009 -0.09237 0.82573 0.04041 0.56054 -0.04827
1403636634.413555384 2.82322 -1.63107 -0.08019 0.82042 0.04501 0.56821 -0.04490
1403636634.513555527 2.90560 -1.65219 -0.07438 0.81666 0.04849 0.57344 -0.04340
1403636634.713555574 3.06093 -1.69063 -0.08172 0.81327 0.06029 0.57695 -0.04564
1403636634.913555384 3.20516 -1.72315 -0.08572 0.81668 0.07264 0.56996 -0.05390
1403636635.113555431 3.34550 -1.74779 -0.07124 0.81904 0.08364 0.56469 -0.05743
1403636635.313555479 3.48405 -1.76661 -0.07641 0.82153 0.08562 0.56000 -0.06455
1403636635.513555527 3.62920 -1.78370 -0.08371 0.82352 0.08078 0.55663 -0.07381
1403636635.713555574 3.77518 -1.80367 -0.06553 0.82203 0.07764 0.55903 -0.07568
1403636635.813555479 3.85096 -1.81549 -0.04549 0.81809 0.07268 0.56473 -0.08075
1403636635.913555384 3.92801 -1.83123 -0.01840 0.81769 0.06715 0.56521 -0.08616
1403636636.013555527 4.00835 -1.85163 0.01089 0.82273 0.06760 0.55815 -0.08372
1403636636.113555431 4.08977 -1.87475 0.03654 0.82628 0.07293 0.55348 -0.07486
1403636636.213555574 4.17526 -1.89841 0.06429 0.82227 0.07771 0.55967 -0.06787
1403636636.313555479 4.26188 -1.92211 0.09911 0.81543 0.08022 0.56970 -0.06391
1403636636.413555384 4.34638 -1.94516 0.13646 0.80638 0.08101 0.58245 -0.06277
1403636636.513555527 4.42533 -1.96693 0.16714 0.80044 0.08274 0.59061 -0.06027
1403636636.613555431 4.50022 -1.98838 0.18889 0.79897 0.08738 0.59257 -0.05352
1403636636.813555479 4.63591 -2.02321 0.20846 0.79888 0.09823 0.59220 -0.03802
1403636637.013555527 4.75724 -2.03976 0.20023 0.80495 0.09379 0.58387 -0.04848
1403636637.213555574 4.85939 -2.04005 0.17269 0.81280 0.08685 0.57270 -0.06193
1403636637.513555527 4.99423 -2.02981 0.15516 0.81853 0.08978 0.56369 -0.06486
1403636637.813555479 5.13731 -2.01275 0.20272 0.81716 0.09173 0.56491 -0.06861
1403636638.013555527 5.24149 -1.99839 0.25667 0.81230 0.09248 0.57150 -0.07072
1403636638.213555574 5.33801 -1.98216 0.25621 0.80870 0.09297 0.57621 -0.07309
1403636638.413555384 5.42190 -1.96817 0.22477 0.81897 0.08786 0.56112 -0.08194
1403636638.513555527 5.46494 -1.96434 0.20304 0.82968 0.08380 0.54480 -0.08830
1403636638.713555574 5.56557 -1.96534 0.18090 0.83059 0.09005 0.54370 -0.07997
1403636638.813555479 5.62621 -1.96764 0.18538 0.82489 0.09247 0.55231 -0.07719
1403636638.913555384 5.69047 -1.97016 0.19600 0.82064 0.09093 0.55853 -0.07954
1403636639.013555527 5.75526 -1.97346 0.21107 0.81927 0.08620 0.56027 -0.08635
1403636639.113555431 5.82556 -1.97848 0.22279 0.81895 0.07970 0.56019 -0.09573
1403636639.313555479 5.97153 -1.99928 0.20621 0.82019 0.07719 0.55817 -0.09891
1403636639.413555384 6.04734 -2.01686 0.18355 0.82013 0.08467 0.55896 -0.08819
1403636639.513555527 6.12479 -2.03672 0.15642 0.81880 0.09253 0.56126 -0.07733
1403636639.613555431 6.20376 -2.05665 0.12603 0.81583 0.10045 0.56556 -0.06691
1403636639.713555574 6.28180 -2.07452 0.09875 0.81143 0.10084 0.57172 -0.06740
1403636639.913555384 6.42595 -2.10519 0.06491 0.80737 0.09479 0.57725 -0.07712
1403636640.113555431 6.56225 -2.13536 0.06007 0.80544 0.10206 0.57841 -0.07927
1403636640.213555574 6.63198 -2.15152 0.06920 0.80412 0.10981 0.57811 -0.08435
1403636640.413555384 6.75523 -2.18259 0.09003 0.80368 0.12168 0.57541 -0.09056
1403636640.713555574 6.91530 -2.22314 0.07651 0.80337 0.12907 0.57352 -0.09489
1403636641.113555431 7.09892 -2.26226 0.06065 0.80502 0.13071 0.57099 -0.09396
1403636641.413555384 7.21854 -2.28074 0.02373 0.80580 0.12076 0.57055 -0.10285
1403636641.713555574 7.32797 -2.31145 -0.01698 0.80507 0.12364 0.57239 -0.09462
1403636642.013555527 7.41387 -2.34274 0.00683 0.80433 0.11631 0.57587 -0.08888
1403636642.113555431 7.44272 -2.35543 0.02219 0.80437 0.10855 0.57816 -0.08330
1403636642.213555574 7.46857 -2.36779 0.03350 0.80421 0.10259 0.58008 -0.07889
1403636642.413555384 7.50895 -2.39177 0.03836 0.80467 0.08722 0.58300 -0.07085
1403636642.513555527 7.52497 -2.40494 0.03265 0.80615 0.08085 0.58233 -0.06684
1403636642.613555431 7.53834 -2.41781 0.02118 0.81093 0.07675 0.57660 -0.06345
1403636642.713555574 7.55123 -2.42951 0.00546 0.81616 0.07390 0.56981 -0.06110
1403636642.913555384 7.58027 -2.45020 -0.01437 0.82225 0.07145 0.56137 -0.06051
1403636643.113555431 7.61638 -2.47317 -0.00680 0.81772 0.07022 0.56787 -0.06270
1403636643.613555431 7.72474 -2.53995 -0.00355 0.82459 0.07283 0.55727 -0.06478
1403636643.913555384 7.82895 -2.58495 0.04784 0.83264 0.07865 0.54466 -0.06223
1403636644.213555574 7.98114 -2.62266 0.06289 0.83144 0.07845 0.54645 -0.06281
1403636644.313555479 8.04194 -2.63217 0.05911 0.82323 0.06996 0.55851 -0.07394
1403636644.413555384 8.10441 -2.64314 0.04861 0.81579 0.06289 0.56895 -0.08267
1403636644.513555527 8.16729 -2.65841 0.03069 0.81020 0.05730 0.57638 -0.08984
1403636644.713555574 8.28499 -2.70580 -0.02782 0.80654 0.06041 0.58195 -0.08467
1403636644.813555479 8.33862 -2.73735 -0.06658 0.80628 0.07060 0.58324 -0.06897
1403636644.913555384 8.38983 -2.77060 -0.10923 0.80880 0.07453 0.58019 -0.06048
1403636645.013555527 8.43820 -2.80321 -0.14650 0.81498 0.07438 0.57168 -0.05872
1403636645.113555431 8.48496 -2.83553 -0.17802 0.82824 0.07245 0.55248 -0.05947
1403636645.213555574 8.53699 -2.86861 -0.20238 0.83897 0.07252 0.53619 -0.05802
1403636645.413555384 8.67128 -2.92664 -0.22243 0.83609 0.07245 0.54084 -0.05649
1403636645.513555527 8.75173 -2.95228 -0.23283 0.83218 0.07179 0.54692 -0.05658
1403636645.713555574 8.92321 -3.00107 -0.26510 0.82871 0.07203 0.55228 -0.05503
1403636645.913555384 9.11431 -3.04382 -0.27509 0.82874 0.07005 0.55215 -0.05838
1403636646.013555527 9.21561 -3.06432 -0.26216 0.82414 0.06353 0.55969 -0.05917
1403636646.113555431 9.31500 -3.08738 -0.24431 0.82125 0.04904 0.56550 -0.05796
1403636646.213555574 9.41783 -3.11268 -0.22759 0.81862 0.02845 0.57134 -0.05121
1403636646.313555479 9.51979 -3.14118 -0.21535 0.81504 0.00302 0.57795 -0.04085
1403636646.413555384 9.61894 -3.17476 -0.20909 0.81080 -0.02209 0.58434 -0.02582
1403636646.513555527 9.71409 -3.21181 -0.20490 0.80472 -0.03784 0.59242 -0.00554
1403636646.613555431 9.80250 -3.25093 -0.19937 0.80248 -0.04932 0.59456 0.00949
1403636646.713555574 9.88564 -3.29137 -0.18738 0.80441 -0.05687 0.59099 0.02060
1403636646.813555479 9.96216 -3.33145 -0.16477 0.80440 -0.06258 0.59018 0.02661
1403636646.913555384 10.03031 -3.37048 -0.13472 0.80451 -0.06646 0.58946 0.02971
1403636647.113555431 10.15747 -3.44789 -0.08684 0.81002 -0.06777 0.58156 0.03245
1403636647.413555384 10.33781 -3.56470 -0.05177 0.81060 -0.06673 0.58115 0.02706
1403636647.613555431 10.44602 -3.64465 -0.04716 0.80202 -0.06792 0.59316 0.01742
1403636647.813555479 10.53417 -3.73449 -0.03167 0.80395 -0.06916 0.59016 0.02442
1403636647.913555384 10.56882 -3.78320 -0.02542 0.80476 -0.07450 0.58810 0.03079
1403636648.013555527 10.59869 -3.83447 -0.02846 0.80401 -0.08584 0.58703 0.04001
1403636648.113555431 10.62544 -3.88788 -0.03994 0.80263 -0.10353 0.58505 0.05271
1403636648.213555574 10.64993 -3.94211 -0.05632 0.79968 -0.12444 0.58345 0.06782
1403636648.313555479 10.67157 -3.99777 -0.07694 0.79600 -0.14741 0.58117 0.08298
1403636648.413555384 10.68863 -4.05327 -0.10059 0.79156 -0.16987 0.57847 0.09975
1403636648.513555527 10.70113 -4.10783 -0.12762 0.78688 -0.19329 0.57450 0.11580
1403636648.613555431 10.71081 -4.16233 -0.15006 0.78232 -0.21195 0.57136 0.12885
1403636648.713555574 10.71670 -4.21435 -0.16667 0.78176 -0.22391 0.56497 0.13970
1403636648.813555479 10.72360 -4.26543 -0.17701 0.78582 -0.23309 0.55440 0.14420
1403636648.913555384 10.73063 -4.31621 -0.17859 0.79240 -0.23902 0.54199 0.14568
1403636649.113555431 10.75054 -4.41877 -0.15120 0.78948 -0.23873 0.54481 0.15136
1403636649.213555574 10.76464 -4.47054 -0.12632 0.78136 -0.23548 0.55681 0.15490
1403636649.313555479 10.77690 -4.51916 -0.09625 0.77778 -0.23252 0.56263 0.15634
1403636649.613555431 10.80099 -4.65755 0.02697 0.78028 -0.22658 0.56354 0.14916
1403636649.713555574 10.80515 -4.69990 0.07299 0.77514 -0.23191 0.56827 0.14982
1403636649.813555479 10.80466 -4.74120 0.11276 0.77175 -0.23761 0.56877 0.15633
1403636649.913555384 10.80230 -4.78164 0.14537 0.76909 -0.24198 0.56881 0.16250
1403636650.013555527 10.79748 -4.82101 0.16891 0.76784 -0.24518 0.56763 0.16763
1403636650.113555431 10.78761 -4.85869 0.18271 0.76544 -0.25073 0.56730 0.17149
1403636650.313555479 10.75253 -4.93128 0.18732 0.75654 -0.28010 0.55892 0.19186
1403636650.413555384 10.72945 -4.96496 0.18098 0.75088 -0.30147 0.55041 0.20574
1403636650.513555527 10.70183 -4.99452 0.17038 0.74589 -0.32349 0.53927 0.21952
1403636650.613555431 10.67260 -5.02096 0.15496 0.74181 -0.34160 0.52973 0.22893
1403636650.713555574 10.64320 -5.04670 0.13806 0.73829 -0.35369 0.52326 0.23671
1403636650.813555479 10.61586 -5.07082 0.12566 0.73427 -0.36199 0.52073 0.24216
1403636650.913555384 10.59120 -5.09482 0.12361 0.72873 -0.36464 0.52355 0.24877
1403636651.013555527 10.56694 -5.11750 0.12759 0.72413 -0.36467 0.52775 0.25325
1403636651.813555479 10.32164 -5.20141 0.20230 0.72196 -0.36035 0.53908 0.24149
1403636651.913555384 10.28359 -5.20401 0.19450 0.71403 -0.37222 0.54056 0.24374
1403636652.013555527 10.23904 -5.20630 0.18307 0.70465 -0.38765 0.53763 0.25327
1403636652.113555431 10.18672 -5.20948 0.16664 0.69715 -0.40605 0.52541 0.27028
1403636652.213555574 10.12641 -5.21132 0.14723 0.68820 -0.42940 0.50765 0.29034
1403636652.313555479 10.05969 -5.20884 0.12290 0.67799 -0.45728 0.48716 0.30641
1403636652.413555384 9.99150 -5.20589 0.09374 0.66722 -0.48323 0.46865 0.31885
1403636652.513555527 9.92609 -5.20537 0.06825 0.65757 -0.50262 0.45647 0.32651
1403636652.613555431 9.86444 -5.20747 0.05006 0.65236 -0.51757 0.44471 0.32982
1403636652.713555574 9.80593 -5.21584 0.04098 0.65124 -0.52540 0.43415 0.33368
1403636652.813555479 9.75096 -5.22990 0.04307 0.64933 -0.52920 0.43096 0.33556
1403636653.013555527 9.64952 -5.27515 0.06652 0.64598 -0.52635 0.43483 0.34145
1403636653.213555574 9.55263 -5.33570 0.06197 0.64266 -0.51524 0.44643 0.34959
1403636653.313555479 9.50537 -5.36882 0.05718 0.64035 -0.50771 0.45437 0.35458
1403636653.713555574 9.33167 -5.47462 0.09729 0.64396 -0.49360 0.46620 0.35261
1403636654.213555574 9.12867 -5.52413 0.08677 0.63651 -0.49983 0.47037 0.35182
1403636654.313555479 9.08683 -5.52143 0.08462 0.63179 -0.50713 0.46360 0.35879
1403636654.413555384 9.04433 -5.52002 0.09180 0.62567 -0.51865 0.45377 0.36556
1403636654.513555527 9.00388 -5.51500 0.10617 0.61678 -0.53166 0.44354 0.37442
1403636654.713555574 8.92279 -5.49835 0.14063 0.59906 -0.55910 0.42554 0.38399
1403636654.813555479 8.88511 -5.48795 0.14909 0.59356 -0.56747 0.41875 0.38769
1403636654.913555384 8.84970 -5.47761 0.15021 0.58900 -0.57247 0.41426 0.39210
1403636655.013555527 8.81532 -5.46872 0.14542 0.58206 -0.57174 0.41677 0.40078
1403636655.313555479 8.70837 -5.42897 0.11566 -0.56652 0.57208 -0.42603 -0.41266
1403636655.413555384 8.67199 -5.40443 0.10455 -0.55917 0.57742 -0.42583 -0.41544
1403636655.513555527 8.63535 -5.37568 0.09942 -0.55246 0.58365 -0.42159 -0.42001
1403636655.713555574 8.55552 -5.29753 0.09051 -0.54257 0.61165 -0.39952 -0.41459
1403636655.813555479 8.51265 -5.25761 0.07148 -0.53564 0.62323 -0.39028 -0.41516
1403636655.913555384 8.46607 -5.21884 0.04030 -0.52398 0.63599 -0.38192 -0.41844
1403636656.013555527 8.41710 -5.18229 0.00860 -0.51056 0.64675 -0.37513 -0.42465
1403636656.113555431 8.36594 -5.14663 -0.01489 -0.50168 0.65366 -0.36748 -0.43128
1403636656.213555574 8.31326 -5.11359 -0.02759 -0.49806 0.65798 -0.35886 -0.43613
1403636656.313555479 8.26008 -5.08254 -0.02837 -0.49605 0.66135 -0.35354 -0.43767
1403636656.413555384 8.20729 -5.05709 -0.01779 -0.49533 0.66330 -0.35098 -0.43760
1403636656.613555431 8.09598 -5.01408 0.01837 -0.49695 0.66037 -0.35048 -0.44059
1403636656.713555574 8.03952 -4.99728 0.03458 -0.49396 0.65357 -0.35821 -0.44781
1403636656.813555479 7.98164 -4.97807 0.04410 -0.49169 0.64578 -0.36501 -0.45604
1403636657.013555527 7.86817 -4.93102 0.03926 -0.49164 0.63795 -0.37204 -0.46141
1403636657.313555479 7.70723 -4.82512 0.00605 -0.49069 0.64169 -0.37914 -0.45134
1403636657.413555384 7.65609 -4.77993 0.00228 -0.49190 0.64721 -0.37683 -0.44402
1403636657.513555527 7.60532 -4.73374 -0.00467 -0.49389 0.65327 -0.37337 -0.43580
1403636657.613555431 7.55170 -4.68638 -0.01565 -0.49533 0.65571 -0.37033 -0.43307
1403636657.813555479 7.43094 -4.59526 -0.05007 -0.49122 0.65859 -0.37046 -0.43327
1403636657.913555384 7.36682 -4.54865 -0.07205 -0.48688 0.66485 -0.37159 -0.42761
1403636658.013555527 7.29796 -4.50265 -0.08858 -0.48551 0.66832 -0.36959 -0.42549
1403636658.113555431 7.22385 -4.45831 -0.09435 -0.48860 0.66677 -0.36247 -0.43047
1403636658.213555574 7.14561 -4.41570 -0.09381 -0.49180 0.66453 -0.35522 -0.43630
1403636658.313555479 7.06518 -4.37604 -0.09616 -0.49500 0.66241 -0.34859 -0.44122
1403636658.413555384 6.98567 -4.33940 -0.10328 -0.49670 0.66207 -0.34436 -0.44313
1403636658.513555527 6.90684 -4.30668 -0.11290 -0.49955 0.66068 -0.33911 -0.44604
1403636658.613555431 6.82896 -4.27717 -0.12424 -0.50305 0.65768 -0.33364 -0.45065
1403636658.713555574 6.75360 -4.25199 -0.13846 -0.50419 0.65570 -0.33178 -0.45362
1403636658.813555479 6.68186 -4.23172 -0.15465 -0.50533 0.65098 -0.33016 -0.46029
1403636658.913555384 6.61331 -4.21455 -0.17334 -0.50282 0.64782 -0.33388 -0.46479
1403636659.113555431 6.49161 -4.18059 -0.22297 -0.49285 0.64632 -0.34877 -0.46661
1403636659.313555479 6.38425 -4.14211 -0.28297 -0.49144 0.64636 -0.35189 -0.46570
1403636659.413555384 6.33489 -4.12073 -0.30690 -0.49498 0.64964 -0.34741 -0.46072
1403636659.513555527 6.29054 -4.10046 -0.32325 -0.49839 0.65177 -0.34256 -0.45766
1403636659.713555574 6.21102 -4.05917 -0.35186 -0.49585 0.65029 -0.34377 -0.46159
1403636659.913555384 6.14549 -4.01796 -0.40119 -0.49346 0.65144 -0.34308 -0.46304
1403636660.013555527 6.11746 -3.99515 -0.43355 -0.49572 0.65574 -0.33764 -0.45856
1403636660.113555431 6.09393 -3.97407 -0.46929 -0.49782 0.66023 -0.33228 -0.45372
1403636660.213555574 6.07263 -3.95570 -0.50744 -0.49887 0.66244 -0.32984 -0.45112
1403636660.313555479 6.05316 -3.94157 -0.54549 -0.50129 0.66568 -0.32517 -0.44704
1403636660.413555384 6.03542 -3.93306 -0.57787 -0.50586 0.67174 -0.31746 -0.43828
1403636660.713555574 5.98949 -3.95547 -0.65223 -0.50140 0.65751 -0.32672 -0.45774
1403636660.813555479 5.98052 -3.97354 -0.68456 -0.50109 0.64805 -0.32822 -0.47032
1403636661.013555527 5.97896 -4.01078 -0.76583 -0.49931 0.64223 -0.33214 -0.47741
1403636661.213555574 6.00188 -4.04796 -0.86005 -0.49169 0.64489 -0.34331 -0.47380
1403636661.413555384 6.04162 -4.07290 -0.93665 -0.48995 0.64581 -0.34629 -0.47219
1403636661.613555431 6.09353 -4.08953 -0.98237 -0.48976 0.64943 -0.34793 -0.46618
1403636661.813555479 6.15304 -4.09671 -0.99831 -0.48360 0.65092 -0.35861 -0.46241
1403636662.013555527 6.21172 -4.09167 -0.98738 -0.48104 0.65049 -0.36436 -0.46120
1403636662.313555479 6.29341 -4.05447 -0.95497 -0.49135 0.64641 -0.34882 -0.46804
1403636662.513555527 6.35409 -4.01952 -0.95914 -0.49818 0.65279 -0.33592 -0.46134
1403636662.613555431 6.38987 -4.00267 -0.96848 -0.49585 0.65905 -0.33777 -0.45354
1403636662.713555574 6.42592 -3.98867 -0.98057 -0.48641 0.66558 -0.34917 -0.44553
1403636662.913555384 6.48527 -3.96410 -1.01812 -0.48038 0.67103 -0.35491 -0.43931
1403636663.013555527 6.50845 -3.95112 -1.04252 -0.48090 0.67565 -0.35305 -0.43311
1403636663.113555431 6.52591 -3.94002 -1.06210 -0.47805 0.68101 -0.35580 -0.42556
1403636663.313555479 6.53541 -3.92824 -1.08912 -0.49111 0.67562 -0.33639 -0.43496
1403636663.413555384 6.53441 -3.92668 -1.11026 -0.50093 0.67227 -0.32238 -0.43954
1403636663.513555527 6.53364 -3.93164 -1.13680 -0.50744 0.67220 -0.31264 -0.43922
1403636663.713555574 6.53552 -3.96951 -1.19774 -0.51362 0.67087 -0.30428 -0.43994
1403636663.913555384 6.54813 -4.04820 -1.24195 -0.52076 0.65491 -0.29915 -0.45871
1403636664.013555527 6.56491 -4.10344 -1.25128 -0.52146 0.64421 -0.30162 -0.47127
1403636664.113555431 6.59265 -4.16412 -1.25484 -0.51882 0.64037 -0.30941 -0.47435
1403636664.213555574 6.62950 -4.22974 -1.25356 -0.51301 0.63914 -0.32250 -0.47362
1403636664.313555479 6.67304 -4.29607 -1.25622 -0.50828 0.63749 -0.33455 -0.47259
1403636664.413555384 6.72200 -4.36069 -1.27523 -0.50671 0.63603 -0.34207 -0.47085
1403636664.513555527 6.77561 -4.42271 -1.30582 -0.50650 0.63431 -0.34799 -0.46906
1403636664.613555431 6.83330 -4.48325 -1.33782 -0.50436 0.63450 -0.35772 -0.46375
1403636664.713555574 6.89480 -4.53886 -1.36435 -0.50388 0.63501 -0.36455 -0.45823
1403636664.813555479 6.95721 -4.59159 -1.38326 -0.51054 0.63277 -0.36017 -0.45741
1403636664.913555384 7.02174 -4.64208 -1.39425 -0.51291 0.63158 -0.36188 -0.45506
1403636665.013555527 7.08784 -4.69212 -1.40045 -0.51641 0.63419 -0.36080 -0.44827
1403636665.113555431 7.15531 -4.73872 -1.39839 -0.52059 0.63786 -0.35768 -0.44065
1403636665.213555574 7.22286 -4.78561 -1.38877 -0.52081 0.64077 -0.35935 -0.43478
1403636665.313555479 7.28979 -4.83347 -1.37544 -0.51391 0.64075 -0.37004 -0.43406
1403636665.413555384 7.35386 -4.88082 -1.36198 -0.51322 0.63895 -0.37122 -0.43651
1403636665.513555527 7.41640 -4.92686 -1.34987 -0.51868 0.63644 -0.36184 -0.44158
1403636665.613555431 7.47948 -4.97156 -1.33581 -0.52354 0.63413 -0.35293 -0.44635
1403636665.813555479 7.61054 -5.06238 -1.30274 -0.52037 0.63142 -0.35187 -0.45466
1403636665.913555384 7.68055 -5.10970 -1.28370 -0.50956 0.63581 -0.36517 -0.45028
1403636666.013555527 7.75083 -5.15421 -1.26759 -0.50188 0.64148 -0.37367 -0.44385
1403636666.113555431 7.81845 -5.19552 -1.25712 -0.50059 0.64219 -0.37441 -0.44363
1403636666.313555479 7.94705 -5.26734 -1.25441 -0.50124 0.63819 -0.37300 -0.44983
1403636666.413555384 8.00926 -5.29788 -1.25990 -0.49880 0.63972 -0.37778 -0.44636
1403636666.513555527 8.07057 -5.32482 -1.26194 -0.49964 0.64177 -0.37873 -0.44166
1403636666.613555431 8.12952 -5.34735 -1.25615 -0.50559 0.64213 -0.37246 -0.43968
1403636666.713555574 8.18634 -5.36770 -1.24386 -0.51367 0.64181 -0.36356 -0.43823
1403636666.813555479 8.24278 -5.38753 -1.22908 -0.51901 0.64415 -0.35816 -0.43291
1403636666.913555384 8.29807 -5.41055 -1.21837 -0.51816 0.65354 -0.36020 -0.41791
1403636667.013555527 8.34968 -5.43562 -1.21395 -0.51417 0.66074 -0.36582 -0.40648
1403636667.113555431 8.39468 -5.46463 -1.21265 -0.51300 0.65495 -0.36861 -0.41472
1403636667.213555574 8.43464 -5.49661 -1.21479 -0.51408 0.64138 -0.36878 -0.43400
1403636667.313555479 8.47321 -5.52825 -1.22186 -0.51690 0.63158 -0.36620 -0.44702
1403636667.513555527 8.55638 -5.58351 -1.24819 -0.52165 0.63189 -0.36146 -0.44491
1403636667.613555431 8.60128 -5.60962 -1.26180 -0.52232 0.63995 -0.36056 -0.43317
1403636667.713555574 8.64499 -5.63631 -1.26656 -0.52079 0.64516 -0.36306 -0.42513
1403636667.913555384 8.72469 -5.69497 -1.25851 -0.51671 0.64670 -0.36714 -0.42427
1403636668.313555479 8.85742 -5.82720 -1.29553 -0.52021 0.64581 -0.35091 -0.43493
1403636668.613555431 8.95949 -5.94804 -1.36582 -0.51532 0.64641 -0.34794 -0.44219
1403636668.913555384 9.08084 -6.08605 -1.43424 -0.51975 0.63282 -0.33558 -0.46560
1403636669.013555527 9.13501 -6.13566 -1.44368 -0.51440 0.63343 -0.34294 -0.46535
1403636669.113555431 9.19244 -6.18096 -1.44400 -0.50787 0.63581 -0.35154 -0.46286
1403636669.313555479 9.31673 -6.26273 -1.45146 -0.50376 0.63717 -0.35493 -0.46288
1403636669.513555527 9.45222 -6.33600 -1.48042 -0.50065 0.63510 -0.35926 -0.46576
1403636669.613555431 9.52370 -6.36946 -1.49800 -0.49811 0.62989 -0.36360 -0.47215
1403636669.713555574 9.59672 -6.39699 -1.51455 -0.49497 0.62422 -0.36956 -0.47830
1403636669.813555479 9.67075 -6.41450 -1.52385 -0.48984 0.62612 -0.37899 -0.47371
1403636669.913555384 9.74677 -6.42244 -1.52626 -0.47954 0.63870 -0.39570 -0.45334
1403636670.013555527 9.81527 -6.42082 -1.52083 -0.47572 0.64876 -0.40150 -0.43772
1403636670.113555431 9.87394 -6.40878 -1.51030 -0.47510 0.65378 -0.40495 -0.42762
1403636670.213555574 9.92191 -6.39007 -1.49542 -0.47004 0.65253 -0.41866 -0.42189
1403636670.313555479 9.95804 -6.36363 -1.48421 -0.46433 0.64982 -0.43449 -0.41634
1403636670.413555384 9.98212 -6.32856 -1.47985 -0.46632 0.64813 -0.44340 -0.40726
1403636670.513555527 9.99170 -6.28439 -1.47553 -0.47298 0.64484 -0.45218 -0.39499
1403636670.713555574 9.95656 -6.17105 -1.44613 -0.49918 0.62490 -0.46893 -0.37473
1403636670.813555479 9.91203 -6.10583 -1.42322 -0.51273 0.61198 -0.48041 -0.36303
1403636670.913555384 9.84993 -6.03426 -1.40241 -0.52387 0.59861 -0.49746 -0.34607
1403636671.013555527 9.76802 -5.95582 -1.37988 -0.53548 0.58059 -0.51789 -0.32859
1403636671.113555431 9.66042 -5.87054 -1.34743 -0.55616 0.55667 -0.52842 -0.31872
1403636671.213555574 9.52811 -5.77997 -1.30863 0.58095 -0.53423 0.53013 0.30993
1403636671.313555479 9.37364 -5.68488 -1.26618 0.60896 -0.51523 0.51916 0.30687
1403636671.413555384 9.20460 -5.58832 -1.22517 0.64261 -0.49311 0.49579 0.31319
1403636671.513555527 9.03218 -5.49248 -1.18869 0.67100 -0.47525 0.47727 0.31001
1403636671.613555431 8.86090 -5.40048 -1.15854 0.69066 -0.46618 0.46478 0.29942
1403636671.713555574 8.69341 -5.31627 -1.13383 0.70348 -0.46273 0.45534 0.28925
1403636671.813555479 8.53165 -5.24158 -1.11358 0.71214 -0.46067 0.44724 0.28392
1403636671.913555384 8.37802 -5.17737 -1.09417 0.71898 -0.46277 0.43741 0.27853
1403636672.013555527 8.23401 -5.12635 -1.06715 0.72672 -0.46446 0.42343 0.27724
1403636672.113555431 8.10413 -5.09170 -1.02985 0.73170 -0.45875 0.41383 0.28794
1403636672.213555574 7.99075 -5.06997 -0.98442 0.73285 -0.45391 0.40944 0.29875
1403636672.313555479 7.89464 -5.06057 -0.93956 0.73200 -0.45106 0.40797 0.30705
1403636672.413555384 7.81465 -5.06094 -0.89990 0.73017 -0.44105 0.41007 0.32275
1403636672.513555527 7.74946 -5.06986 -0.87218 0.71859 -0.43377 0.42839 0.33460
1403636672.613555431 7.69582 -5.07742 -0.86163 0.70143 -0.43368 0.45533 0.33554
1403636672.713555574 7.64811 -5.08275 -0.86872 0.69112 -0.43845 0.47060 0.32964
1403636672.813555479 7.60668 -5.08573 -0.89517 0.69358 -0.44570 0.46919 0.31648
1403636672.913555384 7.57114 -5.08836 -0.91861 0.69970 -0.44080 0.46971 0.30900
1403636673.013555527 7.54232 -5.08984 -0.93622 0.70831 -0.42899 0.47215 0.30222
1403636673.113555431 7.51938 -5.09143 -0.94769 0.71843 -0.41615 0.47297 0.29492
1403636673.213555574 7.50274 -5.09478 -0.95096 0.73134 -0.41022 0.46588 0.28252
1403636673.313555479 7.49246 -5.10045 -0.94815 0.74305 -0.40641 0.45688 0.27197
1403636673.513555527 7.50222 -5.12977 -0.93592 0.74930 -0.39888 0.45724 0.26529
1403636673.613555431 7.52129 -5.15471 -0.93609 0.74581 -0.39331 0.46574 0.26861
1403636673.713555574 7.54834 -5.18328 -0.93952 0.73941 -0.38746 0.47775 0.27369
1403636673.813555479 7.58227 -5.21208 -0.94161 0.73269 -0.38176 0.48948 0.27899
1403636674.113555431 7.70623 -5.27931 -0.94296 0.73250 -0.38073 0.49076 0.27865
1403636674.313555479 7.81288 -5.31661 -0.96521 0.72469 -0.38675 0.50163 0.27133
1403636674.413555384 7.87056 -5.33222 -0.98893 0.72156 -0.39167 0.50897 0.25863
1403636674.513555527 7.92884 -5.34757 -1.01736 0.72107 -0.38862 0.51780 0.24681
1403636674.613555431 7.98382 -5.36295 -1.05142 0.72395 -0.38073 0.52274 0.24015
1403636674.713555574 8.03668 -5.38035 -1.08847 0.72762 -0.37333 0.52504 0.23565
1403636674.813555479 8.08539 -5.39831 -1.13020 0.73671 -0.37195 0.51757 0.22590
1403636674.913555384 8.13098 -5.42004 -1.16680 0.74602 -0.37273 0.50742 0.21690
1403636675.013555527 8.17650 -5.44839 -1.19521 0.75306 -0.37389 0.49861 0.21095
1403636675.213555574 8.27416 -5.52916 -1.22323 0.76458 -0.36269 0.48337 0.22411
1403636675.313555479 8.33565 -5.58485 -1.22655 0.76689 -0.35558 0.47978 0.23505
1403636675.413555384 8.40464 -5.64326 -1.22200 0.76231 -0.34627 0.48906 0.24454
1403636675.513555527 8.48152 -5.70194 -1.21934 0.75905 -0.33411 0.50081 0.24780
1403636675.613555431 8.56261 -5.75729 -1.22255 0.75771 -0.32010 0.51026 0.25111
1403636675.713555574 8.64782 -5.80720 -1.23170 0.75765 -0.30845 0.51914 0.24763
1403636675.813555479 8.73686 -5.85031 -1.24674 0.75530 -0.30089 0.53395 0.23212
1403636675.913555384 8.82711 -5.88794 -1.26857 0.75429 -0.29895 0.54794 0.20356
1403636676.013555527 8.91412 -5.92245 -1.29622 0.76004 -0.29258 0.55250 0.17740
1403636676.113555431 8.99532 -5.95650 -1.32614 0.76996 -0.27586 0.55119 0.16507
1403636676.213555574 9.07332 -5.99176 -1.35817 0.78171 -0.24858 0.54756 0.16527
1403636676.313555479 9.15335 -6.02815 -1.39365 0.79431 -0.21860 0.54204 0.16577
1403636676.413555384 9.23000 -6.05775 -1.42298 0.80273 -0.18894 0.54127 0.16421
1403636676.513555527 9.31436 -6.08295 -1.44568 0.80909 -0.16939 0.54256 0.14940
1403636676.613555431 9.40223 -6.10097 -1.45972 0.81075 -0.15846 0.54890 0.12760
1403636676.813555479 9.57501 -6.12465 -1.45781 0.80912 -0.15003 0.55993 0.09640
1403636676.913555384 9.66778 -6.14204 -1.45037 0.80909 -0.14791 0.56242 0.08475
1403636677.113555431 9.84370 -6.16414 -1.46552 0.80952 -0.13752 0.56359 0.09016
1403636677.313555479 10.01871 -6.18950 -1.51944 0.80580 -0.12705 0.56955 0.10075
1403636677.413555384 10.10738 -6.19561 -1.53937 0.80008 -0.11722 0.57991 0.09917
1403636677.513555527 10.19785 -6.18805 -1.54439 0.79459 -0.10711 0.59072 0.09055
1403636677.613555431 10.26633 -6.19368 -1.55979 0.79330 -0.09663 0.59626 0.07622
1403636677.713555574 10.33902 -6.18392 -1.55679 0.79594 -0.08602 0.59647 0.05737
1403636677.813555479 10.40230 -6.17333 -1.55192 0.80283 -0.07398 0.59055 0.03519
1403636677.913555384 10.45556 -6.16462 -1.54682 0.81103 -0.06141 0.58171 0.00841
1403636678.013555527 10.50937 -6.15774 -1.53545 0.81685 -0.04269 0.57516 -0.01097
1403636678.113555431 10.55930 -6.15669 -1.52795 0.81797 -0.02058 0.57458 -0.01910
1403636678.213555574 10.60623 -6.16097 -1.52726 0.81793 0.00035 0.57501 -0.01892
1403636678.313555479 10.65244 -6.16721 -1.52909 0.81732 0.01803 0.57550 -0.02162
1403636678.413555384 10.69780 -6.17266 -1.52654 0.81715 0.03136 0.57464 -0.03281
1403636678.513555527 10.74207 -6.17830 -1.51759 0.81742 0.04685 0.57256 -0.04263
1403636678.613555431 10.78478 -6.18354 -1.50170 0.81578 0.06418 0.57218 -0.05474
1403636678.813555479 10.86560 -6.19046 -1.47529 0.80911 0.12180 0.57158 -0.06163
1403636678.913555384 10.90447 -6.18936 -1.47153 0.80536 0.14997 0.57019 -0.06146
1403636679.013555527 10.94086 -6.18163 -1.47358 0.80181 0.17006 0.56856 -0.07012
1403636679.113555431 10.97323 -6.16607 -1.48050 0.79686 0.18445 0.56860 -0.08763
1403636679.213555574 11.00150 -6.14369 -1.49207 0.79084 0.19346 0.56906 -0.11538
1403636679.313555479 11.02559 -6.11802 -1.50169 0.78452 0.20408 0.56770 -0.14350
1403636679.413555384 11.04492 -6.09258 -1.50474 0.77839 0.22076 0.56418 -0.16452
1403636679.513555527 11.06072 -6.06965 -1.50032 0.77316 0.23935 0.55881 -0.18072
1403636679.613555431 11.07421 -6.04989 -1.48915 0.76973 0.25442 0.55306 -0.19213
1403636679.713555574 11.08414 -6.03511 -1.47108 0.76861 0.26591 0.54686 -0.19871
1403636679.813555479 11.09288 -6.02355 -1.44605 0.76391 0.27428 0.54843 -0.20111
1403636679.913555384 11.10068 -6.01293 -1.41215 0.75644 0.28010 0.55619 -0.19997
1403636680.013555527 11.10478 -6.00352 -1.37340 0.75282 0.28698 0.56046 -0.19183
1403636680.113555431 11.10076 -5.99553 -1.33069 0.74868 0.29554 0.56607 -0.17806
1403636680.313555479 11.06754 -5.97140 -1.25795 0.74606 0.29589 0.57136 -0.17148
1403636680.513555527 10.99857 -5.93425 -1.21382 0.75112 0.30226 0.56695 -0.15173
1403636680.713555574 10.89550 -5.87146 -1.18994 0.75768 0.29252 0.56167 -0.15776
1403636680.813555479 10.83398 -5.83100 -1.18402 0.76426 0.28098 0.55449 -0.17175
1403636680.913555384 10.76816 -5.78738 -1.18240 0.77269 0.26753 0.54385 -0.18870
1403636681.013555527 10.70235 -5.74426 -1.18907 0.78309 0.26376 0.52931 -0.19241
1403636681.113555431 10.64080 -5.70061 -1.20139 0.79061 0.26625 0.51843 -0.18783
1403636681.313555479 10.53403 -5.60689 -1.22113 0.77693 0.27206 0.53799 -0.18146
1403636681.413555384 10.48510 -5.55610 -1.22457 0.77026 0.27062 0.54712 -0.18472
1403636681.513555527 10.43593 -5.50834 -1.22303 0.76751 0.26882 0.55020 -0.18959
1403636681.613555431 10.38340 -5.45898 -1.21921 0.76635 0.27182 0.55069 -0.18856
1403636681.713555574 10.32969 -5.41024 -1.21894 0.76504 0.27467 0.55146 -0.18752
1403636681.813555479 10.27492 -5.35968 -1.22191 0.76383 0.27644 0.55224 -0.18755
1403636681.913555384 10.21780 -5.30938 -1.22339 0.76251 0.27706 0.55304 -0.18963
1403636682.013555527 10.15939 -5.25865 -1.21809 0.76247 0.27692 0.55204 -0.19287
1403636682.113555431 10.09843 -5.20959 -1.20465 0.76256 0.27651 0.55101 -0.19605
1403636682.213555574 10.03460 -5.16198 -1.18770 0.76460 0.27639 0.54763 -0.19774
1403636682.313555479 9.96947 -5.11566 -1.17470 0.77055 0.27672 0.53924 -0.19723
1403636682.413555384 9.90519 -5.06886 -1.16887 0.77610 0.27682 0.53162 -0.19600
1403636682.613555431 9.78186 -4.97448 -1.16547 0.76801 0.27560 0.54493 -0.19304
1403636682.813555479 9.65771 -4.87952 -1.16713 0.76333 0.26977 0.55368 -0.19489
1403636683.013555527 9.52747 -4.78747 -1.14797 0.76146 0.27367 0.55780 -0.18475
1403636683.213555574 9.38397 -4.69436 -1.13243 0.76319 0.27228 0.55491 -0.18835
1403636683.313555479 9.30831 -4.64827 -1.13470 0.76402 0.27188 0.55290 -0.19148
1403636683.413555384 9.23151 -4.60281 -1.14090 0.76442 0.27215 0.55131 -0.19403
1403636683.513555527 9.15792 -4.56171 -1.15250 0.76449 0.27316 0.55008 -0.19585
1403636683.613555431 9.08286 -4.52022 -1.16696 0.76518 0.27403 0.54839 -0.19667
1403636683.713555574 9.00874 -4.48109 -1.18502 0.76775 0.27532 0.54395 -0.19717
1403636683.813555479 8.93152 -4.44019 -1.19806 0.77094 0.27646 0.53874 -0.19743
1403636683.913555384 8.85593 -4.40068 -1.20383 0.77215 0.27801 0.53592 -0.19818
1403636684.013555527 8.78163 -4.35844 -1.20120 0.77082 0.27789 0.53697 -0.20067
1403636684.113555431 8.70887 -4.31517 -1.18897 0.76813 0.27899 0.53971 -0.20212
1403636684.213555574 8.63493 -4.27480 -1.17255 0.76623 0.27996 0.54116 -0.20410
1403636684.313555479 8.56187 -4.23550 -1.14950 0.76357 0.28084 0.54368 -0.20615
1403636684.413555384 8.48958 -4.19935 -1.13255 0.76131 0.28154 0.54586 -0.20780
1403636684.513555527 8.41808 -4.16437 -1.12274 0.76094 0.28002 0.54544 -0.21228
1403636684.813555479 8.20356 -4.08175 -1.13033 0.75873 0.27830 0.54714 -0.21796
1403636685.013555527 8.06413 -4.04448 -1.15403 0.75772 0.28636 0.54913 -0.20571
1403636685.213555574 7.91368 -4.01305 -1.16024 0.76219 0.28801 0.54489 -0.19802
1403636685.413555384 7.75860 -3.97506 -1.14575 0.76502 0.28808 0.54399 -0.18927
1403636685.613555431 7.59999 -3.93305 -1.13845 0.76768 0.28132 0.54240 -0.19324
1403636685.813555479 7.44284 -3.88781 -1.15006 0.76507 0.28291 0.54670 -0.18908
1403636686.013555527 7.27936 -3.84082 -1.19475 0.76686 0.28062 0.54389 -0.19328
1403636686.113555431 7.20192 -3.81596 -1.20137 0.77007 0.27856 0.53892 -0.19738
1403636686.313555479 7.03887 -3.76811 -1.19853 0.77255 0.27632 0.53573 -0.19953
1403636686.513555527 6.89620 -3.72907 -1.18139 0.77555 0.27600 0.53135 -0.20002
1403636686.713555574 6.74678 -3.66465 -1.19225 0.77500 0.27794 0.53173 -0.19844
1403636686.913555384 6.62223 -3.61344 -1.20227 0.77162 0.27646 0.53585 -0.20258
1403636687.113555431 6.50009 -3.56375 -1.18316 0.77019 0.27553 0.53719 -0.20574
1403636687.313555479 6.38553 -3.51741 -1.16306 0.76796 0.27647 0.53964 -0.20638
1403636687.513555527 6.28041 -3.47681 -1.16860 0.76483 0.27771 0.54355 -0.20609
1403636687.713555574 6.18153 -3.44560 -1.20076 0.76348 0.27601 0.54417 -0.21165
1403636687.913555384 6.08267 -3.42042 -1.25760 0.76376 0.27787 0.54322 -0.21065
1403636688.113555431 5.98662 -3.40151 -1.32834 0.76192 0.28462 0.54573 -0.20163
1403636688.213555574 5.93742 -3.39193 -1.35705 0.76215 0.28528 0.54534 -0.20085
1403636688.313555479 5.88642 -3.38272 -1.37870 0.76283 0.28329 0.54415 -0.20429
1403636688.413555384 5.83057 -3.37091 -1.39940 0.76428 0.28220 0.54185 -0.20648
1403636688.613555431 5.72194 -3.35248 -1.45117 0.76272 0.29058 0.54394 -0.19479
1403636688.713555574 5.66712 -3.34127 -1.48243 0.76161 0.29394 0.54476 -0.19179
1403636688.813555479 5.60931 -3.32706 -1.51537 0.76170 0.29512 0.54346 -0.19333
1403636688.913555384 5.55116 -3.30841 -1.54205 0.76187 0.29882 0.53972 -0.19737
1403636689.013555527 5.49189 -3.28689 -1.56005 0.76267 0.30161 0.53448 -0.20421
1403636689.113555431 5.43331 -3.26327 -1.56979 0.76322 0.30395 0.52926 -0.21212
1403636689.213555574 5.37611 -3.23736 -1.57236 0.76385 0.30742 0.52422 -0.21730
1403636689.313555479 5.32064 -3.21035 -1.56780 0.76402 0.31040 0.52056 -0.22124
1403636689.413555384 5.27035 -3.18103 -1.55467 0.76265 0.31338 0.51989 -0.22331
1403636689.513555527 5.22395 -3.15188 -1.53255 0.76226 0.31484 0.51867 -0.22541
1403636689.613555431 5.17935 -3.12324 -1.50458 0.76444 0.31572 0.51430 -0.22684
1403636689.713555574 5.14031 -3.09439 -1.47647 0.76920 0.31353 0.50682 -0.23057
1403636689.813555479 5.10785 -3.06335 -1.45434 0.77487 0.30869 0.49872 -0.23571
1403636689.913555384 5.08423 -3.03037 -1.43637 0.77589 0.30135 0.49772 -0.24384
1403636690.113555431 5.06170 -2.96716 -1.41272 0.77498 0.29963 0.50177 -0.24053
1403636690.313555479 5.06921 -2.90640 -1.38893 0.77312 0.30743 0.50669 -0.22590
1403636690.513555527 5.10039 -2.83879 -1.34886 0.77180 0.30424 0.50950 -0.22839
1403636690.613555431 5.12301 -2.80330 -1.33362 0.77289 0.29766 0.50794 -0.23672
1403636690.713555574 5.15135 -2.76887 -1.32436 0.77274 0.28797 0.50768 -0.24941
1403636690.813555479 5.18498 -2.73976 -1.32952 0.77180 0.27593 0.50779 -0.26523
1403636690.913555384 5.22522 -2.71893 -1.34577 0.76616 0.26809 0.51472 -0.27602
1403636691.013555527 5.27291 -2.70885 -1.36080 0.75617 0.26077 0.52733 -0.28661
1403636691.113555431 5.32639 -2.71352 -1.36933 0.74704 0.25916 0.53877 -0.29066
1403636691.213555574 5.38383 -2.73332 -1.36819 0.73774 0.26587 0.55223 -0.28301
1403636691.313555479 5.43972 -2.76975 -1.36091 0.73101 0.27972 0.56286 -0.26566
1403636691.413555384 5.49160 -2.81820 -1.34958 0.73373 0.29113 0.55910 -0.25356
1403636691.513555527 5.53827 -2.87558 -1.32986 0.74300 0.29831 0.54524 -0.24836
1403636691.613555431 5.58226 -2.93736 -1.29961 0.74760 0.30349 0.53732 -0.24552
1403636691.713555574 5.62603 -3.00243 -1.26449 0.74878 0.31301 0.53513 -0.23448
1403636691.813555479 5.66665 -3.06822 -1.23330 0.74840 0.31794 0.53509 -0.22911
1403636691.913555384 5.70298 -3.13373 -1.20940 0.74940 0.31612 0.53336 -0.23237
1403636692.013555527 5.73825 -3.19895 -1.18926 0.74547 0.31148 0.53864 -0.23899
1403636692.113555431 5.77078 -3.26663 -1.17073 0.74583 0.31098 0.53843 -0.23901
1403636692.213555574 5.80193 -3.33545 -1.14648 0.74555 0.31563 0.53950 -0.23125
1403636692.313555479 5.82906 -3.40541 -1.11451 0.74713 0.31591 0.53774 -0.22986
1403636692.413555384 5.85282 -3.47466 -1.07559 0.74927 0.31439 0.53531 -0.23064
1403636692.513555527 5.87594 -3.54284 -1.02965 0.74901 0.31779 0.53654 -0.22385
1403636692.613555431 5.89636 -3.60662 -0.97810 0.74973 0.31661 0.53628 -0.22376
1403636692.713555574 5.91323 -3.66902 -0.92163 0.75144 0.31685 0.53509 -0.22049
1403636692.813555479 5.92926 -3.73127 -0.86924 0.75282 0.32664 0.53384 -0.20391
1403636692.913555384 5.94289 -3.78807 -0.82250 0.75330 0.33349 0.53309 -0.19269
1403636693.213555574 5.96264 -3.91119 -0.71267 0.75630 0.32471 0.52843 -0.20815
1403636693.413555384 5.97033 -3.97089 -0.66554 0.76677 0.32150 0.51197 -0.21583
1403636693.513555527 5.97683 -3.99190 -0.64998 0.77312 0.32124 0.50203 -0.21694
1403636693.613555431 5.99045 -4.01222 -0.63744 0.77885 0.32327 0.49254 -0.21513
1403636693.813555479 6.02975 -4.02103 -0.61823 0.77325 0.32285 0.50035 -0.21797
1403636693.913555384 6.05546 -4.01852 -0.60768 0.76493 0.31964 0.51249 -0.22376
1403636694.013555527 6.08806 -4.01581 -0.60481 0.75594 0.31701 0.52511 -0.22873
1403636694.113555431 6.11796 -4.01260 -0.60244 0.75059 0.31583 0.53220 -0.23160
1403636694.513555527 6.22506 -4.00452 -0.56561 0.75411 0.31867 0.52661 -0.22901
1403636694.813555479 6.30039 -3.99713 -0.56423 0.75326 0.31563 0.52956 -0.22923
1403636695.013555527 6.34929 -3.99413 -0.59118 0.75818 0.30420 0.52348 -0.24207
1403636695.213555574 6.40368 -3.99698 -0.60772 0.75799 0.30779 0.52645 -0.23144
1403636695.413555384 6.45840 -4.00643 -0.59715 0.75637 0.30909 0.53123 -0.22395
1403636695.613555431 6.51158 -4.01552 -0.56268 0.75415 0.31102 0.53598 -0.21736
1403636696.013555527 6.59098 -4.02604 -0.58659 0.75940 0.30701 0.53095 -0.21716
1403636696.213555574 6.62504 -4.02786 -0.61977 0.76438 0.31201 0.52500 -0.20676
1403636696.413555384 6.65547 -4.01681 -0.64810 0.75254 0.30558 0.54248 -0.21452
1403636697.013555527 6.67553 -4.01524 -0.68391 0.75204 0.30927 0.54457 -0.20550
1403636697.213555574 6.65570 -4.00924 -0.69830 0.74707 0.32131 0.55123 -0.18652
1403636697.413555384 6.60362 -3.98704 -0.67790 0.75439 0.31345 0.54215 -0.19674
1403636697.513555527 6.57003 -3.96686 -0.65377 0.75953 0.30864 0.53529 -0.20327
1403636697.713555574 6.50368 -3.92695 -0.59993 0.76678 0.29184 0.53836 -0.19247
1403636697.813555479 6.46426 -3.89853 -0.58625 0.77340 0.27538 0.54205 -0.17944
1403636697.913555384 6.43365 -3.88507 -0.56908 0.77889 0.25876 0.54559 -0.16942
1403636698.013555527 6.39696 -3.85817 -0.56113 0.78348 0.24471 0.54757 -0.16259
1403636698.213555574 6.32458 -3.79857 -0.56422 0.78806 0.22694 0.55103 -0.15440
1403636698.413555384 6.25232 -3.73915 -0.58444 0.79449 0.20430 0.55522 -0.13706
1403636698.513555527 6.21765 -3.70932 -0.59979 0.79936 0.18856 0.55675 -0.12445
1403636698.613555431 6.18488 -3.67655 -0.62185 0.80387 0.16928 0.55924 -0.11130
1403636698.713555574 6.15054 -3.64483 -0.64478 0.80877 0.14677 0.56097 -0.09829
1403636698.813555479 6.11840 -3.61046 -0.67350 0.81333 0.12257 0.56261 -0.08331
1403636699.013555527 6.05511 -3.54046 -0.72528 0.81947 0.07110 0.56600 -0.05527
1403636699.113555431 6.02674 -3.50580 -0.74019 0.82070 0.04513 0.56799 -0.04239
1403636699.213555574 5.99835 -3.47196 -0.74695 0.82181 0.01604 0.56864 -0.03200
1403636699.313555479 5.97658 -3.42859 -0.75384 0.82318 -0.01419 0.56724 -0.02042
1403636699.413555384 5.94907 -3.41696 -0.74305 0.82356 -0.04235 0.56559 -0.00802
1403636699.513555527 5.92787 -3.39760 -0.73622 0.82307 -0.06708 0.56394 0.00545
1403636699.713555574 5.89054 -3.36834 -0.73770 0.81799 -0.11477 0.56279 0.03136
1403636699.813555479 5.87437 -3.36450 -0.74472 0.81484 -0.12795 0.56311 0.05060
1403636699.913555384 5.85896 -3.36576 -0.75391 0.81060 -0.13642 0.56589 0.06390
1403636700.113555431 5.82290 -3.38100 -0.78051 0.80663 -0.14708 0.56819 0.06983
1403636700.413555384 5.78035 -3.39798 -0.86118 0.80672 -0.16058 0.56414 0.07186
1403636700.513555527 5.76493 -3.41890 -0.89698 0.80304 -0.16672 0.56655 0.07971
1403636700.613555431 5.74993 -3.44117 -0.93662 0.79846 -0.17155 0.56992 0.09072
1403636700.813555479 5.71579 -3.48873 -1.01445 0.79262 -0.18548 0.56981 0.11253
1403636700.913555384 5.69804 -3.51087 -1.04489 0.79448 -0.19075 0.56462 0.11670
1403636701.013555527 5.67610 -3.54284 -1.06164 0.79780 -0.19401 0.55855 0.11791
1403636701.613555431 5.61269 -3.69640 -1.05952 0.80092 -0.17894 0.55987 0.11424
1403636701.813555479 5.59741 -3.75997 -1.04424 0.79809 -0.18098 0.56295 0.11567
1403636701.913555384 5.59227 -3.79145 -1.04792 0.79656 -0.19182 0.56031 0.12144
1403636702.113555431 5.57935 -3.85473 -1.07095 0.78761 -0.22538 0.55598 0.14055
1403636702.213555574 5.57398 -3.88481 -1.09214 0.78166 -0.24418 0.55311 0.15312
1403636702.413555384 5.56201 -3.94411 -1.14701 0.77913 -0.26602 0.54074 0.17259
1403636702.513555527 5.55891 -3.97281 -1.18087 0.77944 -0.27160 0.53507 0.18003
1403636702.613555431 5.55829 -4.00238 -1.21825 0.78007 -0.27498 0.53090 0.18446
1403636702.713555574 5.56097 -4.03224 -1.25984 0.78170 -0.27624 0.52674 0.18760
1403636702.913555384 5.57613 -4.09433 -1.35248 0.78464 -0.27720 0.52197 0.18722
1403636703.213555574 5.63031 -4.19463 -1.45115 0.77204 -0.28211 0.54202 0.17486
1403636703.313555479 5.65074 -4.23050 -1.47032 0.76576 -0.28689 0.55088 0.16684
1403636703.513555527 5.67921 -4.30980 -1.48811 0.76885 -0.27713 0.54765 0.17930
1403636703.713555574 5.70075 -4.38949 -1.48231 0.77519 -0.27200 0.53962 0.18413
1403636703.913555384 5.72575 -4.46625 -1.48530 0.77087 -0.27297 0.54737 0.17786
1403636704.313555479 5.76628 -4.61866 -1.54270 0.77932 -0.26954 0.53863 0.17291
1403636704.513555527 5.79117 -4.70047 -1.55970 0.78538 -0.26622 0.53067 0.17521
1403636704.713555574 5.82933 -4.78658 -1.55979 0.79190 -0.26530 0.52141 0.17505
1403636704.913555384 5.88605 -4.87890 -1.58330 0.79934 -0.26551 0.51142 0.17032
1403636705.113555431 5.97048 -4.98344 -1.62435 0.80069 -0.26162 0.51075 0.17200
1403636705.213555574 6.02479 -5.03914 -1.64403 0.79177 -0.25678 0.52499 0.17761
1403636705.313555479 6.08472 -5.09434 -1.65706 0.78584 -0.25335 0.53424 0.18128
1403636705.513555527 6.21287 -5.19969 -1.67240 0.78821 -0.25527 0.53060 0.17898
1403636705.713555574 6.35403 -5.30247 -1.70148 0.79031 -0.25703 0.52696 0.17791
1403636705.813555479 6.43079 -5.35484 -1.72213 0.78636 -0.25818 0.53276 0.17650
1403636705.913555384 6.50892 -5.40629 -1.73910 0.78045 -0.26039 0.54147 0.17291
1403636706.013555527 6.58742 -5.45708 -1.74846 0.77465 -0.26532 0.55006 0.16420
1403636706.113555431 6.66375 -5.50913 -1.75110 0.76975 -0.27055 0.55714 0.15453
1403636706.313555479 6.80301 -5.62119 -1.76560 0.77452 -0.25585 0.55266 0.17095
1403636706.513555527 6.93408 -5.72948 -1.80467 0.78281 -0.24679 0.54192 0.18061
1403636706.713555574 7.07027 -5.82896 -1.82677 0.78664 -0.24715 0.53583 0.18166
1403636706.913555384 7.22189 -5.92661 -1.82329 0.78997 -0.25251 0.52905 0.17969
1403636707.013555527 7.30353 -5.97538 -1.81757 0.78774 -0.25406 0.53097 0.18165
1403636707.113555431 7.38461 -6.02251 -1.81025 0.78423 -0.25486 0.53471 0.18468
1403636707.313555479 7.55447 -6.11326 -1.79007 0.78360 -0.25917 0.53186 0.18954
1403636707.513555527 7.73417 -6.19920 -1.74216 0.78404 -0.26277 0.52927 0.19003
1403636707.713555574 7.92287 -6.27598 -1.68429 0.78323 -0.27256 0.52998 0.17717
1403636707.913555384 8.11808 -6.36125 -1.66824 0.78040 -0.27459 0.53512 0.17092
1403636708.013555527 8.21012 -6.40527 -1.67744 0.77976 -0.27075 0.53763 0.17213
1403636708.213555574 8.39817 -6.49529 -1.71479 0.77839 -0.26204 0.54289 0.17527
1403636708.313555479 8.48829 -6.53819 -1.74047 0.77461 -0.26532 0.54900 0.16789
1403636708.413555384 8.57871 -6.58411 -1.76634 0.76979 -0.27232 0.55575 0.15625
1403636708.613555431 8.75189 -6.69185 -1.79754 0.76624 -0.27173 0.56070 0.15703
1403636708.713555574 8.82489 -6.74796 -1.80996 0.76817 -0.26346 0.55794 0.17094
1403636708.813555479 8.89482 -6.80349 -1.82657 0.76913 -0.25531 0.55581 0.18529
1403636709.013555527 9.03130 -6.90328 -1.86232 0.76542 -0.25486 0.55712 0.19697
1403636709.213555574 9.15812 -6.97610 -1.87164 0.76442 -0.25881 0.55445 0.20312
1403636709.413555384 9.27550 -7.02226 -1.86196 0.77111 -0.26187 0.54355 0.20342
1403636709.713555574 9.46058 -7.05961 -1.88325 0.77523 -0.26142 0.53838 0.20205
1403636709.913555384 9.59584 -7.06493 -1.90268 0.77563 -0.25907 0.53971 0.19996
1403636710.113555431 9.73437 -7.05522 -1.90200 0.77528 -0.25589 0.54248 0.19794
1403636710.313555479 9.88423 -7.03446 -1.91790 0.77387 -0.25520 0.54782 0.18944
1403636710.413555384 9.95644 -7.00979 -1.93357 0.77243 -0.25908 0.55316 0.17389
1403636710.513555527 10.03868 -6.99382 -1.95873 0.77339 -0.25723 0.55744 0.15799
1403636710.613555431 10.10974 -6.97597 -1.98580 0.77514 -0.25041 0.56128 0.14634
1403636710.713555574 10.17687 -6.96127 -2.01679 0.77817 -0.23795 0.56460 0.13808
1403636710.813555479 10.24010 -6.94835 -2.04501 0.78247 -0.21900 0.56733 0.13385
1403636710.913555384 10.29990 -6.93759 -2.06785 0.78891 -0.19641 0.56732 0.13111
1403636711.013555527 10.35736 -6.92581 -2.08446 0.79464 -0.17532 0.56626 0.13099
1403636711.113555431 10.41292 -6.91517 -2.09628 0.79738 -0.16157 0.56689 0.12927
1403636711.213555574 10.46668 -6.89564 -2.10054 0.79806 -0.15297 0.56854 0.12826
1403636711.313555479 10.51808 -6.87185 -2.10487 0.79757 -0.15013 0.57078 0.12468
1403636711.413555384 10.56930 -6.84488 -2.10442 0.79350 -0.15132 0.57705 0.12030
1403636711.513555527 10.61632 -6.81347 -2.09928 0.78487 -0.15220 0.58866 0.11952
1403636711.613555431 10.65969 -6.77881 -2.09265 0.77990 -0.15058 0.59450 0.12513
1403636711.913555384 10.74075 -6.64823 -2.06655 0.78475 -0.16149 0.58608 0.12083
1403636712.013555527 10.75787 -6.59554 -2.05399 0.78730 -0.17065 0.58212 0.11030
1403636712.113555431 10.76763 -6.54338 -2.03499 0.78738 -0.17704 0.58156 0.10235
1403636712.313555479 10.77888 -6.45052 -1.98279 0.78991 -0.15679 0.58308 0.10709
1403636712.413555384 10.77936 -6.40021 -1.94916 0.79201 -0.13964 0.58456 0.10733
1403636712.513555527 10.77596 -6.34989 -1.91239 0.79271 -0.12574 0.58727 0.10445
1403636712.613555431 10.76699 -6.29839 -1.88590 0.79181 -0.11664 0.59150 0.09780
1403636712.713555574 10.75581 -6.23797 -1.83902 0.78868 -0.11145 0.59801 0.08916
1403636712.813555479 10.73949 -6.17850 -1.80942 0.78892 -0.10771 0.59928 0.08285
1403636712.913555384 10.71402 -6.11891 -1.78936 0.79210 -0.10580 0.59588 0.07952
1403636713.113555431 10.64914 -5.99144 -1.75343 0.79516 -0.10421 0.59239 0.07701
1403636713.213555574 10.61395 -5.92608 -1.72754 0.79688 -0.10487 0.59035 0.07400
1403636713.413555384 10.52081 -5.80218 -1.65151 0.80063 -0.10706 0.58519 0.07122
1403636713.613555431 10.43276 -5.67092 -1.56574 0.80219 -0.11496 0.58242 0.06366
1403636713.813555479 10.33034 -5.55562 -1.49847 0.80397 -0.12450 0.57878 0.05612
1403636714.013555527 10.21992 -5.45894 -1.45507 0.80524 -0.12468 0.57623 0.06324
1403636714.213555574 10.10685 -5.37135 -1.42900 0.80409 -0.12411 0.57682 0.07291
1403636714.413555384 9.98920 -5.29263 -1.42088 0.80513 -0.13066 0.57422 0.07052
1403636714.513555527 9.92898 -5.25454 -1.42268 0.81078 -0.12873 0.56699 0.06769
1403636714.613555431 9.86893 -5.22228 -1.42753 0.81612 -0.12202 0.56164 0.06018
1403636714.713555574 9.81396 -5.19209 -1.43334 0.82027 -0.10788 0.55929 0.05209
1403636714.813555479 9.76340 -5.16534 -1.42979 0.82341 -0.08677 0.55910 0.04333
1403636714.913555384 9.71434 -5.13847 -1.41758 0.82538 -0.06176 0.56016 0.03395
1403636715.013555527 9.67115 -5.11282 -1.39858 0.82742 -0.03953 0.55976 0.02226
1403636715.113555431 9.63287 -5.08784 -1.37308 0.82910 -0.02113 0.55852 0.01421
1403636715.213555574 9.59888 -5.06438 -1.34477 0.82971 -0.00947 0.55807 0.00745
1403636715.313555479 9.56958 -5.04197 -1.31981 0.82801 -0.00391 0.56070 0.00052
1403636715.413555384 9.54617 -5.02059 -1.30165 0.82497 -0.00283 0.56514 -0.00608
1403636715.713555574 9.48272 -4.97135 -1.29015 0.81297 -0.01158 0.58184 -0.02009
1403636715.813555479 9.46200 -4.96401 -1.29283 0.80700 -0.00777 0.59040 -0.01072
1403636716.013555527 9.40803 -4.95285 -1.28225 0.79939 -0.00654 0.60077 -0.00135
1403636716.213555574 9.33066 -4.94177 -1.25411 0.80739 -0.01438 0.58984 -0.00254
1403636716.413555384 9.23822 -4.93461 -1.22829 0.81385 -0.02079 0.58071 0.00027
1403636716.713555574 9.10083 -4.93082 -1.23812 0.81379 -0.01188 0.58104 0.00027
1403636716.813555479 9.05385 -4.92806 -1.25224 0.81351 -0.00180 0.58149 -0.00786
1403636716.913555384 9.00591 -4.92220 -1.26509 0.81373 0.01227 0.58080 -0.01913
1403636717.013555527 8.95636 -4.91652 -1.27228 0.81367 0.03167 0.57959 -0.03172
1403636717.113555431 8.90654 -4.91155 -1.27214 0.81307 0.05171 0.57818 -0.04432
1403636717.313555479 8.80267 -4.90459 -1.26039 0.81119 0.08310 0.57645 -0.05258
1403636717.513555527 8.70056 -4.89460 -1.24699 0.80848 0.10304 0.57757 -0.04634
1403636717.713555574 8.59225 -4.86676 -1.25453 0.80815 0.09935 0.57788 -0.05542
1403636717.913555384 8.48009 -4.82178 -1.27449 0.80763 0.11386 0.57589 -0.05577
1403636718.013555527 8.42354 -4.78861 -1.27519 0.80583 0.12623 0.57520 -0.06204
1403636718.113555431 8.36267 -4.75072 -1.26938 0.80401 0.13861 0.57318 -0.07634
1403636718.213555574 8.30061 -4.70939 -1.26258 0.80253 0.14959 0.56991 -0.09360
1403636718.313555479 8.23746 -4.66683 -1.26363 0.80169 0.15824 0.56631 -0.10743
1403636718.413555384 8.17336 -4.62219 -1.27180 0.80038 0.16824 0.56280 -0.11978
1403636718.513555527 8.11088 -4.57533 -1.28595 0.79805 0.17847 0.55981 -0.13372
1403636718.613555431 8.05000 -4.52896 -1.30472 0.79667 0.18565 0.55603 -0.14727
1403636718.713555574 7.99689 -4.48772 -1.32881 0.79656 0.18935 0.55103 -0.16124
1403636718.813555479 7.94656 -4.45121 -1.35405 0.79467 0.19710 0.55002 -0.16472
1403636718.913555384 7.89930 -4.41397 -1.38370 0.79182 0.20777 0.55181 -0.15922
1403636719.113555431 7.80724 -4.35032 -1.41117 0.78563 0.21774 0.55833 -0.15378
1403636719.313555479 7.71402 -4.28481 -1.40984 0.77912 0.21337 0.56764 -0.15884
1403636719.513555527 7.61319 -4.23151 -1.44019 0.77751 0.20792 0.57107 -0.16164
1403636719.613555431 7.55596 -4.20559 -1.46119 0.78135 0.20567 0.56667 -0.16146
1403636719.713555574 7.49808 -4.18548 -1.47298 0.78602 0.20437 0.56149 -0.15855
1403636719.913555384 7.38500 -4.14799 -1.47538 0.79084 0.19904 0.55749 -0.15541
1403636720.113555431 7.27620 -4.11707 -1.47596 0.79330 0.19679 0.55557 -0.15262
1403636720.313555479 7.17549 -4.09034 -1.49721 0.79415 0.19586 0.55436 -0.15382
1403636720.513555527 7.08257 -4.07036 -1.53239 0.79442 0.19699 0.55288 -0.15624
1403636720.713555574 6.99705 -4.05689 -1.54243 0.79351 0.19873 0.55306 -0.15799
1403636720.913555384 6.92272 -4.05303 -1.53202 0.79714 0.18721 0.55460 -0.14812
1403636721.013555527 6.89238 -4.05384 -1.53321 0.79836 0.17565 0.55809 -0.14248
1403636721.113555431 6.86218 -4.05527 -1.54118 0.79946 0.16256 0.56204 -0.13622
1403636721.213555574 6.83117 -4.05859 -1.55174 0.80031 0.14812 0.56699 -0.12680
1403636721.313555479 6.80027 -4.06421 -1.55714 0.80092 0.13570 0.57084 -0.11941
1403636721.413555384 6.76977 -4.07274 -1.55400 0.80180 0.12712 0.57313 -0.11169
1403636721.513555527 6.73945 -4.08294 -1.54750 0.80362 0.12035 0.57337 -0.10466
1403636721.713555574 6.67468 -4.10793 -1.54512 0.80711 0.10720 0.57373 -0.08896
1403636721.913555384 6.60648 -4.13340 -1.56301 0.80749 0.10281 0.57487 -0.08320
1403636722.213555574 6.50209 -4.16356 -1.57879 0.80714 0.10970 0.57469 -0.07889
1403636722.613555431 6.35262 -4.18858 -1.57957 0.80870 0.10139 0.57436 -0.07636
1403636722.813555479 6.27542 -4.19612 -1.59692 0.80969 0.09946 0.57412 -0.06998
1403636723.213555574 6.12406 -4.19398 -1.56671 0.80990 0.09401 0.57409 -0.07520
1403636723.513555527 6.00999 -4.19034 -1.56296 0.80718 0.08600 0.58114 -0.05781
1403636723.613555431 5.97445 -4.18498 -1.55707 0.80085 0.07358 0.59166 -0.05628
1403636723.813555479 5.89398 -4.17467 -1.53753 0.80912 0.05876 0.58265 -0.04896
1403636724.013555527 5.80114 -4.16419 -1.52881 0.81894 0.04852 0.57011 -0.04418
1403636724.113555431 5.75569 -4.16049 -1.53124 0.82354 0.04012 0.56459 -0.03762
1403636724.213555574 5.71113 -4.15809 -1.53966 0.82484 0.02792 0.56394 -0.02874
1403636724.313555479 5.67371 -4.15604 -1.55046 0.82448 0.01348 0.56548 -0.01692
1403636724.413555384 5.63896 -4.15381 -1.55713 0.82173 -0.00204 0.56985 -0.00479
1403636724.513555527 5.60369 -4.14995 -1.55869 0.81881 -0.01398 0.57388 0.00507
1403636724.613555431 5.57383 -4.14435 -1.55556 0.81692 -0.02244 0.57619 0.01189
1403636724.813555479 5.51723 -4.12862 -1.52452 0.81705 -0.03110 0.57545 0.01757
1403636725.113555431 5.43025 -4.10066 -1.42084 0.81872 -0.03659 0.57301 0.00560
1403636725.513555527 5.34252 -4.07136 -1.28291 0.81981 -0.03062 0.57174 0.00942
1403636726.313555479 5.19777 -4.03354 -1.26345 0.81713 -0.02560 0.57582 0.00893
1403636726.613555431 5.14644 -4.02462 -1.24271 0.81359 -0.03255 0.58046 -0.00888
1403636726.913555384 5.09484 -4.03200 -1.17234 0.81115 -0.02135 0.58444 -0.00265
1403636727.313555479 5.00536 -4.06896 -1.04346 0.81262 -0.00242 0.58271 0.00962
1403636727.813555479 4.87458 -4.05146 -0.91784 0.81243 -0.00394 0.58301 0.00686
1403636728.213555574 4.74397 -4.00202 -0.77936 0.81121 -0.00462 0.58468 0.00818
1403636728.513555527 4.63371 -3.93465 -0.73749 0.81150 -0.01734 0.58403 -0.00841
1403636728.713555574 4.55139 -3.90289 -0.72664 0.81194 -0.00695 0.58357 -0.01204
1403636728.813555479 4.51521 -3.88335 -0.71128 0.81226 0.01019 0.58308 -0.01255
1403636728.913555384 4.47372 -3.86022 -0.69929 0.81108 0.02533 0.58415 -0.01654
1403636729.013555527 4.43176 -3.84127 -0.68452 0.80937 0.03560 0.58580 -0.02207
1403636729.313555479 4.29973 -3.77921 -0.67488 0.80925 0.05022 0.58436 -0.03339
1403636729.613555431 4.14822 -3.70856 -0.67199 0.80938 0.05210 0.58383 -0.03659
1403636729.913555384 3.98286 -3.63339 -0.63274 0.81474 0.04944 0.57648 -0.03769
1403636730.113555431 3.87562 -3.58104 -0.62801 0.81754 0.04982 0.57247 -0.03763
1403636730.413555384 3.72266 -3.50276 -0.64984 0.81880 0.05008 0.57051 -0.03961
1403636730.513555527 3.67676 -3.47678 -0.65767 0.82300 0.05113 0.56440 -0.03889
1403636730.613555431 3.63620 -3.45145 -0.65792 0.82703 0.05081 0.55843 -0.03996
1403636730.913555384 3.53483 -3.36762 -0.60640 0.83025 0.04779 0.55355 -0.04454
1403636731.113555431 3.49136 -3.31730 -0.57190 0.82244 0.03334 0.56444 -0.06236
1403636731.313555479 3.46278 -3.28638 -0.55846 0.81403 0.03680 0.57711 -0.05429
1403636732.013555527 3.37409 -3.27579 -0.64156 0.81374 0.04385 0.57774 -0.04599
1403636732.513555527 3.29650 -3.31107 -0.74349 0.80583 0.06068 0.58843 -0.02662
1403636732.713555574 3.23759 -3.31094 -0.73665 0.79923 0.06547 0.59702 -0.02245
1403636732.913555384 3.15867 -3.29238 -0.71741 0.79974 0.05863 0.59649 -0.03449
1403636733.113555431 3.06134 -3.26674 -0.71354 0.80668 0.05896 0.58691 -0.03636
1403636733.413555384 2.89973 -3.21261 -0.66444 0.81101 0.06038 0.58062 -0.03874
1403636733.613555431 2.79134 -3.16830 -0.61222 0.81509 0.05938 0.57480 -0.04132
1403636733.913555384 2.63002 -3.09739 -0.57098 0.81764 0.06035 0.57106 -0.04133
1403636734.113555431 2.52545 -3.04518 -0.56415 0.81177 0.06087 0.57951 -0.03854
1403636734.413555384 2.36290 -2.95838 -0.53283 0.81346 0.05765 0.57692 -0.04599
1403636734.613555431 2.26162 -2.90005 -0.48931 0.81792 0.05861 0.57031 -0.04806
1403636734.913555384 2.11902 -2.82016 -0.47472 0.81975 0.06283 0.56719 -0.04862
1403636735.213555574 1.99574 -2.74134 -0.49142 0.82012 0.06091 0.56661 -0.05152
1403636735.613555431 1.86268 -2.64251 -0.41760 0.81922 0.05114 0.56918 -0.04794
1403636736.113555431 1.74781 -2.53833 -0.31546 0.81622 0.05509 0.57306 -0.04837
1403636736.213555574 1.73505 -2.51123 -0.28736 0.81312 0.06519 0.57570 -0.05619
1403636736.313555479 1.71181 -2.49740 -0.26734 0.81140 0.07549 0.57623 -0.06238
1403636736.613555431 1.65496 -2.44301 -0.21501 0.80716 0.10209 0.57838 -0.05962
1403636736.913555384 1.59470 -2.35932 -0.21278 0.80570 0.10922 0.57895 -0.06109
1403636737.113555431 1.53846 -2.29777 -0.22610 0.80578 0.10523 0.57788 -0.07555
1403636737.313555479 1.46998 -2.22672 -0.25193 0.80745 0.10693 0.57430 -0.08226
1403636737.513555527 1.40594 -2.15800 -0.26227 0.81186 0.11093 0.56702 -0.08401
1403636737.713555574 1.35057 -2.09302 -0.24334 0.81534 0.10616 0.56144 -0.09354
1403636738.113555431 1.28524 -2.00960 -0.12642 0.81587 0.10156 0.56137 -0.09436
1403636738.413555384 1.26726 -1.97762 -0.04139 0.81531 0.09944 0.56354 -0.08833
1403636738.613555431 1.26690 -1.96941 -0.01921 0.82000 0.08478 0.56048 -0.07919
1403636738.713555574 1.27604 -1.96499 -0.02055 0.82153 0.06921 0.56151 -0.07076
1403636738.813555479 1.28456 -1.96057 -0.02566 0.82008 0.04888 0.56685 -0.06130
1403636739.013555527 1.30324 -1.97432 -0.05194 0.81769 -0.00115 0.57416 -0.04139
1403636739.213555574 1.31724 -1.99916 -0.09957 0.81663 -0.04662 0.57527 -0.00323
1403636739.313555479 1.32352 -2.01964 -0.12978 0.81532 -0.06533 0.57487 0.02262
1403636739.513555527 1.33373 -2.07025 -0.17912 0.81173 -0.10298 0.57109 0.06585
1403636739.713555574 1.34565 -2.10409 -0.19030 0.80696 -0.13414 0.56919 0.08270
1403636739.913555384 1.34177 -2.14297 -0.20562 0.80509 -0.14744 0.56821 0.08505
1403636740.213555574 1.35967 -2.20881 -0.27892 0.80610 -0.13670 0.56772 0.09598
1403636740.613555431 1.36451 -2.27866 -0.40913 0.80320 -0.13321 0.57465 0.08310
1403636740.813555479 1.35551 -2.29561 -0.45989 0.80720 -0.13214 0.56997 0.07813
1403636741.113555431 1.34558 -2.34987 -0.54258 0.80358 -0.11810 0.57479 0.09966
1403636741.313555479 1.33281 -2.36970 -0.63768 0.79916 -0.13923 0.57678 0.09635
1403636741.413555384 1.32226 -2.37648 -0.69049 0.80253 -0.14905 0.57020 0.09273
1403636741.513555527 1.31109 -2.38266 -0.73732 0.80854 -0.15466 0.56019 0.09235
1403636742.013555527 1.28624 -2.43544 -0.87947 0.80995 -0.14119 0.55912 0.10688
1403636742.113555431 1.29009 -2.44742 -0.91540 0.81483 -0.13869 0.55315 0.10410
1403636742.313555479 1.30498 -2.46295 -0.96430 0.81675 -0.14064 0.55223 0.09043
1403636742.513555527 1.32878 -2.47801 -0.98320 0.80969 -0.13795 0.56380 0.08661
1403636742.813555479 1.36957 -2.50589 -1.01118 0.80324 -0.13313 0.57432 0.08511
1403636743.113555431 1.39558 -2.53262 -1.10793 0.81020 -0.14388 0.56191 0.08449
1403636743.213555574 1.40278 -2.54419 -1.14356 0.82024 -0.15111 0.54518 0.08455
1403636743.313555479 1.41537 -2.55833 -1.17282 0.82631 -0.15584 0.53438 0.08581
1403636743.613555431 1.49508 -2.61759 -1.22223 0.81710 -0.15812 0.54680 0.09143
1403636743.813555479 1.57010 -2.67005 -1.27564 0.80721 -0.15719 0.55977 0.10175
1403636743.913555384 1.60993 -2.69745 -1.31251 0.80237 -0.16256 0.56455 0.10516
1403636744.113555431 1.69110 -2.74872 -1.40383 0.79675 -0.17022 0.56819 0.11563
1403636744.213555574 1.73034 -2.77443 -1.46054 0.79368 -0.17760 0.56954 0.11899
1403636744.413555384 1.80485 -2.81717 -1.58714 0.78917 -0.19109 0.57212 0.11567
1403636744.713555574 1.89112 -2.88176 -1.80745 0.78302 -0.19711 0.58036 0.10587
1403636744.913555384 1.92506 -2.93477 -1.95572 0.78838 -0.18732 0.57380 0.11885
1403636745.013555527 1.93635 -2.96159 -2.02122 0.79316 -0.18558 0.56797 0.11773
1403636745.113555431 1.94811 -2.98740 -2.07752 0.79876 -0.18346 0.56135 0.11492
1403636745.313555479 1.97411 -3.03609 -2.16361 0.80216 -0.17594 0.55996 0.10970
1403636745.513555527 2.00615 -3.08547 -2.21371 0.79411 -0.16759 0.57338 0.11195
1403636745.713555574 2.03317 -3.12643 -2.23255 0.79081 -0.17259 0.57535 0.11755
1403636745.913555384 2.05529 -3.15831 -2.22509 0.79035 -0.17905 0.57100 0.13130
1403636746.013555527 2.06608 -3.17122 -2.21621 0.79035 -0.18081 0.56829 0.14036
1403636746.213555574 2.08529 -3.17914 -2.17594 0.78899 -0.18397 0.56615 0.15206
1403636746.313555479 2.09562 -3.17567 -2.14765 0.78099 -0.18440 0.57612 0.15534
1403636746.413555384 2.10407 -3.16442 -2.12514 0.77541 -0.18517 0.58330 0.15558
1403636746.613555431 2.11156 -3.11964 -2.10884 0.79141 -0.19350 0.56308 0.13845
1403636746.713555574 2.11541 -3.09395 -2.11282 0.80354 -0.19961 0.54703 0.12344
1403636746.813555479 2.12227 -3.07054 -2.11916 0.80776 -0.20455 0.54175 0.11045
1403636747.013555527 2.14633 -3.03609 -2.12548 0.80522 -0.20354 0.54729 0.10327
1403636747.213555574 2.18245 -3.01965 -2.09731 0.79849 -0.18891 0.55818 0.12318
1403636747.413555384 2.22939 -3.00405 -2.03906 0.79545 -0.18565 0.56140 0.13275
1403636747.913555384 2.36113 -2.93069 -1.89472 0.79362 -0.20317 0.55848 0.13033
1403636748.013555527 2.39074 -2.91360 -1.85380 0.78858 -0.21470 0.56386 0.11879
1403636748.413555384 2.49247 -2.88417 -1.74779 0.79239 -0.20704 0.55724 0.13687
1403636748.713555574 2.57010 -2.87243 -1.66786 0.78837 -0.21111 0.56253 0.13219
1403636748.913555384 2.61879 -2.86788 -1.61671 0.78472 -0.22168 0.56551 0.12354
1403636749.213555574 2.67114 -2.88495 -1.56943 0.77985 -0.23345 0.56805 0.12104
1403636749.413555384 2.68783 -2.91534 -1.52480 0.78204 -0.22287 0.56453 0.14157
1403636749.613555431 2.69703 -2.94534 -1.46217 0.78480 -0.21136 0.56111 0.15676
1403636749.813555479 2.70954 -2.96673 -1.41490 0.78066 -0.20860 0.56845 0.15468
1403636749.913555384 2.71384 -2.97522 -1.40163 0.77635 -0.20723 0.57553 0.15199
1403636750.213555574 2.70345 -2.96779 -1.37982 0.77823 -0.20201 0.57713 0.14307
1403636750.413555384 2.67904 -2.94776 -1.34362 0.78533 -0.19923 0.56994 0.13684
1403636750.613555431 2.65054 -2.92124 -1.26650 0.78833 -0.19275 0.56896 0.13291
1403636750.913555384 2.60223 -2.87433 -1.09865 0.79318 -0.18544 0.56466 0.13280
1403636751.313555479 2.53498 -2.77911 -0.87384 0.80233 -0.19032 0.55040 0.13080
1403636751.513555527 2.52115 -2.73352 -0.77572 0.79520 -0.20176 0.55947 0.11804
1403636751.613555431 2.52402 -2.71287 -0.73378 0.79254 -0.20134 0.56486 0.11076
1403636751.813555479 2.50248 -2.68803 -0.65034 0.80096 -0.19760 0.55662 0.09794
1403636752.013555527 2.49070 -2.68464 -0.58204 0.81029 -0.18357 0.54613 0.10713
1403636752.213555574 2.49170 -2.69519 -0.51655 0.80485 -0.17394 0.55656 0.11046
1403636752.413555384 2.50159 -2.70635 -0.44984 0.79878 -0.15237 0.57372 0.09792
1403636752.613555431 2.50935 -2.71262 -0.36429 0.80560 -0.11797 0.57565 0.07565
1403636752.913555384 2.51459 -2.72280 -0.28052 0.81494 -0.05707 0.57530 0.04058
1403636753.013555527 2.51192 -2.72331 -0.26725 0.81670 -0.03286 0.57527 0.03124
1403636753.213555574 2.51102 -2.71498 -0.26113 0.81830 0.01450 0.57457 0.00665
1403636753.413555384 2.50964 -2.69017 -0.27591 0.81508 0.05787 0.57621 -0.01685
1403636753.513555527 2.50506 -2.67465 -0.28138 0.81383 0.06554 0.57652 -0.03173
1403636753.813555479 2.48985 -2.60860 -0.26629 0.81076 0.07113 0.57912 -0.04719
1403636754.213555574 2.45122 -2.51280 -0.26070 0.80370 0.06380 0.59022 -0.04049
1403636754.513555527 2.39012 -2.42666 -0.20840 0.80357 0.06767 0.59010 -0.03845
1403636754.613555431 2.35430 -2.39858 -0.20173 0.80488 0.07747 0.58685 -0.04205
1403636754.713555574 2.32717 -2.35624 -0.18683 0.80462 0.08901 0.58484 -0.05120
1403636754.913555384 2.25518 -2.27965 -0.18577 0.80134 0.11347 0.58317 -0.06994
1403636755.113555431 2.18147 -2.19205 -0.20310 0.79983 0.12761 0.58097 -0.08040
1403636755.313555479 2.07279 -2.11490 -0.18926 0.80419 0.13216 0.57311 -0.08578
1403636755.413555384 2.02164 -2.07194 -0.17516 0.81066 0.13367 0.56369 -0.08497
1403636755.713555574 1.88598 -1.92782 -0.13734 0.81135 0.13147 0.56367 -0.08186
1403636755.913555384 1.80307 -1.82334 -0.13636 0.80668 0.12713 0.57091 -0.08464
1403636756.113555431 1.71728 -1.71538 -0.12799 0.80445 0.12582 0.57415 -0.08586
1403636756.313555479 1.63063 -1.60169 -0.10303 0.80266 0.12589 0.57646 -0.08705
1403636756.513555527 1.53944 -1.49328 -0.09044 0.80140 0.12761 0.57768 -0.08811
1403636756.713555574 1.43840 -1.37381 -0.09862 0.79975 0.12868 0.57944 -0.09000
1403636756.913555384 1.33017 -1.27809 -0.07877 0.79899 0.12963 0.57996 -0.09200
1403636757.113555431 1.21069 -1.17621 -0.05100 0.79899 0.12956 0.57949 -0.09497
1403636757.313555479 1.07511 -1.07644 -0.03732 0.79951 0.13196 0.57857 -0.09289
1403636757.513555527 0.94874 -0.97845 -0.04881 0.80309 0.13778 0.57277 -0.08944
1403636757.613555431 0.88391 -0.93389 -0.04701 0.80775 0.14483 0.56410 -0.09134
1403636757.713555574 0.81955 -0.87894 -0.04033 0.81374 0.15186 0.55306 -0.09425
1403636757.913555384 0.69047 -0.74893 0.00503 0.81849 0.16043 0.54192 -0.10328
1403636758.013555527 0.64253 -0.68386 0.04068 0.81216 0.16117 0.55004 -0.10899
1403636758.213555574 0.55122 -0.55728 0.09332 0.79813 0.16055 0.56855 -0.11817
1403636758.313555479 0.50842 -0.49645 0.10633 0.79583 0.15904 0.57149 -0.12150
1403636758.513555527 0.40809 -0.37343 0.11148 0.81290 0.15346 0.54678 -0.12913
1403636758.613555431 0.36533 -0.31018 0.10341 0.82448 0.14729 0.52893 -0.13700
1403636758.713555574 0.33454 -0.25633 0.09888 0.82222 0.14560 0.53278 -0.13747
1403636758.813555479 0.32008 -0.21006 0.09084 0.81261 0.14589 0.54783 -0.13516
1403636759.013555527 0.29547 -0.12412 0.07001 0.79998 0.15181 0.56677 -0.12550
1403636759.113555431 0.28148 -0.08349 0.05596 0.79858 0.14602 0.56834 -0.13398
1403636759.313555479 0.25912 -0.02329 0.01574 0.79976 0.12734 0.56386 -0.16196
1403636759.513555527 0.24293 0.00007 -0.03936 0.79649 0.14643 0.57053 -0.13661
1403636759.613555431 0.23380 0.00439 -0.06909 0.79487 0.15420 0.57276 -0.12788
1403636759.913555384 0.19459 0.00464 -0.10243 0.79716 0.15963 0.56914 -0.12299
1403636760.013555527 0.17853 0.00203 -0.10891 0.80315 0.16028 0.56077 -0.12161
1403636760.313555479 0.14120 -0.00028 -0.14072 0.80008 0.15656 0.56543 -0.12512
1403636760.513555527 0.12146 -0.00450 -0.17126 0.79516 0.15971 0.57244 -0.12051
1403636760.613555431 0.10834 -0.00713 -0.18904 0.80110 0.16232 0.56397 -0.11763
1403636760.713555574 0.09473 -0.00955 -0.20481 0.80488 0.16606 0.55831 -0.11352
1403636760.913555384 0.06995 -0.00662 -0.23104 0.79865 0.17004 0.56662 -0.11041
1403636761.013555527 0.05604 -0.00202 -0.24361 0.80100 0.16978 0.56311 -0.11173
1403636761.113555431 0.04218 0.00592 -0.25799 0.80776 0.16842 0.55324 -0.11437
1403636761.313555479 0.02226 0.02832 -0.28389 0.81901 0.17035 0.53616 -0.11285
1403636761.413555384 0.02051 0.04475 -0.29019 0.81366 0.16923 0.54421 -0.11466
1403636761.513555527 0.02077 0.06204 -0.28981 0.80520 0.16744 0.55682 -0.11652
1403636761.613555431 0.03349 0.08746 -0.29408 0.79921 0.16501 0.56567 -0.11855
1403636761.713555574 0.02806 0.10018 -0.28749 0.79808 0.15760 0.56739 -0.12769
1403636762.013555527 0.02744 0.12991 -0.26744 0.79839 0.15633 0.56751 -0.12677
1403636762.113555431 0.03158 0.13699 -0.26159 0.79581 0.16846 0.57149 -0.10821
1403636762.313555479 0.02596 0.15583 -0.24812 0.80773 0.17409 0.55474 -0.09765
1403636762.413555384 0.02319 0.17241 -0.25152 0.81459 0.17012 0.54493 -0.10274
1403636762.613555431 0.02852 0.21414 -0.28124 0.81044 0.13931 0.54989 -0.14629
1403636762.713555574 0.03682 0.22976 -0.30756 0.80425 0.13630 0.55839 -0.15102
1403636762.813555479 0.04793 0.23863 -0.34166 0.80071 0.14618 0.56423 -0.13834
1403636763.013555527 0.03227 0.21153 -0.35095 0.80012 0.13683 0.57108 -0.12226
1403636763.113555431 0.02271 0.19395 -0.35975 0.79743 0.11181 0.58004 -0.12309
1403636763.213555574 0.01890 0.18795 -0.35976 0.79570 0.10040 0.58474 -0.12191
1403636763.413555384 0.01278 0.18657 -0.37583 0.79965 0.09906 0.57924 -0.12342
