1311868164.363181 -0.0000002 -0.0000084 -0.0000011 0.0000026 0.0000022 0.0000012 1.0000000
1311868164.863058 0.0609351 -0.0019222 -0.0414599 0.0064882 -0.0051004 -0.0155231 0.9998454
1311868164.899132 0.0680507 -0.0036468 -0.0433858 0.0093913 -0.0037564 -0.0157590 0.9998246
1311868165.099162 0.1263798 -0.0000530 -0.0558071 0.0097673 -0.0197454 -0.0231305 0.9994897
1311868165.263005 0.1856313 0.0099670 -0.0678502 0.0148890 -0.0334794 -0.0335352 0.9987656
1311868166.099206 0.3204481 0.0735426 -0.1545170 -0.0199078 -0.0188244 -0.0254320 0.9993010
1311868166.499195 0.3337102 0.1396766 -0.2131688 -0.0541712 0.0020939 -0.0228346 0.9982684
1311868167.263251 0.5382839 0.1416914 -0.2490513 -0.0349614 -0.0562550 -0.0541936 0.9963313
1311868168.199247 0.6889015 0.1043444 -0.2023768 -0.0358742 -0.0864847 -0.0573042 0.9939566
1311868168.931215 0.6806181 0.0099358 -0.0750373 -0.0246327 -0.1139044 -0.0710418 0.9906422
1311868169.363470 0.7143525 -0.0734964 0.0002090 0.0031031 -0.1793363 -0.1061784 0.9780363
1311868169.631327 0.7498109 -0.1339972 0.0483210 0.0297592 -0.2207489 -0.1384210 0.9649994
1311868171.331406 1.0618639 -0.1511522 0.0121693 0.0221229 -0.2819070 -0.1442237 0.9482819
1311868171.899575 1.2113196 -0.1393492 0.0656930 0.0090328 -0.3119102 -0.1851804 0.9318469
1311868172.363479 1.3099906 -0.1269384 0.1283606 -0.0212448 -0.3183036 -0.1996725 0.9264784
1311868172.763469 1.3630142 -0.1118066 0.2020072 -0.0602728 -0.2989533 -0.2102014 0.9288754
1311868173.099605 1.3734876 -0.1286355 0.2957738 -0.0811948 -0.2923837 -0.2222402 0.9265681
1311868173.667986 1.3974935 -0.1956325 0.4022073 -0.0779226 -0.3062438 -0.2224428 0.9223134
1311868173.931642 1.4178486 -0.2393063 0.4497182 -0.0657339 -0.3422280 -0.2398254 0.9061142
1311868174.131747 1.4516966 -0.2746873 0.4855463 -0.0511990 -0.3713273 -0.2590363 0.8901657
1311868174.367988 1.4891659 -0.3089146 0.5290697 -0.0415406 -0.3887975 -0.2691707 0.8801466
1311868174.631772 1.5120611 -0.3311788 0.5697477 -0.0412286 -0.4106314 -0.2706404 0.8697332
1311868175.267750 1.4562050 -0.4498288 0.6367427 0.0316689 -0.4262155 -0.2497746 0.8688787
1311868175.299978 1.4550382 -0.4516026 0.6403558 0.0375072 -0.4289886 -0.2428672 0.8692396
1311868175.467702 1.4361566 -0.4791345 0.6710015 0.0412840 -0.4464090 -0.2197974 0.8664317
1311868175.699784 1.4267505 -0.5098134 0.7141811 0.0582893 -0.4625036 -0.2025068 0.8612106
1311868175.931644 1.4359605 -0.5427187 0.7601639 0.0714212 -0.4853444 -0.2017280 0.8477297
1311868176.399921 1.5103222 -0.6055381 0.8907143 0.0656371 -0.5311614 -0.2447418 0.8084929
1311868176.631719 1.5377464 -0.6161465 0.9564645 0.0453925 -0.5359553 -0.2567101 0.8029891
1311868177.031966 1.5440729 -0.6432610 1.0302837 0.0343436 -0.5377657 -0.2602074 0.8011996
1311868177.467848 1.4990114 -0.6888585 1.1217617 0.0385619 -0.5308064 -0.2761084 0.8003260
1311868177.731996 1.4872268 -0.6916380 1.1829209 0.0207817 -0.5293375 -0.2870316 0.7981120
1311868178.068015 1.5116262 -0.7066660 1.2565588 0.0105956 -0.5681227 -0.3086282 0.7628059
1311868178.267968 1.5384061 -0.7314985 1.3087022 0.0179059 -0.5838934 -0.3296596 0.7416686
1311868178.831967 1.6438153 -0.7311562 1.3598552 -0.0073367 -0.6151111 -0.3327750 0.7147344
1311868179.132026 1.7424183 -0.7229627 1.3451295 -0.0179442 -0.6118261 -0.3306489 0.7183440
1311868179.432203 1.8411428 -0.7155314 1.3476658 -0.0308546 -0.6029408 -0.3419241 0.7201377
1311868179.768285 1.9274271 -0.7189327 1.3732736 -0.0380217 -0.5840514 -0.3477387 0.7324726
1311868180.232155 2.0230935 -0.7564819 1.4553394 -0.0484644 -0.6061820 -0.3616244 0.7066982
1311868180.500082 2.0694036 -0.7655632 1.5048696 -0.0624903 -0.6190041 -0.3695720 0.6901779
1311868181.032168 2.1044846 -0.8014795 1.5742664 -0.0643682 -0.6173861 -0.3667053 0.6929778
1311868181.832157 1.9905536 -0.8341093 1.6420591 -0.0641947 -0.6040000 -0.3678505 0.7040944
1311868182.136196 1.8910401 -0.8571540 1.6557477 -0.0586044 -0.6031208 -0.3646314 0.7070041
1311868182.436053 1.8022714 -0.8678671 1.6848412 -0.0605013 -0.5999154 -0.3591792 0.7123422
1311868182.736220 1.7024102 -0.9170634 1.7132944 -0.0398275 -0.6246053 -0.3443395 0.6997944
1311868183.068333 1.5772891 -0.9794305 1.7743891 -0.0164714 -0.6682970 -0.3557972 0.6530821
1311868183.436153 1.4467897 -1.0435221 1.8126286 0.0135545 -0.7048715 -0.3823556 0.5973079
1311868183.800370 1.3343623 -1.0741198 1.8329518 -0.0277643 -0.7257335 -0.3771517 0.5747144
1311868184.036316 1.2500155 -1.1072832 1.8308338 -0.0202520 -0.7233710 -0.3818229 0.5749222
1311868184.300643 1.1743594 -1.1238096 1.8395736 -0.0143795 -0.7241552 -0.3628432 0.5862911
1311868184.600381 1.0880907 -1.1399255 1.8614553 -0.0131988 -0.7382562 -0.3572420 0.5719980
1311868184.900445 0.9913493 -1.1869363 1.8943739 0.0024530 -0.7718526 -0.3561917 0.5266546
1311868185.200754 0.9101707 -1.2185478 1.9189577 -0.0130386 0.7879503 0.3626231 -0.4974623
1311868185.468575 0.8402500 -1.2331110 1.9377398 -0.0211686 0.7949696 0.3449116 -0.4986092
1311868185.768630 0.7810731 -1.2440898 1.9450779 0.0439421 -0.7953627 -0.3211576 0.5121768
1311868186.103248 0.7264436 -1.2424558 1.9751461 -0.0335308 0.8091100 0.3288025 -0.4859069
1311868186.500490 0.6802518 -1.2453682 2.0401945 -0.0167215 0.8367997 0.3613120 -0.4110233
1311868186.968636 0.7234807 -1.2566792 2.1017590 -0.0008770 0.8430205 0.3782316 -0.3824349
1311868187.436706 0.8163519 -1.2786824 2.1672947 0.0074398 0.8220808 0.4044560 -0.4006784
1311868187.968459 0.8449911 -1.3105741 2.2758551 0.0062083 0.8230234 0.4112364 -0.3917634
1311868188.236529 0.8218498 -1.3221005 2.3749614 0.0186420 0.8335734 0.4245559 -0.3529308
1311868188.502489 0.8106139 -1.3087236 2.4533043 0.0199781 0.8259049 0.4555188 -0.3316391
1311868188.936521 0.8979232 -1.3231430 2.5429044 0.0518609 0.8209034 0.4707983 -0.3190252
1311868189.302276 0.9994188 -1.3435208 2.6093967 0.0654680 0.8010564 0.4944613 -0.3309540
1311868189.868685 1.0635734 -1.3817375 2.7284677 0.0685338 0.7865332 0.5098990 -0.3415724
1311868190.468862 1.0357151 -1.4584652 2.8899562 0.0691176 0.7869061 0.5034136 -0.3501090
1311868191.836740 0.9729884 -1.5223811 3.0035050 0.0645431 0.7865588 0.4993110 -0.3575585
1311868192.904715 0.8416778 -1.5044185 2.8782904 0.0555537 0.7888242 0.4895794 -0.3673992
1311868193.238476 0.8141519 -1.5155787 2.8450315 0.0589702 0.8008296 0.4874928 -0.3428487
1311868194.071381 0.7222553 -1.5913498 2.7917891 0.0296926 0.8283323 0.4813301 -0.2851409
1311868194.538360 0.6935607 -1.6293486 2.7649727 0.0276927 0.8312890 0.4765263 -0.2848059
1311868195.269090 0.6565958 -1.6793603 2.7966280 0.0255344 0.8422824 0.4535986 -0.2900980
1311868195.641375 0.6409023 -1.6973581 2.8727841 0.0212109 0.8361101 0.4568104 -0.3029757
1311868196.137076 0.6590819 -1.6976471 2.9766791 0.0310543 0.8172662 0.4724631 -0.3284665
1311868196.807613 0.7339186 -1.7051089 3.0827167 0.0737348 0.7841178 0.4824610 -0.3833455
1311868197.437047 0.6836841 -1.7475619 3.2311869 0.0573574 0.7876194 0.5082488 -0.3435826
1311868198.037139 0.6175863 -1.7556329 3.3472795 0.0756676 0.7778851 0.5321221 -0.3255997
1311868199.337251 0.4188480 -1.7327123 3.3668821 0.0754254 0.7804855 0.5449144 -0.2970212
1311868200.237169 0.2663431 -1.7531495 3.4059391 0.0626918 0.8041701 0.5550418 -0.2032454
1311868200.873224 0.1527404 -1.7862751 3.4934413 0.0626708 0.8046803 0.5667301 -0.1654659
1311868202.337417 -0.0017229 -1.7742801 3.5195103 0.0539314 0.7994055 0.5846117 -0.1275597
1311868203.137538 -0.1259991 -1.7937806 3.5063734 0.0414130 0.8171611 0.5650679 -0.1059761
1311868203.637527 -0.1596395 -1.8465697 3.4139318 0.0371682 0.8349240 0.5472572 -0.0450540
1311868204.137666 -0.2470258 -1.9032049 3.3223495 0.0270378 0.8331680 0.5523586 0.0000408
1311868204.605660 -0.3360367 -1.9544563 3.2484293 0.0206415 0.8272189 0.5606247 0.0313489
1311868205.006015 -0.3983627 -2.0110471 3.2011609 0.0221662 0.8257264 0.5615230 0.0487479
1311868205.373547 -0.4275066 -2.0524194 3.1705761 0.0140951 0.8396195 0.5420422 0.0321057
1311868206.105664 -0.4540894 -2.1085124 3.1113591 0.0237040 0.8717828 0.4887862 0.0228236
1311868206.437725 -0.4628509 -2.1107743 3.0919998 0.0189711 0.8794247 0.4756164 0.0064304
1311868207.273845 -0.5288570 -2.0101306 3.1692691 -0.0069414 0.8643700 0.4992337 0.0598496
1311868207.705850 -0.6149482 -1.9660289 3.2169514 0.0038387 0.8572084 0.5099805 0.0714072
1311868208.137703 -0.6771948 -1.9243429 3.2720923 -0.0080972 0.8503074 0.5221885 0.0650457
1311868208.473867 -0.7189822 -1.8986677 3.3259058 -0.0104446 0.8425922 0.5341697 0.0677636
1311868208.805683 -0.7719836 -1.8677084 3.3644235 -0.0016157 0.8331990 0.5485961 0.0694201
1311868209.273776 -0.8036630 -1.7894369 3.3906264 -0.0010448 0.8184148 0.5710819 0.0637309
1311868210.042009 -0.8563496 -1.6770780 3.3469453 0.0077038 0.8178615 0.5709033 0.0715027
1311868211.174051 -0.9394703 -1.6258268 3.3255420 0.0001064 0.8141683 0.5679104 0.1208624
1311868211.706002 -1.0844387 -1.6182241 3.3276393 -0.0098709 0.8088535 0.5690775 0.1476801
1311868212.142105 -1.1856441 -1.6109693 3.3411670 -0.0120950 0.8034794 0.5766801 0.1473587
1311868212.942123 -1.2773263 -1.5988479 3.3021514 -0.0151389 0.8102482 0.5721805 0.1260084
1311868213.706267 -1.3419088 -1.5612289 3.1992412 -0.0275608 0.8107154 0.5609878 0.1651472
1311868214.374244 -1.3860370 -1.5387517 3.1386178 0.0002873 0.8125593 0.5511737 0.1896174
1311868214.906326 -1.4354035 -1.5218413 3.0825012 -0.0048654 0.8078853 0.5341607 0.2489379
1311868215.342475 -1.4755328 -1.5223427 3.0219262 -0.0277902 0.8019381 0.5197634 0.2932048
1311868215.974271 -1.4610541 -1.5654747 2.9214339 -0.0278760 0.7958494 0.5005783 0.3395113
1311868216.306682 -1.4565673 -1.5976430 2.8644817 -0.0178704 0.7969260 0.4968889 0.3430613
1311868216.674349 -1.4677634 -1.6180685 2.8048911 -0.0097248 0.7977448 0.4951959 0.3439328
1311868216.974559 -1.4833381 -1.6391844 2.7632046 -0.0026763 0.8049307 0.4821324 0.3458725
1311868217.374311 -1.4921942 -1.6697637 2.7287097 -0.0006930 0.8170025 0.4696838 0.3345199
1311868218.710423 -1.4934505 -1.5928249 2.7470367 0.0139523 0.8178329 0.4612688 0.3437817
1311868219.042799 -1.5387129 -1.5519564 2.7573195 -0.0053180 0.8150289 0.4525659 0.3617786
1311868219.374565 -1.5779597 -1.4716225 2.7891502 0.0055515 0.8121623 0.4549501 0.3652151
1311868219.674450 -1.6022111 -1.3996084 2.8133309 0.0211540 0.7907211 0.4760370 0.3843194
1311868220.110558 -1.6203802 -1.3359294 2.8681774 0.0336702 0.7746124 0.4801984 0.4101847
1311868220.542610 -1.6478064 -1.2797365 2.9202662 0.0163351 0.7541823 0.4955554 0.4305428
1311868221.174633 -1.7121828 -1.2325029 2.9489150 0.0030753 0.7366425 0.5157602 0.4374240
1311868222.774863 -1.8018785 -1.1883857 2.8685231 -0.0034422 0.7288351 0.5218505 0.4432377
1311868223.910906 -1.8579721 -1.1422100 2.7698472 0.0045787 0.7146046 0.5130787 0.4754677
1311868224.474953 -1.9236493 -1.1093636 2.7025707 0.0100259 0.7079189 0.4995898 0.4991596
1311868224.842708 -1.9827192 -1.0808423 2.6456037 -0.0013070 0.7025638 0.4939207 0.5122937
1311868225.111236 -2.0149000 -1.0664854 2.6080618 -0.0025297 0.7024264 0.4856463 0.5203252
1311868225.479273 -2.0591230 -1.0498416 2.5808196 -0.0048022 0.6969027 0.4838833 0.5293019
1311868225.910765 -2.1020129 -1.0299425 2.5576022 -0.0006327 0.6857911 0.4804928 0.5466415
1311868226.411020 -2.1344931 -1.0066614 2.5157447 -0.0035363 0.6899766 0.4776748 0.5438259
1311868226.745829 -2.1420226 -0.9833822 2.4476213 -0.0022839 0.6893322 0.4818268 0.5409795
1311868227.110902 -2.1378181 -0.9532486 2.3442395 0.0000447 0.6854527 0.4704857 0.5556958
1311868227.411422 -2.1281796 -0.9326164 2.2734816 0.0111621 0.6814114 0.4657947 0.5644370
1311868227.744281 -2.1248355 -0.9105994 2.2192461 0.0143905 0.6656739 0.4553719 0.5910226
1311868228.079022 -2.1405616 -0.8848964 2.1619911 0.0091315 0.6381350 0.4391050 0.6323663
1311868228.378967 -2.1727760 -0.8627642 2.1062524 0.0062074 0.6217645 0.4225335 0.6594208
1311868228.714922 -2.2120681 -0.8376314 2.0442648 -0.0067043 0.6151823 0.4116417 0.6723518
1311868229.044504 -2.2386875 -0.8052951 1.9860617 -0.0067079 0.6110439 0.4103716 0.6768866
1311868229.381047 -2.2181559 -0.8139970 1.9321713 -0.0062161 0.6109986 0.4219687 0.6697645
1311868229.748721 -2.1370192 -0.8283038 1.8699462 -0.0152574 0.6014524 0.4311644 0.6723983
1311868230.113585 -2.0503352 -0.8658231 1.8105688 -0.0115015 0.5995526 0.4368428 0.6705018
1311868230.484314 -1.9668489 -0.9007896 1.7406731 -0.0111734 0.5928492 0.4573303 0.6627624
1311868230.682847 -1.9245772 -0.9024844 1.7006372 0.0030686 0.6054003 0.4630670 0.6473407
1311868231.012678 -1.8745167 -0.9085888 1.6370425 -0.0087752 0.6110935 0.4405346 0.6575843
1311868231.443247 -1.8063707 -0.9324966 1.5646470 -0.0642873 0.6034120 0.4378060 0.6633906
1311868231.943245 -1.7117393 -1.0002017 1.5300338 -0.0757529 0.6003778 0.4413259 0.6626005
1311868232.443259 -1.6221253 -1.0693841 1.5194883 -0.0853689 0.5983468 0.4454670 0.6604941
1311868234.411591 -1.7613990 -0.9905890 1.4212815 -0.0475621 0.5902493 0.3710627 0.7153014
1311868234.911468 -1.8788953 -0.9089057 1.3734272 -0.0501558 0.5830864 0.3605693 0.7262813
1311868235.479571 -1.9644668 -0.7993261 1.3173187 -0.0426346 0.5781315 0.3711376 0.7253986
1311868235.979648 -1.9831735 -0.7064577 1.2762542 -0.0384490 0.5831734 0.3634443 0.7254920
1311868236.379539 -1.9746274 -0.6345423 1.2382513 -0.0369144 0.5579812 0.3577654 0.7478625
1311868236.779605 -1.9678273 -0.5721362 1.2074276 -0.0188703 0.5444197 0.3495784 0.7622638
1311868237.179506 -1.9761471 -0.5021203 1.1814454 -0.0025147 0.5220039 0.3525240 0.7766804
1311868237.511663 -1.9857736 -0.4438128 1.1141648 -0.0019508 0.5041389 0.3385248 0.7945068
1311868237.811811 -2.0005064 -0.3907524 1.0398840 -0.0185237 0.4837897 0.3127299 0.8171930
1311868238.147711 -2.0175328 -0.3259603 0.9684404 -0.0198860 0.4627779 0.3155222 0.8281829
1311868238.579703 -2.0089300 -0.2749727 0.9094436 -0.0153896 0.4508837 0.3168198 0.8343214
1311868238.911768 -1.9715953 -0.2338139 0.8729305 -0.0284741 0.4535184 0.3291579 0.8277472
1311868239.247740 -1.9343054 -0.2034370 0.8359991 -0.0232744 0.4388023 0.3122363 0.8422704
1311868239.679838 -1.8914000 -0.1624834 0.8109027 -0.0266846 0.4025919 0.3049417 0.8626809
1311868240.012203 -1.8785982 -0.1250659 0.7687731 -0.0296717 0.3693723 0.2925912 0.8815181
1311868240.311899 -1.8663914 -0.0731800 0.6893477 -0.0411754 0.3546211 0.2731242 0.8932814
1311868240.679815 -1.8769177 -0.0178493 0.6262385 -0.0579688 0.3460771 0.2567134 0.9005379
1311868241.479924 -1.7814815 -0.0909653 0.5565522 -0.0677143 0.3476156 0.2791390 0.8925579
1311868241.779865 -1.7230910 -0.1413758 0.5338628 -0.0585599 0.3383569 0.2850370 0.8948962
1311868242.147934 -1.6586750 -0.1862684 0.4835428 -0.0635255 0.3146436 0.2459968 0.9145761
1311868242.580083 -1.6171921 -0.1927668 0.4282910 -0.0579455 0.2814199 0.2168233 0.9329699
1311868242.912047 -1.5903664 -0.1781031 0.4127888 -0.0450570 0.2820786 0.2081291 0.9354591
1311868243.248114 -1.5572336 -0.1599025 0.3911152 -0.0352010 0.2883504 0.2159023 0.9322023
1311868243.611954 -1.5222600 -0.1343728 0.3329082 -0.0353900 0.2627720 0.1871601 0.9458697
1311868243.948200 -1.4795599 -0.0850891 0.2626468 -0.0597404 0.2268489 0.1652813 0.9579419
1311868244.312192 -1.4523088 -0.0218931 0.1992612 -0.0535445 0.1855581 0.1372913 0.9715206
1311868244.580149 -1.4306225 0.0297265 0.1737814 -0.0559764 0.1912896 0.1354940 0.9705237
1311868244.912189 -1.3849808 0.0853041 0.1529189 -0.0634807 0.1973096 0.1476355 0.9670795
1311868245.280237 -1.3182032 0.1223629 0.1469656 -0.0664504 0.1999799 0.1391703 0.9675867
1311868245.612262 -1.2474444 0.1473575 0.1253140 -0.0485180 0.1664465 0.1287632 0.9764024
1311868245.980265 -1.1697079 0.1992575 0.0901484 -0.0612935 0.1497972 0.1509878 0.9751956
1311868246.248127 -1.1378661 0.2383557 0.0456229 -0.0790708 0.1322578 0.1335717 0.9789864
1311868246.616068 -1.1157533 0.2937102 -0.0307862 -0.0916845 0.1313395 0.1281154 0.9787391
1311868247.048425 -1.0898749 0.3361644 -0.0927362 -0.0967512 0.1491707 0.1373240 0.9744380
1311868247.916219 -0.9255581 0.2353763 -0.0429202 -0.0907102 0.1436702 0.1250044 0.9774991
1311868248.316226 -0.8363383 0.1809108 -0.0007571 -0.0888080 0.1196509 0.1249327 0.9809121
1311868248.648465 -0.7425961 0.1446028 0.0253958 -0.1029364 0.0921101 0.0987551 0.9854782
1311868248.880380 -0.6732726 0.1046190 0.0341773 -0.1222702 0.0699136 0.0822053 0.9866126
1311868249.180476 -0.5878085 0.0685484 0.0447217 -0.1302258 0.0837310 0.0766148 0.9849673
1311868249.480373 -0.5416818 0.0377501 0.0697502 -0.1193773 0.0856828 0.0767728 0.9861610
1311868249.848322 -0.5026028 -0.0253587 0.1239836 -0.1135199 0.0914748 0.0734190 0.9865876
1311868250.216361 -0.4802963 -0.1111700 0.1867105 -0.1016005 0.1023479 0.0740795 0.9867697
1311868250.716511 -0.4608232 -0.2019544 0.2421806 -0.0890921 0.0858954 0.0777600 0.9892613
1311868251.948786 -0.3520916 -0.1400934 0.1702716 -0.0787313 0.0713406 0.0453032 0.9933074
1311868252.316579 -0.2608874 -0.1039144 0.1013236 -0.0728261 0.0601610 0.0107347 0.9954706
1311868252.616626 -0.1780258 -0.0559289 0.0537286 -0.0854402 0.0386774 0.0083909 0.9955570
1311868253.316664 -0.0224486 0.0162112 0.0180458 -0.1075901 0.0435595 0.0196091 0.9930471
1311868254.448907 0.2590851 0.0535476 0.0379315 -0.1160895 -0.0184126 -0.0031133 0.9930632
1311868255.049320 0.4152404 0.1019357 0.0015296 -0.1452717 -0.0685106 -0.0296726 0.9865708
1311868255.716862 0.5169494 0.1238277 -0.0072505 -0.1423269 -0.0816788 -0.0310224 0.9859560
1311868256.316827 0.6496235 0.0740580 0.0560594 -0.1454923 -0.0938137 -0.0540005 0.9834200
1311868256.916906 0.7798279 0.0092109 0.1199080 -0.1205648 -0.1258036 -0.0650616 0.9825500
1311868257.549492 0.9070249 -0.0852289 0.1744076 -0.1268020 -0.1793846 -0.1216658 0.9679565
1311868258.149278 0.9597186 -0.1920359 0.2240076 -0.1388179 -0.2426250 -0.1641133 0.9460071
1311868258.817013 0.9485413 -0.3547067 0.3457044 -0.1350171 -0.2533177 -0.1686446 0.9429526
1311868259.449140 0.9864168 -0.4664979 0.4733461 -0.1032639 -0.2899074 -0.2131088 0.9272944
1311868260.217009 1.0597901 -0.4791296 0.5433896 -0.0902324 -0.3017304 -0.2266769 0.9216477
