1403638518.077830 0.0000000 0.0000000 0.0000000 -0.0000000 -0.0000000 -0.0000000 1.0000000
1403638522.727829 -0.0650521 -0.1896668 -0.0896344 0.0145697 -0.0417356 0.0117044 0.9989539
1403638522.827830 -0.0665900 -0.2403958 -0.1073083 0.0244640 -0.0510297 0.0132761 0.9983092
1403638523.177830 -0.0547925 -0.3608339 -0.1433221 0.0430026 -0.0596829 0.0289359 0.9968709
1403638523.827830 -0.0142742 -0.1139421 -0.0669567 0.0026245 -0.0379107 -0.0021735 0.9992753
1403638523.927830 -0.0098969 -0.0737846 -0.0597198 0.0037445 -0.0341232 -0.0097102 0.9993635
1403638524.027829 -0.0073278 -0.0474319 -0.0557673 0.0011192 -0.0311671 -0.0209544 0.9992939
1403638524.077830 -0.0072615 -0.0425991 -0.0561167 -0.0025722 -0.0311062 -0.0261473 0.9991707
1403638525.127830 -0.0182880 -0.3750974 -0.1469133 0.0484264 -0.0325465 -0.0176705 0.9981400
1403638527.077830 0.5332772 -0.0877072 -0.1660918 0.0172057 0.0566835 0.0277940 0.9978570
1403638527.227829 0.6065857 -0.0911300 -0.1836594 0.0127702 0.0797301 0.0399643 0.9959332
1403638527.327830 0.6375189 -0.0955988 -0.1844124 0.0181052 0.0987236 0.0409758 0.9941061
1403638530.077830 0.0098126 -0.0358002 0.0051583 -0.0125911 0.0683988 0.0174683 0.9974257
1403638530.577830 0.0257370 -0.0207101 0.0796789 -0.0152038 0.0863577 0.0331291 0.9955971
1403638530.777829 0.0317559 -0.0129178 0.0911203 -0.0272158 0.0889907 0.0359126 0.9950127
1403638531.427830 0.0297148 -0.0039696 0.1008454 -0.0087907 0.0878388 0.0298694 0.9956480
1403638540.277829 0.0426980 -0.2643277 0.1855048 -0.0025903 0.0793015 0.0264328 0.9964968
1403638540.577830 0.0451750 -0.3338792 0.2922435 0.0137477 0.0608902 0.0157147 0.9979261
1403638541.227829 -0.0167333 -0.4739999 0.5765439 0.0203686 -0.0686818 -0.0572002 0.9957892
1403638541.727829 -0.1988409 -0.6374591 0.7960997 0.0257421 -0.0874609 -0.0618796 0.9939109
1403638542.027829 -0.3616897 -0.7825006 0.8949126 0.0227236 -0.1370242 -0.0687084 0.9879206
1403638542.277829 -0.5040922 -0.8707945 0.9805778 0.0195388 -0.1969841 -0.0912078 0.9759594
1403638542.427830 -0.5959116 -0.9135687 1.0376054 0.0302552 -0.2293585 -0.1080924 0.9668481
1403638542.627830 -0.7209582 -0.9499767 1.1180706 0.0557995 -0.2468013 -0.1376334 0.9576182
1403638542.927830 -0.9344373 -1.0338874 1.1680866 0.0344909 -0.2627859 -0.1245486 0.9561598
1403638543.127830 -1.0866168 -1.1056190 1.1731399 0.0248535 -0.2642322 -0.1168138 0.9570362
1403638543.527829 -1.4099272 -1.1862782 1.2210218 0.0223989 -0.2715242 -0.1179963 0.9549083
1403638543.777829 -1.6120822 -1.2207793 1.2543430 0.0239296 -0.3147609 -0.1446687 0.9377761
1403638543.927830 -1.7504833 -1.2465683 1.2575533 0.0273772 -0.3482899 -0.1610130 0.9230490
1403638544.077830 -1.8916922 -1.2828579 1.2630883 0.0237704 -0.3773143 -0.1650129 0.9109554
1403638544.277829 -2.0910530 -1.3357790 1.2693564 0.0217036 -0.3970970 -0.1632905 0.9028727
1403638544.577830 -2.3837757 -1.3835342 1.3077803 0.0239582 -0.4007609 -0.1643471 0.9010032
1403638545.527829 -3.2632616 -1.4995555 1.4864587 0.0293728 -0.4143996 -0.1659243 0.8943597
1403638545.777829 -3.4813654 -1.5048563 1.5276666 0.0248957 -0.4490968 -0.1809666 0.8746104
1403638545.977829 -3.6574571 -1.5463419 1.5583591 0.0243224 -0.4903432 -0.2038822 0.8469971
1403638546.277829 -3.9328060 -1.6057056 1.5728595 0.0257317 -0.5277045 -0.2255378 0.8185344
1403638546.677830 -4.3011241 -1.6231102 1.6367636 0.0221434 -0.5468684 -0.2279758 0.8052773
1403638546.977829 -4.5949488 -1.6816450 1.6547153 0.0265620 -0.5565436 -0.2398848 0.7949899
1403638547.377830 -5.0126486 -1.7037237 1.6659565 0.0301737 -0.5561430 -0.2467495 0.7930379
1403638547.927830 -5.6318531 -1.5895371 1.6756101 0.0259827 -0.5547240 -0.2398074 0.7963032
1403638548.477829 -6.2951469 -1.5511355 1.5766582 0.0202720 -0.6016893 -0.2540429 0.7569817
1403638548.727829 -6.6198831 -1.5863590 1.5033607 0.0195579 -0.6207225 -0.2616254 0.7388323
1403638549.027829 -7.0199413 -1.5932596 1.4310045 0.0193222 -0.6274382 -0.2641024 0.7322553
1403638549.377830 -7.5007014 -1.6807284 1.2998405 0.0168806 -0.6291094 -0.2567769 0.7334862
1403638549.577830 -7.7852550 -1.7349794 1.2162719 0.0163682 -0.6287815 -0.2520540 0.7354147
1403638549.877830 -8.2003031 -1.7917793 1.1349134 0.0168326 -0.6279071 -0.2510815 0.7364832
1403638550.127830 -8.5744934 -1.9122095 1.0481405 0.0122486 -0.6280068 -0.2507304 0.7366082
1403638550.377830 -8.9379253 -2.0311816 0.9646497 0.0147066 -0.6280252 -0.2519538 0.7361299
1403638550.627830 -9.2921829 -2.1729658 0.8890352 0.0115597 -0.6320772 -0.2433679 0.7356065
1403638550.877830 -9.6489935 -2.2702270 0.8613157 0.0216569 -0.6370323 -0.2307213 0.7351793
1403638551.077830 -9.9179096 -2.3208892 0.8469782 0.0347166 -0.6402586 -0.2180563 0.7357413
1403638551.277829 -10.1640224 -2.4282928 0.8501129 0.0296390 -0.6428456 -0.2132386 0.7351193
1403638551.527829 -10.4173040 -2.5248566 0.8768349 0.0158357 -0.6187907 -0.2044248 0.7583256
1403638551.827830 -10.6777897 -2.6494343 0.9952450 0.0071419 -0.5689717 -0.1724872 0.8040326
1403638552.077830 -10.8875637 -2.7584994 1.0915327 0.0260974 -0.5320644 -0.1713228 0.8287792
1403638552.327830 -11.0018978 -2.9415331 1.2591486 0.0186424 -0.5231474 -0.1745934 0.8339583
1403638552.577830 -11.1163712 -3.0817401 1.4225407 0.0316004 -0.5289744 -0.1562988 0.8335215
1403638552.827830 -11.1922817 -3.2218876 1.6113443 0.0331868 -0.5304554 -0.1609431 0.8316328
1403638553.127830 -11.2230902 -3.3451009 1.8673139 0.0387405 -0.5305862 -0.1775674 0.8279174
1403638553.377830 -11.1841526 -3.4429991 2.0948267 0.0566036 -0.5387251 -0.1676250 0.8236948
1403638553.677830 -11.0734539 -3.6012263 2.3587956 0.0719659 -0.5373583 -0.1792416 0.8209382
1403638553.777829 -10.9977551 -3.6446528 2.4145322 0.0722666 -0.5361417 -0.1811524 0.8212878
1403638554.077830 -10.7816563 -3.8088968 2.5852342 0.0600986 -0.5342982 -0.1851355 0.8225805
1403638554.377830 -10.5245991 -3.9371796 2.7438035 0.0379327 -0.5266945 -0.2072510 0.8235297
1403638554.977829 -10.0310917 -4.1618156 3.0277295 0.0265815 -0.5331841 -0.1912435 0.8236711
1403638555.127830 -9.9078722 -4.2129040 3.1042194 0.0270403 -0.5230027 -0.1895509 0.8305465
1403638555.227829 -9.8272543 -4.2439132 3.1552973 0.0254840 -0.5127934 -0.1859322 0.8377486
1403638555.327830 -9.7435474 -4.2713299 3.2112145 0.0251694 -0.5036696 -0.1836039 0.8437850
1403638555.377830 -9.6976337 -4.2811975 3.2445025 0.0275242 -0.4993887 -0.1846766 0.8460189
1403638555.477829 -9.6138639 -4.3037076 3.3061805 0.0288805 -0.4926648 -0.1851933 0.8497945
1403638555.577830 -9.5346394 -4.3220716 3.3674006 0.0297480 -0.4889547 -0.1841524 0.8521304
1403638555.777829 -9.3657579 -4.3744926 3.4864726 0.0266177 -0.4869751 -0.1838687 0.8534279
1403638555.877830 -9.2843246 -4.4123335 3.5407977 0.0259675 -0.4869419 -0.1850495 0.8532116
1403638556.027829 -9.1633596 -4.4810219 3.6115923 0.0280494 -0.4862942 -0.1882822 0.8528077
1403638556.277829 -8.9671688 -4.5858641 3.7476892 0.0139468 -0.4854400 -0.1916792 0.8528848
1403638556.427830 -8.8608160 -4.6410837 3.8329501 0.0081794 -0.4843916 -0.1936058 0.8531206
1403638556.577830 -8.7605152 -4.6930599 3.9311461 -0.0001069 -0.4834721 -0.1945810 0.8534594
1403638556.727829 -8.6767626 -4.7624040 4.0306439 -0.0016181 -0.4875766 -0.1812401 0.8540601
1403638556.827830 -8.6212368 -4.8122687 4.1012101 0.0038885 -0.4903757 -0.1741696 0.8539213
1403638557.027829 -8.5132523 -4.9361362 4.2552710 0.0083515 -0.4930716 -0.1676239 0.8536469
1403638557.127830 -8.4634886 -4.9914246 4.3362365 0.0109887 -0.4919590 -0.1707395 0.8536414
1403638557.227829 -8.4066162 -5.0416236 4.4286494 0.0133163 -0.4918748 -0.1723178 0.8533396
1403638557.427830 -8.2987947 -5.1317282 4.6231599 0.0181465 -0.4903943 -0.1783896 0.8528548
1403638557.777829 -8.1096516 -5.3412671 4.9508510 0.0280317 -0.4858799 -0.1902292 0.8526123
1403638557.877830 -8.0617456 -5.3938127 5.0414753 0.0285982 -0.4840361 -0.1930027 0.8530189
1403638558.027829 -7.9882159 -5.4689622 5.1789432 0.0235631 -0.4825411 -0.1964530 0.8532321
1403638558.177830 -7.9188118 -5.5283375 5.3167534 0.0096875 -0.4807079 -0.1995106 0.8538276
1403638558.427830 -7.8332157 -5.6580858 5.5461602 -0.0034668 -0.4744633 -0.2113190 0.8545272
1403638558.527829 -7.8136806 -5.7188339 5.6399088 -0.0083694 -0.4728734 -0.2144597 0.8545921
1403638558.677830 -7.7998252 -5.8325830 5.7704039 -0.0106608 -0.4767213 -0.2025350 0.8553379
1403638558.827830 -7.8064055 -5.9486008 5.9070354 -0.0085741 -0.4805195 -0.1893014 0.8562666
1403638559.077830 -7.8319602 -6.1170826 6.1697087 0.0102536 -0.4813012 -0.1876766 0.8561667
1403638559.277829 -7.8584366 -6.2265406 6.3957806 0.0200224 -0.4813312 -0.1909498 0.8552530
1403638559.577830 -7.9150634 -6.3429661 6.7417951 0.0304668 -0.4794572 -0.2003383 0.8538485
1403638559.927830 -7.9996161 -6.4597626 7.1169643 0.0305386 -0.4803142 -0.1973530 0.8540594
1403638560.127830 -8.0562201 -6.5178900 7.3219743 0.0290297 -0.4567353 -0.1820714 0.8702874
1403638560.377830 -8.1166058 -6.5663719 7.5822458 0.0369581 -0.4009996 -0.1523687 0.9025615
1403638560.577830 -8.1625214 -6.5845995 7.7890377 0.0449537 -0.3510860 -0.1226791 0.9271827
1403638560.677830 -8.1848278 -6.5864968 7.8925524 0.0433032 -0.3269830 -0.1048292 0.9381992
1403638560.777829 -8.1994629 -6.5867639 7.9898396 0.0418339 -0.3061910 -0.0876187 0.9470058
1403638560.877830 -8.2086239 -6.5957994 8.0863428 0.0430726 -0.2842488 -0.0747069 0.9548645
1403638560.927830 -8.2048903 -6.6049833 8.1284838 0.0439729 -0.2734860 -0.0687804 0.9584056
1403638560.977829 -8.2088127 -6.6123986 8.1739025 0.0467056 -0.2618434 -0.0640019 0.9618526
1403638561.027829 -8.2047882 -6.6232257 8.2131586 0.0502434 -0.2506454 -0.0595579 0.9649380
1403638561.127830 -8.1896009 -6.6501541 8.2901268 0.0547408 -0.2297522 -0.0497801 0.9704326
1403638561.327830 -8.1366091 -6.7133064 8.4213715 0.0606219 -0.2017944 -0.0375541 0.9768284
1403638561.527829 -8.0542450 -6.7568707 8.5320215 0.0466761 -0.1843715 -0.0550086 0.9802054
1403638561.827830 -7.9114637 -6.7808247 8.6909685 0.0406918 -0.1807095 -0.0668846 0.9804156
1403638562.027829 -7.8118277 -6.7694697 8.7999420 0.0423778 -0.1676231 -0.0651066 0.9827857
1403638562.327830 -7.6633234 -6.7786779 8.9245529 0.0442108 -0.1343058 -0.0536833 0.9884966
1403638562.527829 -7.5582328 -6.8012280 8.9793015 0.0446216 -0.1033686 -0.0359233 0.9929921
1403638562.877830 -7.3600998 -6.8622932 9.0353489 0.0445161 -0.0269222 0.0153710 0.9985276
1403638563.077830 -7.2357755 -6.8680620 9.0629625 0.0444940 0.0178325 0.0409098 0.9980124
1403638563.327830 -7.0581627 -6.8432693 9.0870571 0.0528442 0.0611470 0.0574102 0.9950742
1403638563.627830 -6.8092098 -6.7763433 9.0811825 0.0646043 0.0754500 0.0595667 0.9932700
1403638563.977829 -6.4732137 -6.7153225 8.9668789 0.0605117 0.0655404 0.0642502 0.9939390
1403638564.277829 -6.1396093 -6.6476979 8.8025932 0.0627630 0.0541895 0.0570612 0.9949213
1403638564.477829 -5.8967113 -6.6004729 8.6609430 0.0676769 0.0495405 0.0490467 0.9952688
1403638564.677830 -5.6331210 -6.5457258 8.4879293 0.0625280 0.0437603 0.0550851 0.9955606
1403638564.727829 -5.5715981 -6.5387821 8.4407549 0.0612645 0.0432354 0.0572903 0.9955376
1403638564.977829 -5.2216425 -6.4122434 8.2203226 0.0625095 0.0416372 0.0656458 0.9950123
1403638565.227829 -4.8446789 -6.2068839 8.0013781 0.0584464 0.0410140 0.0674027 0.9951677
1403638565.427830 -4.5222387 -5.9979992 7.8166838 0.0555066 0.0439535 0.0630253 0.9954973
1403638565.627830 -4.1746836 -5.7952404 7.6143904 0.0616874 0.0527116 0.0509616 0.9953989
1403638565.827830 -3.8230047 -5.6117358 7.3923721 0.0547632 0.0626551 0.0337963 0.9959584
1403638566.027829 -3.4861181 -5.4378996 7.1488242 0.0483556 0.0674530 0.0295961 0.9961104
1403638566.277829 -3.0795047 -5.1960797 6.8482881 0.0474729 0.0677288 0.0294703 0.9961379
1403638566.477829 -2.7728019 -4.9576526 6.6169405 0.0469533 0.0645366 0.0308817 0.9963316
1403638566.727829 -2.4205208 -4.6289039 6.3362837 0.0182306 0.0589151 0.0290918 0.9976724
1403638566.977829 -2.0752871 -4.2867799 6.1002202 -0.0113182 0.0539286 0.0240125 0.9981919
1403638567.327830 -1.6039505 -3.8339126 5.8652258 0.0445640 0.0566527 0.0136736 0.9973052
1403638567.627830 -1.2489468 -3.4487848 5.6818404 0.0354147 0.0632682 0.0111983 0.9973052
1403638567.877830 -0.9739221 -3.1875076 5.5095706 0.0209196 0.0664878 0.0127740 0.9974861
1403638568.327830 -0.5620086 -2.8759937 5.2235999 0.0199844 0.0718360 0.0066135 0.9971943
1403638568.777829 -0.2416354 -2.6032705 5.0053554 0.0094377 0.0728476 0.0042949 0.9972892
1403638569.477829 0.0435888 -2.3991835 4.8051586 0.0106489 0.0774973 -0.0009388 0.9969352
1403638570.777829 0.0785181 -2.2356603 4.8548260 0.0452802 0.1211886 0.1085011 0.9856422
1403638571.027829 0.1560893 -2.1378822 4.8680058 0.0677513 0.1812275 0.1353659 0.9717214
1403638571.777829 0.6320102 -1.8354611 4.6132617 0.0368808 0.2913359 0.1396471 0.9456543
1403638572.027829 0.8319938 -1.7296928 4.4796138 0.0327588 0.3338481 0.1676692 0.9270164
1403638572.277829 1.0665747 -1.6443017 4.3036318 0.0278233 0.3838631 0.1835080 0.9045439
1403638572.477829 1.2755879 -1.5639219 4.1459794 0.0158591 0.4217146 0.1943207 0.8855194
1403638572.677830 1.4826531 -1.4847833 4.0083609 0.0107015 0.4436165 0.1964333 0.8743591
1403638572.877830 1.7036816 -1.4347095 3.8677995 -0.0001305 0.4525352 0.1893078 0.8714209
1403638573.127830 1.9967587 -1.4001700 3.7045593 -0.0076223 0.4501746 0.1875252 0.8729943
1403638573.377830 2.3051066 -1.3625965 3.5766773 -0.0087042 0.4456924 0.1866320 0.8754719
1403638573.627830 2.6379557 -1.3583324 3.4774454 -0.0114024 0.4507662 0.1840573 0.8733858
1403638573.827830 2.9153767 -1.3928972 3.4091146 -0.0084575 0.4669769 0.1805679 0.8655959
1403638573.927830 3.0584733 -1.4093895 3.3861215 0.0011835 0.4836840 0.1794780 0.8566423
1403638574.077830 3.2798266 -1.4283638 3.3598928 0.0259948 0.5085701 0.1983438 0.8374608
1403638574.127830 3.3516102 -1.4350705 3.3516524 0.0345617 0.5174827 0.2061350 0.8297744
1403638574.277829 3.5609412 -1.4362141 3.3271737 0.0516980 0.5464243 0.2283496 0.8041170
1403638574.327830 3.6271858 -1.4350362 3.3174455 0.0515792 0.5568815 0.2334281 0.7954458
1403638574.377830 3.6935978 -1.4291005 3.3060160 0.0500322 0.5672287 0.2378944 0.7868638
1403638574.427830 3.7571881 -1.4225680 3.2908065 0.0477767 0.5778326 0.2412169 0.7782296
1403638574.477829 3.8226690 -1.4137201 3.2787509 0.0457476 0.5877288 0.2456238 0.7695135
1403638574.527829 3.8837214 -1.4091995 3.2637148 0.0440077 0.5963480 0.2490154 0.7618554
1403638574.677830 4.0723829 -1.3907236 3.2122495 0.0398509 0.6171381 0.2510179 0.7446762
1403638574.927830 4.3546586 -1.3833480 3.1036587 0.0173396 0.6307272 0.2522847 0.7336450
1403638575.327830 4.7959766 -1.3328680 2.9468837 0.0253087 0.6211265 0.2717477 0.7346527
1403638575.727829 5.2619724 -1.2208971 2.7682123 -0.0022132 0.6143870 0.2632633 0.7437850
1403638576.077830 5.7261195 -1.2136521 2.5899096 -0.0119748 0.6123177 0.2578021 0.7473029
1403638576.327830 6.0923367 -1.2456160 2.4696546 -0.0118041 0.6159995 0.2495425 0.7470837
1403638576.577830 6.4724689 -1.2601705 2.3854651 -0.0266018 0.6207805 0.2377529 0.7465907
1403638576.827830 6.8706470 -1.2684848 2.3526692 -0.0200190 0.6253746 0.2259395 0.7466305
1403638577.077830 7.2689304 -1.2763808 2.3689499 0.0023482 0.6237320 0.2329004 0.7461302
1403638577.277829 7.5767136 -1.3041301 2.3948665 0.0062388 0.6229020 0.2357285 0.7459131
1403638577.477829 7.8786693 -1.3590324 2.4239678 -0.0058501 0.6275359 0.2227808 0.7460116
1403638577.627830 8.1000357 -1.4059474 2.4578218 -0.0038310 0.6253398 0.2276633 0.7463946
1403638577.777829 8.3157082 -1.4446363 2.5056314 -0.0020862 0.6231290 0.2324114 0.7467871
1403638578.077830 8.7402344 -1.5065231 2.6309843 0.0002379 0.6215661 0.2314384 0.7483928
1403638578.277829 9.0174379 -1.5795090 2.7225151 0.0156168 0.6153705 0.2452116 0.7489637
1403638578.477829 9.2880239 -1.6472106 2.8107553 0.0197728 0.6149449 0.2478450 0.7483480
1403638578.677830 9.5527954 -1.6914077 2.8998299 0.0199388 0.6166120 0.2462174 0.7475086
1403638578.777829 9.6843758 -1.7069259 2.9466181 0.0149754 0.6190438 0.2405036 0.7474748
1403638579.127830 10.1314163 -1.7662096 3.1081944 0.0077123 0.6218740 0.2294015 0.7487245
1403638579.527829 10.5961227 -1.9203358 3.2870531 0.0265567 0.6138539 0.2455061 0.7498033
1403638579.827830 10.9183006 -1.9838843 3.4368372 0.0366949 0.5880466 0.2102968 0.7801474
1403638580.127830 11.2001457 -1.9996810 3.6058288 0.0436337 0.5019243 0.1627614 0.8483377
1403638580.477829 11.3804121 -2.0064588 3.7756960 0.0467135 0.3730248 0.1342340 0.9168706
1403638580.777829 11.5153990 -1.9741328 3.9065771 0.0311963 0.3142663 0.1218488 0.9409657
1403638581.727829 11.9449139 -2.1761494 4.1208587 0.0354905 0.3145545 0.1051706 0.9427274
1403638583.377830 12.0364914 -2.7634940 4.2046809 0.0228130 0.3196430 0.1097542 0.9408836
1403638583.877830 11.9293690 -2.9555504 4.2491198 0.0223765 0.3204174 0.1062395 0.9410341
1403638584.827830 11.5078182 -3.1122396 4.4178772 0.0445921 0.3210117 0.0995708 0.9407703
1403638585.627830 10.8982172 -3.1579411 4.4179010 0.0310654 0.3168904 0.1093105 0.9416298
1403638585.977829 10.6260490 -3.2263262 4.4014759 0.0132822 0.3132855 0.1194518 0.9420229
1403638586.227829 10.4462481 -3.3054504 4.4061313 0.0266080 0.3167692 0.1149951 0.9411299
1403638586.677830 10.1219816 -3.3564439 4.4562263 0.0361824 0.3242444 0.0999938 0.9399775
1403638587.027829 9.8429785 -3.3382537 4.5199957 0.0397290 0.3206210 0.1066144 0.9403495
1403638587.427830 9.4914865 -3.3392076 4.5643864 0.0311264 0.3190835 0.1092680 0.9408919
1403638587.827830 9.1447906 -3.3364754 4.6064825 0.0321734 0.3185168 0.1135661 0.9405395
1403638588.177830 8.8359041 -3.2924871 4.6509132 0.0310951 0.3218082 0.1052551 0.9404222
1403638588.527829 8.5170574 -3.2556391 4.7055974 0.0297350 0.3215894 0.1037560 0.9407076
1403638588.977829 8.0841846 -3.2990971 4.7274733 0.0354309 0.3187713 0.1124832 0.9404664
1403638589.377830 7.6954126 -3.2646351 4.7593021 0.0366619 0.3198380 0.1110365 0.9402289
1403638589.777829 7.3013940 -3.2629638 4.7541232 0.0310574 0.3194587 0.1124514 0.9403915
1403638590.377830 6.7221932 -3.2287459 4.7385740 0.0313249 0.3215202 0.1154906 0.9393111
1403638590.927830 6.2142682 -3.1830003 4.7196379 0.0219296 0.3194236 0.1198868 0.9397418
1403638591.627830 5.6840634 -3.1996179 4.7308836 -0.0189193 0.3129616 0.1392893 0.9393059
1403638592.127830 5.5013986 -3.2316539 4.8962288 0.0013765 0.3140762 0.1339250 0.9399034
1403638592.527829 5.4411249 -3.4089129 5.0126467 0.0315486 0.2687957 0.1208118 0.9550697
1403638593.027829 5.4650187 -3.6886206 5.1055908 0.0006280 0.2320740 0.1040483 0.9671170
1403638593.477829 5.5752621 -3.9356623 5.2454772 0.0222842 0.2439406 0.0781850 0.9663765
1403638593.827830 5.6475911 -4.1077819 5.3860602 0.0412984 0.2493970 0.0735807 0.9647183
1403638594.127830 5.6642561 -4.2473593 5.4721713 0.0489323 0.2292724 0.0773051 0.9690530
1403638594.677830 5.6196914 -4.5094743 5.5227299 0.0456387 0.2182768 0.0694760 0.9723402
1403638595.127830 5.5321074 -4.6791644 5.5119424 0.0371438 0.2178386 0.0776640 0.9721805
1403638596.177830 5.2649946 -4.6560626 5.5176611 0.0276126 0.2314482 0.0462543 0.9713547
1403638596.727829 4.9092016 -4.6960835 5.5457535 0.0185075 0.2475322 -0.0065512 0.9686807
1403638596.927830 4.6674123 -4.7860904 5.5661950 0.0197043 0.2497840 -0.0148331 0.9679875
1403638597.127830 4.3638558 -4.8706889 5.6077781 0.0239499 0.2525516 -0.0183001 0.9671139
1403638597.377830 3.8925619 -4.9622464 5.6922398 0.0333850 0.2520931 -0.0084967 0.9670897
1403638597.677830 3.2241595 -5.0392408 5.8371468 0.0546121 0.2421379 0.0228988 0.9684330
1403638597.877830 2.7279222 -5.0571704 5.9366350 0.0483073 0.2404888 0.0048603 0.9694369
1403638598.027829 2.3345926 -5.0797944 6.0025020 0.0458135 0.2332513 -0.0044369 0.9713265
1403638598.177830 1.9164450 -5.1117992 6.0719171 0.0494713 0.2161137 0.0184628 0.9749393
1403638598.327830 1.4761037 -5.1410093 6.1338253 0.0482864 0.2033121 0.0418903 0.9770250
1403638598.477829 1.0518317 -5.1661191 6.1858425 0.0431086 0.1979525 0.0502478 0.9779732
1403638598.627830 0.6132222 -5.1713901 6.2443538 0.0388627 0.1895550 0.0500679 0.9798223
1403638598.727829 0.3419476 -5.1689887 6.2878284 0.0385447 0.1787459 0.0445581 0.9821297
1403638598.827830 0.0602255 -5.1705160 6.3175378 0.0398624 0.1646386 0.0389654 0.9847776
1403638598.927830 -0.2177490 -5.1787510 6.3454351 0.0386341 0.1484666 0.0315139 0.9876599
1403638599.027829 -0.5030552 -5.1855125 6.3779578 0.0390833 0.1301035 0.0255389 0.9904006
1403638599.127830 -0.7751023 -5.1943336 6.3951030 0.0400665 0.1111894 0.0165124 0.9928539
1403638599.227829 -1.0573550 -5.2111912 6.4151278 0.0395411 0.0922942 0.0076414 0.9949170
1403638599.377830 -1.4592836 -5.2345066 6.4339881 0.0354891 0.0623927 -0.0042313 0.9974115
1403638600.377830 -4.0261850 -5.3401551 6.7563505 0.0065595 0.0240420 0.0506952 0.9984032
1403638600.477829 -4.2472234 -5.3463502 6.7944551 0.0038168 0.0224103 0.0596133 0.9979627
1403638600.627830 -4.5451293 -5.3650050 6.8549128 0.0006702 0.0241314 0.0602466 0.9978915
1403638600.727829 -4.7242174 -5.3897529 6.8949733 -0.0034906 0.0240889 0.0616032 0.9978039
1403638600.777829 -4.8083591 -5.4063411 6.9140067 -0.0069947 0.0232985 0.0626460 0.9977393
1403638600.827830 -4.8888888 -5.4210148 6.9380522 -0.0104787 0.0249368 0.0572213 0.9979951
1403638600.877830 -4.9665160 -5.4413490 6.9596167 -0.0133539 0.0274956 0.0489188 0.9983349
1403638600.927830 -5.0387635 -5.4580307 6.9868150 -0.0158860 0.0307357 0.0380644 0.9986762
1403638601.027829 -5.1804237 -5.4930930 7.0407181 -0.0174478 0.0355370 0.0212512 0.9989901
1403638601.077830 -5.2494388 -5.5110769 7.0721827 -0.0174141 0.0365765 0.0168025 0.9990379
1403638601.177830 -5.3857803 -5.5428553 7.1428328 -0.0147921 0.0396612 0.0068924 0.9990799
1403638601.277829 -5.5196242 -5.5774984 7.2196593 -0.0036985 0.0435443 -0.0047841 0.9990332
1403638601.827830 -6.2636375 -5.8340740 7.6631203 0.0315757 -0.0496403 -0.0425554 0.9973605
1403638602.277829 -6.9058571 -6.0675187 7.9743881 0.0458352 -0.1365307 -0.0911798 0.9853653
1403638602.627830 -7.4163551 -6.2319746 8.1270180 0.1199722 -0.2391764 -0.0581902 0.9617772
1403638602.727829 -7.5435486 -6.2774615 8.1326523 0.1208065 -0.2609622 -0.0645901 0.9555798
1403638602.877830 -7.6992412 -6.3351479 8.1106968 0.1150656 -0.2903649 -0.0814480 0.9464747
1403638602.977829 -7.7765217 -6.3767929 8.0724020 0.1033899 -0.3159942 -0.0834847 0.9394086
1403638603.127830 -7.8711815 -6.4220152 8.0054731 0.1004084 -0.3509845 -0.0858501 0.9270155
1403638603.327830 -7.9548936 -6.4376554 7.9053116 0.0677314 -0.3689193 -0.1132667 0.9200444
1403638604.277829 -8.0523033 -6.1773753 7.4048347 0.0885653 -0.3714950 -0.1545986 0.9111789
1403638604.677830 -8.0078630 -6.0212049 6.9980307 0.0491797 -0.3741462 -0.1503158 0.9137840
1403638605.077830 -7.9462562 -5.8495584 6.5675230 0.0181631 -0.3738354 -0.1503866 0.9150416
1403638605.627830 -7.9014559 -5.6977911 6.0454388 0.0536423 -0.3615318 -0.1842362 0.9124003
1403638605.827830 -7.9222083 -5.6264095 5.8465772 0.0578041 -0.3593047 -0.1895448 0.9119384
1403638605.977829 -7.9472904 -5.5832033 5.6795516 0.0599721 -0.3566729 -0.1948147 0.9117209
1403638606.127830 -7.9918413 -5.5309625 5.4994721 0.0606327 -0.3537785 -0.1981748 0.9120807
1403638606.427830 -8.1250830 -5.3772330 5.1160936 0.0383030 -0.3550160 -0.1896121 0.9146277
1403638606.627830 -8.2388821 -5.2423487 4.8576422 0.0087538 -0.3627991 -0.1744666 0.9153479
1403638606.777829 -8.3415956 -5.1266098 4.6834526 -0.0024126 -0.3757358 -0.1794712 0.9091793
1403638606.927830 -8.4584160 -5.0155582 4.5147753 -0.0078117 -0.3985605 -0.1893636 0.8973461
1403638607.027829 -8.5409679 -4.9566746 4.4123535 -0.0095151 -0.4186874 -0.1945062 0.8870049
1403638607.277829 -8.7898064 -4.8351288 4.1589189 0.0100801 -0.4588578 -0.1894054 0.8680286
1403638607.727829 -9.2363863 -4.5893412 3.8399539 0.0251425 -0.4785839 -0.1799961 0.8590266
1403638608.077830 -9.5531492 -4.3609619 3.6737080 0.0201787 -0.4769934 -0.1713278 0.8618103
1403638608.277829 -9.7178221 -4.2179117 3.6153121 0.0366112 -0.4725515 -0.1742735 0.8631243
1403638608.427830 -9.8339357 -4.1035161 3.5788808 0.0481698 -0.4721070 -0.1722282 0.8632103
1403638608.527829 -9.9015951 -4.0204649 3.5540485 0.0456152 -0.4711320 -0.1737775 0.8635713
1403638608.677830 -9.9966516 -3.8960323 3.5273795 0.0498751 -0.4734165 -0.1681172 0.8632067
1403638608.777829 -10.0510607 -3.8130255 3.5004816 0.0500058 -0.4735905 -0.1676958 0.8631857
1403638608.877830 -10.0996246 -3.7396007 3.4766269 0.0435478 -0.4736311 -0.1694192 0.8631769
1403638608.977829 -10.1432724 -3.6716785 3.4488196 0.0366634 -0.4737287 -0.1707472 0.8631815
1403638609.077830 -10.1834965 -3.6115539 3.4153605 0.0316021 -0.4733960 -0.1710911 0.8634960
1403638609.177830 -10.2176838 -3.5562062 3.3844676 0.0312834 -0.4742525 -0.1688916 0.8634707
1403638609.277829 -10.2532063 -3.5046251 3.3576565 0.0308519 -0.4778104 -0.1596907 0.8632753
1403638609.377830 -10.2826290 -3.4509614 3.3449860 0.0305520 -0.4777066 -0.1607728 0.8631425
1403638609.427830 -10.2930069 -3.4181695 3.3308029 0.0310277 -0.4765982 -0.1623029 0.8634520
1403638609.527829 -10.3150024 -3.3555689 3.3216033 0.0312203 -0.4750020 -0.1662284 0.8635778
1403638609.577830 -10.3245382 -3.3221073 3.3147259 0.0313412 -0.4738731 -0.1681252 0.8638263
1403638609.627830 -10.3326998 -3.2873902 3.3129983 0.0314661 -0.4739443 -0.1681826 0.8637716
1403638609.677830 -10.3391724 -3.2481682 3.3065519 0.0332415 -0.4729550 -0.1704244 0.8638079
1403638609.727829 -10.3466949 -3.2133217 3.3032475 0.0336293 -0.4723783 -0.1715583 0.8638840
1403638609.827830 -10.3601074 -3.1453810 3.3008971 0.0319788 -0.4727228 -0.1710825 0.8638526
1403638609.977829 -10.3746109 -3.0570159 3.2886691 0.0337441 -0.4726471 -0.1702177 0.8639977
1403638610.077830 -10.3768473 -3.0109549 3.2881312 0.0378973 -0.4744511 -0.1664434 0.8635720
1403638610.227829 -10.3793917 -2.9444680 3.2753229 0.0447832 -0.4750673 -0.1633756 0.8634894
1403638610.427830 -10.3626738 -2.8380823 3.2704949 0.0473619 -0.4756751 -0.1599735 0.8636541
1403638610.627830 -10.3257723 -2.7174437 3.2782812 0.0645795 -0.4775008 -0.1542081 0.8625789
1403638611.027829 -10.1591501 -2.5054312 3.2667193 0.0455140 -0.4793501 -0.1584423 0.8620023
1403638611.377830 -9.9413805 -2.3310299 3.2634916 0.0543494 -0.4787180 -0.1658029 0.8604560
1403638611.727829 -9.6795645 -2.2066650 3.2182293 0.0548168 -0.4685785 -0.1872343 0.8616105
1403638612.027829 -9.4466619 -2.0758486 3.1451435 0.0335756 -0.4725154 -0.1716595 0.8637910
1403638612.277829 -9.2446699 -1.9879704 3.0923834 0.0309315 -0.4720967 -0.1698003 0.8644859
1403638613.027829 -8.6324844 -1.7391902 2.9735060 0.0471889 -0.4594127 -0.1763382 0.8692629
1403638613.777829 -7.9985023 -1.5625122 2.7442009 0.0513020 -0.4533196 -0.1564142 0.8760160
1403638614.327830 -7.4738975 -1.3027990 2.5942078 0.0438624 -0.3728872 -0.1353251 0.9169070
1403638614.627830 -7.1538506 -1.2184761 2.4774785 0.0370115 -0.3476066 -0.1188919 0.9293356
1403638614.877830 -6.8762474 -1.2010605 2.3645289 0.0176183 -0.3150961 -0.0919219 0.9444335
1403638614.977829 -6.7578573 -1.2104683 2.3224032 0.0133280 -0.2933847 -0.0833654 0.9522595
1403638615.077830 -6.6350660 -1.2319609 2.2911756 0.0130776 -0.2668929 -0.0761633 0.9606229
1403638615.127830 -6.5763941 -1.2384360 2.2711692 0.0153586 -0.2514738 -0.0730366 0.9649823
1403638615.227829 -6.4511147 -1.2650192 2.2413149 0.0251726 -0.2192077 -0.0696979 0.9728600
1403638615.327830 -6.3223591 -1.2944839 2.2129788 0.0315986 -0.1871547 -0.0623440 0.9798408
1403638615.427830 -6.1978836 -1.3153421 2.1871276 0.0359351 -0.1548499 -0.0526807 0.9858778
1403638615.527829 -6.0750108 -1.3325653 2.1642110 0.0372435 -0.1238397 -0.0423105 0.9907000
1403638615.727829 -5.8310146 -1.3535513 2.1188202 0.0389370 -0.0819080 -0.0268159 0.9955179
1403638615.877830 -5.6503592 -1.3802387 2.0765791 0.0387663 -0.0646838 -0.0177346 0.9969948
1403638616.127830 -5.3481007 -1.4134854 2.0017686 0.0378177 -0.0295407 -0.0042996 0.9988387
1403638616.427830 -4.9760742 -1.3432491 1.9497601 0.0351719 0.0287462 0.0230562 0.9987017
1403638616.577830 -4.7914925 -1.2802809 1.9338409 0.0311281 0.0517129 0.0335343 0.9976133
1403638616.727829 -4.6104445 -1.2142379 1.9196451 0.0139226 0.0637196 0.0433447 0.9969289
1403638616.777829 -4.5485225 -1.1898447 1.9151223 0.0060821 0.0644276 0.0492813 0.9966862
1403638616.827830 -4.4851317 -1.1651769 1.9132044 -0.0003429 0.0642531 0.0544293 0.9964482
1403638616.927830 -4.3597546 -1.1191281 1.9122231 -0.0043210 0.0652774 0.0568880 0.9962349
1403638617.027829 -4.2287831 -1.0850333 1.9135450 0.0020608 0.0684488 0.0487929 0.9964586
1403638617.227829 -3.9635072 -1.0490960 1.9225211 0.0098683 0.0703690 0.0324858 0.9969431
1403638617.477829 -3.6378644 -1.0503507 1.9375930 -0.0047884 0.0653046 0.0262002 0.9975099
1403638617.627830 -3.4463055 -1.0847276 1.9554967 -0.0055039 0.0630248 0.0219448 0.9977555
1403638617.877830 -3.1384389 -1.1914641 2.0030026 -0.0008632 0.0599955 0.0140949 0.9980987
1403638617.977829 -3.0226285 -1.2459730 2.0264471 0.0009757 0.0581797 0.0147027 0.9981974
1403638618.127830 -2.8499415 -1.3212950 2.0740056 0.0007766 0.0553428 0.0152585 0.9983505
1403638618.477829 -2.4784203 -1.4685711 2.2386665 0.0025945 0.0521431 0.0119597 0.9985647
1403638618.627830 -2.3273945 -1.5238621 2.3275526 0.0045906 0.0548859 0.0114816 0.9984161
1403638619.077830 -1.9121455 -1.7535106 2.6199484 0.0197560 0.0924520 0.0215526 0.9952878
1403638619.477829 -1.6027945 -1.8823296 2.9327750 0.0294907 0.1866486 0.0647748 0.9798453
1403638619.877830 -1.3343226 -1.9407868 3.2469354 0.0379032 0.2131063 0.1070270 0.9704093
1403638628.177830 0.1599927 -0.1712932 0.0168551 0.0095129 0.2014975 0.0614909 0.9775108
1403638628.277829 0.1524850 -0.1543877 0.0052820 0.0090004 0.2019400 0.0619484 0.9773954
1403638629.327830 0.0882447 -0.0696464 -0.0562620 0.0214217 0.2027446 0.0649327 0.9768416
1403638630.227829 0.0658978 -0.0102051 -0.0167809 0.0354671 0.2053863 0.0673317 0.9757177
1403638630.327830 0.0626841 0.0249436 -0.0088529 0.0275548 0.2053858 0.0690972 0.9758499
1403638630.427830 0.0903447 0.0168257 0.0062147 0.0159395 0.1968755 0.0790802 0.9771041
1403638630.827830 0.0542521 0.0224195 0.0432263 -0.0078728 0.1947356 0.0678486 0.9784746
