1403636860.701666594 0.00222 -0.09730 0.10772 0.85643 0.03969 0.51194 -0.05366
1403636860.901666403 -0.00401 -0.09975 0.12024 0.85776 0.04869 0.50996 -0.04261
1403636861.001666546 -0.00262 -0.10082 0.16415 0.85596 0.05229 0.51271 -0.04159
1403636861.101666451 0.00145 -0.10210 0.22251 0.84877 0.05191 0.52456 -0.04159
1403636861.201666594 0.00514 -0.10481 0.28638 0.83667 0.05163 0.54366 -0.04174
1403636861.301666498 0.00985 -0.10718 0.34700 0.82304 0.05066 0.56409 -0.04294
1403636861.401666403 0.01084 -0.10779 0.39931 0.81185 0.04654 0.58036 -0.04370
1403636861.501666546 0.01664 -0.11180 0.42081 0.80508 0.04359 0.59002 -0.04268
1403636861.701666594 0.01782 -0.11836 0.37616 0.81271 0.04405 0.57937 -0.04343
1403636861.801666498 0.01552 -0.11935 0.32201 0.81949 0.04690 0.56956 -0.04284
1403636861.901666403 0.01229 -0.11538 0.26479 0.82715 0.04898 0.55791 -0.04638
1403636862.001666546 0.00633 -0.11190 0.20685 0.83860 0.04903 0.54016 -0.05073
1403636862.101666451 0.00114 -0.10824 0.15387 0.84739 0.04695 0.52612 -0.05404
1403636862.201666594 0.00136 -0.10416 0.11304 0.85188 0.04803 0.51839 -0.05716
1403636862.301666498 -0.00414 -0.10489 0.10244 0.85554 0.05371 0.51232 -0.05202
1403636862.401666403 -0.00453 -0.10697 0.12270 0.85860 0.05737 0.50685 -0.05118
1403636862.501666546 -0.00224 -0.10905 0.17031 0.85663 0.05800 0.51018 -0.05043
1403636862.601666451 0.00438 -0.11319 0.23230 0.85083 0.05677 0.52080 -0.04034
1403636862.701666594 0.01034 -0.11722 0.30058 0.84325 0.05430 0.53377 -0.03257
1403636862.801666498 0.01562 -0.11819 0.36942 0.83855 0.04712 0.54169 -0.03429
1403636862.901666403 0.01834 -0.11922 0.43466 0.83545 0.03815 0.54699 -0.03698
1403636863.001666546 0.01719 -0.11989 0.47903 0.82956 0.03420 0.55584 -0.04137
1403636863.101666451 0.01244 -0.12979 0.48584 0.82297 0.03809 0.56575 -0.03458
1403636863.301666498 0.01418 -0.12211 0.40917 0.82166 0.04737 0.56761 -0.02135
1403636863.401666403 0.01314 -0.12120 0.34981 0.82373 0.04741 0.56477 -0.01615
1403636863.501666546 0.00950 -0.12087 0.28049 0.82832 0.04294 0.55836 -0.01665
1403636863.601666451 0.00577 -0.11890 0.21221 0.83598 0.04051 0.54649 -0.02902
1403636863.701666594 0.00054 -0.11659 0.15467 0.84433 0.03782 0.53311 -0.03835
1403636863.801666498 -0.00236 -0.11630 0.11769 0.85220 0.03415 0.52046 -0.04142
1403636863.901666403 -0.00439 -0.11681 0.11309 0.85784 0.03527 0.51101 -0.04151
1403636864.001666546 -0.00385 -0.11742 0.14572 0.85886 0.03767 0.50899 -0.04336
1403636864.101666451 -0.00277 -0.11763 0.20625 0.85530 0.04219 0.51477 -0.04120
1403636864.201666594 0.00327 -0.11781 0.27969 0.85081 0.04389 0.52261 -0.03281
1403636864.301666498 0.00853 -0.11547 0.35065 0.84785 0.04337 0.52754 -0.03127
1403636864.401666403 0.01301 -0.11192 0.41358 0.84407 0.04035 0.53371 -0.03268
1403636864.501666546 0.01748 -0.10888 0.46531 0.83423 0.03252 0.54938 -0.03442
1403636864.601666451 0.02136 -0.10577 0.49463 0.82271 0.02668 0.56648 -0.03904
1403636864.701666594 0.02326 -0.10516 0.49130 0.81729 0.02997 0.57445 -0.03383
1403636864.801666498 0.02871 -0.10168 0.46042 0.81999 0.03572 0.57052 -0.02905
1403636864.901666403 0.02338 -0.10370 0.40185 0.82529 0.03652 0.56286 -0.02738
1403636865.001666546 0.02377 -0.10379 0.34032 0.83160 0.03631 0.55377 -0.02133
1403636865.101666451 0.02319 -0.10403 0.27855 0.83860 0.03585 0.54317 -0.02070
1403636865.201666594 0.02291 -0.10227 0.22278 0.84390 0.02757 0.53457 -0.03619
1403636865.301666498 0.02054 -0.10153 0.17947 0.84626 0.02192 0.52998 -0.04980
1403636865.401666403 0.01960 -0.10166 0.15243 0.84737 0.02115 0.52837 -0.04828
1403636865.501666546 0.01950 -0.10124 0.14635 0.85206 0.02746 0.52111 -0.04104
1403636865.601666451 0.02022 -0.10005 0.16848 0.85751 0.03341 0.51197 -0.03805
1403636865.701666594 0.02023 -0.09612 0.21503 0.85693 0.03639 0.51239 -0.04238
1403636865.801666498 0.02191 -0.09253 0.27620 0.85029 0.03545 0.52319 -0.04508
1403636865.901666403 0.02514 -0.09089 0.34379 0.84044 0.03242 0.53884 -0.04759
1403636866.001666546 0.02690 -0.09004 0.41200 0.82656 0.02835 0.55985 -0.05061
1403636866.101666451 0.02654 -0.08999 0.47339 0.81094 0.02424 0.58257 -0.04894
1403636866.201666594 0.02423 -0.09049 0.51590 0.80089 0.02495 0.59658 -0.04521
1403636866.401666403 0.02154 -0.09197 0.50980 0.80648 0.02879 0.58968 -0.03215
1403636866.501666546 0.02189 -0.09209 0.46568 0.81315 0.03060 0.58052 -0.02904
1403636866.601666451 0.02262 -0.09495 0.40839 0.81952 0.03091 0.57163 -0.02592
1403636866.701666594 0.02202 -0.10017 0.35450 0.82671 0.03114 0.56136 -0.02124
1403636866.801666498 0.01752 -0.10501 0.31115 0.83237 0.03546 0.55251 -0.02524
1403636866.901666403 0.01008 -0.10643 0.27665 0.83854 0.03726 0.54237 -0.03600
1403636867.001666546 0.00270 -0.10708 0.24915 0.84704 0.03673 0.52840 -0.04447
1403636867.101666451 -0.00408 -0.10777 0.23267 0.85322 0.03652 0.51834 -0.04475
1403636867.301666498 -0.02414 -0.10688 0.22448 0.85826 0.04603 0.50744 -0.06150
1403636867.501666546 -0.03875 -0.10709 0.23478 0.86833 0.04937 0.49019 -0.05731
1403636867.601666451 -0.04775 -0.10799 0.23654 0.88368 0.05321 0.46222 -0.05127
1403636867.701666594 -0.05828 -0.10924 0.23289 0.90761 0.05345 0.41346 -0.04932
1403636867.801666498 -0.06846 -0.11144 0.22740 0.93127 0.05092 0.35805 -0.04405
1403636867.901666403 -0.07025 -0.11244 0.22411 0.94386 0.04533 0.32467 -0.04067
1403636868.101666451 -0.07468 -0.11116 0.23512 0.93916 0.03975 0.33856 -0.04222
1403636868.201666594 -0.07845 -0.11091 0.23853 0.93530 0.03965 0.34878 -0.04476
1403636868.401666403 -0.09192 -0.10337 0.23980 0.93640 0.03431 0.34596 -0.04789
1403636868.601666451 -0.10751 -0.09112 0.24714 0.93065 0.02677 0.36248 -0.04223
1403636868.801666498 -0.12436 -0.08328 0.25312 0.93347 0.02948 0.35517 -0.04032
1403636869.101666451 -0.13234 -0.07100 0.25684 0.92994 0.03741 0.36308 -0.04454
1403636869.401666403 -0.13104 -0.06568 0.25327 0.92939 0.04225 0.36345 -0.04844
1403636869.701666594 -0.12195 -0.09449 0.25102 0.93105 0.04023 0.35974 -0.04600
1403636869.801666498 -0.11386 -0.12206 0.25087 0.93213 0.03682 0.35760 -0.04350
1403636869.901666403 -0.10139 -0.15651 0.25277 0.93066 0.02970 0.36246 -0.04012
1403636870.001666546 -0.08593 -0.20000 0.25268 0.92890 0.02181 0.36781 -0.03715
1403636870.101666451 -0.06940 -0.24691 0.25246 0.92995 0.01313 0.36593 -0.03347
1403636870.201666594 -0.05171 -0.29743 0.25311 0.93237 0.00840 0.36042 -0.02672
1403636870.301666498 -0.03447 -0.34776 0.25465 0.93202 0.00409 0.36158 -0.02390
1403636870.401666403 -0.01736 -0.39743 0.25488 0.92924 -0.00053 0.36896 -0.01927
1403636870.501666546 -0.00351 -0.44124 0.25198 0.92872 -0.00580 0.37035 -0.01674
1403636870.601666451 0.00606 -0.47639 0.24681 0.93153 -0.01256 0.36318 -0.01389
1403636870.701666594 0.01369 -0.50583 0.24312 0.93252 -0.01696 0.36067 -0.00621
1403636870.801666498 0.02073 -0.52476 0.23965 0.92915 -0.02180 0.36897 -0.00845
1403636870.901666403 0.02429 -0.53646 0.23471 0.92515 -0.02323 0.37869 -0.01238
1403636871.201666594 0.02231 -0.53710 0.22364 0.92979 -0.03101 0.36654 -0.01287
1403636871.401666403 0.01403 -0.50522 0.23109 0.92926 -0.02794 0.36819 -0.01190
1403636871.501666546 0.00671 -0.47456 0.23408 0.92890 -0.02351 0.36931 -0.01432
1403636871.601666451 -0.00277 -0.43477 0.23718 0.92942 -0.02112 0.36800 -0.01729
1403636871.701666594 -0.01435 -0.38708 0.24144 0.93032 -0.01833 0.36545 -0.02490
1403636871.801666498 -0.02584 -0.33425 0.24493 0.93045 -0.01379 0.36470 -0.03266
1403636871.901666403 -0.03631 -0.27923 0.24616 0.92980 -0.00671 0.36623 -0.03605
1403636872.001666546 -0.04509 -0.22066 0.24603 0.92738 -0.00099 0.37145 -0.04462
1403636872.101666451 -0.05277 -0.16333 0.24371 0.92463 0.00560 0.37696 -0.05419
1403636872.201666594 -0.06154 -0.11018 0.24091 0.92403 0.01205 0.37764 -0.05842
1403636872.301666498 -0.07126 -0.06307 0.23633 0.92611 0.02006 0.37136 -0.06330
1403636872.401666403 -0.07952 -0.02458 0.23139 0.92857 0.02775 0.36400 -0.06705
1403636872.501666546 -0.08462 -0.00029 0.22938 0.92918 0.03257 0.36154 -0.06970
1403636872.601666451 -0.08740 0.00840 0.23063 0.92776 0.03744 0.36436 -0.07149
1403636872.801666498 -0.08603 -0.00843 0.23496 0.92603 0.03985 0.36936 -0.06673
1403636872.901666403 -0.08055 -0.03429 0.23475 0.92726 0.03481 0.36718 -0.06445
1403636873.001666546 -0.07124 -0.07398 0.23307 0.92806 0.02906 0.36652 -0.05929
1403636873.101666451 -0.05964 -0.12307 0.23113 0.92824 0.02347 0.36724 -0.05433
1403636873.201666594 -0.04624 -0.17844 0.22983 0.92920 0.01586 0.36575 -0.05058
1403636873.301666498 -0.03235 -0.23779 0.22945 0.93003 0.00716 0.36449 -0.04634
1403636873.401666403 -0.01919 -0.29776 0.22837 0.93062 -0.00008 0.36357 -0.04199
1403636873.501666546 -0.00888 -0.35524 0.22577 0.93147 -0.00650 0.36170 -0.03865
1403636873.601666451 -0.00138 -0.40745 0.22145 0.93317 -0.01367 0.35782 -0.03127
1403636873.701666594 0.00338 -0.45128 0.21619 0.93456 -0.01984 0.35434 -0.02556
1403636873.801666498 0.00495 -0.48384 0.21148 0.93563 -0.02120 0.35145 -0.02498
1403636873.901666403 0.00543 -0.50160 0.20752 0.93558 -0.02348 0.35141 -0.02544
1403636874.001666546 0.00549 -0.50830 0.20456 0.93495 -0.02642 0.35300 -0.02360
1403636874.201666594 0.00457 -0.49691 0.20397 0.93560 -0.02649 0.35128 -0.02360
1403636874.301666498 0.00172 -0.47699 0.20593 0.93647 -0.02164 0.34918 -0.02513
1403636874.401666403 -0.00243 -0.44314 0.20762 0.93709 -0.01595 0.34735 -0.03082
1403636874.501666546 -0.00758 -0.39816 0.20984 0.93636 -0.01047 0.34901 -0.03619
1403636874.601666451 -0.01444 -0.34599 0.21239 0.93472 -0.00469 0.35320 -0.03909
1403636874.701666594 -0.02358 -0.28689 0.21296 0.93346 0.00278 0.35578 -0.04538
1403636874.801666498 -0.03232 -0.22758 0.21098 0.93297 0.00923 0.35616 -0.05128
1403636874.901666403 -0.04009 -0.17224 0.20656 0.93330 0.01340 0.35378 -0.06007
1403636875.001666546 -0.04518 -0.12703 0.20301 0.93257 0.01708 0.35459 -0.06541
1403636875.101666451 -0.04597 -0.09285 0.20101 0.92793 0.01194 0.36708 -0.06364
1403636875.201666594 -0.05110 -0.06709 0.20083 0.92126 -0.00460 0.38491 -0.05570
1403636875.301666498 -0.05302 -0.04513 0.19609 0.91682 -0.02882 0.39526 -0.04875
1403636875.401666403 -0.06514 -0.02775 0.19267 0.91558 -0.05566 0.39535 -0.04812
1403636875.601666451 -0.12047 -0.01920 0.18847 0.91761 -0.09005 0.38338 -0.05391
1403636875.701666594 -0.15706 -0.03329 0.18809 0.91712 -0.10290 0.38186 -0.04976
1403636875.801666498 -0.19372 -0.05737 0.18692 0.91530 -0.11812 0.38311 -0.03882
1403636875.901666403 -0.23011 -0.08827 0.18574 0.91472 -0.13601 0.37960 -0.02636
1403636876.001666546 -0.26187 -0.12615 0.18751 0.91235 -0.15821 0.37742 -0.01160
1403636876.101666451 -0.28523 -0.17192 0.19222 0.90646 -0.18083 0.38147 0.01026
1403636876.201666594 -0.29405 -0.22119 0.19612 0.89988 -0.20102 0.38609 0.02736
1403636876.301666498 -0.29024 -0.27227 0.19776 0.89633 -0.21769 0.38424 0.03948
1403636876.401666403 -0.26993 -0.32585 0.19597 0.89568 -0.23011 0.37753 0.04782
1403636876.501666546 -0.23632 -0.38026 0.19491 0.89437 -0.23512 0.37577 0.06015
1403636876.601666451 -0.18985 -0.43007 0.19601 0.89142 -0.22954 0.38446 0.06983
1403636876.701666594 -0.13330 -0.46791 0.19876 0.88961 -0.21635 0.39576 0.07178
1403636876.801666498 -0.07323 -0.48782 0.20253 0.89097 -0.19591 0.40409 0.06704
1403636876.901666403 -0.01381 -0.48594 0.20461 0.89335 -0.16898 0.41221 0.05883
1403636877.001666546 0.04217 -0.46236 0.20446 0.89492 -0.13826 0.42206 0.04332
1403636877.101666451 0.09036 -0.41955 0.20304 0.89720 -0.10155 0.42921 0.02241
1403636877.201666594 0.12904 -0.36249 0.20175 0.89977 -0.06146 0.43201 -0.00221
1403636877.301666498 0.15241 -0.29384 0.20204 0.90116 -0.02464 0.43197 -0.02633
1403636877.401666403 0.15967 -0.22133 0.20214 0.90177 0.01172 0.42944 -0.04754
1403636877.501666546 0.15108 -0.15193 0.19957 0.90266 0.04226 0.42291 -0.06759
1403636877.601666451 0.12630 -0.09100 0.19513 0.90536 0.06180 0.41144 -0.08500
1403636877.701666594 0.08731 -0.04378 0.19094 0.90849 0.07248 0.39956 -0.09872
1403636877.801666498 0.03989 -0.01183 0.18741 0.91210 0.07284 0.38940 -0.10554
1403636877.901666403 -0.01148 0.00510 0.18371 0.91674 0.06404 0.38029 -0.10427
1403636878.001666546 -0.06330 0.00758 0.17880 0.92191 0.05002 0.37216 -0.09525
1403636878.101666451 -0.11115 -0.00561 0.17309 0.92535 0.03009 0.36919 -0.08071
1403636878.201666594 -0.15253 -0.03381 0.16780 0.92606 0.00517 0.37162 -0.06546
1403636878.301666498 -0.18574 -0.07459 0.16243 0.92506 -0.02133 0.37545 -0.05330
1403636878.401666403 -0.20928 -0.12493 0.15833 0.92317 -0.04950 0.37883 -0.04244
1403636878.501666546 -0.22257 -0.18386 0.15755 0.92125 -0.07529 0.38066 -0.02702
1403636878.601666451 -0.22119 -0.24642 0.16161 0.91863 -0.09837 0.38257 -0.00923
1403636878.701666594 -0.20670 -0.30937 0.16921 0.91511 -0.11610 0.38603 0.00925
1403636878.801666498 -0.17821 -0.36604 0.17745 0.91084 -0.12749 0.39179 0.02469
1403636878.901666403 -0.14312 -0.41682 0.18401 0.90842 -0.13408 0.39475 0.03121
1403636879.001666546 -0.10338 -0.45639 0.18767 0.90868 -0.13657 0.39322 0.03197
1403636879.101666451 -0.05899 -0.48345 0.19214 0.90749 -0.13683 0.39601 0.03021
1403636879.201666594 -0.01120 -0.49613 0.19898 0.90253 -0.13218 0.40893 0.02720
1403636879.301666498 0.03469 -0.49353 0.20648 0.89779 -0.12119 0.42272 0.02449
1403636879.401666403 0.07547 -0.47543 0.21317 0.89548 -0.10137 0.43306 0.01744
1403636879.501666546 0.10717 -0.44125 0.21879 0.89557 -0.07423 0.43867 0.00377
1403636879.601666451 0.12695 -0.39460 0.22364 0.89744 -0.04700 0.43845 -0.01228
1403636879.701666594 0.13306 -0.33914 0.22978 0.89850 -0.02612 0.43705 -0.03172
1403636879.801666498 0.12652 -0.27961 0.23492 0.90047 -0.00783 0.43205 -0.04927
1403636879.901666403 0.10622 -0.22403 0.23694 0.90391 0.00621 0.42335 -0.06064
1403636880.001666546 0.07339 -0.17997 0.23792 0.90769 0.01468 0.41396 -0.06718
1403636880.101666451 0.03266 -0.15626 0.23886 0.91032 0.01913 0.40756 -0.06963
1403636880.201666594 -0.01194 -0.15521 0.24067 0.91107 0.01520 0.40681 -0.06508
1403636880.301666498 -0.05690 -0.17108 0.24285 0.90989 -0.00081 0.41159 -0.05200
1403636880.401666403 -0.10121 -0.19687 0.24589 0.90774 -0.02230 0.41762 -0.03328
1403636880.501666546 -0.14720 -0.22019 0.25284 0.90527 -0.04400 0.42233 -0.01358
1403636880.601666451 -0.19481 -0.22943 0.26267 0.90466 -0.06207 0.42157 0.00227
1403636880.701666594 -0.24042 -0.22376 0.26973 0.90726 -0.07341 0.41401 0.00923
1403636880.801666498 -0.27917 -0.20318 0.27436 0.91032 -0.07820 0.40638 0.00791
1403636880.901666403 -0.30515 -0.17130 0.27674 0.91126 -0.07377 0.40517 -0.00068
1403636881.001666546 -0.31549 -0.13428 0.27862 0.90849 -0.06280 0.41305 -0.00935
1403636881.101666451 -0.31152 -0.09619 0.28080 0.90375 -0.04596 0.42523 -0.01729
1403636881.201666594 -0.29587 -0.05867 0.28235 0.90004 -0.02501 0.43387 -0.03257
1403636881.301666498 -0.26925 -0.02805 0.28457 0.89763 -0.00192 0.43800 -0.04921
1403636881.401666403 -0.23186 -0.01042 0.28718 0.89601 0.01804 0.43991 -0.05769
1403636881.501666546 -0.18503 -0.00787 0.28904 0.89346 0.03346 0.44413 -0.05797
1403636881.601666451 -0.13271 -0.02034 0.28969 0.88999 0.04613 0.45036 -0.05455
1403636881.801666498 -0.02650 -0.08476 0.28168 0.88884 0.06123 0.45189 -0.04488
1403636881.901666403 0.01820 -0.12930 0.27487 0.89084 0.05327 0.44941 -0.04006
1403636882.001666546 0.05023 -0.17756 0.26654 0.89251 0.04094 0.44762 -0.03729
1403636882.101666451 0.06810 -0.22648 0.25632 0.89241 0.02887 0.44902 -0.03385
1403636882.201666594 0.07073 -0.26955 0.24255 0.89122 0.01876 0.45232 -0.02789
1403636882.301666498 0.05945 -0.30076 0.22799 0.88873 0.01181 0.45778 -0.02167
1403636882.401666403 0.03974 -0.31403 0.21246 0.88645 0.01123 0.46209 -0.02347
1403636882.501666546 0.02138 -0.31015 0.19680 0.88468 0.01421 0.46483 -0.03279
1403636882.601666451 0.01059 -0.29532 0.18410 0.88103 0.02101 0.47056 -0.04383
1403636882.701666594 0.01482 -0.27500 0.17380 0.87058 0.03054 0.48784 -0.05636
1403636882.801666498 0.03099 -0.25267 0.16005 0.85369 0.04714 0.51323 -0.07473
1403636882.901666403 0.05121 -0.23144 0.14105 0.83781 0.06638 0.53403 -0.09208
1403636883.001666546 0.07197 -0.21107 0.11610 0.83030 0.08564 0.53960 -0.10999
1403636883.101666451 0.08199 -0.19324 0.09581 0.82743 0.10415 0.53815 -0.12213
1403636883.201666594 0.10859 -0.17720 0.06821 0.82150 0.11914 0.54344 -0.12498
1403636883.401666403 0.12804 -0.15504 0.03263 0.81117 0.13330 0.55343 -0.13400
1403636883.501666546 0.13542 -0.14950 0.02214 0.80584 0.13823 0.55867 -0.13928
1403636883.601666451 0.14072 -0.14540 0.01581 0.79845 0.14457 0.56633 -0.14440
1403636883.901666403 0.15115 -0.14026 0.00193 0.79270 0.15696 0.56775 -0.15699
1403636884.101666451 0.15323 -0.14043 -0.00121 0.78553 0.16116 0.57448 -0.16415
1403636884.401666403 0.15133 -0.14077 -0.00066 0.77915 0.16216 0.58335 -0.16225
1403636897.401666403 0.14297 -0.15242 -0.00147 0.78294 0.16496 0.57854 -0.15840
1403636897.501666546 0.13484 -0.16400 -0.00195 0.78838 0.16329 0.57381 -0.15008
1403636897.601666451 0.12467 -0.17804 -0.00195 0.79658 0.16285 0.56494 -0.14064
1403636897.701666594 0.11290 -0.19418 0.00316 0.80680 0.16645 0.55228 -0.12787
1403636897.801666498 0.10218 -0.21019 0.01520 0.81461 0.17125 0.54121 -0.11909
1403636897.901666403 0.09461 -0.22389 0.03351 0.81963 0.17453 0.53335 -0.11525
1403636898.001666546 0.09307 -0.23335 0.05597 0.81435 0.17604 0.54056 -0.11678
1403636898.101666451 0.09488 -0.23977 0.07110 0.80828 0.17668 0.54831 -0.12176
1403636898.201666594 0.09797 -0.24432 0.08345 0.80502 0.17834 0.55178 -0.12524
1403636898.301666498 0.10284 -0.24694 0.09805 0.80393 0.18111 0.55202 -0.12718
1403636898.401666403 0.10862 -0.24782 0.11583 0.80337 0.18390 0.55138 -0.12942
1403636898.601666451 0.12419 -0.24527 0.15572 0.80329 0.18873 0.54884 -0.13368
1403636898.701666594 0.13398 -0.23924 0.18066 0.80332 0.19126 0.54787 -0.13392
1403636898.901666403 0.15925 -0.22855 0.21095 0.80421 0.19117 0.54518 -0.13958
1403636899.001666546 0.17510 -0.22093 0.22374 0.80544 0.18712 0.54320 -0.14557
1403636899.301666498 0.24168 -0.21158 0.25559 0.80132 0.15117 0.56420 -0.12932
1403636899.401666403 0.26616 -0.21471 0.26463 0.79997 0.13134 0.57434 -0.11370
1403636899.501666546 0.28784 -0.21985 0.27130 0.80402 0.10992 0.57510 -0.10358
1403636899.601666451 0.30824 -0.22802 0.27373 0.81135 0.09319 0.56881 -0.09737
1403636899.701666594 0.32551 -0.23709 0.28170 0.81564 0.08149 0.56532 -0.09222
1403636899.901666403 0.37130 -0.26859 0.28927 0.81904 0.07466 0.56386 -0.07529
1403636900.001666546 0.39352 -0.28610 0.28922 0.81561 0.07516 0.56958 -0.06869
1403636900.201666594 0.44099 -0.32136 0.29758 0.80681 0.07595 0.58220 -0.06583
1403636900.501666546 0.49180 -0.37662 0.36269 0.81575 0.08370 0.56834 -0.06737
1403636900.701666594 0.52229 -0.41443 0.39814 0.82227 0.08724 0.55787 -0.07100
1403636901.001666546 0.59266 -0.46776 0.41531 0.82184 0.08038 0.55719 -0.08750
1403636901.201666594 0.65452 -0.51606 0.40602 0.81954 0.07687 0.56023 -0.09267
1403636901.401666403 0.72540 -0.58376 0.40678 0.81818 0.08180 0.56268 -0.08531
1403636901.501666546 0.76688 -0.61936 0.41623 0.81729 0.08506 0.56426 -0.08014
1403636901.701666594 0.84858 -0.69438 0.42782 0.81468 0.08710 0.56828 -0.07596
1403636901.901666403 0.93412 -0.76209 0.41388 0.81405 0.08700 0.56913 -0.07645
1403636902.101666451 1.00464 -0.85076 0.38770 0.81287 0.08937 0.57065 -0.07498
1403636902.301666498 1.07865 -0.92783 0.38367 0.81337 0.08800 0.56994 -0.07654
1403636902.501666546 1.14448 -1.00784 0.34930 0.81511 0.08546 0.56820 -0.07375
1403636902.601666451 1.17645 -1.04701 0.32180 0.81513 0.08664 0.56881 -0.06715
1403636902.901666403 1.27683 -1.16026 0.28104 0.81173 0.08505 0.57433 -0.06336
1403636903.201666594 1.36647 -1.26178 0.30545 0.81283 0.08832 0.57161 -0.06911
1403636903.501666546 1.44539 -1.36098 0.36182 0.81495 0.09585 0.56759 -0.06717
1403636903.801666498 1.53315 -1.44470 0.37151 0.82096 0.09287 0.55829 -0.07557
1403636904.101666451 1.63475 -1.53049 0.40006 0.81765 0.08548 0.56276 -0.08632
1403636904.301666498 1.70863 -1.59335 0.45061 0.81640 0.08232 0.56465 -0.08884
1403636904.501666546 1.78408 -1.66814 0.49183 0.81478 0.08313 0.56762 -0.08385
1403636904.701666594 1.86251 -1.75314 0.51791 0.81478 0.08536 0.56845 -0.07549
1403636904.901666403 1.94255 -1.83860 0.53391 0.81501 0.08689 0.56889 -0.06763
1403636905.101666451 2.01831 -1.92020 0.53529 0.81465 0.08637 0.57018 -0.06153
1403636905.301666498 2.09460 -1.99496 0.54583 0.81534 0.08540 0.56988 -0.05620
1403636905.601666451 2.20404 -2.08194 0.59599 0.81790 0.09676 0.56456 -0.05431
1403636905.901666403 2.31624 -2.13976 0.60481 0.81886 0.10111 0.56095 -0.06774
1403636906.201666594 2.43748 -2.17105 0.56992 0.82179 0.10698 0.55540 -0.06900
1403636906.301666498 2.48380 -2.17442 0.57032 0.81652 0.10590 0.56287 -0.07248
1403636906.401666403 2.52986 -2.17609 0.57623 0.81299 0.10201 0.56789 -0.07840
1403636906.801666498 2.71114 -2.20589 0.59439 0.81525 0.09853 0.56477 -0.08184
1403636907.001666546 2.80458 -2.22889 0.58599 0.81511 0.10664 0.56442 -0.07523
1403636907.301666498 2.94747 -2.25190 0.58756 0.82157 0.11096 0.55393 -0.07661
1403636907.501666546 3.05285 -2.25914 0.58490 0.82341 0.10536 0.55055 -0.08827
1403636907.701666594 3.17433 -2.26929 0.61027 0.82372 0.10015 0.54971 -0.09629
1403636907.901666403 3.31169 -2.28895 0.64929 0.82228 0.09885 0.55173 -0.09842
1403636908.001666546 3.38806 -2.30038 0.65117 0.81833 0.10346 0.55765 -0.09303
1403636908.101666451 3.46604 -2.31336 0.64835 0.81459 0.10913 0.56284 -0.08800
1403636908.201666594 3.54295 -2.32791 0.64974 0.81188 0.11242 0.56621 -0.08726
1403636908.401666403 3.68853 -2.35762 0.65506 0.81142 0.11711 0.56574 -0.08843
1403636908.601666451 3.82982 -2.38507 0.64201 0.81257 0.12077 0.56290 -0.09109
1403636908.801666498 3.96768 -2.41154 0.64243 0.81634 0.12271 0.55642 -0.09453
1403636909.001666546 4.11433 -2.43456 0.67664 0.81999 0.12225 0.55054 -0.09787
1403636909.201666594 4.27228 -2.45594 0.71507 0.82096 0.11938 0.54918 -0.10082
1403636909.401666403 4.44089 -2.48082 0.73232 0.82021 0.11828 0.55079 -0.09944
1403636909.501666546 4.53094 -2.49262 0.73566 0.81718 0.11888 0.55570 -0.09632
1403636909.701666594 4.70970 -2.51837 0.72015 0.81429 0.11271 0.56051 -0.10027
1403636909.801666498 4.79826 -2.53141 0.70493 0.80939 0.11454 0.56799 -0.09569
1403636909.901666403 4.88327 -2.54628 0.68505 0.80519 0.12277 0.57426 -0.08257
1403636910.001666546 4.96620 -2.55887 0.66075 0.79988 0.13006 0.58159 -0.07100
1403636910.201666594 5.11702 -2.57446 0.60900 0.80423 0.12467 0.57546 -0.08072
1403636910.401666403 5.25494 -2.57767 0.58811 0.81103 0.12162 0.56536 -0.08835
1403636910.601666451 5.39291 -2.57850 0.58761 0.81180 0.12475 0.56357 -0.08837
1403636910.801666498 5.52569 -2.57675 0.57126 0.81229 0.12461 0.56262 -0.09013
1403636911.001666546 5.65825 -2.56949 0.53877 0.80714 0.11923 0.56969 -0.09882
1403636911.101666451 5.72363 -2.56737 0.52828 0.79984 0.11746 0.57979 -0.10150
1403636911.301666498 5.84303 -2.57113 0.52277 0.80867 0.12183 0.56759 -0.09519
1403636911.501666546 5.95141 -2.57717 0.54530 0.81069 0.12393 0.56503 -0.09040
1403636911.701666594 6.06069 -2.58159 0.56799 0.81122 0.12392 0.56440 -0.08956
1403636911.901666403 6.17438 -2.58446 0.56776 0.81435 0.11434 0.56001 -0.10072
1403636912.101666451 6.29197 -2.58971 0.54611 0.81629 0.11192 0.55767 -0.10070
1403636912.301666498 6.41219 -2.60235 0.53418 0.81303 0.11597 0.56275 -0.09403
1403636912.601666451 6.59857 -2.62819 0.53480 0.81401 0.10948 0.56179 -0.09897
1403636912.801666498 6.72457 -2.65415 0.50979 0.81421 0.10141 0.56139 -0.10778
1403636913.001666546 6.84924 -2.69351 0.46840 0.80957 0.10680 0.56877 -0.09849
1403636913.201666594 6.96960 -2.74308 0.42154 0.80383 0.11167 0.57705 -0.09168
1403636913.401666403 7.07909 -2.79808 0.40073 0.80800 0.11069 0.57092 -0.09445
1403636913.701666594 7.23908 -2.88951 0.39030 0.81146 0.11062 0.56642 -0.09199
1403636913.901666403 7.34062 -2.95595 0.37194 0.81028 0.11221 0.56819 -0.08953
1403636914.201666594 7.48909 -3.05647 0.38441 0.81008 0.10987 0.56824 -0.09383
1403636914.401666403 7.58291 -3.12547 0.38172 0.80969 0.11275 0.56911 -0.08831
1403636914.601666451 7.67424 -3.19591 0.38774 0.80917 0.11467 0.57003 -0.08458
1403636914.801666498 7.76191 -3.26005 0.41977 0.80749 0.11406 0.57276 -0.08299
1403636915.001666546 7.84182 -3.32149 0.43579 0.81067 0.11292 0.56880 -0.08078
1403636915.201666594 7.91696 -3.37909 0.42841 0.81469 0.11277 0.56341 -0.07835
1403636915.301666498 7.95678 -3.40523 0.41590 0.81948 0.11306 0.55655 -0.07695
1403636915.601666451 8.08830 -3.46973 0.38400 0.81609 0.10497 0.56131 -0.08894
1403636915.701666594 8.13771 -3.48814 0.38698 0.81250 0.09957 0.56609 -0.09728
1403636915.901666403 8.23327 -3.53852 0.41396 0.80987 0.09943 0.56950 -0.09947
1403636916.001666546 8.28028 -3.56767 0.43523 0.80898 0.10394 0.57098 -0.09349
1403636916.101666451 8.32752 -3.59907 0.45028 0.80833 0.11023 0.57202 -0.08512
1403636916.301666498 8.41577 -3.66201 0.46993 0.80867 0.11331 0.57128 -0.08278
1403636916.501666546 8.49692 -3.72216 0.49975 0.80950 0.10952 0.57192 -0.07494
1403636916.601666451 8.53795 -3.74941 0.50873 0.81065 0.09968 0.57336 -0.06459
1403636916.701666594 8.57661 -3.77463 0.51277 0.81183 0.08932 0.57431 -0.05591
1403636916.801666498 8.61260 -3.79616 0.51204 0.81225 0.08018 0.57555 -0.05070
1403636916.901666403 8.64740 -3.81485 0.50586 0.81276 0.07461 0.57604 -0.04512
1403636917.101666451 8.71332 -3.84573 0.47864 0.81328 0.06627 0.57650 -0.04289
1403636917.301666498 8.77188 -3.87112 0.43186 0.81369 0.05137 0.57772 -0.03891
1403636917.401666403 8.80035 -3.88386 0.40204 0.81390 0.03751 0.57921 -0.02599
1403636917.501666546 8.82757 -3.89620 0.36748 0.81445 0.02065 0.57971 -0.01369
1403636917.601666451 8.85377 -3.90664 0.33578 0.81428 0.00628 0.58040 -0.00626
1403636917.701666594 8.87650 -3.91549 0.31182 0.81349 -0.00417 0.58156 -0.00008
1403636917.901666403 8.91553 -3.92895 0.28850 0.81214 -0.01820 0.58303 0.01265
1403636918.101666451 8.94455 -3.93648 0.27877 0.81379 -0.02328 0.58034 0.02035
1403636918.401666403 8.97610 -3.93146 0.26049 0.82207 -0.02007 0.56842 0.02641
1403636918.601666451 9.00115 -3.91155 0.28436 0.82980 -0.01741 0.55717 0.02622
1403636918.801666498 9.04452 -3.87985 0.34336 0.82527 -0.02285 0.56417 0.01052
1403636918.901666403 9.06958 -3.86275 0.38092 0.81926 -0.03171 0.57253 -0.00205
1403636919.001666546 9.09516 -3.85033 0.42005 0.81431 -0.04330 0.57877 -0.00736
1403636919.101666451 9.12094 -3.84345 0.46251 0.81141 -0.05212 0.58209 -0.00842
1403636919.301666498 9.16342 -3.85233 0.55179 0.80910 -0.06026 0.58457 -0.00166
1403636919.401666403 9.17902 -3.86622 0.59003 0.80846 -0.06273 0.58517 0.00513
1403636919.601666451 9.20093 -3.90666 0.64591 0.80839 -0.05597 0.58526 0.02895
1403636919.801666498 9.21128 -3.94805 0.67745 0.80662 -0.05532 0.58742 0.03520
1403636920.201666594 9.19768 -4.02856 0.66517 0.80250 -0.06520 0.59284 0.01720
1403636920.401666403 9.16532 -4.07859 0.62944 0.80340 -0.05366 0.59220 0.03100
1403636920.601666451 9.11646 -4.12820 0.60709 0.80986 -0.04790 0.58348 0.03724
1403636920.801666498 9.06122 -4.16848 0.61586 0.81826 -0.04898 0.57155 0.03707
1403636921.301666498 8.94291 -4.23767 0.68293 0.81290 -0.05132 0.57889 0.03795
1403636921.601666451 8.87184 -4.26489 0.66223 0.81012 -0.06426 0.58235 0.02104
1403636921.701666594 8.84424 -4.27477 0.64310 0.81930 -0.06596 0.56921 0.01984
1403636921.801666498 8.81850 -4.28668 0.62190 0.82829 -0.06510 0.55604 0.02278
1403636922.001666546 8.78036 -4.31896 0.58309 0.82284 -0.06254 0.56384 0.03336
1403636922.101666451 8.76661 -4.33577 0.56305 0.81666 -0.06389 0.57215 0.04042
1403636922.301666498 8.73646 -4.36805 0.53744 0.81763 -0.06944 0.56920 0.05162
1403636922.401666403 8.72188 -4.38167 0.53264 0.82114 -0.07340 0.56336 0.05444
1403636922.501666546 8.70937 -4.39439 0.52414 0.82430 -0.07932 0.55748 0.05871
1403636922.601666451 8.69995 -4.40726 0.51063 0.82500 -0.08836 0.55439 0.06499
1403636922.801666498 8.69144 -4.42744 0.47985 0.80941 -0.10370 0.57315 0.07489
1403636922.901666403 8.68759 -4.43395 0.46822 0.80236 -0.11290 0.58177 0.07082
1403636923.101666451 8.67135 -4.44734 0.45950 0.79706 -0.12661 0.58670 0.06669
1403636923.201666594 8.65651 -4.45791 0.45194 0.79817 -0.13427 0.58270 0.07319
1403636923.301666498 8.63753 -4.47029 0.43803 0.80244 -0.14052 0.57375 0.08464
1403636923.401666403 8.61734 -4.48294 0.41896 0.80817 -0.14550 0.56294 0.09373
1403636923.501666546 8.59820 -4.49500 0.39570 0.81428 -0.15064 0.55184 0.09866
1403636923.801666498 8.57615 -4.53546 0.36488 0.82267 -0.15742 0.53628 0.10414
1403636924.301666498 8.67844 -4.61210 0.34423 0.82032 -0.15175 0.54085 0.10737
1403636924.501666546 8.75858 -4.64272 0.34748 0.81263 -0.15937 0.55267 0.09377
1403636924.601666451 8.80497 -4.66136 0.35991 0.80638 -0.16350 0.56181 0.08595
1403636924.701666594 8.85180 -4.68447 0.36916 0.80167 -0.16611 0.56857 0.08040
1403636924.801666498 8.89685 -4.71188 0.37236 0.79668 -0.16750 0.57593 0.07445
1403636925.001666546 8.97146 -4.78263 0.35438 0.79123 -0.17384 0.58107 0.07805
1403636925.101666451 8.99729 -4.82384 0.33438 0.79255 -0.17538 0.57701 0.09031
1403636925.201666594 9.01796 -4.86656 0.30829 0.79669 -0.17242 0.56943 0.10633
1403636925.401666403 9.05879 -4.95242 0.24362 0.81158 -0.17333 0.54456 0.12144
1403636925.501666546 9.08332 -4.99422 0.21028 0.81724 -0.17603 0.53479 0.12304
1403636925.601666451 9.11540 -5.03569 0.18419 0.82236 -0.17848 0.52601 0.12320
1403636925.901666403 9.26811 -5.16355 0.16316 0.81995 -0.17898 0.52871 0.12695
1403636926.001666546 9.33791 -5.20521 0.17214 0.80943 -0.17545 0.54476 0.13144
1403636926.101666451 9.40953 -5.24451 0.17821 0.79772 -0.17610 0.56199 0.12961
1403636926.201666594 9.48047 -5.28064 0.17657 0.78949 -0.17933 0.57393 0.12307
1403636926.401666403 9.60833 -5.35070 0.14977 0.78265 -0.18521 0.58408 0.10956
1403636926.701666594 9.74556 -5.45525 0.09370 0.78958 -0.17875 0.57639 0.11126
1403636926.901666403 9.80934 -5.52731 0.09085 0.79399 -0.19437 0.56518 0.11126
1403636927.001666546 9.83610 -5.56636 0.09183 0.79136 -0.20916 0.56259 0.11614
1403636927.101666451 9.86185 -5.60883 0.08905 0.78730 -0.22471 0.55997 0.12684
1403636927.201666594 9.88553 -5.65423 0.08085 0.78186 -0.24288 0.55694 0.13970
1403636927.301666498 9.90377 -5.70558 0.06601 0.77644 -0.26042 0.55238 0.15555
1403636927.401666403 9.91913 -5.75621 0.04465 0.77681 -0.27231 0.54169 0.17025
1403636927.501666546 9.93540 -5.80603 0.01954 0.78189 -0.28191 0.52655 0.17868
1403636927.601666451 9.95525 -5.85668 -0.00610 0.78678 -0.29008 0.51310 0.18318
1403636927.701666594 9.98246 -5.91138 -0.02270 0.78852 -0.29451 0.50618 0.18784
1403636927.901666403 10.05750 -6.02974 -0.03037 0.78630 -0.29994 0.50582 0.18951
1403636928.101666451 10.15755 -6.15876 -0.03943 0.78131 -0.29810 0.51338 0.19272
1403636928.201666594 10.21284 -6.23107 -0.05131 0.77465 -0.29571 0.52401 0.19462
1403636928.301666498 10.27146 -6.30163 -0.06563 0.76681 -0.29471 0.53636 0.19358
1403636928.401666403 10.32897 -6.37041 -0.08423 0.76126 -0.29243 0.54525 0.19411
1403636928.601666451 10.43463 -6.50404 -0.12185 0.76138 -0.28788 0.54636 0.19727
1403636928.801666498 10.53372 -6.63098 -0.13584 0.77293 -0.28696 0.53067 0.19652
1403636929.001666546 10.63759 -6.75225 -0.11232 0.76925 -0.28585 0.53615 0.19773
1403636929.101666451 10.69137 -6.80952 -0.08702 0.76013 -0.28866 0.54907 0.19337
1403636929.201666594 10.74047 -6.86607 -0.05843 0.75533 -0.29207 0.55566 0.18819
1403636929.401666403 10.82717 -6.97993 -0.01121 0.75551 -0.29543 0.55607 0.18085
1403636929.601666451 10.89293 -7.09361 0.01247 0.76092 -0.28657 0.55009 0.19045
1403636929.801666498 10.94393 -7.20029 0.01520 0.76457 -0.27860 0.54585 0.19965
1403636930.101666451 11.01325 -7.34188 0.01522 0.76189 -0.28327 0.55010 0.19148
1403636930.501666546 11.07149 -7.51520 0.09372 0.76331 -0.28325 0.54738 0.19368
1403636930.801666498 11.09277 -7.63367 0.11636 0.75971 -0.28946 0.55243 0.18402
1403636931.001666546 11.09209 -7.71458 0.10710 0.75303 -0.30484 0.55594 0.17592
1403636931.101666451 11.08273 -7.75928 0.09694 0.74869 -0.31232 0.55527 0.18327
1403636931.201666594 11.06714 -7.80470 0.09118 0.74506 -0.31152 0.55500 0.19955
1403636931.301666498 11.04660 -7.84968 0.09329 0.74004 -0.31042 0.55745 0.21269
1403636931.401666403 11.02143 -7.89310 0.10180 0.73882 -0.30919 0.55587 0.22262
1403636931.501666546 10.99114 -7.93129 0.11548 0.74127 -0.30549 0.55014 0.23356
1403636931.601666451 10.95790 -7.96108 0.13408 0.74420 -0.30090 0.54413 0.24403
1403636931.801666498 10.89457 -7.99834 0.15663 0.74589 -0.30703 0.54045 0.23936
1403636931.901666403 10.86420 -8.00706 0.15709 0.74773 -0.31431 0.53767 0.23025
1403636932.301666498 10.73459 -8.01291 0.12268 0.74074 -0.31309 0.54445 0.23843
1403636932.401666403 10.70233 -8.00503 0.12361 0.74047 -0.30888 0.54279 0.24834
1403636932.601666451 10.62817 -7.96736 0.14490 0.73568 -0.32258 0.53765 0.25621
1403636932.701666594 10.59142 -7.93813 0.16744 0.72939 -0.33913 0.53537 0.25759
1403636932.801666498 10.55464 -7.90382 0.19649 0.72377 -0.35120 0.53308 0.26200
1403636932.901666403 10.51588 -7.86393 0.22754 0.72081 -0.36146 0.52816 0.26613
1403636933.001666546 10.47540 -7.82148 0.24845 0.71947 -0.36971 0.52276 0.26905
1403636933.101666451 10.43374 -7.77679 0.25432 0.71624 -0.37914 0.51782 0.27408
1403636933.201666594 10.39281 -7.72967 0.24887 0.71710 -0.38896 0.50934 0.27395
1403636933.301666498 10.35179 -7.68005 0.23681 0.72532 -0.39908 0.49202 0.26938
1403636933.401666403 10.31585 -7.63301 0.22304 0.72959 -0.40594 0.48281 0.26421
1403636933.601666451 10.25627 -7.55210 0.19487 0.72226 -0.40360 0.49281 0.26942
1403636933.801666498 10.20635 -7.48211 0.18860 0.71519 -0.39598 0.50556 0.27589
1403636934.101666451 10.13138 -7.37658 0.21103 0.70173 -0.41213 0.50783 0.28255
1403636934.201666594 10.10101 -7.34172 0.20147 0.69300 -0.42622 0.50128 0.29461
1403636934.301666498 10.06856 -7.30413 0.18262 0.68199 -0.44328 0.49364 0.30777
1403636934.401666403 10.03452 -7.26446 0.16158 0.66699 -0.46506 0.48799 0.31735
1403636934.501666546 9.99894 -7.22467 0.14478 0.65145 -0.48813 0.48102 0.32552
1403636934.601666451 9.95963 -7.18439 0.13647 0.63718 -0.50773 0.47126 0.33783
1403636934.701666594 9.91597 -7.14387 0.13811 0.62641 -0.52448 0.45982 0.34798
1403636934.801666498 9.86896 -7.10198 0.14771 0.62338 -0.53455 0.44527 0.35691
1403636934.901666403 9.82184 -7.05959 0.16505 0.62329 -0.54099 0.43288 0.36256
1403636935.001666546 9.77574 -7.01951 0.18967 0.62312 -0.54429 0.42654 0.36542
1403636935.201666594 9.69323 -6.95069 0.26120 0.61577 -0.54017 0.43764 0.37083
1403636935.401666403 9.61367 -6.88685 0.31778 0.61413 -0.53813 0.44699 0.36531
1403636935.801666498 9.44126 -6.75433 0.34065 0.62323 -0.53395 0.44538 0.35793
1403636935.901666403 9.39410 -6.72261 0.32611 0.62913 -0.53592 0.43800 0.35376
1403636936.001666546 9.34513 -6.69110 0.30710 0.63573 -0.54162 0.42870 0.34454
1403636936.101666451 9.29776 -6.66700 0.28600 0.63968 -0.54428 0.42304 0.34000
1403636936.301666498 9.20773 -6.64650 0.24829 0.63726 -0.53904 0.42595 0.34914
1403636936.401666403 9.16501 -6.64567 0.23846 0.63256 -0.53597 0.43177 0.35521
1403636936.501666546 9.12478 -6.64744 0.23589 0.62736 -0.53310 0.43815 0.36089
1403636936.701666594 9.04208 -6.65393 0.23524 0.62199 -0.53418 0.44094 0.36516
1403636936.901666403 8.96160 -6.66249 0.21786 0.62211 -0.53398 0.43686 0.37013
1403636937.101666451 8.88527 -6.67267 0.21950 0.62282 -0.53429 0.43335 0.37260
1403636937.401666403 8.78064 -6.68672 0.24210 0.61845 -0.53911 0.43578 0.37011
1403636937.701666594 8.68134 -6.70100 0.21430 0.61965 -0.53693 0.43033 0.37757
1403636937.901666403 8.62451 -6.70865 0.17050 0.61836 -0.52922 0.42936 0.39141
1403636938.101666451 8.58378 -6.70817 0.11240 0.60893 -0.52298 0.43691 0.40597
1403636938.301666498 8.55809 -6.67977 0.05066 0.59132 -0.53694 0.44852 0.40108
1403636938.401666403 8.54770 -6.65475 0.02751 0.58185 -0.55203 0.45652 0.38509
1403636938.501666546 8.53170 -6.62338 0.01097 0.57644 -0.56584 0.45898 0.36996
1403636938.601666451 8.50790 -6.59061 0.00322 0.57676 -0.57334 0.45456 0.36332
1403636938.801666498 8.43149 -6.52566 0.00610 0.57999 -0.57472 0.44630 0.36623
1403636938.901666403 8.38147 -6.49114 0.01126 0.58659 -0.57039 0.43703 0.37361
1403636939.001666546 8.32625 -6.45640 0.01523 0.59310 -0.56707 0.42793 0.37887
1403636939.201666594 8.21465 -6.39543 0.00993 0.59548 -0.56236 0.42707 0.38310
1403636939.501666546 8.04700 -6.30799 -0.01775 0.59613 -0.55399 0.43483 0.38555
1403636939.701666594 7.93399 -6.24212 -0.00872 0.59117 -0.54618 0.44629 0.39119
1403636939.901666403 7.81847 -6.15927 -0.00186 0.59120 -0.54678 0.44650 0.39006
1403636940.001666546 7.75713 -6.11090 -0.00897 0.58766 -0.55235 0.44550 0.38871
1403636940.101666451 7.69441 -6.05998 -0.02131 0.58422 -0.55929 0.44053 0.38963
1403636940.201666594 7.63049 -6.00616 -0.03915 0.58096 -0.56687 0.43654 0.38803
1403636940.301666498 7.56461 -5.95162 -0.05959 0.57785 -0.57131 0.43406 0.38897
1403636940.401666403 7.49647 -5.89643 -0.08312 0.57452 -0.57427 0.43278 0.39096
1403636940.501666546 7.42726 -5.83963 -0.10709 -0.57212 0.57692 -0.43121 -0.39231
1403636940.601666451 7.35555 -5.78303 -0.12691 -0.57330 0.58181 -0.42557 -0.38951
1403636940.701666594 7.28223 -5.72681 -0.13816 -0.57740 0.58438 -0.41679 -0.38910
1403636940.801666498 7.20778 -5.67367 -0.14079 -0.58116 0.58617 -0.41006 -0.38796
1403636940.901666403 7.13351 -5.62234 -0.13532 -0.58413 0.58611 -0.40510 -0.38878
1403636941.101666451 6.98882 -5.53248 -0.10336 0.58305 -0.58234 0.40715 0.39391
1403636941.201666594 6.91838 -5.49180 -0.08164 0.58210 -0.58023 0.40966 0.39582
1403636941.301666498 6.84838 -5.45211 -0.06076 0.58051 -0.57722 0.41395 0.39807
1403636941.501666546 6.71186 -5.37367 -0.03441 0.58214 -0.57070 0.41905 0.39977
1403636941.701666594 6.58157 -5.29186 -0.02860 0.58667 -0.56745 0.41905 0.39776
1403636941.901666403 6.45532 -5.20905 -0.02400 0.58962 -0.56719 0.41939 0.39339
1403636942.101666451 6.33210 -5.12603 0.00578 0.58855 -0.56936 0.42248 0.38852
1403636942.301666498 6.20841 -5.04363 0.03280 0.58447 -0.57175 0.42656 0.38671
1403636942.401666403 6.14561 -5.00098 0.03709 0.58111 -0.57442 0.42925 0.38484
1403636942.501666546 6.08028 -4.95992 0.03423 0.57906 -0.57777 0.42955 0.38256
1403636942.601666451 6.01188 -4.91922 0.02581 -0.57945 0.58099 -0.42679 -0.38018
1403636942.701666594 5.94116 -4.87850 0.01373 -0.58227 0.58256 -0.42083 -0.38012
1403636942.801666498 5.86871 -4.83989 -0.00035 0.58385 -0.58272 0.41682 0.38187
1403636942.901666403 5.79509 -4.80566 -0.00753 0.58283 -0.57979 0.41641 0.38828
1403636943.001666546 5.72149 -4.77241 -0.00624 0.58180 -0.57780 0.41619 0.39298
1403636943.101666451 5.64832 -4.74040 0.00379 0.58018 -0.57575 0.41687 0.39764
1403636943.301666498 5.50561 -4.67543 0.02170 0.57673 -0.57611 0.41754 0.40143
1403636943.401666403 5.43535 -4.64025 0.02208 -0.57506 0.57639 -0.41697 -0.40400
1403636943.501666546 5.36648 -4.60506 0.01659 -0.57412 0.57671 -0.41606 -0.40581
1403636943.701666594 5.23236 -4.52966 -0.01095 -0.57270 0.57575 -0.41505 -0.41020
1403636943.801666498 5.16717 -4.48916 -0.03349 -0.57295 0.57566 -0.41361 -0.41142
1403636943.901666403 5.10397 -4.44660 -0.06219 0.57746 -0.57582 0.41339 0.40506
1403636944.001666546 5.04438 -4.40365 -0.09663 0.58921 -0.57712 0.40853 0.39098
1403636944.101666451 4.98549 -4.36258 -0.13036 0.60157 -0.57875 0.40096 0.37735
1403636944.201666594 4.92852 -4.32817 -0.15614 0.61002 -0.57775 0.39686 0.36958
1403636944.501666546 4.77393 -4.26928 -0.17732 0.60871 -0.56018 0.41356 0.38032
1403636944.601666451 4.72739 -4.25919 -0.17071 0.60847 -0.54849 0.41646 0.39432
1403636944.701666594 4.68688 -4.24835 -0.16090 0.61166 -0.53879 0.41691 0.40220
1403636944.901666403 4.62371 -4.22137 -0.12597 0.61161 -0.53675 0.42987 0.39122
1403636945.401666403 4.51512 -4.11467 -0.10741 0.61418 -0.53276 0.43654 0.38519
1403636945.701666594 4.47713 -4.02217 -0.10008 0.62034 -0.54437 0.42235 0.37478
1403636945.801666498 4.46919 -3.99129 -0.11023 0.62668 -0.55046 0.41072 0.36821
1403636946.101666451 4.46157 -3.93021 -0.16009 0.61677 -0.54646 0.41980 0.38045
1403636946.601666451 4.49669 -3.84679 -0.35297 0.60375 -0.54657 0.42678 0.39320
1403636946.801666498 4.52135 -3.80246 -0.42996 0.59294 -0.56351 0.43827 0.37256
1403636947.001666546 4.53230 -3.75749 -0.49057 0.58195 -0.57909 0.45027 0.35106
1403636947.201666594 4.51055 -3.71856 -0.56074 0.59369 -0.57661 0.43360 0.35644
1403636947.301666498 4.48895 -3.70229 -0.58904 0.60880 -0.57390 0.41178 0.36117
1403636947.401666403 4.46622 -3.69527 -0.60771 0.61844 -0.57432 0.39745 0.36016
1403636947.601666451 4.42692 -3.70776 -0.61721 0.61134 -0.57336 0.40615 0.36409
1403636947.701666594 4.40714 -3.72528 -0.61225 0.60921 -0.56887 0.40955 0.37084
1403636947.901666403 4.37265 -3.77296 -0.61253 0.61632 -0.55596 0.40103 0.38760
1403636948.301666498 4.35759 -3.90325 -0.66842 0.62150 -0.55419 0.39981 0.38310
1403636948.501666546 4.37787 -3.98277 -0.71432 0.62754 -0.54330 0.39658 0.39209
1403636948.601666451 4.39770 -4.02583 -0.73785 0.63235 -0.53180 0.39182 0.40472
1403636948.801666498 4.47186 -4.11363 -0.77179 0.62601 -0.52995 0.40660 0.40241
1403636948.901666403 4.52327 -4.15592 -0.77787 0.61734 -0.53574 0.42204 0.39213
1403636949.001666546 4.57879 -4.19580 -0.78048 0.60758 -0.54082 0.43841 0.38230
1403636949.101666451 4.63298 -4.23351 -0.78772 0.60503 -0.54089 0.44384 0.37998
1403636949.301666498 4.73363 -4.29758 -0.81530 0.60846 -0.53779 0.44179 0.38128
1403636949.501666546 4.82929 -4.34858 -0.86071 0.60450 -0.54022 0.44904 0.37564
1403636949.701666594 4.91257 -4.38594 -0.89987 0.60565 -0.54436 0.44825 0.36870
1403636949.801666498 4.94856 -4.40233 -0.90880 0.61131 -0.54561 0.44058 0.36674
1403636949.901666403 4.98231 -4.41871 -0.91337 0.61578 -0.54943 0.43398 0.36140
1403636950.101666451 5.04371 -4.45936 -0.90867 0.61968 -0.55585 0.42697 0.35317
1403636950.401666403 5.12449 -4.55148 -0.91740 0.62181 -0.54818 0.42232 0.36674
1403636950.501666546 5.15097 -4.58757 -0.92687 0.62117 -0.54194 0.42317 0.37600
1403636950.701666594 5.21193 -4.66106 -0.94807 0.62078 -0.53350 0.42455 0.38700
1403636950.801666498 5.24764 -4.69651 -0.95031 0.61684 -0.53457 0.43133 0.38432
1403636950.901666403 5.28704 -4.73008 -0.94790 0.61469 -0.53578 0.43560 0.38124
1403636951.101666451 5.36983 -4.79462 -0.92343 0.61089 -0.53984 0.44236 0.37378
1403636951.201666594 5.40838 -4.82433 -0.91140 0.61217 -0.54568 0.44053 0.36525
1403636951.301666498 5.44529 -4.85421 -0.90694 0.61766 -0.54861 0.43226 0.36149
1403636951.401666403 5.48081 -4.88604 -0.90989 0.62333 -0.55101 0.42383 0.35807
1403636951.601666451 5.54652 -4.95798 -0.92531 0.62756 -0.55021 0.41696 0.35998
1403636951.801666498 5.61551 -5.05027 -0.94139 0.62426 -0.54409 0.42166 0.36941
1403636951.901666403 5.65320 -5.10300 -0.93957 0.62383 -0.53909 0.42266 0.37627
1403636952.101666451 5.73608 -5.20677 -0.93199 0.62322 -0.53381 0.42313 0.38420
1403636952.201666594 5.78284 -5.25799 -0.93683 0.61942 -0.53441 0.42870 0.38333
1403636952.301666498 5.83042 -5.30653 -0.94710 0.61378 -0.53661 0.43708 0.37985
1403636952.401666403 5.87801 -5.35275 -0.96191 0.60894 -0.53839 0.44398 0.37710
1403636952.601666451 5.96813 -5.43544 -1.00587 0.61090 -0.53321 0.44252 0.38298
1403636952.801666498 6.05715 -5.50265 -1.03965 0.61527 -0.53409 0.43684 0.38126
1403636952.901666403 6.10386 -5.53358 -1.05271 0.61786 -0.53818 0.43287 0.37581
1403636953.001666546 6.15168 -5.56542 -1.07041 0.61795 -0.54563 0.43158 0.36630
1403636953.201666594 6.23994 -5.63072 -1.11871 0.61508 -0.55371 0.43415 0.35580
1403636953.401666403 6.31372 -5.70659 -1.17081 0.61729 -0.54983 0.43230 0.36020
1403636953.601666451 6.37722 -5.78942 -1.19646 0.62135 -0.54023 0.42905 0.37147
1403636953.801666498 6.44765 -5.87579 -1.19511 0.63212 -0.53413 0.41649 0.37638
1403636954.001666546 6.53242 -5.97005 -1.16539 0.63143 -0.53389 0.42055 0.37335
1403636954.201666594 6.63020 -6.07021 -1.14378 0.62934 -0.53497 0.42434 0.37103
1403636954.401666403 6.74174 -6.17854 -1.12607 0.63106 -0.53857 0.42035 0.36743
1403636954.601666451 6.86390 -6.29534 -1.09178 0.63030 -0.54155 0.41671 0.36851
1403636954.801666498 6.99101 -6.41964 -1.09682 0.62129 -0.54171 0.42222 0.37721
1403636954.901666403 7.05887 -6.48414 -1.11573 0.61559 -0.54228 0.42609 0.38135
1403636955.101666451 7.19062 -6.59991 -1.16508 0.61033 -0.54515 0.42406 0.38793
1403636955.401666403 7.40137 -6.76518 -1.19822 0.60308 -0.55190 0.41858 0.39559
1403636955.701666594 7.62932 -6.91967 -1.22696 0.59929 -0.55639 0.41409 0.39977
1403636955.901666403 7.78561 -7.01336 -1.23983 0.59619 -0.56043 0.41542 0.39736
1403636956.001666546 7.86216 -7.05625 -1.23437 0.59013 -0.56706 0.42216 0.38983
1403636956.101666451 7.93534 -7.09753 -1.22157 0.58266 -0.57369 0.43061 0.38204
1403636956.301666498 8.07341 -7.17939 -1.20009 0.57943 -0.57797 0.43102 0.38004
1403636956.501666546 8.19253 -7.25374 -1.20410 0.58956 -0.56622 0.41664 0.39777
1403636956.601666451 8.25107 -7.28811 -1.21293 0.59042 -0.55861 0.42562 0.39776
1403636956.701666594 8.31291 -7.32136 -1.22810 0.59168 -0.55298 0.44175 0.38598
1403636956.801666498 8.37539 -7.35172 -1.24462 0.59976 -0.54566 0.45531 0.36774
1403636956.901666403 8.43185 -7.37731 -1.25280 0.61529 -0.53204 0.46429 0.35041
1403636957.001666546 8.48251 -7.40128 -1.25245 0.63397 -0.51031 0.47083 0.34056
1403636957.101666451 8.53010 -7.42318 -1.24486 0.65363 -0.48481 0.47646 0.33274
1403636957.201666594 8.57445 -7.44245 -1.23235 0.67176 -0.46149 0.48088 0.32329
1403636957.301666498 8.61508 -7.45872 -1.21706 0.68373 -0.44524 0.48621 0.31284
1403636957.401666403 8.65454 -7.47375 -1.20720 0.69150 -0.43387 0.49105 0.30407
1403636957.501666546 8.69316 -7.48761 -1.20503 0.69565 -0.42725 0.49498 0.29753
1403636957.601666451 8.73118 -7.50021 -1.21023 0.69865 -0.42197 0.49924 0.29084
1403636957.701666594 8.76753 -7.51135 -1.22249 0.70320 -0.41395 0.50437 0.28243
1403636957.801666498 8.80366 -7.52165 -1.24036 0.71112 -0.40210 0.51039 0.26855
1403636957.901666403 8.83856 -7.53150 -1.26185 0.72212 -0.38331 0.51847 0.25060
1403636958.001666546 8.87134 -7.54013 -1.28164 0.73463 -0.35903 0.52700 0.23171
1403636958.101666451 8.90202 -7.54936 -1.29269 0.74708 -0.33376 0.53371 0.21361
1403636958.201666594 8.93148 -7.56132 -1.29388 0.75721 -0.31267 0.53806 0.19841
1403636958.301666498 8.95676 -7.57264 -1.28506 0.76442 -0.29307 0.54312 0.18654
1403636958.401666403 8.98095 -7.58693 -1.27587 0.77213 -0.27537 0.54410 0.17870
1403636958.501666546 9.00015 -7.59913 -1.25034 0.77728 -0.26393 0.54410 0.17361
1403636958.701666594 9.04263 -7.63770 -1.21811 0.78052 -0.25385 0.54502 0.17116
1403636959.101666451 9.12978 -7.69847 -1.22952 0.78105 -0.25833 0.54019 0.17725
1403636959.401666403 9.20106 -7.75260 -1.29497 0.78054 -0.25795 0.53673 0.19009
1403636959.801666498 9.32412 -7.79408 -1.40006 0.77371 -0.26625 0.54365 0.18690
1403636960.301666498 9.47041 -7.82049 -1.40749 0.77733 -0.26170 0.53706 0.19709
1403636960.501666546 9.51872 -7.80336 -1.38657 0.77515 -0.25147 0.54282 0.20311
1403636960.601666451 9.56665 -7.79850 -1.40848 0.77525 -0.24315 0.54644 0.20316
1403636960.701666594 9.60460 -7.78291 -1.42102 0.77491 -0.24121 0.55052 0.19557
1403636960.801666498 9.64042 -7.76471 -1.44049 0.77689 -0.24318 0.55174 0.18135
1403636960.901666403 9.68165 -7.73651 -1.45650 0.78122 -0.23605 0.55327 0.16693
1403636961.001666546 9.71948 -7.71111 -1.47612 0.78667 -0.21880 0.55656 0.15335
1403636961.101666451 9.75616 -7.68379 -1.48858 0.79187 -0.19788 0.56115 0.13746
1403636961.201666594 9.79047 -7.65448 -1.49364 0.79720 -0.17539 0.56501 0.12034
1403636961.301666498 9.82661 -7.61397 -1.49176 0.80198 -0.15283 0.56785 0.10490
1403636961.401666403 9.85744 -7.59770 -1.48460 0.80478 -0.13393 0.57061 0.09374
1403636961.501666546 9.88650 -7.57068 -1.46776 0.80698 -0.12120 0.57188 0.08398
1403636961.601666451 9.91556 -7.54375 -1.44348 0.80867 -0.10840 0.57345 0.07386
1403636961.701666594 9.94407 -7.51657 -1.41303 0.80981 -0.09417 0.57567 0.06278
1403636961.801666498 9.97036 -7.49084 -1.37902 0.81101 -0.07809 0.57743 0.05235
1403636961.901666403 9.99514 -7.46388 -1.35005 0.81302 -0.06012 0.57757 0.04244
1403636962.001666546 10.01938 -7.43575 -1.32753 0.81405 -0.04219 0.57852 0.02918
1403636962.101666451 10.04201 -7.40674 -1.31035 0.81576 -0.02320 0.57770 0.01596
1403636962.201666594 10.06311 -7.37698 -1.29143 0.81604 -0.00361 0.57798 0.00207
1403636962.301666498 10.08283 -7.34680 -1.26676 0.81487 0.01817 0.57927 -0.01068
1403636962.401666403 10.10045 -7.31490 -1.23677 0.81367 0.03934 0.57944 -0.02538
1403636962.501666546 10.11710 -7.28198 -1.20012 0.81215 0.06263 0.57889 -0.03696
1403636962.601666451 10.13117 -7.24742 -1.16049 0.81010 0.08868 0.57772 -0.04602
1403636962.701666594 10.14135 -7.21134 -1.12460 0.80706 0.11308 0.57723 -0.05173
1403636962.801666498 10.15009 -7.17137 -1.09474 0.80461 0.12968 0.57668 -0.05672
1403636962.901666403 10.15693 -7.12714 -1.07093 0.80270 0.13718 0.57691 -0.06349
1403636963.001666546 10.16192 -7.07795 -1.05101 0.79940 0.13587 0.58052 -0.07415
1403636963.101666451 10.16333 -7.02719 -1.03537 0.79411 0.13274 0.58749 -0.08138
1403636963.301666498 10.14955 -6.92478 -1.02493 0.79846 0.12411 0.58265 -0.08705
1403636963.501666546 10.12242 -6.82391 -1.03026 0.80350 0.11584 0.57766 -0.08525
1403636963.901666403 10.04178 -6.63023 -0.98402 0.80503 0.10776 0.57897 -0.07142
1403636964.101666451 9.99046 -6.53332 -0.92163 0.80450 0.10635 0.58020 -0.06959
1403636964.301666498 9.92785 -6.43488 -0.86197 0.80306 0.10875 0.58195 -0.06776
1403636964.501666546 9.85575 -6.33232 -0.82930 0.80173 0.11368 0.58303 -0.06620
1403636964.601666451 9.81645 -6.27909 -0.82363 0.79993 0.12279 0.58393 -0.06379
1403636964.701666594 9.77336 -6.22383 -0.82371 0.79827 0.13529 0.58314 -0.06648
1403636964.801666498 9.72587 -6.16304 -0.82675 0.79501 0.15193 0.58295 -0.07098
1403636964.901666403 9.67308 -6.09695 -0.82905 0.79032 0.16660 0.58302 -0.08790
1403636965.001666546 9.61608 -6.02685 -0.82442 0.78395 0.18560 0.58321 -0.10411
1403636965.101666451 9.55311 -5.95294 -0.81320 0.78074 0.20275 0.57869 -0.12025
1403636965.201666594 9.48674 -5.87893 -0.79443 0.78166 0.21673 0.56985 -0.13155
1403636965.301666498 9.41555 -5.80375 -0.77022 0.78883 0.22855 0.55404 -0.13620
1403636965.401666403 9.34564 -5.72712 -0.74113 0.79986 0.23745 0.53412 -0.13619
1403636965.501666546 9.27963 -5.64591 -0.70273 0.80779 0.23843 0.52046 -0.14051
1403636965.601666451 9.22400 -5.56060 -0.65133 0.80352 0.23118 0.52701 -0.15221
1403636965.701666594 9.17285 -5.47021 -0.59125 0.79328 0.21998 0.54260 -0.16706
1403636965.801666498 9.12618 -5.38238 -0.53633 0.78622 0.21354 0.55347 -0.17297
1403636965.901666403 9.07799 -5.29660 -0.49085 0.78168 0.21661 0.56134 -0.16420
1403636966.101666451 8.98231 -5.13538 -0.42367 0.77820 0.22121 0.56813 -0.15067
1403636966.301666498 8.87997 -4.97982 -0.38737 0.77721 0.21946 0.57111 -0.14704
1403636966.401666403 8.82711 -4.90359 -0.38224 0.77835 0.21091 0.57024 -0.15658
1403636966.501666546 8.76994 -4.82953 -0.38230 0.78045 0.19799 0.56756 -0.17199
1403636966.801666498 8.59955 -4.64811 -0.40501 0.77962 0.20101 0.57215 -0.15628
1403636967.001666546 8.47821 -4.54896 -0.40089 0.78067 0.19581 0.57172 -0.15922
1403636967.301666498 8.28522 -4.42536 -0.41085 0.78015 0.20035 0.57397 -0.14759
1403636967.501666546 8.14329 -4.35246 -0.42124 0.77900 0.20028 0.57618 -0.14515
1403636967.701666594 7.98759 -4.28571 -0.41029 0.77887 0.20076 0.57728 -0.14073
1403636967.901666403 7.82403 -4.22460 -0.44677 0.77808 0.20010 0.57853 -0.14089
1403636968.101666451 7.64909 -4.16584 -0.51736 0.77719 0.19933 0.57933 -0.14360
1403636968.201666594 7.55917 -4.13813 -0.55453 0.77834 0.19775 0.57768 -0.14618
1403636968.401666403 7.36136 -4.08823 -0.60841 0.78030 0.19843 0.57505 -0.14520
1403636968.601666451 7.15154 -4.04523 -0.62952 0.78096 0.19883 0.57435 -0.14387
1403636968.801666498 6.93498 -4.00509 -0.63458 0.77991 0.20540 0.57593 -0.13361
1403636969.001666546 6.71002 -3.96260 -0.63530 0.78123 0.20147 0.57443 -0.13830
1403636969.101666451 6.59366 -3.93966 -0.62672 0.78227 0.19822 0.57300 -0.14292
1403636969.201666594 6.47681 -3.91650 -0.61377 0.78718 0.19786 0.56641 -0.14274
1403636969.301666498 6.35887 -3.89624 -0.59398 0.79387 0.19791 0.55721 -0.14188
1403636969.401666403 6.24321 -3.87639 -0.56677 0.79806 0.19935 0.55151 -0.13857
1403636969.601666451 6.01888 -3.83178 -0.51574 0.80225 0.19959 0.54630 -0.13462
1403636969.801666498 5.81028 -3.78046 -0.48663 0.80235 0.19862 0.54681 -0.13336
1403636970.001666546 5.61846 -3.72285 -0.47990 0.80029 0.19629 0.54999 -0.13611
1403636970.101666451 5.53025 -3.69336 -0.48350 0.79407 0.19593 0.55865 -0.13774
1403636970.201666594 5.44491 -3.66172 -0.48980 0.78949 0.19530 0.56500 -0.13905
1403636970.401666403 5.27212 -3.59907 -0.50523 0.79252 0.19659 0.56044 -0.13847
1403636970.501666546 5.18587 -3.56649 -0.51250 0.79826 0.19747 0.55207 -0.13784
1403636970.601666451 5.10109 -3.53255 -0.51568 0.80280 0.19930 0.54516 -0.13637
1403636970.701666594 5.02073 -3.49830 -0.51270 0.80637 0.20169 0.53937 -0.13477
1403636970.801666498 4.94830 -3.46092 -0.50220 0.81000 0.20326 0.53346 -0.13418
1403636971.001666546 4.81868 -3.37573 -0.48837 0.81699 0.20308 0.52206 -0.13689
1403636971.101666451 4.76696 -3.32833 -0.48784 0.81477 0.19605 0.52542 -0.14712
1403636971.201666594 4.72094 -3.27994 -0.49184 0.81020 0.18731 0.53189 -0.15994
1403636971.301666498 4.68343 -3.23486 -0.50207 0.80563 0.17840 0.53800 -0.17228
1403636971.401666403 4.65193 -3.19448 -0.51776 0.80348 0.17299 0.54034 -0.18034
1403636971.601666451 4.60320 -3.13310 -0.56072 0.79888 0.18122 0.54763 -0.17043
1403636971.701666594 4.58709 -3.11136 -0.58886 0.79281 0.18903 0.55665 -0.16080
1403636971.901666403 4.55709 -3.07720 -0.65246 0.78554 0.19215 0.56621 -0.15943
1403636972.101666451 4.52417 -3.05669 -0.69570 0.78543 0.19431 0.56604 -0.15793
1403636972.201666594 4.50406 -3.05295 -0.70632 0.78900 0.19317 0.56107 -0.15927
1403636972.301666498 4.48557 -3.05315 -0.71001 0.79469 0.19175 0.55303 -0.16082
1403636972.701666594 4.43812 -3.06326 -0.65866 0.79156 0.19731 0.55889 -0.14882
1403636973.001666546 4.40766 -3.08029 -0.63466 0.79546 0.19132 0.55736 -0.14135
1403636973.101666451 4.39849 -3.08846 -0.63838 0.80005 0.18148 0.55573 -0.13477
1403636973.201666594 4.38995 -3.09582 -0.64743 0.80292 0.17329 0.55557 -0.12896
1403636973.501666546 4.37010 -3.11346 -0.70333 0.80469 0.15994 0.55959 -0.11728
1403636973.801666498 4.35881 -3.11996 -0.77787 0.79852 0.15724 0.57006 -0.11252
1403636974.101666451 4.33864 -3.12194 -0.80119 0.80344 0.14745 0.56558 -0.11340
1403636974.201666594 4.33199 -3.12589 -0.80568 0.80856 0.13400 0.56340 -0.10421
1403636974.301666498 4.32971 -3.12946 -0.81660 0.81200 0.11643 0.56522 -0.08735
1403636974.401666403 4.32666 -3.13421 -0.83169 0.81402 0.09469 0.56883 -0.06956
1403636974.501666546 4.32222 -3.13955 -0.85188 0.81416 0.06963 0.57414 -0.05161
1403636974.601666451 4.31704 -3.14468 -0.87522 0.81385 0.04380 0.57852 -0.03236
1403636974.801666498 4.30370 -3.15113 -0.91721 0.81960 -0.00755 0.57288 -0.00139
1403636974.901666403 4.29667 -3.15341 -0.92803 0.82362 -0.03420 0.56608 0.00621
1403636975.001666546 4.29097 -3.15769 -0.93002 0.82598 -0.05794 0.56053 0.01448
1403636975.101666451 4.29104 -3.16611 -0.92064 0.82421 -0.07567 0.56055 0.02711
1403636975.201666594 4.29689 -3.16839 -0.92073 0.81905 -0.08535 0.56585 0.04105
1403636975.501666546 4.31228 -3.19574 -0.94754 0.81144 -0.09242 0.57380 0.06140
1403636975.701666594 4.32380 -3.20869 -0.95578 0.81856 -0.08953 0.56407 0.06138
1403636976.001666546 4.35611 -3.22191 -0.93717 0.81940 -0.10391 0.55967 0.06755
1403636976.101666451 4.37095 -3.22915 -0.93484 0.81157 -0.12436 0.56649 0.07052
1403636976.201666594 4.38663 -3.23806 -0.93703 0.80255 -0.15019 0.57283 0.07225
1403636976.301666498 4.40005 -3.25107 -0.94429 0.79504 -0.17627 0.57491 0.07943
1403636976.501666546 4.41233 -3.29103 -0.97416 0.78405 -0.22010 0.56925 0.11300
1403636976.601666451 4.41389 -3.31739 -0.99583 0.78232 -0.22993 0.56268 0.13599
1403636976.701666594 4.41353 -3.34358 -1.02314 0.78084 -0.23633 0.55781 0.15259
1403636976.801666498 4.41339 -3.36947 -1.05619 0.78002 -0.24371 0.55374 0.15982
1403636976.901666403 4.41305 -3.39480 -1.09168 0.78255 -0.25110 0.54702 0.15914
1403636977.101666451 4.41334 -3.44751 -1.13791 0.78451 -0.25820 0.54224 0.15445
1403636977.501666546 4.42803 -3.58946 -1.16672 0.78142 -0.24574 0.55279 0.15304
1403636977.801666498 4.43645 -3.70815 -1.22944 0.77772 -0.24905 0.55722 0.15045
1403636978.001666546 4.43603 -3.79221 -1.28262 0.77569 -0.25570 0.55631 0.15307
1403636978.201666594 4.42657 -3.88369 -1.30684 0.77707 -0.25349 0.55233 0.16381
1403636978.401666403 4.41276 -3.97807 -1.30567 0.78262 -0.25413 0.54318 0.16695
1403636978.501666546 4.41026 -4.02607 -1.29838 0.78805 -0.25549 0.53462 0.16697
1403636978.601666451 4.40958 -4.07405 -1.29252 0.79324 -0.25799 0.52606 0.16573
1403636978.801666498 4.42140 -4.17075 -1.29421 0.79848 -0.26024 0.51706 0.16537
1403636979.001666546 4.45955 -4.27612 -1.31086 0.78749 -0.25648 0.53356 0.17141
1403636979.101666451 4.48532 -4.33228 -1.32889 0.77973 -0.25361 0.54494 0.17531
1403636979.401666403 4.56202 -4.48196 -1.40405 0.78814 -0.25487 0.53304 0.17248
1403636979.601666451 4.62869 -4.57941 -1.42378 0.79409 -0.25807 0.52386 0.16850
1403636979.801666498 4.71290 -4.67519 -1.41630 0.79377 -0.25914 0.52260 0.17224
1403636979.901666403 4.76306 -4.72611 -1.40493 0.78832 -0.25927 0.52957 0.17575
1403636980.001666546 4.81647 -4.77710 -1.39649 0.78441 -0.25890 0.53412 0.17996
1403636980.201666594 4.92779 -4.87397 -1.39826 0.78085 -0.26095 0.53732 0.18295
1403636980.401666403 5.04665 -4.96592 -1.42009 0.77360 -0.26360 0.54676 0.18200
1403636980.601666451 5.16501 -5.05294 -1.46033 0.76749 -0.26617 0.55585 0.17648
1403636980.901666403 5.31703 -5.16401 -1.49717 0.77607 -0.25975 0.54600 0.17926
1403636981.201666594 5.46298 -5.25937 -1.50696 0.77563 -0.26161 0.54708 0.17510
1403636981.301666498 5.50721 -5.28379 -1.51862 0.76977 -0.27014 0.55415 0.16553
1403636981.601666451 5.63264 -5.37478 -1.57160 0.77364 -0.26823 0.54551 0.17875
1403636981.801666498 5.70555 -5.43323 -1.58151 0.78056 -0.26624 0.53258 0.19028
1403636982.001666546 5.79169 -5.49065 -1.56495 0.78944 -0.27339 0.51653 0.18772
1403636982.201666594 5.89985 -5.55505 -1.55671 0.79466 -0.28265 0.50680 0.17826
1403636982.401666403 6.03125 -5.63479 -1.56206 0.78501 -0.28778 0.52127 0.17092
1403636982.501666546 6.10458 -5.68471 -1.56451 0.77609 -0.28586 0.53514 0.17202
1403636982.601666451 6.17940 -5.73886 -1.55950 0.77192 -0.28221 0.54208 0.17505
1403636982.801666498 6.32432 -5.85129 -1.54205 0.77668 -0.27972 0.53744 0.17229
1403636983.001666546 6.46488 -5.97222 -1.53694 0.77981 -0.27518 0.53382 0.17665
1403636983.101666451 6.53861 -6.03545 -1.54210 0.77613 -0.27279 0.53934 0.17977
1403636983.301666498 6.68152 -6.16024 -1.57072 0.77322 -0.26729 0.54330 0.18844
1403636983.501666546 6.82032 -6.28045 -1.61114 0.77219 -0.26732 0.54389 0.19089
1403636983.701666594 6.95871 -6.38640 -1.63141 0.77774 -0.27049 0.53409 0.19159
1403636983.901666403 7.10138 -6.48702 -1.62081 0.78276 -0.27319 0.52494 0.19260
1403636984.101666451 7.25518 -6.58438 -1.58670 0.78449 -0.27778 0.52012 0.19205
1403636984.201666594 7.34153 -6.63723 -1.57144 0.78195 -0.27791 0.52299 0.19441
1403636984.301666498 7.43273 -6.69189 -1.56405 0.77789 -0.27748 0.52820 0.19720
1403636984.401666403 7.52408 -6.74357 -1.56514 0.77504 -0.27797 0.53164 0.19852
1403636984.501666546 7.61678 -6.79424 -1.57357 0.77264 -0.27763 0.53449 0.20069
1403636984.701666594 7.79847 -6.88393 -1.59329 0.77152 -0.27645 0.53624 0.20192
1403636984.901666403 7.98779 -6.96845 -1.59321 0.76930 -0.28076 0.54024 0.19362
1403636985.001666546 8.08433 -7.01062 -1.58591 0.76864 -0.28161 0.54129 0.19207
1403636985.201666594 8.26531 -7.08378 -1.57571 0.77039 -0.27959 0.53841 0.19605
1403636985.401666403 8.44761 -7.15173 -1.60444 0.77180 -0.27495 0.53815 0.19781
1403636985.501666546 8.54709 -7.18491 -1.61499 0.77586 -0.26553 0.53795 0.19530
1403636985.601666451 8.64475 -7.21361 -1.61737 0.77817 -0.25625 0.54008 0.19262
1403636985.701666594 8.74085 -7.23761 -1.61408 0.77963 -0.24755 0.54196 0.19281
1403636985.801666498 8.83726 -7.25769 -1.60390 0.77876 -0.24101 0.54627 0.19246
1403636985.901666403 8.92947 -7.27027 -1.58908 0.76952 -0.23425 0.56146 0.19421
1403636986.001666546 9.01807 -7.27421 -1.57456 0.75877 -0.22813 0.57742 0.19701
1403636986.201666594 9.17882 -7.25726 -1.60476 0.76649 -0.22911 0.56823 0.19266
1403636986.301666498 9.26462 -7.24965 -1.61690 0.77589 -0.23231 0.55532 0.18879
1403636986.401666403 9.33096 -7.22363 -1.62744 0.78058 -0.23524 0.54886 0.18469
1403636986.501666546 9.40689 -7.19484 -1.63948 0.78155 -0.24030 0.54777 0.17717
1403636986.601666451 9.47693 -7.17480 -1.65498 0.78063 -0.24457 0.54936 0.17029
1403636986.701666594 9.55291 -7.14337 -1.64720 0.78000 -0.24772 0.55040 0.16522
1403636986.801666498 9.62546 -7.11851 -1.64337 0.77885 -0.25120 0.55207 0.15968
1403636987.001666546 9.75656 -7.07053 -1.59938 0.77694 -0.25111 0.55430 0.16142
1403636987.201666594 9.87599 -7.02409 -1.53994 0.77540 -0.24875 0.55490 0.17018
1403636987.401666403 9.98440 -6.97229 -1.49589 0.77231 -0.24899 0.55872 0.17138
1403636987.501666546 10.04534 -6.95079 -1.49976 0.77044 -0.24346 0.56334 0.17261
1403636987.601666451 10.08647 -6.93073 -1.48609 0.76826 -0.23754 0.56798 0.17532
1403636987.801666498 10.17323 -6.85024 -1.47554 0.76774 -0.23251 0.57157 0.17267
1403636987.901666403 10.20881 -6.81060 -1.46164 0.76855 -0.23346 0.57162 0.16755
1403636988.001666546 10.24007 -6.76760 -1.44385 0.77070 -0.23787 0.56950 0.15850
1403636988.101666451 10.26547 -6.72331 -1.42657 0.77313 -0.24384 0.56608 0.14957
1403636988.301666498 10.30257 -6.64288 -1.40809 0.77014 -0.25127 0.56910 0.14095
1403636988.401666403 10.31382 -6.60824 -1.39811 0.76356 -0.25120 0.57764 0.14217
1403636988.501666546 10.31807 -6.57576 -1.38056 0.75932 -0.24892 0.58330 0.14569
1403636988.701666594 10.29416 -6.51271 -1.33333 0.75596 -0.24842 0.58780 0.14599
1403636988.901666403 10.23560 -6.45405 -1.30274 0.75168 -0.24754 0.59339 0.14691
1403636989.201666594 10.06906 -6.37030 -1.29318 0.74716 -0.25019 0.59820 0.14601
1403636989.301666498 9.99320 -6.34217 -1.29101 0.75339 -0.24820 0.58967 0.15195
1403636989.401666403 9.90921 -6.31792 -1.28266 0.76334 -0.24566 0.57609 0.15837
1403636989.501666546 9.81925 -6.29324 -1.26620 0.77108 -0.24571 0.56523 0.15995
1403636989.601666451 9.72620 -6.26891 -1.24373 0.77486 -0.24460 0.55973 0.16270
1403636989.801666498 9.53931 -6.21870 -1.20805 0.77941 -0.24076 0.55320 0.16891
1403636990.001666546 9.35478 -6.16447 -1.19207 0.77303 -0.24065 0.56229 0.16834
1403636990.201666594 9.16579 -6.10350 -1.17009 0.76880 -0.23829 0.56831 0.17088
1403636990.401666403 8.96944 -6.03329 -1.12432 0.77571 -0.23565 0.55986 0.17116
1403636990.601666451 8.77503 -5.95512 -1.08714 0.78029 -0.23523 0.55510 0.16639
1403636990.801666498 8.58502 -5.87538 -1.07438 0.78383 -0.23256 0.55146 0.16555
1403636991.001666546 8.40106 -5.79398 -1.08504 0.78430 -0.23128 0.55148 0.16509
1403636991.201666594 8.22949 -5.71345 -1.10961 0.78399 -0.23109 0.55138 0.16711
1403636991.401666403 8.06483 -5.62703 -1.11502 0.78492 -0.23328 0.54919 0.16695
1403636991.601666451 7.90519 -5.54032 -1.08528 0.78436 -0.23754 0.54842 0.16609
1403636991.801666498 7.75044 -5.45369 -1.02978 0.78112 -0.25087 0.55027 0.15528
1403636992.001666546 7.59904 -5.37803 -0.97928 0.77998 -0.25693 0.54907 0.15537
1403636992.201666594 7.45386 -5.32075 -0.95681 0.77569 -0.25017 0.55344 0.17155
1403636992.401666403 7.31356 -5.26603 -0.95442 0.77669 -0.25063 0.55022 0.17661
1403636992.501666546 7.24531 -5.23455 -0.95493 0.77949 -0.25276 0.54507 0.17721
1403636992.701666594 7.10887 -5.16970 -0.93039 0.78149 -0.25509 0.53999 0.18059
1403636992.901666403 6.98415 -5.10374 -0.90670 0.78170 -0.25597 0.53759 0.18553
1403636993.201666594 6.82440 -5.00143 -0.90130 0.77401 -0.25567 0.55133 0.17771
1403636993.301666498 6.77569 -4.96390 -0.89510 0.77530 -0.24703 0.55608 0.16929
1403636993.401666403 6.72836 -4.92575 -0.87901 0.77823 -0.23388 0.56060 0.15930
1403636993.501666546 6.67963 -4.88746 -0.85470 0.78252 -0.21804 0.56424 0.14748
1403636993.601666451 6.62983 -4.84808 -0.82537 0.78734 -0.20098 0.56672 0.13610
1403636993.701666594 6.57978 -4.80811 -0.79729 0.79229 -0.18779 0.56668 0.12603
1403636993.801666498 6.52946 -4.76786 -0.77542 0.79587 -0.17812 0.56617 0.11963
1403636994.001666546 6.42556 -4.69066 -0.74791 0.79614 -0.16432 0.57090 0.11499
1403636994.201666594 6.31752 -4.61140 -0.73802 0.78662 -0.15582 0.58563 0.11831
1403636994.401666403 6.19902 -4.52006 -0.74568 0.77957 -0.15360 0.59515 0.12031
1403636994.601666451 6.06072 -4.41517 -0.75352 0.78338 -0.15776 0.58985 0.11617
1403636994.701666594 5.98671 -4.35856 -0.74835 0.78878 -0.16369 0.58232 0.10922
1403636994.801666498 5.90864 -4.30124 -0.73533 0.79404 -0.17170 0.57455 0.09952
1403636994.901666403 5.82911 -4.24524 -0.72260 0.79581 -0.17780 0.57144 0.09234
1403636995.101666451 5.66603 -4.14417 -0.71100 0.79112 -0.17325 0.57813 0.09939
1403636995.301666498 5.49575 -4.05087 -0.69890 0.78722 -0.16423 0.58435 0.10885
1403636995.501666546 5.30469 -3.96299 -0.64818 0.79439 -0.16051 0.57549 0.10950
1403636995.701666594 5.11944 -3.85865 -0.59630 0.79620 -0.16195 0.57320 0.10623
1403636995.901666403 4.92936 -3.76175 -0.55503 0.79723 -0.17132 0.57116 0.09410
1403636996.101666451 4.73739 -3.67633 -0.53686 0.80020 -0.17156 0.56666 0.09559
1403636996.301666498 4.54826 -3.60285 -0.51859 0.80220 -0.16444 0.56433 0.10474
1403636996.501666546 4.37017 -3.53429 -0.46935 0.80519 -0.15052 0.56515 0.09805
1403636996.601666451 4.28236 -3.49918 -0.43302 0.80806 -0.13759 0.56553 0.09106
1403636996.701666594 4.19885 -3.46358 -0.40448 0.81143 -0.12146 0.56593 0.08093
1403636996.801666498 4.11101 -3.42451 -0.38830 0.81479 -0.10364 0.56632 0.06827
1403636997.001666546 3.94687 -3.35801 -0.38439 0.82008 -0.06592 0.56720 0.03748
1403636997.101666451 3.87226 -3.31802 -0.39106 0.82214 -0.04791 0.56676 0.02407
1403636997.201666594 3.79952 -3.28657 -0.40400 0.82363 -0.03498 0.56587 0.01402
1403636997.401666403 3.66935 -3.22833 -0.43037 0.82529 -0.01902 0.56437 0.00544
1403636997.601666451 3.55130 -3.17501 -0.42630 0.82572 -0.01583 0.56384 0.00418
1403636997.901666403 3.41516 -3.10298 -0.36051 0.82745 -0.01846 0.56113 0.01091
1403636998.201666594 3.33296 -3.03940 -0.24294 0.82631 -0.02585 0.56249 0.01190
1403636998.601666451 3.26485 -2.96111 -0.12847 0.82294 -0.03050 0.56714 0.01377
1403636998.701666594 3.25604 -2.94478 -0.08891 0.81485 -0.02879 0.57871 0.01713
1403636998.801666498 3.24534 -2.92919 -0.04504 0.80976 -0.02770 0.58576 0.02016
1403636999.101666451 3.19439 -2.87014 0.05421 0.80885 -0.02113 0.58675 0.03227
1403636999.401666403 3.12610 -2.78557 0.09836 0.81274 -0.02595 0.58139 0.02776
1403636999.701666594 3.05247 -2.68662 0.10057 0.80829 -0.03082 0.58754 0.02272
1403637000.001666546 2.95698 -2.58155 0.08235 0.80805 -0.02846 0.58773 0.02862
1403637000.201666594 2.87897 -2.50441 0.08941 0.81082 -0.02679 0.58392 0.02998
1403637000.401666403 2.79646 -2.41837 0.10646 0.81169 -0.02903 0.58276 0.02656
1403637000.701666594 2.66448 -2.28086 0.11722 0.81090 -0.02895 0.58384 0.02730
1403637001.001666546 2.52180 -2.13227 0.15917 0.81000 -0.03154 0.58495 0.02699
1403637001.201666594 2.41488 -2.03015 0.16625 0.80911 -0.03361 0.58613 0.02578
1403637001.401666403 2.29517 -1.92649 0.18819 0.81053 -0.03647 0.58413 0.02259
1403637001.601666451 2.17138 -1.83031 0.23444 0.81508 -0.03865 0.57761 0.02289
1403637001.801666498 2.05000 -1.73608 0.26129 0.81432 -0.04072 0.57855 0.02268
1403637002.001666546 1.93048 -1.64546 0.26188 0.81673 -0.04059 0.57509 0.02426
1403637002.201666594 1.81519 -1.56149 0.24665 0.81750 -0.04090 0.57396 0.02437
1403637002.401666403 1.69967 -1.47890 0.22569 0.81803 -0.03832 0.57323 0.02765
1403637002.701666594 1.53054 -1.34717 0.24490 0.81739 -0.03499 0.57406 0.03308
1403637003.001666546 1.37242 -1.21353 0.26908 0.81684 -0.04095 0.57464 0.02987
1403637003.301666498 1.21946 -1.07492 0.24176 0.81558 -0.04525 0.57607 0.03052
1403637003.501666546 1.12032 -0.98637 0.23697 0.81298 -0.04781 0.57955 0.02978
1403637003.801666498 0.96742 -0.85352 0.26969 0.81389 -0.05020 0.57819 0.02748
1403637004.001666546 0.86757 -0.77321 0.27389 0.81843 -0.04530 0.57207 0.02931
1403637004.201666594 0.76888 -0.69569 0.25248 0.82174 -0.04095 0.56759 0.03007
1403637004.401666403 0.68035 -0.61631 0.24998 0.82071 -0.04214 0.56923 0.02540
1403637004.601666451 0.60768 -0.53973 0.29061 0.81394 -0.04645 0.57855 0.02509
1403637004.801666498 0.52568 -0.46791 0.33767 0.81278 -0.06345 0.57902 0.01035
1403637005.001666546 0.44570 -0.41005 0.33174 0.81971 -0.06718 0.56869 0.01240
1403637005.201666594 0.37400 -0.36992 0.29867 0.81856 -0.05948 0.57065 0.02785
1403637005.301666498 0.33751 -0.35406 0.27685 0.82052 -0.05713 0.56789 0.03133
1403637005.501666546 0.27065 -0.31935 0.23148 0.81854 -0.05161 0.57114 0.03373
1403637005.601666451 0.23958 -0.30351 0.21529 0.81775 -0.05036 0.57249 0.03158
1403637005.701666594 0.21200 -0.28934 0.21004 0.82193 -0.05271 0.56660 0.02506
1403637005.901666403 0.16472 -0.25783 0.22977 0.82200 -0.05018 0.56671 0.02525
1403637006.101666451 0.12931 -0.23033 0.24262 0.81761 -0.04937 0.57305 0.02612
1403637006.301666498 0.09232 -0.20264 0.24749 0.82188 -0.05132 0.56689 0.02250
1403637006.401666403 0.07539 -0.18715 0.24801 0.82838 -0.05257 0.55733 0.02007
1403637006.501666546 0.06299 -0.17893 0.24387 0.83094 -0.05675 0.55329 0.01390
1403637006.601666451 0.05518 -0.17172 0.24147 0.82643 -0.05473 0.56028 0.01019
1403637006.801666498 0.04965 -0.16479 0.23112 0.81763 -0.03037 0.57493 0.00257
1403637007.001666546 0.04572 -0.16061 0.21240 0.81921 0.00777 0.57312 -0.01896
1403637007.101666451 0.04395 -0.16302 0.20138 0.81794 0.02678 0.57405 -0.02679
1403637007.301666498 0.03873 -0.16333 0.18401 0.81066 0.05294 0.58209 -0.03459
1403637007.501666546 0.02562 -0.16285 0.16352 0.80867 0.06246 0.58373 -0.03746
1403637007.601666451 0.01602 -0.16001 0.14905 0.81323 0.06293 0.57723 -0.03879
1403637007.801666498 -0.00940 -0.15275 0.12240 0.82498 0.06209 0.56055 -0.03660
1403637008.001666546 -0.02338 -0.13559 0.10506 0.81366 0.05065 0.57730 -0.04597
1403637008.101666451 -0.03154 -0.12794 0.09663 0.81544 0.04977 0.57513 -0.04246
1403637008.301666498 -0.04755 -0.11292 0.08323 0.83082 0.05029 0.55330 -0.03266
1403637008.501666546 -0.04749 -0.09264 0.08862 0.82363 0.04505 0.56437 -0.03301
1403637008.601666451 -0.04260 -0.08151 0.09428 0.81759 0.04062 0.57325 -0.03585
1403637008.701666594 -0.03774 -0.07153 0.09520 0.81543 0.03531 0.57633 -0.04095
1403637008.901666403 -0.02798 -0.05882 0.08375 0.82319 0.01870 0.56419 -0.06090
1403637009.101666451 -0.01118 -0.06778 0.05840 0.82241 0.02650 0.56647 -0.04516
1403637009.301666498 0.01100 -0.09033 0.02405 0.82120 0.04449 0.56864 -0.01745
1403637009.401666403 0.02081 -0.09980 0.01152 0.81697 0.04594 0.57399 -0.03145
1403637009.501666546 0.02396 -0.10773 0.00851 0.80744 0.05996 0.58518 -0.04491
1403637009.601666451 0.02325 -0.11299 0.00147 0.78521 0.04906 0.61109 -0.08725
1403637009.701666594 0.01336 -0.11988 -0.00086 0.79093 0.03604 0.60606 -0.07626
1403637009.801666498 0.01239 -0.12053 -0.00144 0.79045 0.03284 0.60688 -0.07622
