1311868164.899132 -0.0000104 0.0000025 0.0000048 -0.0000047 0.0000011 -0.0000063 1.0000000
1311868165.163146 0.0785047 0.0058155 -0.0160963 0.0049239 -0.0214667 -0.0124516 0.9996799
1311868165.299103 0.1253347 0.0202717 -0.0266442 0.0036387 -0.0342295 -0.0192606 0.9992217
1311868165.463114 0.1818354 0.0404832 -0.0310996 -0.0051240 -0.0494081 -0.0210381 0.9985439
1311868166.463018 0.2511506 0.1438284 -0.1713051 -0.0636472 0.0028360 -0.0087716 0.9979299
1311868167.631495 0.5559330 0.1495194 -0.2132717 -0.0429739 -0.0760232 -0.0477514 0.9950344
1311868169.063354 0.6186845 0.0092194 -0.0148636 -0.0250139 -0.1255661 -0.0620369 0.9898277
1311868170.963440 0.9289970 -0.1339032 0.0473103 0.0172223 -0.2595502 -0.1173678 0.9584163
1311868171.899575 1.1477448 -0.1023804 0.1000016 0.0038587 -0.3099894 -0.1689544 0.9355993
1311868172.563601 1.2738791 -0.0749949 0.1930758 -0.0403870 -0.3068864 -0.1940045 0.9308876
1311868172.999602 1.3074628 -0.0711108 0.3040915 -0.0849672 -0.2956351 -0.2029745 0.9296138
1311868173.999745 1.3679470 -0.1965180 0.4966695 -0.0610296 -0.3515849 -0.2336605 0.9044701
1311868174.799810 1.4571507 -0.3018883 0.6295730 -0.0388426 -0.4186900 -0.2467066 0.8731127
1311868175.199578 1.4156944 -0.3813681 0.6676019 0.0060397 -0.4229572 -0.2403370 0.8736755
1311868175.731708 1.3810663 -0.4619001 0.7617738 0.0580438 -0.4623055 -0.1846799 0.8653311
1311868175.931644 1.3903580 -0.4900584 0.8030953 0.0685439 -0.4835407 -0.1855767 0.8526731
1311868176.199892 1.4292203 -0.5301889 0.8700056 0.0750647 -0.5181531 -0.2134621 0.8248131
1311868176.399921 1.4648650 -0.5485550 0.9370409 0.0635661 -0.5301782 -0.2287931 0.8139558
1311868176.699787 1.4987988 -0.5595214 1.0158470 0.0373521 -0.5373897 -0.2400705 0.8075786
1311868177.399987 1.4590392 -0.6221836 1.1526042 0.0322783 -0.5321335 -0.2608170 0.8048394
1311868177.832005 1.4478719 -0.6288711 1.2473680 0.0132301 -0.5385271 -0.2733759 0.7969186
1311868178.267968 1.4991438 -0.6645212 1.3534694 0.0172314 -0.5838469 -0.3145735 0.7482442
1311868178.531933 1.5395927 -0.6630837 1.3969727 0.0002188 -0.6045750 -0.3181221 0.7302652
1311868179.000009 1.6556721 -0.6570998 1.3983135 -0.0101590 -0.6147207 -0.3165761 0.7223537
1311868179.632001 1.8539026 -0.6394432 1.3972434 -0.0383956 -0.5899220 -0.3309637 0.7355140
1311868180.400081 2.0175753 -0.6820404 1.5280645 -0.0573934 -0.6158811 -0.3506300 0.7031750
1311868182.200278 1.8393333 -0.7790986 1.6968050 -0.0597780 -0.6017368 -0.3474417 0.7166755
1311868182.900229 1.6168945 -0.8576224 1.7883253 -0.0280914 -0.6490465 -0.3313101 0.6842391
1311868183.400232 1.4293373 -0.9696282 1.8596976 0.0155692 -0.7023127 -0.3684169 0.6089199
1311868183.936316 1.2666107 -1.0195652 1.8855076 -0.0304163 -0.7265825 -0.3685887 0.5790467
1311868184.236434 1.1695348 -1.0564463 1.8892744 -0.0133526 -0.7271215 -0.3497007 0.5906145
1311868184.636350 1.0557222 -1.0794182 1.9203959 -0.0120993 -0.7428923 -0.3421676 0.5752269
1311868184.836324 0.9917326 -1.1156060 1.9443754 0.0021042 -0.7664827 -0.3426167 0.5432436
1311868185.100898 0.9180102 -1.1507763 1.9723977 0.0206961 -0.7837741 -0.3489529 0.5133241
1311868185.300484 0.8608321 -1.1716988 1.9833785 0.0205901 -0.7939767 -0.3435500 0.5011492
1311868185.401199 0.8376988 -1.1743892 1.9930186 0.0237357 -0.7971782 -0.3351043 0.5016459
1311868185.500443 0.8148355 -1.1803355 1.9988029 0.0296431 -0.7947415 -0.3294848 0.5088684
1311868185.636409 0.7905520 -1.1823382 2.0015986 0.0457171 -0.7942054 -0.3214028 0.5136613
1311868185.668624 0.7807296 -1.1856593 2.0025980 0.0476579 -0.7945739 -0.3191889 0.5142952
1311868185.701972 0.7764131 -1.1878943 2.0037966 0.0485294 -0.7946790 -0.3149726 0.5166454
1311868185.736700 0.7689902 -1.1869031 2.0060067 0.0478221 -0.7950798 -0.3105488 0.5187683
1311868185.800441 0.7586535 -1.1877358 2.0091691 0.0464112 -0.7965408 -0.3031489 0.5210273
1311868185.868447 0.7528554 -1.1870508 2.0134935 0.0400597 -0.7992827 -0.2998733 0.5192479
1311868185.900384 0.7444543 -1.1837485 2.0165672 0.0377990 -0.8008583 -0.3016943 0.5159242
1311868186.068672 0.7153411 -1.1870414 2.0316644 -0.0373125 0.8076988 0.3119383 -0.4989238
1311868186.168524 0.6987301 -1.1884416 2.0460327 -0.0364816 0.8136626 0.3190110 -0.4846175
1311868186.200391 0.6923181 -1.1851341 2.0498064 -0.0342632 0.8161404 0.3212294 -0.4791165
1311868186.268650 0.6826224 -1.1881379 2.0591984 -0.0318700 0.8221448 0.3292421 -0.4633161
1311868186.336402 0.6765266 -1.1901679 2.0711513 -0.0299194 0.8286772 0.3345614 -0.4477360
1311868186.400544 0.6691701 -1.1893475 2.0831323 -0.0282003 0.8342568 0.3415491 -0.4319310
1311868186.500490 0.6610271 -1.1897783 2.1019850 -0.0221060 0.8381112 0.3479486 -0.4195387
1311868186.600576 0.6580911 -1.1897043 2.1152272 -0.0114260 0.8419212 0.3532599 -0.4077323
1311868186.668623 0.6597434 -1.1935687 2.1265838 -0.0114470 0.8431436 0.3554439 -0.4032834
1311868186.869317 0.6911410 -1.1936725 2.1520252 -0.0073547 0.8453338 0.3626470 -0.3922294
1311868187.101696 0.7356828 -1.2064679 2.1801581 -0.0023835 0.8418843 0.3651183 -0.3973837
1311868187.236433 0.7696397 -1.2082016 2.1987090 -0.0015099 0.8360105 0.3711871 -0.4041093
1311868187.436706 0.8011977 -1.2150588 2.2289696 0.0013101 0.8241267 0.3913977 -0.4094159
1311868187.768746 0.8304505 -1.2323930 2.2900801 0.0072740 0.8179036 0.3951313 -0.4181530
1311868188.136705 0.8199430 -1.2539217 2.3984258 0.0062214 0.8339022 0.4035043 -0.3765006
1311868188.336811 0.7976846 -1.2482336 2.4791873 0.0050169 0.8337281 0.4268556 -0.3502379
1311868188.568686 0.8023704 -1.2410046 2.5309255 0.0219600 0.8321097 0.4431893 -0.3327077
1311868188.968696 0.8929806 -1.2501333 2.6132457 0.0536918 0.8237468 0.4597686 -0.3273701
1311868189.468797 1.0226378 -1.2731907 2.7034757 0.0579224 0.7981975 0.4899321 -0.3456765
1311868190.468862 1.0252006 -1.3773236 2.9540567 0.0642467 0.7907583 0.4920308 -0.3584403
1311868193.605992 0.7568917 -1.4718513 2.8911824 0.0364757 0.8182283 0.4844492 -0.3073775
1311868195.508972 0.6370242 -1.6262342 2.9178758 0.0137884 0.8436983 0.4409116 -0.3059084
1311868196.668957 0.7318662 -1.6235366 3.1328139 0.0669884 0.7946128 0.4674639 -0.3815503
1311868197.837217 0.6464276 -1.6732488 3.4020801 0.0649123 0.7890449 0.5106708 -0.3352757
1311868199.937209 0.3381771 -1.6551774 3.4572272 0.0668329 0.8032139 0.5375168 -0.2479041
1311868201.237377 0.1241198 -1.7205350 3.6033862 0.0607912 0.8158115 0.5499489 -0.1682625
1311868203.105553 -0.1166462 -1.7279236 3.5994487 0.0278503 0.8220186 0.5557840 -0.1208881
1311868203.837454 -0.1792728 -1.8075415 3.4842734 0.0297695 0.8397609 0.5409335 -0.0361428
1311868204.337676 -0.2808659 -1.8756399 3.3764415 0.0193860 0.8385289 0.5445048 0.0028405
1311868205.373547 -0.4225748 -2.0065045 3.2640853 0.0051576 0.8454626 0.5335430 0.0223239
1311868206.237864 -0.4654290 -2.0792019 3.1915135 0.0180804 0.8825278 0.4698495 0.0076953
1311868207.573858 -0.5967286 -1.9435260 3.2908282 -0.0042450 0.8641049 0.4993837 0.0626146
1311868208.137703 -0.6796633 -1.8905066 3.3611305 -0.0172268 0.8546183 0.5159528 0.0558885
1311868209.341866 -0.8056329 -1.7380953 3.4712577 -0.0092113 0.8212710 0.5680843 0.0520508
1311868212.174023 -1.1928722 -1.5807087 3.4236469 -0.0228787 0.8082376 0.5724770 0.1360097
1311868214.174039 -1.3835328 -1.5162271 3.2453761 -0.0105893 0.8194034 0.5471039 0.1707141
1311868215.674534 -1.4795198 -1.5200073 3.0644140 -0.0406098 0.8065544 0.5042207 0.3059124
1311868216.506418 -1.4668485 -1.5906547 2.9231822 -0.0312977 0.8026856 0.4924153 0.3350277
1311868217.342453 -1.4954879 -1.6563361 2.8164864 -0.0142093 0.8210392 0.4686149 0.3257188
1311868219.210391 -1.5716093 -1.5051140 2.8552384 -0.0129788 0.8196357 0.4478889 0.3569654
1311868219.710785 -1.6158650 -1.3791225 2.9034514 0.0123108 0.7949510 0.4748828 0.3773431
1311868220.410461 -1.6453876 -1.2854333 2.9908001 0.0102621 0.7682911 0.4884334 0.4135896
1311868221.642622 -1.7533672 -1.2179562 3.0470412 -0.0143331 0.7466848 0.5107488 0.4259014
1311868224.511812 -1.9433203 -1.1053742 2.7821500 -0.0049470 0.7135295 0.4985182 0.4922710
1311868226.115058 -2.1338973 -1.0320445 2.6286206 -0.0171330 0.6893839 0.4789883 0.5431635
1311868227.010946 -2.1568253 -0.9801642 2.4544652 -0.0118922 0.6902376 0.4782399 0.5428786
1311868227.744281 -2.1427722 -0.9311243 2.3010159 -0.0008411 0.6720612 0.4592907 0.5808486
1311868228.279971 -2.1814051 -0.8973197 2.2058554 -0.0092936 0.6332238 0.4314531 0.6424869
1311868229.148295 -2.2597380 -0.8408553 2.0520692 -0.0154628 0.6214677 0.4200611 0.6611260
1311868229.914462 -2.1209049 -0.8801897 1.9240975 -0.0248789 0.6076151 0.4391272 0.6613262
1311868230.312518 -2.0284259 -0.9155450 1.8566563 -0.0301939 0.6180133 0.4369060 0.6528867
1311868230.613609 -1.9652685 -0.9274676 1.8010021 -0.0184792 0.6090845 0.4706323 0.6381065
1311868230.943429 -1.9095355 -0.9385525 1.7302432 -0.0223311 0.6153328 0.4498730 0.6469011
1311868231.180564 -1.8832790 -0.9517857 1.6890117 -0.0400332 0.6231404 0.4305182 0.6517265
1311868231.443247 -1.8320639 -0.9610634 1.6467752 -0.0809411 0.6094040 0.4416257 0.6534845
1311868231.711268 -1.7797915 -0.9908201 1.6261666 -0.0887222 0.6109891 0.4358370 0.6548792
1311868232.011255 -1.7231553 -1.0352604 1.6124046 -0.0966776 0.6059911 0.4431083 0.6535160
1311868232.280974 -1.6778190 -1.0712974 1.6061442 -0.1030978 0.6000170 0.4427505 0.6582723
1311868232.643442 -1.6182952 -1.1171813 1.6020846 -0.0983617 0.6123173 0.4504345 0.6422626
1311868234.179448 -1.7294351 -1.0451051 1.5287600 -0.0654421 0.5983557 0.4018248 0.6900903
1311868234.543567 -1.8208059 -1.0029442 1.4905077 -0.0658563 0.5919718 0.3696883 0.7131360
1311868234.911468 -1.9042218 -0.9459832 1.4548316 -0.0673407 0.5882534 0.3667404 0.7175825
1311868235.411537 -1.9875618 -0.8578684 1.4023616 -0.0614014 0.5825631 0.3768270 0.7175316
1311868235.711568 -2.0115058 -0.8017611 1.3757915 -0.0580749 0.5993294 0.3693008 0.7078478
1311868236.211655 -2.0151839 -0.7112396 1.3299228 -0.0455962 0.5736132 0.3711587 0.7287866
1311868236.443514 -2.0121021 -0.6663118 1.3044779 -0.0559407 0.5636409 0.3618811 0.7404199
1311868236.911822 -2.0109739 -0.5921731 1.2750930 -0.0323642 0.5426080 0.3537656 0.7611695
1311868237.279719 -2.0196385 -0.5296511 1.2369624 -0.0129292 0.5224120 0.3568946 0.7743028
1311868237.647688 -2.0375845 -0.4655841 1.1530160 -0.0294902 0.5037593 0.3313746 0.7972125
1311868238.111670 -2.0641558 -0.3852452 1.0384128 -0.0359504 0.4698859 0.3255096 0.8197306
1311868238.779734 -2.0434349 -0.2972230 0.9517699 -0.0420502 0.4609753 0.3286384 0.8232438
1311868239.179952 -1.9938459 -0.2552653 0.9069638 -0.0412941 0.4527797 0.3198051 0.8312702
1311868239.879821 -1.9390066 -0.1864010 0.8567849 -0.0456641 0.3922315 0.3069337 0.8659451
1311868240.379758 -1.9261309 -0.1106329 0.7366604 -0.0596180 0.3614243 0.2794912 0.8875263
1311868240.911960 -1.9413630 -0.0526108 0.6551035 -0.0726989 0.3516710 0.2763737 0.8914370
1311868241.447810 -1.8463218 -0.1299603 0.6200088 -0.0831721 0.3527376 0.2896703 0.8858610
1311868242.011931 -1.7323444 -0.2181584 0.5660994 -0.0721587 0.3337246 0.2685023 0.9007372
1311868242.779977 -1.6541135 -0.2226308 0.4846424 -0.0617382 0.2772019 0.2220053 0.9327707
1311868243.411942 -1.6007133 -0.1920113 0.4330692 -0.0445044 0.2822718 0.2200368 0.9326981
1311868243.779970 -1.5602194 -0.1492857 0.3629769 -0.0649253 0.2470279 0.1814388 0.9496536
1311868244.112211 -1.5213512 -0.1032321 0.2970926 -0.0690817 0.2083290 0.1710039 0.9605126
1311868244.648157 -1.4924870 -0.0026692 0.2223303 -0.0684263 0.1898393 0.1495986 0.9679355
1311868244.912189 -1.4517442 0.0439696 0.2110662 -0.0759236 0.2013787 0.1620591 0.9630260
1311868245.179920 -1.4064209 0.0768362 0.2109625 -0.0850096 0.2127627 0.1524357 0.9613889
1311868245.612262 -1.3176478 0.1108626 0.1802517 -0.0602792 0.1707265 0.1433954 0.9729628
1311868246.048196 -1.2318617 0.1741292 0.1324076 -0.0790176 0.1500511 0.1568049 0.9729610
1311868246.616068 -1.1919706 0.2516540 0.0221055 -0.1046076 0.1350252 0.1438554 0.9747466
1311868248.048245 -0.9708542 0.1879685 0.0273710 -0.0992039 0.1447481 0.1424511 0.9741223
1311868248.616364 -0.8253804 0.1197603 0.0749986 -0.1128640 0.0969484 0.1227466 0.9812217
1311868249.016517 -0.7069805 0.0723057 0.0948460 -0.1343401 0.0826993 0.0946183 0.9829348
1311868249.348357 -0.6272056 0.0446280 0.1089404 -0.1346492 0.0880707 0.0918530 0.9826882
1311868249.980348 -0.5575212 -0.0679913 0.2007100 -0.1193397 0.1018529 0.0907053 0.9834412
1311868250.480450 -0.5381516 -0.1658743 0.2772528 -0.1022239 0.1017419 0.0881194 0.9856134
1311868252.280693 -0.3386108 -0.1131880 0.1613644 -0.0843673 0.0651130 0.0307633 0.9938290
1311868252.816693 -0.1999573 -0.0280157 0.0771422 -0.1061586 0.0407505 0.0264567 0.9931615
1311868253.280713 -0.1016188 0.0174623 0.0599974 -0.1159167 0.0443095 0.0347466 0.9916615
1311868253.948752 0.0581102 0.0314940 0.0879033 -0.1169735 0.0320664 0.0449478 0.9915990
1311868254.481183 0.1960860 0.0641730 0.0765657 -0.1270912 -0.0197154 0.0072147 0.9916688
1311868254.816878 0.2875141 0.0949967 0.0550711 -0.1471593 -0.0553208 -0.0123655 0.9874871
1311868255.049320 0.3396839 0.1189437 0.0384266 -0.1528325 -0.0659911 -0.0136439 0.9859520
1311868255.585756 0.4185308 0.1377733 0.0208975 -0.1493953 -0.0812008 -0.0121422 0.9853629
1311868256.117284 0.5285376 0.1199223 0.0681555 -0.1546338 -0.0877419 -0.0256370 0.9837340
1311868256.316827 0.5791873 0.0945805 0.0919542 -0.1540361 -0.0925341 -0.0379429 0.9829907
1311868256.649078 0.6565499 0.0635803 0.1270644 -0.1334599 -0.1038272 -0.0356104 0.9849570
1311868257.085190 0.7412406 0.0157156 0.1748489 -0.1255730 -0.1377293 -0.0619462 0.9805227
1311868257.485023 0.8276364 -0.0402266 0.2053959 -0.1358967 -0.1723723 -0.1004106 0.9704316
1311868257.985217 0.8953763 -0.1246264 0.2383785 -0.1277991 -0.2086269 -0.1403444 0.9593986
1311868258.117570 0.8952515 -0.1509576 0.2574630 -0.1418668 -0.2362957 -0.1447819 0.9503033
1311868258.484910 0.9005146 -0.2377833 0.3263586 -0.1504703 -0.2373617 -0.1715917 0.9442322
1311868258.685108 0.8900307 -0.2931742 0.3634441 -0.1405194 -0.2374641 -0.1634903 0.9471726
1311868258.885648 0.8961561 -0.3399984 0.3997102 -0.1385248 -0.2547504 -0.1580904 0.9438859
1311868259.485201 0.9407244 -0.4354422 0.5233678 -0.1063377 -0.2884702 -0.1993423 0.9304515
