1403637134.388319016 0.00139 -0.02409 0.38909 0.79592 0.06403 0.59902 -0.05987
1403637134.488318920 -0.01458 -0.03594 0.40467 0.78823 0.05224 0.61043 -0.05772
1403637134.688318968 -0.00553 -0.03460 0.34146 0.79364 0.04287 0.60541 -0.04207
1403637134.788319111 -0.00313 -0.03849 0.27576 0.80381 0.04402 0.59205 -0.03785
1403637134.888319016 -0.00273 -0.04165 0.20080 0.81760 0.04317 0.57271 -0.04096
1403637134.988318920 -0.00361 -0.04478 0.13198 0.82636 0.04024 0.55959 -0.04874
1403637135.088319063 -0.00596 -0.04518 0.09119 0.82982 0.03887 0.55414 -0.05311
1403637135.188318968 -0.00918 -0.04661 0.06832 0.83480 0.04211 0.54654 -0.05137
1403637135.288319111 -0.01127 -0.04831 0.07942 0.84330 0.04373 0.53357 -0.04717
1403637135.388319016 -0.00933 -0.04994 0.13159 0.84205 0.03979 0.53645 -0.03984
1403637135.488318920 -0.00533 -0.05110 0.21144 0.82924 0.03589 0.55711 -0.02639
1403637135.588319063 -0.00213 -0.05016 0.30013 0.81474 0.03426 0.57860 -0.01591
1403637135.688318968 0.00033 -0.04784 0.38416 0.80098 0.02960 0.59786 -0.01060
1403637135.788319111 0.00125 -0.04506 0.45035 0.79012 0.02440 0.61223 -0.01719
1403637135.888319016 0.00186 -0.04466 0.48328 0.78482 0.02051 0.61899 -0.02200
1403637136.088319063 0.01092 -0.04506 0.43489 0.79138 0.02054 0.61071 -0.01822
1403637136.188318968 0.01830 -0.04510 0.36467 0.80002 0.02236 0.59940 -0.01382
1403637136.288319111 0.02243 -0.04481 0.28355 0.81298 0.02284 0.58170 -0.01306
1403637136.388319016 0.02327 -0.04619 0.20713 0.82778 0.02366 0.56026 -0.01797
1403637136.488318920 0.01981 -0.04721 0.14810 0.84021 0.02374 0.54106 -0.02705
1403637136.588319063 0.01510 -0.04699 0.12068 0.84758 0.02474 0.52886 -0.03609
1403637136.788319111 0.00929 -0.04698 0.18871 0.84983 0.03368 0.52444 -0.04024
1403637136.888319016 0.00958 -0.04729 0.27870 0.84038 0.03567 0.53938 -0.03952
1403637136.988318920 0.01182 -0.05003 0.37810 0.82627 0.03075 0.56149 -0.03241
1403637137.088319063 0.01174 -0.05210 0.46708 0.81192 0.02192 0.58265 -0.02860
1403637137.188318968 0.01096 -0.05201 0.52546 0.79926 0.01530 0.59951 -0.03927
1403637137.288319111 0.02035 -0.05280 0.55121 0.79228 0.01739 0.60836 -0.04343
1403637137.488318920 0.02074 -0.05584 0.46105 0.79224 0.02468 0.60810 -0.04429
1403637137.588319063 0.02342 -0.05494 0.37983 0.80379 0.03261 0.59283 -0.03744
1403637137.688318968 0.02303 -0.05411 0.29081 0.82033 0.03512 0.57006 -0.02923
1403637137.788319111 0.05526 -0.05502 0.20728 0.84035 0.05644 0.53431 -0.07166
1403637137.888319016 0.01233 -0.05510 0.15171 0.84306 0.03885 0.53472 -0.04270
1403637137.988318920 0.00510 -0.05604 0.12753 0.85211 0.04360 0.51978 -0.04285
1403637138.088319063 0.00277 -0.05908 0.14989 0.85812 0.04413 0.50953 -0.04529
1403637138.188318968 0.00478 -0.06375 0.21795 0.85268 0.04999 0.51796 -0.04650
1403637138.288319111 0.00760 -0.07028 0.31332 0.83740 0.05591 0.54268 -0.03379
1403637138.388319016 0.00807 -0.07174 0.40838 0.81711 0.05007 0.57356 -0.02944
1403637138.488318920 0.00557 -0.07199 0.48426 0.79913 0.04237 0.59918 -0.02397
1403637138.588319063 0.00312 -0.07296 0.52414 0.78841 0.03690 0.61361 -0.02316
1403637138.788319111 0.00689 -0.07513 0.48546 0.78962 0.03358 0.61187 -0.03131
1403637138.888319016 0.01783 -0.07453 0.40290 0.79915 0.03181 0.59949 -0.03107
1403637138.988318920 0.02335 -0.07360 0.31329 0.80773 0.03378 0.58730 -0.03886
1403637139.088319063 0.02860 -0.06893 0.22592 0.81387 0.03523 0.57734 -0.05525
1403637139.188318968 0.02915 -0.06359 0.15222 0.81834 0.03713 0.56979 -0.06545
1403637139.288319111 0.03040 -0.05828 0.09798 0.82032 0.04157 0.56613 -0.06953
1403637139.388319016 0.03410 -0.05489 0.06827 0.82079 0.04760 0.56499 -0.06944
1403637139.488318920 0.03614 -0.05352 0.05326 0.81873 0.05527 0.56668 -0.07418
1403637139.588319063 0.03768 -0.05156 0.04285 0.81500 0.05754 0.57132 -0.07790
1403637139.688318968 0.03892 -0.04986 0.03364 0.81132 0.06079 0.57627 -0.07727
1403637139.888319016 0.03851 -0.05339 0.02065 0.80396 0.05882 0.58652 -0.07867
1403637139.988318920 0.03664 -0.05586 0.01670 0.79919 0.05089 0.59372 -0.07872
1403637140.088319063 0.03258 -0.05899 0.01080 0.79340 0.04347 0.60223 -0.07718
1403637140.188318968 0.03141 -0.05814 0.01367 0.78813 0.03862 0.60971 -0.07487
1403637149.588319063 0.02072 -0.07044 0.00956 0.79461 0.03890 0.60097 -0.07698
1403637149.688318968 0.02723 -0.06167 0.00904 0.79867 0.04987 0.59433 -0.08007
1403637149.888319016 0.02715 -0.06578 0.00727 0.80950 0.05652 0.57833 -0.08399
1403637149.988318920 0.02856 -0.07312 0.00870 0.82061 0.06229 0.56301 -0.07577
1403637150.088319063 0.03153 -0.08517 0.01718 0.83059 0.06944 0.54914 -0.06118
1403637150.188318968 0.04243 -0.09690 0.03666 0.83425 0.07205 0.54432 -0.05046
1403637150.288319111 0.06014 -0.11077 0.05686 0.83168 0.06995 0.54896 -0.04541
1403637150.388319016 0.08457 -0.12124 0.08356 0.82483 0.06509 0.55976 -0.04563
1403637150.488318920 0.11304 -0.13079 0.10935 0.81884 0.06046 0.56908 -0.04471
1403637150.588319063 0.14226 -0.14155 0.13327 0.81671 0.05664 0.57269 -0.04249
1403637150.688318968 0.17388 -0.15033 0.15709 0.81576 0.05390 0.57445 -0.04053
1403637150.788319111 0.20662 -0.15685 0.17929 0.81546 0.05276 0.57516 -0.03787
1403637150.888319016 0.23913 -0.16643 0.19443 0.81225 0.05220 0.57988 -0.03550
1403637150.988318920 0.27183 -0.17343 0.21502 0.80761 0.05175 0.58640 -0.03495
1403637151.088319063 0.30360 -0.17981 0.22974 0.80335 0.05255 0.59213 -0.03529
1403637151.188318968 0.33151 -0.18310 0.24253 0.80000 0.05408 0.59647 -0.03589
1403637151.388319016 0.37353 -0.19403 0.27739 0.80909 0.05075 0.58354 -0.04774
1403637151.688318968 0.42399 -0.21897 0.36534 0.81230 0.05644 0.57854 -0.04775
1403637151.988318920 0.48318 -0.25148 0.40834 0.81286 0.06048 0.57750 -0.04582
1403637152.388319016 0.56279 -0.29461 0.47430 0.81616 0.05646 0.57304 -0.04821
1403637152.788319111 0.65985 -0.34762 0.46699 0.81326 0.05346 0.57748 -0.04762
1403637152.988318920 0.70974 -0.37897 0.47884 0.80913 0.05327 0.58336 -0.04643
1403637153.288319111 0.77420 -0.43995 0.50573 0.81128 0.05511 0.58076 -0.03871
1403637153.588319063 0.83464 -0.48605 0.51958 0.81540 0.05578 0.57525 -0.03326
1403637153.788319111 0.88383 -0.51381 0.55324 0.81273 0.05575 0.57902 -0.03304
1403637154.188318968 0.97062 -0.56060 0.57523 0.81805 0.04591 0.57150 -0.04550
1403637154.288319111 0.99424 -0.57266 0.56151 0.82317 0.03687 0.56379 -0.05631
1403637154.488318920 1.05117 -0.61015 0.52984 0.81845 0.04013 0.57109 -0.04886
1403637154.588319063 1.08376 -0.63319 0.51375 0.81593 0.04382 0.57505 -0.04070
1403637154.888319016 1.19508 -0.70756 0.47608 0.82626 0.03572 0.56202 -0.01213
1403637154.988318920 1.23638 -0.73121 0.47077 0.82818 0.02576 0.55981 -0.00741
1403637155.188318968 1.33011 -0.77753 0.49610 0.82124 0.00049 0.57056 0.00401
1403637155.388319016 1.43553 -0.79980 0.53292 0.81254 -0.01422 0.58260 0.01225
1403637155.488318920 1.49836 -0.82129 0.53918 0.80903 -0.02748 0.58680 0.01925
1403637155.688318968 1.59652 -0.86424 0.54047 0.80727 -0.05633 0.58702 0.02331
1403637155.788319111 1.64706 -0.87595 0.53011 0.80649 -0.07118 0.58640 0.02546
1403637155.988318920 1.72218 -0.93218 0.49248 0.80727 -0.10633 0.57886 0.04398
1403637156.188318968 1.81093 -0.99800 0.46543 0.79822 -0.14911 0.58020 0.06310
1403637156.288319111 1.84625 -1.03848 0.45003 0.79353 -0.17164 0.57905 0.07448
1403637156.488318920 1.90430 -1.13318 0.42136 0.78456 -0.21590 0.57266 0.09957
1403637156.588319063 1.92681 -1.18921 0.40465 0.77878 -0.23565 0.57004 0.11413
1403637156.688318968 1.94697 -1.25054 0.38427 0.77308 -0.25396 0.56656 0.12984
1403637156.788319111 1.96310 -1.31443 0.35570 0.76974 -0.26832 0.56068 0.14539
1403637156.988318920 1.98856 -1.44465 0.28375 0.77448 -0.28067 0.54180 0.16692
1403637157.088319063 2.00406 -1.51120 0.24249 0.77640 -0.28473 0.53644 0.16843
1403637157.388319016 2.04450 -1.72918 0.15757 0.77394 -0.29273 0.53939 0.15614
1403637157.688318968 2.07998 -1.97322 0.13196 0.77281 -0.29467 0.54427 0.14040
1403637157.888319016 2.08337 -2.17556 0.15473 0.76888 -0.28738 0.55186 0.14728
1403637157.988318920 2.08107 -2.28270 0.15483 0.76726 -0.28233 0.55457 0.15511
1403637158.088319063 2.06398 -2.38596 0.16683 0.76735 -0.27642 0.55478 0.16428
1403637158.288319111 2.05442 -2.60689 0.17643 0.76616 -0.27575 0.55512 0.16972
1403637158.388319016 2.03345 -2.71528 0.18909 0.76289 -0.28415 0.55408 0.17395
1403637158.488318920 2.01272 -2.82176 0.19857 0.75684 -0.29785 0.55315 0.18029
1403637158.588319063 1.98927 -2.92661 0.20138 0.74836 -0.31785 0.55205 0.18485
1403637158.688318968 1.96261 -3.03293 0.19501 0.73907 -0.33907 0.54931 0.19253
1403637158.788319111 1.92936 -3.13906 0.18382 0.73200 -0.35720 0.54316 0.20386
1403637158.888319016 1.89302 -3.24606 0.16992 0.72986 -0.36956 0.53435 0.21260
1403637158.988318920 1.85360 -3.35362 0.15935 0.73115 -0.37353 0.52518 0.22380
1403637159.088319063 1.81329 -3.46169 0.15587 0.73175 -0.37620 0.51958 0.23032
1403637159.188318968 1.77151 -3.57036 0.15339 0.72886 -0.38084 0.52137 0.22780
1403637159.388319016 1.68504 -3.79043 0.13970 0.72645 -0.38534 0.52558 0.21807
1403637159.588319063 1.58436 -4.01666 0.09946 0.73202 -0.37700 0.52226 0.22197
1403637159.688318968 1.53195 -4.13521 0.08028 0.73603 -0.37139 0.51874 0.22635
1403637159.788319111 1.48088 -4.25640 0.06202 0.73775 -0.36727 0.51772 0.22978
1403637159.888319016 1.42674 -4.37846 0.05907 0.73684 -0.36767 0.51619 0.23546
1403637159.988318920 1.37375 -4.50069 0.05086 0.73254 -0.37884 0.51136 0.24159
1403637160.088319063 1.32124 -4.62309 0.04081 0.72068 -0.39421 0.51193 0.25130
1403637160.188318968 1.26822 -4.74383 0.02869 0.70629 -0.41232 0.51171 0.26325
1403637160.288319111 1.21302 -4.86403 0.01360 0.69321 -0.43182 0.50549 0.27832
1403637160.388319016 1.15694 -4.98269 -0.00679 0.67942 -0.45343 0.49620 0.29423
1403637160.488318920 1.09894 -5.09842 -0.03039 0.66629 -0.47506 0.48199 0.31314
1403637160.588319063 1.04167 -5.21241 -0.05636 0.65324 -0.49667 0.46539 0.33167
1403637160.688318968 0.98517 -5.32361 -0.08365 0.64163 -0.51600 0.44933 0.34664
1403637160.788319111 0.93283 -5.43439 -0.10879 0.63487 -0.53019 0.43563 0.35507
1403637160.888319016 0.88514 -5.54722 -0.12748 0.62915 -0.53965 0.42858 0.35954
1403637160.988318920 0.84372 -5.66049 -0.13255 0.62570 -0.54785 0.42423 0.35832
1403637161.188318968 0.76548 -5.89494 -0.11138 0.61185 -0.56228 0.43602 0.34549
1403637161.288319111 0.77428 -6.03327 -0.11782 0.59987 -0.56917 0.44741 0.34064
1403637161.388319016 0.67804 -6.14007 -0.06008 0.59769 -0.56772 0.45507 0.33672
1403637161.488318920 0.62036 -6.26247 -0.02609 0.59892 -0.56617 0.44977 0.34417
1403637161.588319063 0.55492 -6.38548 0.00804 0.59618 -0.57064 0.44206 0.35146
1403637161.688318968 0.48468 -6.50708 0.03900 0.58938 -0.57506 0.43765 0.36110
1403637161.788319111 0.41058 -6.62940 0.06565 0.58068 -0.57314 0.43834 0.37706
1403637161.888319016 0.33530 -6.74773 0.08957 0.56954 -0.56756 0.44264 0.39694
1403637161.988318920 0.25875 -6.85751 0.10843 -0.55834 0.56245 -0.44867 -0.41303
1403637162.088319063 0.18030 -6.95682 0.12021 -0.55096 0.55981 -0.45221 -0.42256
1403637162.288319111 0.02320 -7.12173 0.12072 -0.54449 0.57179 -0.45809 -0.40833
1403637162.488318920 -0.14743 -7.24500 0.09917 -0.54996 0.58540 -0.45380 -0.38589
1403637162.588319063 -0.24415 -7.29641 0.09143 -0.55927 0.58696 -0.44299 -0.38269
1403637162.688318968 -0.34692 -7.34359 0.09319 -0.55681 0.58034 -0.44616 -0.39257
1403637162.788319111 -0.45353 -7.38589 0.09822 -0.54050 0.57824 -0.45779 -0.40488
1403637162.888319016 -0.56624 -7.41916 0.09584 -0.52787 0.58425 -0.45323 -0.41784
1403637162.988318920 -0.68493 -7.44250 0.08791 -0.51570 0.59413 -0.43906 -0.43391
1403637163.088319063 -0.80618 -7.45427 0.07578 -0.50019 0.60841 -0.42066 -0.45020
1403637163.188318968 -0.92724 -7.45401 0.06017 -0.48074 0.62452 -0.39945 -0.46830
1403637163.288319111 -1.04649 -7.44301 0.04205 -0.45851 0.64040 -0.37942 -0.48548
1403637163.388319016 -1.16102 -7.42325 0.02070 -0.43452 0.65781 -0.36440 -0.49567
1403637163.488318920 -1.27199 -7.39549 -0.00489 -0.41174 0.67672 -0.35277 -0.49807
1403637163.588319063 -1.37937 -7.35976 -0.03129 -0.39540 0.69584 -0.34240 -0.49216
1403637163.688318968 -1.48562 -7.31597 -0.04968 -0.38535 0.71303 -0.33308 -0.48182
1403637163.788319111 -1.59642 -7.26714 -0.05800 -0.37789 0.72538 -0.32820 -0.47255
1403637163.888319016 -1.71207 -7.21375 -0.05505 -0.37019 0.73283 -0.33029 -0.46565
1403637163.988318920 -1.83462 -7.15316 -0.04355 -0.36347 0.73408 -0.33463 -0.46589
1403637164.088319063 -1.96695 -7.08798 -0.02519 -0.36228 0.73162 -0.33586 -0.46977
1403637164.188318968 -2.10750 -7.01567 -0.00020 -0.36432 0.72679 -0.33600 -0.47555
1403637164.288319111 -2.25380 -6.93603 0.02949 -0.37191 0.72114 -0.33059 -0.48203
1403637164.388319016 -2.40511 -6.84986 0.05870 -0.38088 0.71802 -0.32459 -0.48375
1403637164.488318920 -2.55785 -6.75992 0.08104 -0.38576 0.71915 -0.32425 -0.47841
1403637164.588319063 -2.71330 -6.66903 0.09516 -0.38483 0.72108 -0.33221 -0.47073
1403637164.688318968 -2.87284 -6.57655 0.10194 -0.38769 0.72099 -0.33429 -0.46704
1403637164.788319111 -3.03724 -6.48157 0.10466 -0.39497 0.71407 -0.32664 -0.47687
1403637164.888319016 -3.20440 -6.38303 0.10125 -0.39610 0.70915 -0.31783 -0.48907
1403637164.988318920 -3.37295 -6.28284 0.09286 -0.39115 0.71020 -0.30916 -0.49703
1403637165.088319063 -3.54090 -6.18207 0.08174 0.38035 -0.71385 0.30071 0.50530
1403637165.188318968 -3.70831 -6.07896 0.07067 0.36474 -0.71741 0.29065 0.51751
1403637165.288319111 -3.87130 -5.97236 0.06002 0.34911 -0.72629 0.27533 0.52423
1403637165.388319016 -4.02716 -5.86180 0.05724 0.33630 -0.74018 0.25759 0.52220
1403637165.488318920 -4.18029 -5.75158 0.06246 0.32569 -0.75190 0.24512 0.51815
1403637165.588319063 -4.33079 -5.64247 0.07508 0.31926 -0.75817 0.23315 0.51854
1403637165.688318968 -4.47988 -5.53660 0.09008 0.32019 -0.75885 0.21667 0.52411
1403637165.788319111 -4.62458 -5.43665 0.10041 0.32418 -0.75738 0.20154 0.52978
1403637165.888319016 -4.76244 -5.34287 0.10435 0.33010 -0.75446 0.18984 0.53459
1403637165.988318920 -4.89225 -5.25719 0.10244 0.34136 -0.74918 0.18390 0.53701
1403637166.088319063 -5.01645 -5.18249 0.09044 0.35399 -0.74341 0.18253 0.53733
1403637166.288319111 -5.23449 -5.06052 0.02746 0.36508 -0.73235 0.19494 0.54072
1403637166.388319016 -5.32755 -5.01176 -0.00254 0.36199 -0.71469 0.21669 0.55787
1403637166.488318920 -5.40455 -4.96552 -0.02544 0.36151 -0.69957 0.23604 0.56938
1403637166.688318968 -5.50364 -4.87029 -0.05922 0.37824 -0.70941 0.23456 0.54649
1403637166.788319111 -5.53439 -4.82125 -0.07339 0.39248 -0.71516 0.22147 0.53428
1403637166.888319016 -5.55320 -4.78123 -0.08990 0.40540 -0.71096 0.20879 0.53535
1403637166.988318920 -5.56087 -4.75435 -0.10744 0.41556 -0.69960 0.19949 0.54596
1403637167.088319063 -5.55178 -4.73839 -0.11927 0.42398 -0.68644 0.19303 0.55837
1403637167.188318968 -5.51867 -4.73242 -0.12282 0.42898 -0.67455 0.18940 0.57016
1403637167.388319016 -5.37458 -4.75333 -0.10911 0.42835 -0.67537 0.18833 0.57002
1403637167.488318920 -5.27169 -4.78286 -0.10669 0.41730 -0.69307 0.20500 0.55090
1403637167.588319063 -5.15394 -4.82038 -0.10958 0.40056 -0.71148 0.23030 0.52944
1403637167.688318968 -5.02776 -4.86158 -0.11686 0.38772 -0.72180 0.25236 0.51478
1403637167.788319111 -4.89876 -4.90430 -0.13054 0.38877 -0.72571 0.26255 0.50325
1403637167.888319016 -4.77016 -4.94915 -0.14899 -0.39890 0.72660 -0.26713 -0.49151
1403637167.988318920 -4.64540 -4.99223 -0.16347 -0.41237 0.72268 -0.26497 -0.48732
1403637168.088319063 -4.52189 -5.05074 -0.16835 -0.42266 0.71668 -0.26501 -0.48734
1403637168.188318968 -4.40009 -5.10796 -0.18152 -0.42407 0.71664 -0.27305 -0.48170
1403637168.288319111 -4.28143 -5.16928 -0.21005 -0.42473 0.71147 -0.27908 -0.48531
1403637168.388319016 -4.15933 -5.22892 -0.24767 -0.42418 0.70222 -0.28418 -0.49618
1403637168.488318920 -4.03755 -5.29240 -0.29552 0.42096 -0.69360 0.29216 0.50631
1403637168.588319063 -3.91325 -5.35188 -0.34425 0.41867 -0.69400 0.29720 0.50473
1403637168.688318968 -3.78842 -5.40935 -0.38917 -0.42048 0.69771 -0.29492 -0.49943
1403637168.788319111 -3.66241 -5.46712 -0.42433 -0.42161 0.70090 -0.29247 -0.49542
1403637168.888319016 -3.53792 -5.52853 -0.45202 -0.42469 0.70101 -0.28672 -0.49600
1403637168.988318920 -3.41233 -5.58647 -0.48124 -0.42711 0.70078 -0.28079 -0.49762
1403637169.088319063 -3.28634 -5.64842 -0.51448 0.43171 -0.69781 0.27386 0.50168
1403637169.188318968 -3.15301 -5.71558 -0.53190 0.43750 -0.69179 0.27532 0.50420
1403637169.288319111 -3.01708 -5.78635 -0.56157 0.44710 -0.68227 0.28514 0.50329
1403637169.388319016 -2.87504 -5.85977 -0.57012 -0.45954 0.67071 -0.30010 -0.49891
1403637169.488318920 -2.72462 -5.93072 -0.57379 -0.47692 0.65579 -0.31603 -0.49255
1403637169.588319063 -2.56967 -6.00097 -0.57253 -0.49799 0.63568 -0.33250 -0.48719
1403637169.688318968 -2.40803 -6.06929 -0.56574 -0.52103 0.61213 -0.34921 -0.48154
1403637169.788319111 -2.23995 -6.13361 -0.56105 -0.54254 0.59247 -0.36624 -0.46958
1403637169.888319016 -2.06463 -6.19280 -0.56587 -0.56288 0.57236 -0.37897 -0.46038
1403637169.988318920 -1.88520 -6.24577 -0.57988 0.58063 -0.55193 0.39029 0.45378
1403637170.088319063 -1.69834 -6.29661 -0.58517 0.59709 -0.53482 0.40016 0.44422
1403637170.188318968 -1.50292 -6.34084 -0.60594 0.61087 -0.51692 0.41293 0.43488
1403637170.288319111 -1.29940 -6.37794 -0.62986 0.62535 -0.49761 0.42356 0.42653
1403637170.388319016 -1.08954 -6.40635 -0.65599 0.63487 -0.48063 0.44367 0.41120
1403637170.488318920 -0.87192 -6.42625 -0.68511 0.63860 -0.46448 0.47398 0.38961
1403637170.588319063 -0.65590 -6.43607 -0.71726 0.64060 -0.44410 0.50509 0.37055
1403637170.688318968 -0.44053 -6.43619 -0.75965 0.64485 -0.42063 0.53121 0.35363
1403637170.788319111 -0.24226 -6.41424 -0.79172 0.65432 -0.39662 0.55003 0.33470
1403637170.888319016 -0.03515 -6.39614 -0.82818 0.67245 -0.37441 0.55729 0.31154
1403637170.988318920 0.14817 -6.34293 -0.86405 0.69246 -0.35082 0.56099 0.28759
1403637171.088319063 0.32709 -6.28692 -0.88651 0.70824 -0.32949 0.56704 0.26134
1403637171.188318968 0.49479 -6.22343 -0.89975 0.72159 -0.31012 0.56977 0.24186
1403637171.288319111 0.65231 -6.15560 -0.90478 0.72628 -0.29503 0.57733 0.22841
1403637171.388319016 0.79866 -6.08201 -0.90216 0.73016 -0.27993 0.58051 0.22697
1403637171.488318920 0.93510 -6.00380 -0.89153 0.73409 -0.26825 0.57939 0.23121
1403637171.588319063 1.06467 -5.91847 -0.87821 0.73713 -0.26323 0.57688 0.23359
1403637171.688318968 1.18650 -5.82156 -0.86856 0.73811 -0.26035 0.57457 0.23935
1403637171.788319111 1.30245 -5.71588 -0.86283 0.73703 -0.26070 0.57332 0.24523
1403637171.888319016 1.41092 -5.59744 -0.86344 0.73500 -0.26164 0.57261 0.25187
1403637171.988318920 1.51154 -5.46463 -0.86930 0.73269 -0.26409 0.57254 0.25618
1403637172.088319063 1.60519 -5.31937 -0.87913 0.73049 -0.26647 0.57256 0.25993
1403637172.188318968 1.69178 -5.16249 -0.89250 0.72963 -0.27626 0.57263 0.25183
1403637172.288319111 1.77065 -4.99579 -0.90368 0.73344 -0.29386 0.56769 0.23117
1403637172.388319016 1.84226 -4.82565 -0.90546 0.73510 -0.30957 0.56417 0.21332
1403637172.488318920 1.90605 -4.65639 -0.89682 0.73500 -0.32290 0.56200 0.19919
1403637172.588319063 1.95953 -4.49040 -0.87788 0.73355 -0.33123 0.56147 0.19221
1403637172.688318968 2.00170 -4.32995 -0.85230 0.73299 -0.33780 0.56004 0.18699
1403637172.788319111 2.03272 -4.17644 -0.82707 0.73467 -0.34537 0.55413 0.18419
1403637172.888319016 2.05036 -4.02986 -0.79144 0.74180 -0.36003 0.53632 0.18017
1403637172.988318920 2.06060 -3.89451 -0.77057 0.75052 -0.37639 0.51366 0.17668
1403637173.088319063 2.07030 -3.77333 -0.76527 0.75464 -0.39093 0.49706 0.17499
1403637173.188318968 2.07939 -3.66944 -0.77517 0.75099 -0.40909 0.48703 0.17739
1403637173.288319111 2.08755 -3.58502 -0.79002 0.73892 -0.42698 0.48531 0.19018
1403637173.388319016 2.09381 -3.51712 -0.80492 0.72255 -0.44371 0.48747 0.20839
1403637173.488318920 2.09434 -3.46496 -0.82133 0.70641 -0.46100 0.48768 0.22503
1403637173.588319063 2.08448 -3.41741 -0.84510 0.69048 -0.47965 0.48706 0.23653
1403637173.688318968 2.07028 -3.38933 -0.87375 0.67442 -0.50237 0.48522 0.23947
1403637173.788319111 2.04675 -3.37252 -0.90972 0.66198 -0.52485 0.47815 0.24018
1403637173.888319016 2.01354 -3.36995 -0.94876 0.65492 -0.54657 0.46404 0.23875
1403637173.988318920 1.96677 -3.38710 -0.98063 0.65689 -0.55206 0.44682 0.25315
1403637174.088319063 1.91124 -3.42528 -0.99192 0.65560 -0.53955 0.44317 0.28751
1403637174.188318968 1.85320 -3.47779 -0.98501 0.64409 -0.52330 0.45693 0.32019
1403637174.288319111 1.79405 -3.53636 -0.96805 0.63002 -0.51405 0.47463 0.33697
1403637174.388319016 1.73095 -3.59197 -0.94734 0.62322 -0.51474 0.48360 0.33583
1403637174.488318920 1.66354 -3.64589 -0.92078 0.61165 -0.52336 0.49586 0.32573
1403637174.588319063 1.58534 -3.69562 -0.88842 0.60252 -0.53206 0.49832 0.32488
1403637174.688318968 1.49445 -3.74436 -0.85540 0.59511 -0.53700 0.49030 0.34217
1403637174.788319111 1.39411 -3.79054 -0.82768 0.58411 -0.54312 0.47876 0.36692
1403637174.888319016 1.28811 -3.83066 -0.80850 0.57339 -0.56110 0.46163 0.37854
1403637174.988318920 1.17778 -3.86606 -0.79400 -0.56085 0.58280 -0.44439 -0.38511
1403637175.088319063 1.06439 -3.89929 -0.78223 -0.54681 0.59670 -0.43467 -0.39497
1403637175.188318968 0.94841 -3.93049 -0.77325 -0.52932 0.60324 -0.43616 -0.40706
1403637175.288319111 0.82916 -3.95551 -0.76736 -0.51184 0.60463 -0.44242 -0.42036
1403637175.388319016 0.70535 -3.97180 -0.76516 -0.50116 0.60288 -0.44506 -0.43278
1403637175.488318920 0.57794 -3.97624 -0.76852 -0.49701 0.60853 -0.44506 -0.42965
1403637175.588319063 0.44546 -3.96899 -0.77692 -0.49809 0.61788 -0.44233 -0.41771
1403637175.688318968 0.30574 -3.95373 -0.78534 -0.50351 0.62564 -0.43566 -0.40650
1403637175.788319111 0.15857 -3.93062 -0.78500 -0.50786 0.62802 -0.43150 -0.40185
1403637175.888319016 0.00268 -3.90369 -0.77489 -0.51460 0.62336 -0.42450 -0.40793
1403637175.988318920 -0.15943 -3.87408 -0.75634 -0.51891 0.61436 -0.42155 -0.41904
1403637176.088319063 -0.32433 -3.83921 -0.72886 -0.51614 0.60684 -0.42850 -0.42631
1403637176.188318968 -0.49090 -3.79932 -0.70243 -0.51580 0.59885 -0.43265 -0.43376
1403637176.288319111 -0.65808 -3.75097 -0.68356 -0.51419 0.59582 -0.43345 -0.43901
1403637176.388319016 -0.82552 -3.69324 -0.67122 -0.51258 0.59695 -0.43148 -0.44130
1403637176.488318920 -0.99298 -3.62841 -0.66436 -0.51395 0.60171 -0.42291 -0.44152
1403637176.588319063 -1.16179 -3.55608 -0.66044 -0.51035 0.61094 -0.41403 -0.44146
1403637176.688318968 -1.32996 -3.47923 -0.66060 -0.50557 0.62255 -0.40450 -0.43956
1403637176.788319111 -1.49580 -3.39921 -0.66822 -0.50168 0.63240 -0.39650 -0.43724
1403637176.888319016 -1.65813 -3.32427 -0.66700 -0.50028 0.64102 -0.38789 -0.43400
1403637176.988318920 -1.83297 -3.22919 -0.68158 -0.50270 0.64841 -0.37759 -0.42927
1403637177.088319063 -1.99592 -3.15295 -0.69752 -0.50865 0.65920 -0.36419 -0.41724
1403637177.188318968 -2.16302 -3.07734 -0.71843 -0.51408 0.67035 -0.35200 -0.40306
1403637177.288319111 -2.33240 -3.01294 -0.74177 -0.51749 0.67664 -0.34437 -0.39468
1403637177.388319016 -2.50258 -2.96112 -0.77090 -0.52046 0.67931 -0.33857 -0.39118
1403637177.488318920 -2.67327 -2.92216 -0.79249 -0.52723 0.67672 -0.32713 -0.39630
1403637177.588319063 -2.84711 -2.89740 -0.83574 -0.53181 0.67249 -0.31489 -0.40717
1403637177.688318968 -3.01742 -2.88846 -0.86060 -0.53499 0.66415 -0.30704 -0.42239
1403637177.788319111 -3.17836 -2.89881 -0.87856 -0.53320 0.65723 -0.30476 -0.43689
1403637177.888319016 -3.33787 -2.91444 -0.88813 -0.52177 0.66358 -0.30555 -0.44052
1403637177.988318920 -3.48837 -2.94241 -0.90805 -0.50983 0.67138 -0.29671 -0.44864
1403637178.088319063 -3.63078 -2.97874 -0.93057 -0.50290 0.67278 -0.27496 -0.46783
1403637178.188318968 -3.76127 -3.01774 -0.94827 -0.49382 0.67739 -0.25665 -0.48106
1403637178.288319111 -3.88125 -3.08296 -0.98133 -0.48665 0.67573 -0.24434 -0.49685
1403637178.388319016 -3.98303 -3.15738 -0.98740 0.48300 -0.67045 0.23365 0.51247
1403637178.488318920 -4.06043 -3.24218 -0.99312 0.47990 -0.66852 0.22738 0.52064
1403637178.588319063 -4.11907 -3.33773 -0.98722 0.47510 -0.67072 0.22824 0.52185
1403637178.688318968 -4.15966 -3.44447 -0.98707 0.46438 -0.67521 0.24355 0.51877
1403637178.788319111 -4.18471 -3.55589 -0.98752 0.45078 -0.67615 0.26439 0.51934
1403637178.888319016 -4.19873 -3.66907 -0.99321 0.43887 -0.67717 0.28312 0.51833
1403637178.988318920 -4.20367 -3.78177 -1.00341 0.43032 -0.67781 0.29746 0.51664
1403637179.088319063 -4.20055 -3.89055 -1.02210 0.42718 -0.67822 0.30455 0.51458
1403637179.188318968 -4.19184 -3.99044 -1.03955 0.43002 -0.68192 0.30329 0.50802
1403637179.288319111 -4.17700 -4.08817 -1.05580 0.43617 -0.68339 0.29838 0.50369
1403637179.488318920 -4.12709 -4.27330 -1.03356 0.44249 -0.68319 0.29388 0.50109
1403637179.588319063 -4.09513 -4.36613 -1.01858 0.44255 -0.68233 0.29479 0.50167
1403637179.788319111 -4.01249 -4.54830 -1.03110 0.44488 -0.67830 0.28800 0.50897
1403637179.888319016 -3.96351 -4.64282 -1.07499 0.45117 -0.67011 0.27594 0.52082
1403637180.088319063 -3.82897 -4.82829 -1.18727 0.44843 -0.67107 0.27868 0.52049
1403637180.188318968 -3.74359 -4.92119 -1.23913 0.44166 -0.67846 0.29026 0.51028
1403637180.288319111 -3.65171 -5.01214 -1.28067 0.43725 -0.68398 0.29867 0.50177
1403637180.388319016 -3.55594 -5.09987 -1.31307 -0.43617 0.69028 -0.30162 -0.49223
1403637180.488318920 -3.45815 -5.18598 -1.34125 -0.44034 0.70109 -0.29547 -0.47673
1403637180.588319063 -3.36132 -5.27445 -1.36000 -0.44389 0.70658 -0.28905 -0.46921
1403637180.688318968 -3.26607 -5.36971 -1.36605 -0.44694 0.69672 -0.28363 -0.48412
1403637180.788319111 -3.16801 -5.46814 -1.36545 -0.44393 0.69029 -0.28468 -0.49536
1403637180.888319016 -3.06382 -5.56980 -1.35832 0.44549 -0.68380 0.27736 0.50698
1403637180.988318920 -2.95991 -5.66852 -1.34442 0.44785 -0.67969 0.26762 0.51559
1403637181.088319063 -2.84304 -5.76990 -1.32273 0.44808 -0.67869 0.26093 0.52010
1403637181.188318968 -2.71533 -5.87220 -1.29430 0.43830 -0.68485 0.27119 0.51510
1403637181.288319111 -2.57907 -5.97381 -1.25790 0.42576 -0.68917 0.28556 0.51209
1403637181.388319016 -2.43869 -6.07321 -1.21494 0.41903 -0.68697 0.29140 0.51727
1403637181.488318920 -2.29437 -6.16822 -1.16574 0.41874 -0.68625 0.28863 0.52002
1403637181.588319063 -2.14532 -6.25920 -1.11246 0.41903 -0.69050 0.28419 0.51659
1403637181.688318968 -1.99063 -6.34764 -1.05240 0.41772 -0.69478 0.28124 0.51352
1403637181.788319111 -1.83367 -6.43514 -0.99190 0.41178 -0.69858 0.28525 0.51094
1403637181.888319016 -1.67533 -6.52278 -0.93703 0.40665 -0.69984 0.28965 0.51084
1403637181.988318920 -1.51735 -6.60805 -0.88851 0.40484 -0.70048 0.29122 0.51052
1403637182.088319063 -1.35833 -6.69085 -0.84352 0.40283 -0.69683 0.29470 0.51507
1403637182.188318968 -1.19850 -6.76995 -0.80167 0.39844 -0.69439 0.30376 0.51652
1403637182.288319111 -1.03909 -6.84327 -0.76501 0.39270 -0.69247 0.31614 0.51608
1403637182.388319016 -0.88037 -6.90797 -0.73198 0.38905 -0.68942 0.32522 0.51727
1403637182.488318920 -0.72281 -6.96157 -0.69859 0.38769 -0.68242 0.33070 0.52406
1403637182.588319063 -0.56561 -7.00270 -0.65889 0.39178 -0.67650 0.32754 0.53063
1403637182.688318968 -0.40597 -7.03017 -0.61338 0.39410 -0.67591 0.32602 0.53061
1403637182.788319111 -0.24370 -7.04537 -0.56540 0.39178 -0.67773 0.33015 0.52743
1403637182.888319016 -0.08016 -7.04959 -0.52289 0.38750 -0.68065 0.33503 0.52374
1403637182.988318920 0.08292 -7.04273 -0.48885 0.38133 -0.68343 0.34212 0.52006
1403637183.088319063 0.24485 -7.02362 -0.46990 0.37430 -0.68655 0.35033 0.51558
1403637183.188318968 0.40365 -6.99444 -0.46750 0.36965 -0.68954 0.35590 0.51111
1403637183.288319111 0.55724 -6.94992 -0.47794 0.36716 -0.69207 0.35897 0.50732
1403637183.388319016 0.70527 -6.89356 -0.49260 0.36455 -0.69501 0.36153 0.50335
1403637183.488318920 0.84592 -6.82433 -0.50984 0.36316 -0.69540 0.36174 0.50367
1403637183.588319063 0.97879 -6.74038 -0.53101 0.36098 -0.69736 0.36410 0.50081
1403637183.688318968 1.10450 -6.64255 -0.55501 -0.35795 0.69847 -0.36705 -0.49928
1403637183.788319111 1.22196 -6.52875 -0.58221 -0.35568 0.70462 -0.37036 -0.48974
1403637183.988318920 1.41584 -6.26638 -0.61897 -0.35152 0.71849 -0.37493 -0.46866
1403637184.088319063 1.48845 -6.11511 -0.62549 -0.34992 0.72284 -0.37541 -0.46274
1403637184.288319111 1.58667 -5.77659 -0.62059 -0.36318 0.72097 -0.35529 -0.47125
1403637184.388319016 1.61850 -5.59754 -0.63411 -0.37738 0.71877 -0.33523 -0.47809
1403637184.488318920 1.64289 -5.41633 -0.65732 -0.38883 0.72026 -0.31990 -0.47717
1403637184.588319063 1.66131 -5.23503 -0.68574 -0.39743 0.72483 -0.30881 -0.47043
1403637184.688318968 1.67656 -5.05528 -0.71643 -0.40338 0.72937 -0.30136 -0.46312
1403637184.788319111 1.68430 -4.87967 -0.74400 -0.40730 0.73375 -0.29667 -0.45574
1403637184.888319016 1.68643 -4.71065 -0.76464 -0.40964 0.73604 -0.29359 -0.45193
1403637184.988318920 1.67962 -4.55207 -0.77612 -0.41154 0.73748 -0.29141 -0.44927
1403637185.088319063 1.66766 -4.39704 -0.78435 -0.41446 0.73806 -0.28770 -0.44802
1403637185.188318968 1.64616 -4.25550 -0.78077 -0.41433 0.73895 -0.28689 -0.44719
1403637185.288319111 1.61468 -4.11521 -0.77680 -0.41686 0.74022 -0.28335 -0.44499
1403637185.388319016 1.57086 -3.99158 -0.76110 -0.42291 0.74114 -0.27466 -0.44320
1403637185.488318920 1.52091 -3.88274 -0.73497 -0.42760 0.74175 -0.26719 -0.44225
1403637185.588319063 1.46596 -3.79065 -0.70003 -0.42648 0.73926 -0.26751 -0.44728
1403637185.688318968 1.40655 -3.71185 -0.66049 -0.42032 0.73125 -0.27586 -0.46098
1403637185.788319111 1.34380 -3.64185 -0.62456 -0.41686 0.72275 -0.28036 -0.47462
1403637185.888319016 1.27794 -3.57885 -0.59751 -0.41701 0.71714 -0.27993 -0.48317
1403637185.988318920 1.21187 -3.52215 -0.57816 -0.41489 0.71336 -0.28274 -0.48892
1403637186.088319063 1.14550 -3.46818 -0.55972 -0.41239 0.70965 -0.28662 -0.49414
1403637186.188318968 1.08141 -3.41514 -0.53564 -0.41140 0.70848 -0.28854 -0.49553
1403637186.388319016 0.96002 -3.32153 -0.46208 -0.41047 0.70673 -0.29007 -0.49790
1403637186.588319063 0.84766 -3.23471 -0.36194 -0.40185 0.70836 -0.30077 -0.49627
1403637186.788319111 0.73750 -3.14392 -0.27402 -0.39673 0.71675 -0.30496 -0.48567
1403637186.988318920 0.61812 -3.04716 -0.22184 -0.38251 0.72923 -0.32306 -0.46642
1403637187.188318968 0.47104 -2.94294 -0.19569 -0.37827 0.72561 -0.32676 -0.47289
1403637187.288319111 0.38378 -2.88635 -0.19378 -0.38224 0.72944 -0.31227 -0.47360
1403637187.388319016 0.29168 -2.83064 -0.19713 -0.38858 0.73416 -0.29442 -0.47259
1403637187.488318920 0.19507 -2.77830 -0.20155 -0.39205 0.73778 -0.28185 -0.47174
1403637187.588319063 0.09627 -2.72952 -0.20857 -0.39252 0.74111 -0.27522 -0.47003
1403637187.688318968 -0.00636 -2.68703 -0.21674 -0.38984 0.74410 -0.27441 -0.46802
1403637187.788319111 -0.11350 -2.64891 -0.22619 -0.38813 0.74659 -0.27335 -0.46610
1403637187.888319016 -0.22557 -2.61760 -0.23880 -0.38815 0.74899 -0.27116 -0.46349
1403637187.988318920 -0.34164 -2.59314 -0.25355 -0.38993 0.74743 -0.26760 -0.46658
1403637188.088319063 -0.46185 -2.57529 -0.27082 -0.39167 0.74404 -0.26441 -0.47231
1403637188.188318968 -0.58452 -2.56405 -0.28953 -0.39404 0.73773 -0.26105 -0.48201
1403637188.388319016 -0.82734 -2.56082 -0.33118 0.39281 -0.72369 0.26192 0.50337
1403637188.488318920 -0.94370 -2.56397 -0.35646 0.38756 -0.72062 0.26754 0.50884
1403637188.588319063 -1.05788 -2.56692 -0.38683 0.37728 -0.72232 0.27210 0.51174
1403637188.688318968 -1.16856 -2.57118 -0.41994 0.36181 -0.72790 0.27586 0.51299
1403637188.788319111 -1.27890 -2.57360 -0.45707 0.34062 -0.73694 0.28039 0.51213
1403637188.888319016 -1.39028 -2.57265 -0.49561 0.32322 -0.74582 0.27837 0.51166
1403637188.988318920 -1.50790 -2.55553 -0.53471 0.31542 -0.75243 0.26930 0.51170
1403637189.188318968 -1.72759 -2.55011 -0.57741 0.31908 -0.76570 0.24018 0.50419
1403637189.288319111 -1.85052 -2.53915 -0.60465 -0.31594 0.77172 -0.23834 -0.49782
1403637189.388319016 -1.97256 -2.53249 -0.64446 0.30958 -0.76917 0.24538 0.50232
1403637189.488318920 -2.09908 -2.52529 -0.68047 0.30661 -0.76126 0.25056 0.51351
1403637189.588319063 -2.22420 -2.52556 -0.71414 0.30988 -0.75493 0.24886 0.52166
1403637189.688318968 -2.35675 -2.51041 -0.73919 0.31414 -0.75035 0.24570 0.52719
1403637189.788319111 -2.48477 -2.49763 -0.75564 0.31796 -0.75106 0.24347 0.52492
1403637189.888319016 -2.60641 -2.48307 -0.75855 0.32077 -0.75083 0.24097 0.52469
1403637189.988318920 -2.72878 -2.46446 -0.75408 0.32075 -0.74891 0.24115 0.52735
1403637190.088319063 -2.84478 -2.44772 -0.74449 0.31992 -0.74635 0.24084 0.53161
1403637190.188318968 -2.95991 -2.43100 -0.73025 0.31878 -0.74520 0.24078 0.53393
1403637190.288319111 -3.07212 -2.41561 -0.71134 0.31651 -0.74484 0.24198 0.53524
1403637190.388319016 -3.18106 -2.39888 -0.68673 0.31469 -0.74568 0.24222 0.53503
1403637190.488318920 -3.28660 -2.38150 -0.65724 0.31230 -0.74556 0.24375 0.53591
1403637190.588319063 -3.38912 -2.36205 -0.63005 0.31404 -0.74486 0.23941 0.53781
1403637190.788319111 -3.57638 -2.31712 -0.59350 0.33156 -0.73790 0.24223 0.53562
1403637190.988318920 -3.74602 -2.27090 -0.57648 0.34132 -0.73241 0.26246 0.52744
1403637191.288319111 -3.98107 -2.18443 -0.59118 0.35107 -0.72576 0.27084 0.52599
1403637191.488318920 -4.12323 -2.11720 -0.61281 0.35374 -0.72290 0.26813 0.52952
1403637191.588319063 -4.18835 -2.08178 -0.61470 0.35675 -0.72220 0.26149 0.53177
1403637191.688318968 -4.24721 -2.04476 -0.60933 0.35989 -0.72824 0.25308 0.52545
1403637191.788319111 -4.30049 -2.00877 -0.59773 0.36197 -0.73410 0.24684 0.51879
1403637191.888319016 -4.35209 -1.97650 -0.58073 0.36789 -0.73337 0.23554 0.52091
1403637191.988318920 -4.39932 -1.94919 -0.55635 0.37346 -0.73096 0.22503 0.52496
1403637192.188318968 -4.47421 -1.91076 -0.48890 0.37462 -0.74182 0.21787 0.51177
1403637192.388319016 -4.53467 -1.90901 -0.40007 0.38150 -0.73798 0.20618 0.51704
1403637192.588319063 -4.57806 -1.94337 -0.32997 0.36971 -0.75062 0.22165 0.50076
1403637192.788319111 -4.61626 -2.00758 -0.28282 -0.36483 0.75625 -0.22899 -0.49249
1403637192.888319016 -4.64108 -2.05035 -0.26321 -0.36443 0.75221 -0.23157 -0.49774
1403637192.988318920 -4.66624 -2.09918 -0.23603 0.36355 -0.74797 0.23548 0.50292
1403637193.088319063 -4.69130 -2.15313 -0.20151 0.35942 -0.74966 0.24252 0.50001
1403637193.188318968 -4.71648 -2.20980 -0.16364 -0.34886 0.76043 -0.25675 -0.48386
1403637193.288319111 -4.74686 -2.26787 -0.12689 -0.34312 0.76643 -0.26389 -0.47456
1403637193.388319016 -4.78621 -2.32780 -0.10374 -0.34912 0.76034 -0.25512 -0.48467
1403637193.488318920 -4.83074 -2.39025 -0.09065 -0.35524 0.75231 -0.24675 -0.49694
1403637193.588319063 -4.87659 -2.45478 -0.07621 0.36136 -0.74717 0.23934 0.50385
1403637193.788319111 -4.96967 -2.59692 -0.02797 0.36756 -0.74336 0.23191 0.50847
1403637193.988318920 -5.05442 -2.75638 0.03103 0.36657 -0.73973 0.23388 0.51354
1403637194.088319063 -5.09157 -2.83921 0.04394 0.36351 -0.73627 0.23766 0.51893
1403637194.288319111 -5.15961 -3.01101 0.04116 0.36153 -0.73765 0.23918 0.51765
1403637194.488318920 -5.21521 -3.19040 0.05059 0.36187 -0.74098 0.23739 0.51346
1403637194.688318968 -5.26566 -3.38386 0.09038 0.36252 -0.74461 0.23415 0.50923
1403637194.888319016 -5.31137 -3.58897 0.13694 0.36224 -0.75082 0.23076 0.50181
1403637194.988318920 -5.33581 -3.69759 0.15291 0.35839 -0.74824 0.23549 0.50620
1403637195.088319063 -5.35895 -3.80811 0.16384 0.35568 -0.74257 0.23902 0.51473
1403637195.188318968 -5.38118 -3.91869 0.16751 0.35314 -0.73743 0.24231 0.52228
1403637195.288319111 -5.40236 -4.02967 0.16462 0.35157 -0.73395 0.24441 0.52724
1403637195.388319016 -5.42068 -4.13920 0.15719 0.35121 -0.73186 0.24563 0.52981
1403637195.488318920 -5.43398 -4.24817 0.15197 0.35375 -0.73027 0.25034 0.52810
1403637195.588319063 -5.44291 -4.35569 0.15343 0.36015 -0.72837 0.25460 0.52435
1403637195.688318968 -5.44880 -4.46024 0.16418 0.36507 -0.72512 0.25924 0.52318
1403637195.788319111 -5.45166 -4.56166 0.17939 0.37051 -0.72225 0.25996 0.52297
1403637195.988318920 -5.44430 -4.75984 0.21527 0.38783 -0.71118 0.24440 0.53299
1403637196.088319063 -5.43135 -4.86057 0.22608 0.39499 -0.70262 0.23587 0.54284
1403637196.188318968 -5.40825 -4.96336 0.23380 0.39883 -0.69038 0.23045 0.55786
1403637196.288319111 -5.37165 -5.06691 0.23715 0.39900 -0.67947 0.22939 0.57140
1403637196.388319016 -5.31856 -5.17145 0.23516 0.39898 -0.67165 0.22682 0.58159
1403637196.488318920 -5.24727 -5.27314 0.22658 0.39712 -0.67011 0.22741 0.58440
1403637196.588319063 -5.15731 -5.37342 0.21332 0.39346 -0.67225 0.23092 0.58304
1403637196.688318968 -5.04942 -5.47140 0.19645 0.38944 -0.67722 0.23470 0.57847
1403637196.788319111 -4.92524 -5.56654 0.17362 0.38433 -0.68195 0.24043 0.57395
1403637196.888319016 -4.78661 -5.65711 0.14764 0.38306 -0.68127 0.23954 0.57598
1403637196.988318920 -4.63316 -5.74334 0.11865 0.37691 -0.68371 0.24821 0.57348
1403637197.088319063 -4.46638 -5.82552 0.09267 0.37515 -0.68834 0.26083 0.56340
1403637197.188318968 -4.28800 -5.90114 0.07360 0.38150 -0.69011 0.27348 0.55083
1403637197.288319111 -4.10133 -5.97037 0.06247 0.39627 -0.68798 0.28729 0.53583
1403637197.388319016 -3.90882 -6.03345 0.05951 0.41613 -0.68172 0.30453 0.51901
1403637197.488318920 -3.71347 -6.09135 0.06383 0.44488 -0.66941 0.31988 0.50164
1403637197.588319063 -3.51629 -6.14494 0.07514 -0.47981 0.65058 -0.33389 -0.48482
1403637197.688318968 -3.31712 -6.19315 0.09250 -0.51259 0.62713 -0.35265 -0.46861
1403637197.788319111 -3.11706 -6.23678 0.11762 -0.54321 0.59986 -0.36945 -0.45673
1403637197.888319016 -2.91346 -6.27540 0.14930 0.57146 -0.56998 0.38372 0.44867
1403637197.988318920 -2.70461 -6.31095 0.18470 0.59425 -0.54459 0.39779 0.43823
1403637198.088319063 -2.49085 -6.33851 0.22812 0.61228 -0.52274 0.41232 0.42643
1403637198.188318968 -2.27075 -6.36233 0.27917 0.62859 -0.50342 0.42482 0.41349
1403637198.288319111 -2.04570 -6.38057 0.33701 0.64429 -0.48247 0.43550 0.40307
1403637198.388319016 -1.81587 -6.39703 0.39182 0.65786 -0.46040 0.44484 0.39669
1403637198.488318920 -1.58134 -6.40506 0.44863 0.66636 -0.44198 0.45165 0.39576
1403637198.588319063 -1.34074 -6.40205 0.49636 0.67130 -0.42851 0.45475 0.39866
1403637198.688318968 -1.10552 -6.40621 0.50774 0.67358 -0.42173 0.45655 0.40000
1403637198.788319111 -0.85497 -6.39177 0.51141 0.67297 -0.41999 0.45992 0.39898
1403637198.888319016 -0.59804 -6.36726 0.50507 0.66558 -0.41856 0.47066 0.40036
1403637198.988318920 -0.33760 -6.32791 0.49127 0.65471 -0.42210 0.48774 0.39407
1403637199.088319063 -0.07570 -6.27500 0.47982 0.65157 -0.42520 0.49987 0.38051
1403637199.188318968 0.18269 -6.20526 0.47413 0.65712 -0.42435 0.50552 0.36410
1403637199.288319111 0.43588 -6.12212 0.47492 0.66608 -0.41439 0.51118 0.35115
1403637199.388319016 0.68486 -6.02605 0.48230 0.67589 -0.39688 0.51910 0.34088
1403637199.488318920 0.92882 -5.91853 0.49239 0.68660 -0.37602 0.52845 0.32852
1403637199.588319063 1.16991 -5.80171 0.50023 0.69691 -0.35551 0.53811 0.31362
1403637199.688318968 1.40531 -5.67305 0.49986 0.70217 -0.33783 0.55402 0.29309
1403637199.788319111 1.63567 -5.53573 0.48921 0.70678 -0.32136 0.57136 0.26596
1403637199.888319016 1.85981 -5.39193 0.45704 0.70808 -0.30280 0.59368 0.23342
1403637199.988318920 2.07210 -5.24443 0.40742 0.70549 -0.28023 0.61953 0.19984
1403637200.088319063 2.26195 -5.09208 0.35249 0.70447 -0.25111 0.64163 0.17022
1403637200.188318968 2.42547 -4.93757 0.29362 0.71065 -0.21735 0.65256 0.14800
1403637200.288319111 2.56439 -4.78177 0.22980 0.72782 -0.18442 0.64639 0.13582
1403637200.388319016 2.67790 -4.62310 0.16564 0.75267 -0.15886 0.62534 0.13115
1403637200.488318920 2.77147 -4.46032 0.11066 0.77427 -0.14556 0.60325 0.12416
1403637200.588319063 2.85352 -4.29370 0.06580 0.78269 -0.14600 0.59536 0.10782
1403637200.788319111 3.00178 -3.97482 0.00439 0.78533 -0.15647 0.59184 0.09223
1403637200.888319016 3.05339 -3.81146 -0.00941 0.78076 -0.16845 0.59476 0.09109
1403637201.088319063 3.14058 -3.51133 -0.02302 0.77801 -0.18413 0.59165 0.10370
1403637201.288319111 3.19633 -3.22561 -0.01396 0.77606 -0.20401 0.58721 0.10632
1403637201.488318920 3.21073 -2.98325 0.00683 0.77103 -0.25278 0.57828 0.08493
1403637201.588319063 3.20558 -2.87567 0.00729 0.76784 -0.27440 0.57350 0.07898
1403637201.788319111 3.16995 -2.71337 -0.00700 0.75947 -0.28827 0.57597 0.09140
1403637202.088319063 3.03875 -2.57839 -0.01249 0.76269 -0.29274 0.56925 0.09254
1403637202.188318968 2.97452 -2.56452 -0.00422 0.77254 -0.29223 0.55656 0.08956
1403637202.288319111 2.90462 -2.56538 0.00549 0.78513 -0.27899 0.54256 0.10663
1403637202.388319016 2.83370 -2.57680 0.01007 0.79434 -0.26672 0.53199 0.12195
1403637202.588319063 2.70649 -2.63034 0.01710 0.79155 -0.25605 0.53823 0.13491
1403637202.788319111 2.58995 -2.70236 0.05493 0.78403 -0.24572 0.55045 0.14805
1403637202.888319016 2.54054 -2.75375 0.06673 0.78450 -0.23904 0.54989 0.15824
1403637203.088319063 2.43454 -2.83162 0.09202 0.78534 -0.23312 0.54820 0.16846
1403637203.288319111 2.33939 -2.90864 0.09266 0.78423 -0.23333 0.54899 0.17073
1403637203.588319063 2.21549 -3.00731 0.06923 0.78317 -0.23308 0.54958 0.17401
1403637203.888319016 2.11031 -3.07974 0.01725 0.78127 -0.23398 0.55107 0.17661
1403637204.188318968 2.03258 -3.12398 -0.05170 0.78110 -0.23499 0.55057 0.17758
1403637204.488318920 1.94512 -3.13787 -0.05208 0.77536 -0.24085 0.55738 0.17359
1403637204.788319111 1.87348 -3.14387 0.00765 0.77620 -0.24647 0.55280 0.17657
1403637205.088319063 1.80340 -3.12234 0.01674 0.78316 -0.25053 0.54146 0.17525
1403637205.388319016 1.75407 -3.09841 -0.00315 0.78705 -0.23954 0.54251 0.16988
1403637205.588319063 1.73341 -3.08024 0.00406 0.78590 -0.22588 0.55094 0.16673
1403637205.888319016 1.71534 -3.03922 -0.01657 0.78671 -0.21947 0.55381 0.16188
1403637206.188318968 1.70651 -2.97999 -0.03958 0.78473 -0.22350 0.55781 0.15198
1403637206.888319016 1.66995 -2.84153 0.03588 0.78099 -0.22538 0.56145 0.15499
1403637207.688318968 1.54999 -2.65945 0.02919 0.78437 -0.24316 0.55217 0.14405
1403637208.088319063 1.46848 -2.59360 0.07328 0.78378 -0.23541 0.55225 0.15906
1403637208.488318920 1.39731 -2.54395 0.17145 0.77938 -0.24385 0.55643 0.15327
1403637208.888319016 1.31628 -2.50877 0.18007 0.77859 -0.23663 0.55689 0.16636
1403637209.088319063 1.27773 -2.48462 0.14898 0.78313 -0.22241 0.55018 0.18584
1403637209.288319111 1.24839 -2.44087 0.12163 0.79014 -0.21197 0.55159 0.16277
1403637209.388319016 1.24276 -2.40451 0.11330 0.79654 -0.20552 0.54890 0.14831
1403637209.488318920 1.23038 -2.38482 0.11849 0.80483 -0.19954 0.54142 0.13894
1403637209.588319063 1.22689 -2.35888 0.13021 0.81646 -0.19447 0.52743 0.13185
1403637209.688318968 1.23066 -2.33231 0.14091 0.82548 -0.19166 0.51588 0.12535
1403637209.888319016 1.27175 -2.29581 0.18120 0.83287 -0.19085 0.50576 0.11876
1403637210.088319063 1.35246 -2.27473 0.18449 0.84363 -0.19357 0.48731 0.11552
1403637210.188318968 1.41027 -2.26798 0.16385 0.84928 -0.19638 0.47695 0.11258
1403637210.288319111 1.48503 -2.27065 0.13567 0.85393 -0.19763 0.46843 0.11099
1403637210.488318920 1.69305 -2.30286 0.08165 0.85243 -0.19678 0.47135 0.11164
1403637210.588319063 1.82255 -2.33179 0.05801 0.84471 -0.19462 0.48540 0.11388
1403637210.688318968 1.96581 -2.36387 0.02966 0.83788 -0.19304 0.49760 0.11434
1403637210.788319111 2.11822 -2.40101 -0.00024 0.83330 -0.19518 0.50558 0.10915
1403637210.988318920 2.44870 -2.48936 -0.06512 0.81853 -0.20427 0.52827 0.09597
1403637211.188318968 2.79124 -2.59812 -0.14627 0.80539 -0.20527 0.54703 0.09981
1403637211.288319111 2.96215 -2.66475 -0.18908 0.80021 -0.20105 0.55414 0.11035
1403637211.488318920 3.29287 -2.79953 -0.28420 0.79166 -0.19887 0.56470 0.12183
1403637211.588319063 3.45227 -2.86600 -0.33418 0.79426 -0.20114 0.56064 0.11993
1403637211.788319111 3.76340 -3.00846 -0.41778 0.80181 -0.20949 0.54927 0.10731
1403637211.988318920 4.06941 -3.16106 -0.45501 0.80559 -0.21322 0.54298 0.10359
1403637212.088319063 4.22178 -3.24750 -0.46284 0.79972 -0.20735 0.55174 0.11419
1403637212.188318968 4.36655 -3.32752 -0.46262 0.79132 -0.20293 0.56362 0.12231
1403637212.388319016 4.66351 -3.50968 -0.45272 0.78352 -0.20110 0.57347 0.12953
1403637212.588319063 4.93144 -3.67309 -0.42120 0.78898 -0.20440 0.56437 0.13122
1403637212.688318968 5.06178 -3.75259 -0.40244 0.79457 -0.20652 0.55582 0.13069
1403637212.888319016 5.31997 -3.91407 -0.35771 0.79999 -0.20405 0.54774 0.13549
1403637213.088319063 5.57974 -4.07590 -0.30707 0.80130 -0.20018 0.54706 0.13626
1403637213.188318968 5.71261 -4.15773 -0.28873 0.80177 -0.20127 0.54716 0.13139
1403637213.288319111 5.84485 -4.23932 -0.27563 0.80163 -0.20139 0.54794 0.12885
1403637213.388319016 5.97765 -4.32041 -0.26668 0.80018 -0.20042 0.55026 0.12946
1403637213.488318920 6.10904 -4.39959 -0.26303 0.79778 -0.19935 0.55374 0.13106
1403637213.688318968 6.37142 -4.55179 -0.26962 0.79831 -0.18675 0.55284 0.14898
1403637213.888319016 6.63025 -4.68559 -0.29753 0.80203 -0.17958 0.54759 0.15695
1403637214.088319063 6.89945 -4.79654 -0.32439 0.79754 -0.17414 0.55712 0.15240
1403637214.188318968 7.04106 -4.84432 -0.32746 0.79455 -0.17057 0.56599 0.13874
1403637214.288319111 7.18158 -4.88720 -0.32292 0.79319 -0.15882 0.57359 0.12893
1403637214.388319016 7.31674 -4.92378 -0.31184 0.79202 -0.13857 0.58211 0.12105
1403637214.488318920 7.44603 -4.95207 -0.29622 0.79354 -0.10989 0.58710 0.11635
1403637214.588319063 7.56892 -4.97080 -0.27583 0.79467 -0.08031 0.59101 0.11298
1403637214.688318968 7.68520 -4.97784 -0.24950 0.79349 -0.05432 0.59554 0.11292
1403637214.788319111 7.79664 -4.97101 -0.21877 0.79190 -0.03504 0.59888 0.11403
1403637214.988318920 8.00309 -4.91089 -0.15993 0.79065 -0.02305 0.60249 0.10651
1403637215.088319063 8.09666 -4.86014 -0.13936 0.78835 -0.02234 0.60591 0.10428
1403637215.288319111 8.25969 -4.71607 -0.11355 0.78336 -0.02650 0.61360 0.09555
1403637215.388319016 8.32828 -4.62389 -0.10740 0.77961 -0.02566 0.62025 0.08273
1403637215.588319063 8.42755 -4.40688 -0.09113 0.76911 -0.00808 0.63748 0.04497
1403637215.688318968 8.45293 -4.28752 -0.07607 0.77105 0.01120 0.63611 0.02682
1403637215.788319111 8.46313 -4.16300 -0.05766 0.78062 0.03270 0.62410 0.00786
1403637215.888319016 8.46075 -4.03447 -0.03328 0.78879 0.05336 0.61223 -0.01171
1403637215.988318920 8.44900 -3.90376 -0.00262 0.79412 0.06821 0.60315 -0.03050
1403637216.088319063 8.42969 -3.77206 0.03272 0.79580 0.08123 0.59804 -0.04956
1403637216.188318968 8.40397 -3.64110 0.06635 0.79529 0.09259 0.59551 -0.06562
1403637216.288319111 8.37301 -3.51393 0.09282 0.79392 0.09850 0.59488 -0.07810
1403637216.388319016 8.33756 -3.39180 0.11303 0.79010 0.10176 0.59849 -0.08487
1403637216.488318920 8.29624 -3.27410 0.12698 0.78435 0.10355 0.60534 -0.08737
1403637216.588319063 8.24766 -3.16137 0.13466 0.78015 0.10167 0.61057 -0.09069
1403637216.688318968 8.19249 -3.05309 0.13967 0.77594 0.09663 0.61604 -0.09525
1403637216.788319111 8.12673 -2.95205 0.14209 0.76988 0.09283 0.62405 -0.09607
1403637216.888319016 8.05090 -2.85975 0.14852 0.76485 0.09178 0.63093 -0.09224
1403637217.088319063 7.85599 -2.69593 0.18026 0.77221 0.08373 0.62293 -0.09297
1403637217.188318968 7.74398 -2.62459 0.19328 0.77837 0.07393 0.61499 -0.10225
1403637217.288319111 7.62473 -2.56249 0.19985 0.78129 0.06490 0.61099 -0.10979
1403637217.388319016 7.50002 -2.51086 0.19805 0.78337 0.05800 0.60824 -0.11403
1403637217.588319063 7.23363 -2.44372 0.17738 0.78177 0.05911 0.61006 -0.11478
1403637217.688318968 7.09508 -2.42523 0.16092 0.77551 0.07797 0.61730 -0.10701
1403637217.888319016 6.79127 -2.40407 0.14167 0.76415 0.13712 0.62189 -0.10261
1403637217.988318920 6.62300 -2.39796 0.14042 0.76393 0.15815 0.61563 -0.11134
1403637218.088319063 6.44505 -2.39656 0.14439 0.76582 0.17201 0.60747 -0.12215
1403637218.188318968 6.25863 -2.39854 0.14813 0.76690 0.18193 0.60172 -0.12924
1403637218.288319111 6.06691 -2.40373 0.14589 0.76744 0.18847 0.59808 -0.13346
1403637218.388319016 5.87100 -2.40818 0.13748 0.76663 0.19230 0.59766 -0.13456
1403637218.588319063 5.45747 -2.42494 0.11423 0.76585 0.19381 0.59820 -0.13442
1403637218.688318968 5.24670 -2.43250 0.11019 0.76945 0.19368 0.59433 -0.13119
1403637218.788319111 5.03119 -2.44342 0.10987 0.77374 0.19092 0.58956 -0.13150
1403637218.888319016 4.81343 -2.45624 0.09557 0.77587 0.19489 0.58751 -0.12198
1403637218.988318920 4.59242 -2.46863 0.06738 0.77553 0.19941 0.58818 -0.11332
1403637219.088319063 4.36904 -2.47864 0.02928 0.77554 0.20196 0.58824 -0.10826
1403637219.288319111 3.90701 -2.48024 -0.03794 0.77743 0.20028 0.58626 -0.10857
1403637219.388319016 3.66956 -2.47650 -0.06126 0.77980 0.19817 0.58358 -0.10988
1403637219.488318920 3.43011 -2.46835 -0.07760 0.78658 0.19657 0.57462 -0.11166
1403637219.588319063 3.19014 -2.45767 -0.08619 0.79608 0.19563 0.56173 -0.11159
1403637219.788319111 2.72473 -2.42316 -0.07906 0.80684 0.19331 0.54692 -0.11189
1403637219.888319016 2.50506 -2.39827 -0.06691 0.81015 0.19373 0.54200 -0.11122
1403637220.088319063 2.08802 -2.33203 -0.02208 0.81138 0.19276 0.54020 -0.11263
1403637220.288319111 1.69678 -2.24770 0.04690 0.81111 0.18841 0.54083 -0.11877
1403637220.488318920 1.33766 -2.15543 0.13812 0.80806 0.17514 0.54598 -0.13519
1403637220.688318968 1.00536 -2.07320 0.21150 0.80595 0.17031 0.54932 -0.14029
1403637220.788319111 0.84860 -2.03641 0.23839 0.80650 0.17114 0.54869 -0.13860
1403637220.988318920 0.55038 -1.96576 0.27746 0.80887 0.17056 0.54596 -0.13626
1403637221.188318968 0.28201 -1.91240 0.29222 0.81673 0.15874 0.54110 -0.12233
1403637221.388319016 0.04330 -1.86860 0.28736 0.82239 0.13587 0.54264 -0.10373
1403637221.588319063 -0.16768 -1.82035 0.26782 0.82542 0.11894 0.54355 -0.09538
1403637221.888319016 -0.42843 -1.75843 0.20037 0.82940 0.10228 0.54217 -0.08768
1403637222.088319063 -0.56694 -1.73190 0.13682 0.83349 0.07371 0.54322 -0.06900
1403637222.288319111 -0.67285 -1.71300 0.06003 0.83255 0.03623 0.55120 -0.04156
1403637222.488318920 -0.75310 -1.69814 -0.01997 0.81949 0.01293 0.57240 -0.02518
1403637222.888319016 -0.88770 -1.68097 -0.09729 0.82512 0.00214 0.56473 -0.01569
1403637222.988318920 -0.91245 -1.67956 -0.09811 0.83128 0.00350 0.55561 -0.01593
1403637223.288319111 -0.95103 -1.68136 -0.04460 0.83166 0.01054 0.55491 -0.01757
1403637223.488318920 -0.94324 -1.68282 0.02541 0.82226 0.01719 0.56855 -0.01829
1403637223.788319111 -0.91721 -1.68475 0.12589 0.81668 0.02127 0.57642 -0.01801
1403637224.288319111 -0.87308 -1.68246 0.16123 0.81379 0.02353 0.58050 -0.01444
1403637225.288319111 -0.86302 -1.63367 0.01075 0.81067 0.02540 0.58479 -0.01390
1403637225.688318968 -0.91030 -1.59079 -0.03158 0.81279 0.02967 0.58163 -0.01405
1403637225.888319016 -0.94079 -1.55813 -0.00626 0.81979 0.03057 0.57168 -0.01372
1403637225.988318920 -0.95408 -1.53758 0.01973 0.81622 0.03071 0.57675 -0.01434
1403637226.288319111 -1.00113 -1.46744 0.09451 0.80920 0.03094 0.58654 -0.01440
1403637226.488318920 -1.04171 -1.41491 0.11271 0.82166 0.03217 0.56893 -0.01236
1403637226.888319016 -1.09773 -1.28340 0.10759 0.82774 0.03103 0.56006 -0.01439
1403637227.088319063 -1.10382 -1.21150 0.08627 0.82408 0.01470 0.56523 -0.03462
1403637227.488318920 -1.08554 -1.11408 0.10174 0.82255 0.01624 0.56794 -0.02420
1403637227.988318920 -1.02508 -1.05804 0.06953 0.81522 0.01326 0.57858 -0.02215
1403637228.188318968 -0.99775 -1.05046 0.03697 0.80765 0.01926 0.58908 -0.01774
1403637228.588319063 -0.98466 -1.02699 0.03306 0.80332 0.02845 0.59475 -0.01172
1403637228.788319111 -1.00297 -1.00706 0.05953 0.81114 0.02629 0.58406 -0.01517
1403637229.288319111 -1.07363 -0.93900 0.06158 0.80910 0.02800 0.58697 -0.00703
1403637229.388319016 -1.09073 -0.92215 0.04811 0.81203 0.01969 0.58326 -0.00457
1403637229.488318920 -1.11257 -0.90648 0.02901 0.81995 -0.00174 0.57238 -0.00708
1403637229.788319111 -1.16734 -0.88266 -0.03442 0.82732 -0.08683 0.55465 0.01907
1403637229.888319016 -1.17616 -0.88891 -0.05706 0.81942 -0.10428 0.56121 0.05217
1403637229.988318920 -1.18294 -0.89835 -0.08110 0.81045 -0.12338 0.56671 0.08238
1403637230.188318968 -1.19485 -0.91227 -0.12652 0.80629 -0.17384 0.55386 0.11365
1403637230.288319111 -1.19575 -0.91845 -0.13757 0.80514 -0.19027 0.54747 0.12579
1403637230.388319016 -1.19143 -0.92415 -0.14031 0.80107 -0.19966 0.54798 0.13470
1403637230.588319063 -1.17442 -0.93290 -0.11971 0.78317 -0.20630 0.56660 0.15182
1403637230.788319111 -1.16729 -0.93500 -0.07952 0.77236 -0.23812 0.56636 0.16122
1403637230.988318920 -1.17156 -0.93890 -0.04151 0.77184 -0.29443 0.53611 0.17367
1403637231.188318968 -1.18117 -0.96004 -0.03379 0.75207 -0.35660 0.51444 0.20632
1403637231.388319016 -1.19292 -1.00493 -0.08376 0.71398 -0.42401 0.49884 0.24819
1403637231.488318920 -1.20081 -1.03518 -0.13179 0.69041 -0.45967 0.49002 0.26816
1403637231.588319063 -1.21279 -1.06953 -0.19508 0.66692 -0.49759 0.47595 0.28475
1403637231.688318968 -1.23004 -1.10910 -0.26368 0.64467 -0.52872 0.45860 0.30748
1403637231.788319111 -1.25080 -1.15647 -0.32537 0.62054 -0.55571 0.44516 0.32856
1403637231.888319016 -1.27554 -1.20916 -0.37929 0.60023 -0.58011 0.42947 0.34460
1403637231.988318920 -1.30445 -1.26669 -0.42335 -0.57981 0.60196 -0.41710 -0.35706
1403637232.088319063 -1.33957 -1.33259 -0.45307 -0.55188 0.61672 -0.41662 -0.37618
1403637232.188318968 -1.38096 -1.39909 -0.47666 -0.52447 0.62992 -0.41560 -0.39422
1403637232.288319111 -1.43115 -1.46272 -0.49352 -0.50518 0.64173 -0.40572 -0.41032
1403637232.388319016 -1.48747 -1.52657 -0.50435 -0.48830 0.65017 -0.39258 -0.42979
1403637232.488318920 -1.55419 -1.57782 -0.50823 -0.46915 0.66221 -0.38067 -0.44325
1403637232.588319063 -1.61680 -1.63296 -0.50901 -0.44727 0.68486 -0.36957 -0.44083
1403637232.688318968 -1.69731 -1.66658 -0.50521 -0.42489 0.70756 -0.35675 -0.43768
1403637232.788319111 -1.78742 -1.70834 -0.49968 -0.40450 0.72863 -0.34225 -0.43399
1403637232.888319016 -1.87856 -1.74907 -0.48393 -0.39413 0.74367 -0.32356 -0.43235
1403637232.988318920 -1.99015 -1.78807 -0.46297 -0.39045 0.75330 -0.30576 -0.43196
1403637233.088319063 -2.10565 -1.83426 -0.43491 -0.39148 0.75865 -0.29047 -0.43224
1403637233.188318968 -2.23486 -1.88635 -0.40900 -0.39547 0.76282 -0.27828 -0.42927
1403637233.288319111 -2.37313 -1.94161 -0.39128 -0.39976 0.76594 -0.27020 -0.42488
1403637233.388319016 -2.51426 -2.01407 -0.37222 -0.40456 0.76874 -0.26485 -0.41859
1403637233.488318920 -2.66746 -2.09383 -0.37280 -0.41398 0.76582 -0.25631 -0.42006
1403637233.588319063 -2.82983 -2.18199 -0.38279 -0.43186 0.74709 -0.24090 -0.44420
1403637233.688318968 -2.99144 -2.28455 -0.41380 -0.44850 0.71922 -0.22687 -0.47969
1403637233.788319111 -3.14297 -2.40069 -0.43134 0.45989 -0.69468 0.21631 0.50905
1403637233.888319016 -3.28411 -2.52549 -0.46151 0.46567 -0.67975 0.20968 0.52642
1403637233.988318920 -3.39991 -2.67518 -0.51171 0.46975 -0.67231 0.20366 0.53466
1403637234.088319063 -3.49420 -2.81828 -0.53743 0.47381 -0.66287 0.19791 0.54493
1403637234.188318968 -3.56802 -2.97722 -0.57725 0.47722 -0.65292 0.19095 0.55632
1403637234.288319111 -3.61157 -3.14555 -0.62331 0.47413 -0.65001 0.19348 0.56148
1403637234.388319016 -3.63472 -3.32548 -0.67059 0.46601 -0.65239 0.20658 0.56085
1403637234.488318920 -3.62716 -3.50833 -0.71499 0.45880 -0.65501 0.22806 0.55539
1403637234.588319063 -3.60002 -3.69566 -0.76740 0.45429 -0.65453 0.25384 0.54843
1403637234.688318968 -3.55287 -3.88198 -0.82217 0.45488 -0.65079 0.27749 0.54088
1403637234.788319111 -3.48912 -4.06340 -0.88210 0.45744 -0.64806 0.30250 0.52845
1403637234.888319016 -3.41261 -4.23846 -0.94174 0.46174 -0.64541 0.32761 0.51276
1403637234.988318920 -3.32854 -4.40495 -0.99639 -0.46965 0.63926 -0.34941 -0.49869
1403637235.088319063 -3.23616 -4.55972 -1.04710 -0.48432 0.62752 -0.36143 -0.49093
1403637235.188318968 -3.14038 -4.70639 -1.08825 -0.50090 0.61431 -0.37189 -0.48314
1403637235.288319111 -3.03964 -4.83927 -1.12201 -0.51608 0.60450 -0.37846 -0.47436
1403637235.388319016 -2.93506 -4.96415 -1.15261 -0.53115 0.60353 -0.37606 -0.46065
1403637235.488318920 -2.82607 -5.08310 -1.17792 -0.54512 0.60647 -0.37268 -0.44288
1403637235.588319063 -2.71328 -5.20014 -1.19546 -0.55807 0.60482 -0.37150 -0.42981
1403637235.688318968 -2.59815 -5.31605 -1.20418 -0.56806 0.59683 -0.37660 -0.42342
1403637235.788319111 -2.48416 -5.43265 -1.20336 -0.57723 0.57870 -0.38483 -0.42874
1403637235.888319016 -2.35636 -5.54894 -1.19448 0.58878 -0.55264 0.39100 0.44164
1403637235.988318920 -2.22246 -5.65946 -1.18171 0.60402 -0.53004 0.39263 0.44727
1403637236.088319063 -2.07641 -5.76210 -1.16377 0.61890 -0.51101 0.39614 0.44599
1403637236.188318968 -1.91605 -5.85390 -1.13920 0.63364 -0.49474 0.40043 0.43976
1403637236.288319111 -1.74042 -5.93728 -1.10271 0.64564 -0.47952 0.40866 0.43151
1403637236.388319016 -1.55162 -6.01053 -1.06148 0.65579 -0.46635 0.42032 0.41928
1403637236.488318920 -1.34873 -6.07558 -1.01763 0.66215 -0.45745 0.43423 0.40464
1403637236.588319063 -1.13522 -6.13710 -0.97530 0.66501 -0.45112 0.44578 0.39437
1403637236.688318968 -0.91483 -6.18887 -0.93259 0.66492 -0.44356 0.45585 0.39158
1403637236.788319111 -0.68769 -6.23106 -0.89513 0.66316 -0.43262 0.47026 0.38976
1403637236.888319016 -0.45348 -6.25894 -0.85479 0.66025 -0.41993 0.49029 0.38386
1403637236.988318920 -0.21894 -6.27113 -0.80592 0.65415 -0.40455 0.51349 0.38047
1403637237.088319063 0.01558 -6.26475 -0.75167 0.64467 -0.39067 0.53722 0.37837
1403637237.188318968 0.25262 -6.24342 -0.69802 0.63815 -0.37945 0.55884 0.36943
1403637237.288319111 0.46120 -6.18466 -0.62665 0.64185 -0.37103 0.57047 0.35346
1403637237.388319016 0.67349 -6.10285 -0.56659 0.64902 -0.36412 0.57505 0.33986
1403637237.488318920 0.87005 -6.01384 -0.48041 0.65415 -0.35905 0.57880 0.32887
1403637237.588319063 1.05322 -5.89482 -0.39916 0.65745 -0.35699 0.58207 0.31860
1403637237.688318968 1.21908 -5.75998 -0.30492 0.65692 -0.35768 0.58813 0.30762
1403637237.788319111 1.36951 -5.61006 -0.21720 0.65676 -0.36241 0.59147 0.29579
1403637237.888319016 1.50485 -5.44721 -0.13274 0.65793 -0.37392 0.58793 0.28574
1403637237.988318920 1.62379 -5.27643 -0.05664 0.65834 -0.39179 0.57922 0.27857
1403637238.088319063 1.72810 -5.09933 0.01083 0.65556 -0.41842 0.56799 0.26936
1403637238.288319111 1.88147 -4.73325 0.12903 0.63123 -0.48409 0.54800 0.25865
1403637238.488318920 1.94355 -4.38056 0.22866 0.58650 -0.55139 0.53011 0.26641
1403637238.588319063 1.93470 -4.21377 0.27144 -0.56495 0.58082 -0.51697 -0.27607
1403637238.688318968 1.90172 -4.05215 0.30869 -0.55204 0.61151 -0.49704 -0.27250
1403637238.788319111 1.84558 -3.90056 0.34284 -0.54900 0.63948 -0.47108 -0.26029
1403637238.888319016 1.76030 -3.76163 0.37282 -0.55071 0.66301 -0.44419 -0.24460
1403637238.988318920 1.64471 -3.64249 0.40290 -0.55593 0.67999 -0.41842 -0.23127
1403637239.088319063 1.49731 -3.54852 0.43703 -0.56441 0.68314 -0.39807 -0.23728
1403637239.188318968 1.32330 -3.48658 0.47569 -0.56955 0.67392 -0.38774 -0.26666
1403637239.288319111 1.13106 -3.45171 0.51524 -0.56543 0.66511 -0.38552 -0.29883
1403637239.388319016 0.92546 -3.43680 0.54839 -0.55441 0.66634 -0.38281 -0.31949
1403637239.488318920 0.71009 -3.43593 0.56844 -0.53821 0.67499 -0.37736 -0.33515
1403637239.588319063 0.48635 -3.44852 0.57208 -0.51873 0.68501 -0.36999 -0.35327
1403637239.688318968 0.25436 -3.46970 0.55698 -0.49760 0.69532 -0.36053 -0.37275
1403637239.788319111 0.01416 -3.50066 0.52907 -0.47464 0.69827 -0.35285 -0.40329
1403637239.888319016 -0.23073 -3.53461 0.48787 -0.45197 0.69703 -0.34228 -0.43899
1403637239.988318920 -0.47702 -3.56772 0.43872 -0.42812 0.69973 -0.33012 -0.46702
1403637240.088319063 -0.72297 -3.60111 0.38413 -0.40418 0.70669 -0.31565 -0.48743
1403637240.188318968 -0.96526 -3.62759 0.32800 0.38036 -0.71818 0.29888 0.50022
1403637240.288319111 -1.20142 -3.64950 0.26554 0.36095 -0.73353 0.27926 0.50366
1403637240.388319016 -1.43220 -3.67191 0.20246 -0.35149 0.74922 -0.25710 -0.49903
1403637240.488318920 -1.65948 -3.70074 0.14510 -0.34959 0.76108 -0.23465 -0.49345
1403637240.588319063 -1.88838 -3.72695 0.10070 -0.34729 0.76683 -0.22291 -0.49160
1403637240.688318968 -2.11259 -3.76573 0.05446 -0.34706 0.76695 -0.21670 -0.49436
1403637240.788319111 -2.33777 -3.80974 0.02646 0.34597 -0.76378 0.21633 0.50014
1403637240.888319016 -2.56100 -3.86405 0.00205 0.34638 -0.75043 0.21925 0.51846
1403637240.988318920 -2.77998 -3.92219 -0.01747 0.34708 -0.74015 0.22272 0.53114
1403637241.088319063 -2.98791 -3.98093 -0.04368 0.34774 -0.74006 0.22665 0.52916
1403637241.188318968 -3.18917 -4.04218 -0.07708 0.35110 -0.74050 0.22820 0.52565
1403637241.288319111 -3.38261 -4.10503 -0.11543 0.35794 -0.73705 0.22428 0.52757
1403637241.388319016 -3.56808 -4.17256 -0.15708 0.36447 -0.73211 0.22020 0.53168
1403637241.488318920 -3.74301 -4.24177 -0.19941 0.37127 -0.72673 0.21498 0.53647
1403637241.588319063 -3.90468 -4.31419 -0.23427 0.37701 -0.71882 0.21108 0.54462
1403637241.688318968 -4.05297 -4.39323 -0.26245 0.37791 -0.71148 0.21383 0.55251
1403637241.788319111 -4.18651 -4.48180 -0.28252 0.37706 -0.70353 0.21823 0.56147
1403637241.888319016 -4.30401 -4.56168 -0.29858 0.37063 -0.69926 0.23003 0.56636
1403637241.988318920 -4.40385 -4.64485 -0.30729 0.35871 -0.69708 0.24993 0.56828
1403637242.088319063 -4.48971 -4.72268 -0.31086 0.35457 -0.69538 0.25470 0.57084
1403637242.188318968 -4.56164 -4.79493 -0.31039 0.35916 -0.69657 0.24578 0.57042
1403637242.388319016 -4.65838 -4.92776 -0.29818 0.36931 -0.69242 0.22542 0.57737
1403637242.588319063 -4.68968 -5.05498 -0.30505 0.37531 -0.68197 0.21961 0.58808
1403637242.688318968 -4.67515 -5.12005 -0.30722 0.38170 -0.67914 0.23075 0.58295
1403637242.788319111 -4.63883 -5.18276 -0.30356 0.38838 -0.67661 0.25053 0.57323
1403637242.888319016 -4.58379 -5.23867 -0.29242 0.39238 -0.67181 0.27027 0.56716
1403637242.988318920 -4.51477 -5.28821 -0.27647 0.39787 -0.66438 0.28122 0.56676
1403637243.088319063 -4.43389 -5.33097 -0.26045 0.40695 -0.66089 0.28057 0.56470
1403637243.188318968 -4.34005 -5.36651 -0.25172 0.41460 -0.66273 0.27744 0.55850
1403637243.288319111 -4.23332 -5.39756 -0.25100 0.41720 -0.66969 0.27879 0.54749
1403637243.388319016 -4.11621 -5.42701 -0.25716 0.41742 -0.67490 0.28104 0.53971
1403637243.488318920 -3.98693 -5.44789 -0.26120 0.41619 -0.67742 0.28327 0.53633
1403637243.588319063 -3.85280 -5.47099 -0.26731 0.41437 -0.68350 0.28562 0.52872
1403637243.688318968 -3.71154 -5.48983 -0.26531 0.41270 -0.69250 0.28714 0.51737
1403637243.788319111 -3.56887 -5.50660 -0.25350 0.40773 -0.70193 0.29205 0.50573
1403637243.888319016 -3.42643 -5.52021 -0.23140 -0.40119 0.71270 -0.29875 -0.49178
1403637243.988318920 -3.28815 -5.53262 -0.20352 -0.39661 0.71840 -0.30236 -0.48496
1403637244.088319063 -3.15835 -5.54372 -0.16422 -0.39452 0.71986 -0.30185 -0.48480
1403637244.188318968 -3.03306 -5.55201 -0.11854 -0.39349 0.71947 -0.29951 -0.48767
1403637244.288319111 -2.91388 -5.56311 -0.06731 -0.39198 0.72039 -0.29873 -0.48801
1403637244.388319016 -2.80027 -5.57145 -0.01199 -0.39199 0.72356 -0.29735 -0.48413
1403637244.488318920 -2.69184 -5.57963 0.04783 -0.39881 0.72312 -0.29531 -0.48046
1403637244.588319063 -2.58953 -5.59276 0.09887 -0.41394 0.71655 -0.29001 -0.48072
1403637244.688318968 -2.48985 -5.60919 0.16648 -0.43137 0.70881 -0.28665 -0.47889
1403637244.788319111 -2.39245 -5.63112 0.21711 -0.44523 0.70213 -0.28785 -0.47532
1403637244.888319016 -2.29470 -5.65580 0.26183 -0.45471 0.69721 -0.29069 -0.47184
1403637244.988318920 -2.20138 -5.69027 0.30312 -0.45990 0.69656 -0.29503 -0.46504
1403637245.088319063 -2.10798 -5.72625 0.33781 -0.45815 0.70434 -0.30305 -0.44962
1403637245.188318968 -2.02016 -5.76705 0.36498 -0.45651 0.71317 -0.30746 -0.43411
1403637245.388319016 -1.86948 -5.86717 0.41225 -0.46406 0.70155 -0.29972 -0.45016
1403637245.488318920 -1.79988 -5.92672 0.42997 -0.46935 0.69514 -0.29835 -0.45550
1403637245.588319063 -1.73210 -5.99233 0.44435 -0.47724 0.68904 -0.30096 -0.45486
1403637245.688318968 -1.66422 -6.06406 0.45269 -0.48790 0.68259 -0.30647 -0.44956
1403637245.888319016 -1.52791 -6.22468 0.45698 -0.51099 0.64838 -0.34128 -0.44946
1403637245.988318920 -1.45721 -6.30842 0.45109 -0.52854 0.62599 -0.36208 -0.44461
1403637246.088319063 -1.38450 -6.39083 0.43970 -0.55075 0.60126 -0.38293 -0.43420
1403637246.188318968 -1.30903 -6.47059 0.42334 0.57600 -0.57363 0.40401 0.41945
1403637246.288319111 -1.23205 -6.54866 0.40135 0.60250 -0.54397 0.42484 0.40075
1403637246.388319016 -1.15008 -6.61935 0.37901 0.63002 -0.50917 0.44362 0.38345
1403637246.488318920 -1.06778 -6.69100 0.35388 0.65652 -0.47046 0.45923 0.36980
1403637246.588319063 -0.98381 -6.75056 0.32222 0.67618 -0.43256 0.47793 0.35672
1403637246.688318968 -0.89873 -6.81062 0.27952 0.69031 -0.39732 0.49871 0.34189
1403637246.788319111 -0.80568 -6.84748 0.25760 0.70427 -0.36499 0.51486 0.32513
1403637246.888319016 -0.71475 -6.87887 0.23163 0.71879 -0.33603 0.52622 0.30582
1403637246.988318920 -0.62021 -6.89673 0.21389 0.73642 -0.31605 0.52707 0.28284
1403637247.088319063 -0.52931 -6.90449 0.19632 0.75084 -0.30551 0.52361 0.26219
1403637247.188318968 -0.43073 -6.90266 0.18422 0.76055 -0.30229 0.51950 0.24558
1403637247.288319111 -0.33891 -6.89960 0.16081 0.76375 -0.30179 0.51984 0.23533
1403637247.388319016 -0.24219 -6.89140 0.13920 0.75407 -0.29649 0.53555 0.23803
1403637247.488318920 -0.14459 -6.87843 0.11434 0.74149 -0.29189 0.55287 0.24359
1403637247.588319063 -0.05027 -6.85662 0.08249 0.74100 -0.28848 0.55491 0.24449
1403637247.688318968 0.03946 -6.82466 0.04661 0.74422 -0.27793 0.55522 0.24621
1403637247.888319016 0.21633 -6.72790 -0.01503 0.75352 -0.24728 0.55784 0.24469
1403637247.988318920 0.30304 -6.66005 -0.03250 0.75336 -0.23772 0.56880 0.22889
1403637248.088319063 0.38339 -6.58148 -0.04518 0.76210 -0.22967 0.56768 0.21024
1403637248.188318968 0.46531 -6.49110 -0.05646 0.77354 -0.22165 0.56155 0.19280
1403637248.388319016 0.61965 -6.29688 -0.08914 0.78532 -0.21114 0.55560 0.17321
1403637248.488318920 0.69430 -6.19498 -0.11240 0.78405 -0.20849 0.55949 0.16957
1403637248.588319063 0.76823 -6.09027 -0.13386 0.77876 -0.20543 0.56760 0.17079
1403637248.688318968 0.83863 -5.98109 -0.15077 0.78028 -0.20562 0.56502 0.17215
1403637248.788319111 0.90575 -5.86774 -0.16014 0.78536 -0.20845 0.55661 0.17305
1403637248.888319016 0.97137 -5.75064 -0.16006 0.78797 -0.21316 0.55119 0.17280
1403637248.988318920 1.03804 -5.63170 -0.15320 0.78832 -0.21839 0.54895 0.17179
1403637249.088319063 1.10650 -5.51155 -0.13858 0.78775 -0.22085 0.54802 0.17419
1403637249.188318968 1.17543 -5.39002 -0.11796 0.78704 -0.22273 0.54778 0.17576
1403637249.288319111 1.24531 -5.26590 -0.09116 0.78537 -0.22493 0.54912 0.17627
1403637249.388319016 1.31497 -5.13972 -0.06420 0.78397 -0.22580 0.55018 0.17805
1403637249.488318920 1.38564 -5.01310 -0.05120 0.78328 -0.22698 0.55082 0.17763
1403637249.588319063 1.45636 -4.88377 -0.05688 0.78305 -0.22756 0.55121 0.17670
1403637249.688318968 1.52451 -4.75261 -0.07658 0.78151 -0.22640 0.55375 0.17703
1403637249.788319111 1.59228 -4.61897 -0.09776 0.77639 -0.22307 0.56195 0.17793
1403637249.888319016 1.65794 -4.48291 -0.11178 0.77404 -0.21700 0.56846 0.17501
1403637249.988318920 1.71879 -4.34370 -0.11643 0.77762 -0.20942 0.56944 0.16491
1403637250.088319063 1.77768 -4.19932 -0.12021 0.78242 -0.20669 0.56845 0.14820
1403637250.188318968 1.83424 -4.05396 -0.12938 0.78754 -0.20045 0.56686 0.13515
1403637250.288319111 1.88523 -3.91508 -0.11539 0.78995 -0.19457 0.56875 0.12104
1403637250.388319016 1.93455 -3.77689 -0.12011 0.79109 -0.19093 0.57079 0.10916
1403637250.488318920 1.97963 -3.63569 -0.13993 0.79263 -0.19098 0.57070 0.09780
1403637250.588319063 2.02552 -3.51779 -0.14232 0.79563 -0.19105 0.56764 0.09090
1403637250.688318968 2.06406 -3.39713 -0.14721 0.79893 -0.18592 0.56515 0.08799
1403637250.788319111 2.10263 -3.28603 -0.14459 0.80123 -0.18085 0.56359 0.08768
1403637250.888319016 2.14104 -3.18294 -0.13041 0.80007 -0.17890 0.56607 0.08632
1403637251.088319063 2.21394 -2.99936 -0.09338 0.80085 -0.17838 0.56646 0.07715
1403637251.288319111 2.27854 -2.84602 -0.02942 0.80498 -0.17319 0.56417 0.06106
1403637251.388319016 2.30824 -2.78395 0.01514 0.80464 -0.15967 0.56815 0.06526
1403637251.588319063 2.36467 -2.68065 0.10296 0.80518 -0.12937 0.57549 0.06140
1403637251.788319111 2.41362 -2.59999 0.15283 0.80632 -0.10994 0.57913 0.04865
1403637251.988318920 2.44256 -2.52129 0.20373 0.80164 -0.09221 0.58807 0.05516
1403637252.288319111 2.46465 -2.42218 0.24011 0.79382 -0.08767 0.59947 0.05287
1403637252.488318920 2.45089 -2.35467 0.23242 0.80199 -0.09286 0.58825 0.04628
1403637252.688318968 2.42365 -2.29286 0.20138 0.80950 -0.09807 0.57742 0.04103
1403637253.088319063 2.36318 -2.21779 0.17701 0.80910 -0.09551 0.57767 0.05026
1403637253.788319111 2.22466 -2.16491 0.15686 0.80530 -0.09042 0.58251 0.06327
1403637254.288319111 2.07515 -2.10960 0.23853 0.80784 -0.07451 0.58166 0.05927
1403637254.388319016 2.04122 -2.09046 0.26508 0.81249 -0.06643 0.57667 0.05386
1403637254.488318920 2.00631 -2.07160 0.28967 0.81579 -0.06026 0.57307 0.04940
1403637254.688318968 1.93092 -2.03375 0.32830 0.81579 -0.05199 0.57437 0.04336
1403637254.888319016 1.86745 -1.98448 0.33709 0.81021 -0.05015 0.58272 0.03845
1403637255.188318968 1.77586 -1.88764 0.31805 0.80806 -0.04127 0.58690 0.02989
1403637255.288319111 1.73547 -1.86730 0.32254 0.80791 -0.03407 0.58788 0.02290
1403637255.488318920 1.65437 -1.80670 0.33493 0.80945 -0.01747 0.58687 0.00817
1403637255.688318968 1.57270 -1.74936 0.32246 0.81091 0.01327 0.58500 -0.00593
1403637255.888319016 1.47346 -1.66890 0.31806 0.81498 0.05075 0.57663 -0.02690
1403637255.988318920 1.41656 -1.63838 0.33796 0.81504 0.06684 0.57424 -0.03854
1403637256.188318968 1.31434 -1.56373 0.37919 0.81213 0.08774 0.57469 -0.04976
1403637256.488318920 1.15971 -1.44154 0.40973 0.80485 0.09485 0.58353 -0.05208
1403637256.688318968 1.04721 -1.34967 0.40155 0.80950 0.08753 0.57786 -0.05589
1403637256.788319111 0.98242 -1.30513 0.39747 0.81672 0.07820 0.56805 -0.06466
1403637256.988318920 0.88156 -1.21307 0.36559 0.81472 0.07797 0.57031 -0.06993
1403637257.188318968 0.78671 -1.12662 0.35849 0.80859 0.09770 0.57584 -0.07105
1403637257.588319063 0.59183 -0.95803 0.40370 0.81068 0.12062 0.56811 -0.07419
1403637257.688318968 0.54546 -0.91470 0.40543 0.81463 0.12089 0.56199 -0.07707
1403637257.988318920 0.43035 -0.76703 0.38305 0.81999 0.13671 0.54772 -0.09450
1403637258.188318968 0.37040 -0.66174 0.36381 0.81093 0.16516 0.54898 -0.11721
1403637258.388319016 0.32461 -0.55305 0.36321 0.79540 0.19274 0.55916 -0.13240
1403637258.488318920 0.30389 -0.49874 0.35403 0.79448 0.19669 0.55626 -0.14385
1403637258.588319063 0.28748 -0.44502 0.33040 0.79598 0.19744 0.55134 -0.15316
1403637258.688318968 0.26824 -0.39517 0.32283 0.79276 0.19901 0.55465 -0.15581
1403637258.788319111 0.25301 -0.34643 0.30410 0.79024 0.19960 0.55774 -0.15686
1403637258.988318920 0.22271 -0.25544 0.27171 0.78865 0.19633 0.56025 -0.16000
1403637259.088319063 0.20912 -0.21564 0.26892 0.78924 0.19450 0.56012 -0.15978
1403637259.288319111 0.18138 -0.14596 0.29568 0.78857 0.19130 0.56189 -0.16076
1403637259.388319016 0.16987 -0.11944 0.31386 0.78934 0.18924 0.56132 -0.16137
1403637259.688318968 0.13494 -0.05491 0.33856 0.78955 0.18069 0.56171 -0.16863
1403637259.888319016 0.11920 -0.03944 0.33756 0.79265 0.18586 0.55810 -0.16027
1403637260.188318968 0.10208 -0.04266 0.30627 0.78883 0.19053 0.56352 -0.15453
1403637260.288319111 0.09704 -0.04977 0.29121 0.78898 0.19639 0.56333 -0.14695
1403637260.488318920 0.08095 -0.06112 0.25611 0.78722 0.20768 0.56530 -0.13263
1403637260.688318968 0.06288 -0.05973 0.20652 0.79819 0.20766 0.54960 -0.13309
1403637260.888319016 0.04684 -0.04631 0.16209 0.79098 0.20419 0.55946 -0.14024
1403637261.088319063 0.02943 -0.02738 0.11685 0.78812 0.20334 0.56319 -0.14265
1403637261.188318968 0.01905 -0.01705 0.09391 0.79499 0.20488 0.55350 -0.14020
1403637261.388319016 0.00280 0.00946 0.06276 0.79686 0.20503 0.55087 -0.13973
1403637261.488318920 -0.00236 0.02538 0.05555 0.79280 0.20033 0.55662 -0.14664
1403637261.588319063 -0.00644 0.04038 0.04908 0.79776 0.20062 0.54961 -0.14580
1403637261.788319111 -0.00536 0.07274 0.05150 0.80099 0.20386 0.54505 -0.14062
1403637261.988318920 0.00699 0.10929 0.06054 0.78919 0.20020 0.56251 -0.14380
1403637262.188318968 0.01788 0.14337 0.03389 0.78656 0.19287 0.56682 -0.15112
1403637262.288319111 0.02103 0.15689 0.00948 0.78694 0.18944 0.56677 -0.15367
1403637262.488318920 0.01263 0.14098 0.00218 0.79016 0.15776 0.57421 -0.14504
1403637262.588319063 0.00717 0.13575 0.00955 0.77320 0.14777 0.59661 -0.15613
1403637262.688318968 0.00873 0.13547 0.00477 0.78349 0.14975 0.58372 -0.15162
