1403636858.651666 0.0000000 0.0000000 0.0000000 -0.0000000 -0.0000000 -0.0000000 1.0000000
1403636859.251667 0.0480477 -0.0709074 -0.0251937 -0.0198096 0.0255782 -0.0004380 0.9994764
1403636860.701667 0.0895929 -0.1034980 -0.0419907 -0.0922356 0.0644823 0.0086302 0.9936097
1403636861.101666 0.0874837 -0.2111539 -0.0763310 -0.0749654 0.0595255 -0.0114164 0.9953425
1403636861.251667 0.0873991 -0.3047940 -0.0955116 -0.0407382 0.0602637 -0.0155267 0.9972300
1403636862.951667 0.0834920 -0.4460084 -0.1228486 -0.0431687 0.0745639 -0.0024479 0.9962785
1403636863.101666 0.0836931 -0.4704725 -0.1340946 -0.0275934 0.0757742 -0.0102510 0.9966905
1403636864.651666 0.0785287 -0.4708873 -0.1344480 -0.0197389 0.0777967 -0.0002699 0.9967738
1403636864.901666 0.0829526 -0.3773098 -0.1076805 -0.0322784 0.0818028 -0.0127603 0.9960440
1403636865.901666 0.0746240 -0.3287658 -0.0868893 -0.0581603 0.0688212 0.0047302 0.9959210
1403636866.101666 0.0664497 -0.4559266 -0.1210967 -0.0056177 0.0726403 0.0061231 0.9973236
1403636866.201667 0.0630784 -0.4954566 -0.1362863 0.0115278 0.0754713 0.0019289 0.9970795
1403636866.451667 0.0665950 -0.4673890 -0.1298084 -0.0042027 0.0865177 -0.0090623 0.9962003
1403636866.951667 0.0901582 -0.2479964 -0.0840980 -0.0640331 0.0708414 -0.0012047 0.9954295
1403636867.601666 0.0795764 -0.2082250 -0.1324804 -0.1461010 0.0532157 0.0008630 0.9878370
1403636867.751667 0.0766040 -0.1971391 -0.1494457 -0.2295081 0.0536528 0.0076236 0.9717969
1403636867.951667 0.0785483 -0.1932057 -0.1584377 -0.2960260 0.0607539 0.0207289 0.9530204
1403636869.951667 0.1345433 -0.2088932 -0.1874491 -0.2487231 0.0746769 0.0268725 0.9653176
1403636870.151666 0.2327108 -0.2169500 -0.1744322 -0.2506034 0.0899060 0.0348969 0.9632741
1403636870.451667 0.3861578 -0.2322279 -0.1577134 -0.2438516 0.1081053 0.0343205 0.9631572
1403636870.801666 0.4967993 -0.2276291 -0.1441734 -0.2450391 0.1250456 0.0463138 0.9602992
1403636872.251667 0.0465229 -0.2104753 -0.1229163 -0.2377715 0.0652369 0.0451495 0.9680756
1403636872.401666 -0.0160149 -0.1994999 -0.1201181 -0.2488698 0.0530197 0.0406294 0.9662308
1403636872.551666 -0.0469485 -0.1959724 -0.1183472 -0.2507279 0.0462589 0.0375234 0.9662234
1403636873.351666 0.2320393 -0.2089400 -0.1153906 -0.2493983 0.0873433 0.0466006 0.9633276
1403636873.601666 0.3768541 -0.2069635 -0.1188691 -0.2553029 0.1059335 0.0534086 0.9595551
1403636873.751667 0.4405780 -0.1998547 -0.1222452 -0.2603951 0.1139241 0.0566952 0.9570796
1403636874.651666 0.2836230 -0.1940767 -0.1084314 -0.2577100 0.0899226 0.0507049 0.9606917
1403636875.301666 0.0102005 -0.1748586 -0.0632507 -0.2145128 0.1048436 0.0714097 0.9684486
1403636875.751667 -0.0166759 -0.1370808 -0.1679812 -0.2170225 0.1545123 0.1362893 0.9541763
1403636875.851666 0.0027136 -0.1242436 -0.2066669 -0.2167102 0.1729789 0.1417872 0.9502691
1403636875.951667 0.0294856 -0.1144882 -0.2449116 -0.2193763 0.1947978 0.1507214 0.9440397
1403636876.101666 0.0882554 -0.1078602 -0.2928373 -0.2117304 0.2366653 0.1608101 0.9345052
1403636876.301666 0.1869033 -0.1102271 -0.3171622 -0.2025705 0.2815115 0.1716848 0.9220850
1403636876.551666 0.3374355 -0.1257458 -0.2749951 -0.2037634 0.3104082 0.1698598 0.9128389
1403636876.801666 0.4484990 -0.1722547 -0.1679393 -0.1877491 0.2900462 0.1354019 0.9285957
1403636877.001667 0.4448681 -0.2083600 -0.0606765 -0.1796302 0.2407903 0.1026896 0.9482657
1403636877.151666 0.3890183 -0.2265420 0.0138036 -0.1764126 0.1829747 0.0754200 0.9642151
1403636877.301666 0.2994468 -0.2383306 0.0665570 -0.1783582 0.1194713 0.0524595 0.9752758
1403636877.401666 0.2298961 -0.2396119 0.0834364 -0.1809102 0.0804583 0.0362151 0.9795338
1403636877.601666 0.0935508 -0.2252849 0.0715950 -0.1987825 0.0200257 0.0204929 0.9796247
1403636877.701667 0.0370429 -0.2106689 0.0446607 -0.2096664 0.0043612 0.0203644 0.9775512
1403636877.801666 -0.0031794 -0.1944651 0.0070604 -0.2191219 -0.0027610 0.0262541 0.9753403
1403636877.851666 -0.0196606 -0.1858924 -0.0135874 -0.2236013 -0.0008693 0.0304478 0.9742046
1403636878.001667 -0.0456031 -0.1586799 -0.0800618 -0.2393702 0.0182999 0.0412609 0.9698787
1403636878.101666 -0.0443736 -0.1380676 -0.1236935 -0.2422167 0.0427715 0.0492617 0.9680263
1403636878.251667 -0.0108983 -0.1124165 -0.1820341 -0.2369762 0.0829501 0.0648530 0.9657928
1403636878.351666 0.0284676 -0.0990780 -0.2156368 -0.2304958 0.1062584 0.0808524 0.9638692
1403636878.451667 0.0795443 -0.0907905 -0.2410564 -0.2262909 0.1334227 0.0949920 0.9601913
1403636878.601666 0.1712011 -0.0953856 -0.2621060 -0.2233776 0.1744206 0.1081164 0.9528855
1403636878.801666 0.2956044 -0.1186280 -0.2506109 -0.2096773 0.2216621 0.1081890 0.9461483
1403636879.401666 0.4600946 -0.2281755 -0.0545973 -0.1705272 0.2011761 0.0882050 0.9605564
1403636880.051666 0.1456900 -0.2480994 -0.0327309 -0.1988840 0.0614255 0.0469506 0.9769686
1403636882.601666 0.2718253 -0.1768722 -0.0847857 -0.1361221 0.0848891 0.0219016 0.9868054
1403636882.751667 0.2438620 -0.1651884 -0.0632974 -0.1010799 0.0588586 0.0167811 0.9929939
1403636882.951667 0.2147802 -0.1406794 -0.0107965 -0.0536158 0.0085789 0.0019467 0.9985229
1403636897.751667 0.2212981 -0.0324783 0.0596403 -0.0402268 -0.0660510 -0.0620269 0.9950738
1403636897.851666 0.2330659 -0.0433782 0.0418015 -0.0525226 -0.0632420 -0.0678757 0.9943011
1403636897.901666 0.2383333 -0.0519149 0.0342958 -0.0566037 -0.0630223 -0.0695327 0.9939766
1403636897.951667 0.2427617 -0.0622361 0.0283256 -0.0535891 -0.0641922 -0.0698598 0.9940459
1403636898.001667 0.2466871 -0.0725911 0.0235972 -0.0475934 -0.0654567 -0.0704428 0.9942274
1403636898.101666 0.2522648 -0.0874977 0.0190978 -0.0373174 -0.0695492 -0.0689822 0.9944907
1403636898.251667 0.2586114 -0.1068158 0.0170081 -0.0312904 -0.0748882 -0.0694532 0.9942781
1403636898.451667 0.2608666 -0.1442620 0.0162722 -0.0318835 -0.0815796 -0.0714054 0.9935943
1403636898.651666 0.2587020 -0.1898028 0.0196236 -0.0331250 -0.0874272 -0.0731962 0.9929258
1403636898.951667 0.2469502 -0.2510363 0.0428965 -0.0370266 -0.0947883 -0.0668124 0.9925625
1403636899.151666 0.2418500 -0.2864980 0.0752541 -0.0330387 -0.0854033 -0.0546430 0.9942982
1403636899.251667 0.2446808 -0.3041660 0.0968524 -0.0229467 -0.0698933 -0.0499068 0.9960410
1403636899.401666 0.2554270 -0.3306762 0.1309548 -0.0085367 -0.0351171 -0.0406421 0.9985200
1403636899.501667 0.2658387 -0.3445796 0.1518463 -0.0091026 -0.0136602 -0.0291299 0.9994408
1403636899.551666 0.2706077 -0.3509781 0.1599129 -0.0137704 -0.0054921 -0.0233370 0.9996178
1403636899.601666 0.2774311 -0.3566991 0.1680725 -0.0178278 0.0012170 -0.0181715 0.9996752
1403636899.801666 0.3081129 -0.3797412 0.2000010 -0.0266925 0.0214062 -0.0103343 0.9993610
1403636900.001667 0.3521524 -0.3968514 0.2358971 -0.0208312 0.0336516 -0.0211223 0.9989933
1403636900.151666 0.3862931 -0.4099612 0.2640086 -0.0079143 0.0352359 -0.0237565 0.9990653
1403636900.251667 0.4067447 -0.4254793 0.2772963 -0.0055672 0.0350364 -0.0267005 0.9990138
1403636900.351666 0.4280031 -0.4502602 0.2833461 -0.0109484 0.0326323 -0.0272425 0.9990361
1403636900.451667 0.4500070 -0.4798214 0.2866548 -0.0196381 0.0295210 -0.0282529 0.9989718
1403636900.551666 0.4706520 -0.5074390 0.2896479 -0.0243738 0.0264263 -0.0293251 0.9989232
1403636900.801666 0.5248961 -0.5545887 0.3106595 -0.0415206 0.0188330 -0.0260781 0.9986197
1403636900.951667 0.5579490 -0.5713103 0.3370816 -0.0352151 0.0133522 -0.0156411 0.9991682
1403636901.051666 0.5869751 -0.5778585 0.3586902 -0.0313180 0.0113129 -0.0112375 0.9993823
1403636901.201667 0.6344129 -0.5853083 0.3958706 -0.0284956 0.0101310 -0.0081226 0.9995096
1403636901.301666 0.6752019 -0.5919245 0.4229223 -0.0272669 0.0113905 -0.0122391 0.9994884
1403636901.401666 0.7169599 -0.6087898 0.4474370 -0.0269593 0.0131076 -0.0165712 0.9994133
1403636901.501667 0.7625520 -0.6298971 0.4726852 -0.0258540 0.0154930 -0.0226393 0.9992893
1403636901.601666 0.8081177 -0.6471999 0.4987148 -0.0244568 0.0171191 -0.0263431 0.9992071
1403636901.701667 0.8552982 -0.6637059 0.5237971 -0.0214330 0.0177564 -0.0270933 0.9992453
1403636901.901666 0.9496265 -0.6749506 0.5837589 -0.0204913 0.0176725 -0.0271129 0.9992661
1403636902.201667 1.0943931 -0.6830862 0.6643669 -0.0199056 0.0170692 -0.0314409 0.9991616
1403636902.551666 1.2653525 -0.6733236 0.7610251 -0.0222872 0.0222331 -0.0297848 0.9990605
1403636903.101666 1.5088795 -0.6753756 0.8992375 -0.0172501 0.0238782 -0.0332894 0.9990116
1403636903.551666 1.6661565 -0.7902815 0.9641321 -0.0241676 0.0185727 -0.0403468 0.9987208
1403636904.251667 1.9070920 -0.9327273 1.1090541 -0.0260307 0.0099009 -0.0168535 0.9994701
1403636904.951667 2.2522931 -1.1145313 1.2639915 -0.0242227 0.0251483 -0.0348138 0.9987836
1403636905.701667 2.5432849 -1.2529362 1.4611034 -0.0310439 0.0240753 -0.0472925 0.9981083
1403636906.401666 2.6919169 -1.3103436 1.7316383 -0.0225858 0.0055610 -0.0388375 0.9989748
1403636907.251667 2.8464849 -1.4367580 2.0983338 -0.0361508 0.0022869 -0.0450531 0.9983277
1403636907.901666 2.9701173 -1.6005422 2.4476435 -0.0374389 -0.0095512 -0.0212948 0.9990264
1403636908.301666 3.0949192 -1.6934321 2.6993661 -0.0210750 -0.0104858 -0.0432651 0.9987863
1403636908.651666 3.1992505 -1.7529339 2.9202883 -0.0266584 -0.0178819 -0.0463775 0.9984081
1403636909.001667 3.2910402 -1.8602080 3.1375842 -0.0396683 -0.0232645 -0.0410041 0.9981002
1403636909.151666 3.3295686 -1.9202948 3.2314591 -0.0397047 -0.0244992 -0.0364373 0.9982463
1403636909.451667 3.4172068 -2.0164952 3.4483795 -0.0357963 -0.0210808 -0.0385376 0.9983932
1403636909.751667 3.5154858 -2.0728338 3.6967459 -0.0219040 -0.0188609 -0.0340070 0.9990035
1403636909.901666 3.5709243 -2.0813472 3.8225398 -0.0122333 -0.0114051 -0.0533878 0.9984338
1403636910.001667 3.6070290 -2.0826259 3.9053578 -0.0045472 -0.0066194 -0.0668393 0.9977314
1403636910.151666 3.6479287 -2.0788965 4.0224509 -0.0053692 -0.0094465 -0.0614980 0.9980481
1403636910.251667 3.6697154 -2.0836759 4.0930967 -0.0142185 -0.0128199 -0.0533620 0.9983917
1403636910.451667 3.7046309 -2.1088586 4.2246861 -0.0231854 -0.0163452 -0.0481595 0.9984367
1403636910.501667 3.7112293 -2.1195877 4.2541299 -0.0234623 -0.0171679 -0.0476555 0.9984407
1403636910.851666 3.7651277 -2.1676621 4.4748044 -0.0261461 -0.0195741 -0.0477905 0.9983233
1403636911.151666 3.8051713 -2.1890409 4.6710835 -0.0050269 -0.0233792 -0.0396739 0.9989265
1403636911.301666 3.8311343 -2.2193499 4.7501097 -0.0195051 -0.0215962 -0.0446716 0.9985778
1403636911.401666 3.8415346 -2.2419517 4.8030715 -0.0220412 -0.0197516 -0.0475766 0.9984291
1403636911.601666 3.8731260 -2.3036146 4.8940406 -0.0238693 -0.0188756 -0.0495503 0.9983079
1403636911.851666 3.9027746 -2.3545678 5.0223904 -0.0244710 -0.0207676 -0.0402357 0.9986746
1403636912.101666 3.9394200 -2.3769100 5.1545277 -0.0303017 -0.0208573 -0.0321992 0.9988043
1403636912.451667 4.0097275 -2.4267302 5.3499594 -0.0246781 -0.0174819 -0.0373632 0.9988440
1403636912.551666 4.0334001 -2.4455163 5.4040895 -0.0250114 -0.0181251 -0.0331809 0.9989719
1403636912.751667 4.0819182 -2.4617250 5.5186534 -0.0250714 -0.0199268 -0.0214196 0.9992575
1403636912.901666 4.1337233 -2.4654057 5.6118741 -0.0235222 -0.0189420 -0.0233767 0.9992704
1403636913.001667 4.1704793 -2.4582975 5.6712561 -0.0172066 -0.0165784 -0.0306853 0.9992435
1403636913.101666 4.2096629 -2.4528160 5.7316222 -0.0123548 -0.0149230 -0.0359255 0.9991667
1403636913.201667 4.2517810 -2.4485023 5.7873173 -0.0079179 -0.0141558 -0.0393972 0.9990920
1403636913.301666 4.2901378 -2.4586711 5.8432312 -0.0097746 -0.0138941 -0.0410903 0.9990110
1403636913.501667 4.3708148 -2.4834218 5.9287329 -0.0198101 -0.0173617 -0.0312458 0.9991646
1403636913.801666 4.5007496 -2.5066636 6.0586729 -0.0206524 -0.0135050 -0.0384182 0.9989570
1403636914.301666 4.7126708 -2.5827398 6.2541752 -0.0200763 -0.0134943 -0.0373005 0.9990113
1403636914.801666 4.9239187 -2.6799288 6.4125276 -0.0154044 -0.0084947 -0.0458744 0.9987924
1403636915.301666 5.1069045 -2.7352922 6.5556498 -0.0362084 -0.0035547 -0.0471720 0.9982240
1403636915.701667 5.2283592 -2.7611051 6.7070346 -0.0219862 -0.0119112 -0.0256829 0.9993574
1403636915.901666 5.2954907 -2.8147879 6.7773824 -0.0175823 -0.0135342 -0.0246147 0.9994508
1403636916.251667 5.4280009 -2.9038920 6.8931098 -0.0174476 -0.0076159 -0.0468155 0.9987221
1403636916.601666 5.5580292 -2.9848776 6.9831200 -0.0172631 0.0139951 -0.0458068 0.9987031
1403636916.901666 5.6432333 -3.0152419 7.0751319 -0.0160550 0.0447426 -0.0373495 0.9981710
1403636917.151666 5.6968241 -3.0035365 7.1530914 -0.0154668 0.0523905 -0.0288743 0.9980893
1403636917.401666 5.7555170 -2.9610181 7.2265577 -0.0125007 0.0821851 -0.0192196 0.9963533
1403636917.501667 5.7745056 -2.9380808 7.2604809 -0.0119948 0.1022730 -0.0128067 0.9946016
1403636917.701667 5.8090677 -2.9014418 7.3135266 -0.0090180 0.1274123 -0.0013750 0.9918079
1403636917.801666 5.8262024 -2.8884113 7.3310294 -0.0075560 0.1368061 0.0010326 0.9905685
1403636918.151666 5.8509207 -2.8831503 7.3880882 -0.0110830 0.1547714 0.0011787 0.9878874
1403636918.501667 5.8474307 -2.8883240 7.4254570 -0.0355947 0.1550115 -0.0028117 0.9872673
1403636918.751667 5.8223186 -2.9545283 7.4534860 -0.0329477 0.1479789 0.0018488 0.9884399
1403636918.851666 5.8065538 -2.9984341 7.4716325 -0.0231522 0.1411073 0.0174604 0.9895695
1403636919.051666 5.7910900 -3.0892632 7.5024881 -0.0052198 0.1441906 0.0389714 0.9887685
1403636919.201667 5.7928848 -3.1618388 7.5205288 -0.0012737 0.1517582 0.0438152 0.9874452
1403636919.301666 5.8043656 -3.2037241 7.5192142 0.0000343 0.1565153 0.0434759 0.9867182
1403636919.401666 5.8192496 -3.2446542 7.5230927 0.0002404 0.1634984 0.0413050 0.9856785
1403636919.501667 5.8387585 -3.2765403 7.5218258 -0.0003803 0.1713486 0.0321000 0.9846873
1403636919.601666 5.8603463 -3.3032613 7.5210462 -0.0017998 0.1784568 0.0222430 0.9836947
1403636919.751667 5.8938208 -3.3281133 7.5126472 -0.0006356 0.1824590 0.0165346 0.9830742
1403636919.851666 5.9131942 -3.3358593 7.5083580 0.0013239 0.1825284 0.0183285 0.9830289
1403636920.001667 5.9384456 -3.3366745 7.5033183 0.0050525 0.1805514 0.0242880 0.9832526
1403636920.351666 6.0084329 -3.2852173 7.4630446 0.0079443 0.1781634 0.0226425 0.9837083
1403636920.651666 6.0635467 -3.2316370 7.3917065 -0.0085400 0.1813320 0.0114512 0.9833182
1403636921.851666 6.1534204 -3.1510768 7.0899544 -0.0371331 0.1816378 0.0342208 0.9820681
1403636922.501667 6.2472644 -3.0332024 7.0057817 -0.0327374 0.2156132 0.0260444 0.9755824
1403636923.201667 6.2978339 -2.9646273 6.9724092 0.0046871 0.2594913 0.0576562 0.9640115
1403636924.751667 6.5769854 -2.9547691 7.1461864 -0.0021791 0.2816213 0.0822946 0.9559876
1403636925.351666 6.8434505 -2.9017439 7.2776818 -0.0265083 0.3170801 0.0640481 0.9458622
1403636925.801666 7.0617609 -2.8456786 7.4224296 -0.0628630 0.3254142 0.0707346 0.9408244
1403636926.251667 7.3007779 -2.9505246 7.6631765 0.0070127 0.3228348 0.0669320 0.9440597
1403636926.901666 7.5895090 -2.9586599 7.9071798 -0.0056875 0.3229586 0.0850376 0.9425678
1403636927.251667 7.7552381 -2.9707522 7.9587603 -0.0036619 0.3837376 0.1093269 0.9169405
1403636927.601666 7.9322853 -2.8905325 8.0185099 -0.0390247 0.4330099 0.1226619 0.8921511
1403636928.151666 8.3124332 -2.9254293 8.1553011 -0.0326469 0.4439656 0.1195332 0.8874348
1403636928.451667 8.5517168 -2.9150906 8.2732344 0.0030293 0.4412211 0.1112078 0.8904760
1403636928.951667 8.9063902 -2.9778910 8.4587135 -0.0214616 0.4417456 0.1068427 0.8904970
1403636929.251667 9.0973616 -3.0981469 8.5381470 0.0123148 0.4366743 0.1180571 0.8917547
1403636929.651666 9.3461685 -3.1956384 8.6023607 -0.0008248 0.4374144 0.1055370 0.8930453
1403636930.251667 9.6485071 -3.2534823 8.6636000 0.0022254 0.4332534 0.1126275 0.8942044
1403636930.701667 9.8349972 -3.3454123 8.6449080 0.0018208 0.4358050 0.1076905 0.8935734
1403636931.051666 9.9694300 -3.3297563 8.6201630 0.0158080 0.4388976 0.1352513 0.8881589
1403636931.301666 10.0698509 -3.3089259 8.5623951 0.0215127 0.4665978 0.1139592 0.8768335
1403636931.501667 10.1319952 -3.3120470 8.4921074 0.0133433 0.4801552 0.0983773 0.8715475
1403636931.701667 10.1681004 -3.3206363 8.4151068 0.0036220 0.4888300 0.0842459 0.8682942
1403636932.051666 10.1734800 -3.2949610 8.3078804 0.0020493 0.4813600 0.1150003 0.8689438
1403636932.701667 10.0559254 -3.2498536 8.1098652 0.0094565 0.5164689 0.1117658 0.8489281
1403636933.051666 9.8926430 -3.2958283 7.9816999 0.0048280 0.5459520 0.1317435 0.8273795
1403636933.251667 9.7906170 -3.2445283 7.9212613 -0.0095207 0.5557305 0.1483609 0.8179621
1403636934.151666 9.4094791 -3.1371140 7.7714453 0.0079739 0.5818489 0.1565799 0.7980420
1403636934.451667 9.2917395 -3.0647089 7.7257318 0.0160483 0.6368724 0.1848488 0.7483095
1403636934.601666 9.2214088 -3.0242445 7.6855755 0.0199869 0.6655578 0.1981871 0.7192741
1403636934.701667 9.1755018 -3.0250149 7.6669588 0.0171369 0.6825694 0.2063236 0.7008822
1403636934.901666 9.0838251 -3.0151913 7.5861349 -0.0023746 0.7011481 0.2127015 0.6805467
1403636935.201667 8.9460850 -3.0707150 7.4628553 0.0052220 0.7069461 0.2064593 0.6764426
1403636935.501667 8.8271761 -3.0975602 7.3676004 0.0152852 0.7006254 0.2060281 0.6829662
1403636936.001667 8.6199436 -3.0112050 7.2116117 -0.0115480 0.6891986 0.2244883 0.6888229
1403636936.351666 8.5482960 -2.8954554 7.0824289 -0.0106601 0.6924530 0.2165117 0.6881265
1403636936.851666 8.5186415 -2.8163602 6.8950062 0.0016218 0.7035451 0.2021886 0.6812793
1403636937.651666 8.4910469 -2.7356715 6.6253443 0.0000869 0.7100744 0.2022771 0.6744468
1403636938.051666 8.4801674 -2.6067514 6.5513144 0.0020427 0.7232934 0.1717592 0.6688358
1403636938.451667 8.4096088 -2.4989758 6.5498838 0.0454045 0.7221882 0.2144381 0.6560479
1403636938.751667 8.2947903 -2.4674973 6.4890175 0.0394835 0.7207858 0.2357069 0.6506544
1403636939.101666 8.1400108 -2.4203765 6.3413515 0.0075395 0.7283962 0.2200548 0.6488128
1403636940.151666 7.6218843 -2.2056293 5.8741007 0.0246910 0.7341498 0.2128436 0.6442919
1403636940.451667 7.4330659 -2.0908005 5.7431183 0.0255115 0.7426417 0.2210895 0.6316264
1403636940.651666 7.2907500 -2.0083578 5.6462302 0.0161084 0.7448755 0.2290846 0.6264354
1403636941.001667 7.0616555 -1.9393952 5.4455791 -0.0019342 0.7467718 0.2307191 0.6237763
1403636941.201667 6.9454732 -1.9375948 5.3162580 0.0021123 0.7484714 0.2234970 0.6243679
1403636941.351666 6.8587961 -1.9388213 5.2248430 0.0066895 0.7486226 0.2169884 0.6264468
1403636941.451667 6.8052421 -1.9326278 5.1603413 0.0078519 0.7475776 0.2139792 0.6287122
1403636941.551666 6.7466044 -1.9218670 5.1075988 0.0076661 0.7462725 0.2122535 0.6308463
1403636941.701667 6.6655297 -1.8945143 5.0269070 0.0054908 0.7439378 0.2117544 0.6337875
1403636941.801666 6.6078811 -1.8794489 4.9797344 0.0050543 0.7424966 0.2127928 0.6351319
1403636941.901666 6.5556936 -1.8637697 4.9236555 0.0044826 0.7406838 0.2146183 0.6366368
1403636942.101666 6.4444261 -1.8581780 4.8200922 0.0078365 0.7384259 0.2188973 0.6377693
1403636942.351666 6.3031945 -1.8468574 4.6875200 0.0162325 0.7385548 0.2228112 0.6361042
1403636942.601666 6.1719918 -1.7864786 4.5575628 0.0181708 0.7381830 0.2323598 0.6330597
1403636942.901666 6.0146637 -1.6914250 4.3941135 0.0072737 0.7436966 0.2273426 0.6286317
1403636943.251667 5.8516455 -1.6436449 4.1715989 0.0109956 0.7503658 0.2174647 0.6241309
1403636943.651666 5.6546130 -1.5380534 3.9504209 0.0091882 0.7570300 0.2101021 0.6186100
1403636944.201667 5.3736286 -1.3004791 3.7322855 -0.0232458 0.7287565 0.2392019 0.6412145
1403636946.451667 4.8365369 -1.0474046 3.4513083 -0.0011488 0.7282311 0.1982088 0.6560423
1403636947.151666 4.7229691 -0.8167745 3.5984693 0.0288184 0.7177355 0.2448518 0.6512089
1403636949.251667 5.3411875 -0.6088346 3.7311754 0.0089639 0.7173603 0.1970787 0.6681870
1403636949.851666 5.5384603 -0.5831130 3.9812598 0.0051753 0.7081077 0.2185391 0.6714146
1403636950.801666 5.8903017 -0.6286727 4.1977463 -0.0046486 0.7170121 0.1950760 0.6691917
1403636951.401666 6.1161237 -0.7366197 4.3590088 -0.0110289 0.7061651 0.2250808 0.6712286
1403636951.651666 6.2226505 -0.7444124 4.4249411 -0.0196508 0.7082408 0.2214364 0.6700558
1403636952.101666 6.4894819 -0.7697732 4.5395141 -0.0134675 0.7166839 0.1955506 0.6692852
1403636952.451667 6.6594763 -0.8240077 4.6748853 0.0116140 0.7157125 0.2004934 0.6688969
1403636952.551666 6.7217326 -0.7883564 4.7010760 0.0099469 0.7155914 0.1957020 0.6704707
1403636952.651666 6.7766619 -0.7820175 4.7430601 0.0084603 0.7163528 0.1928142 0.6705146
1403636952.901666 6.8758669 -0.7728086 4.8426361 -0.0017433 0.7132642 0.2032592 0.6707733
1403636953.001667 6.9075432 -0.7793257 4.8871074 -0.0016168 0.7103434 0.2154008 0.6700836
1403636953.101666 6.9530458 -0.7585459 4.9222097 0.0033909 0.7072638 0.2232167 0.6707762
1403636953.201667 6.9900956 -0.7504289 4.9676208 0.0037705 0.7067587 0.2255127 0.6705387
1403636953.351666 7.0584946 -0.7308626 5.0181160 0.0013180 0.7067133 0.2252314 0.6706903
1403636953.451667 7.1192226 -0.7164359 5.0429783 -0.0004750 0.7085994 0.2179993 0.6710910
1403636953.651666 7.2096887 -0.7205114 5.0940094 -0.0104434 0.7113176 0.2060327 0.6719142
1403636953.751667 7.2510982 -0.7399228 5.1177597 -0.0191776 0.7112311 0.2054828 0.6719816
1403636953.851666 7.3006024 -0.7542231 5.1412868 -0.0248636 0.7120491 0.1994705 0.6727402
1403636953.951667 7.3718109 -0.7768276 5.1584110 -0.0214376 0.7096375 0.2016868 0.6747426
1403636954.151666 7.4727936 -0.8295634 5.2249274 -0.0150096 0.7085952 0.2035911 0.6754392
1403636954.251667 7.5308409 -0.8553267 5.2604151 -0.0160547 0.7082093 0.2055628 0.6752227
1403636954.301666 7.5687752 -0.8555784 5.2731581 -0.0160289 0.7075453 0.2055706 0.6759169
1403636954.401666 7.6378698 -0.8826869 5.3110514 -0.0179980 0.7071841 0.2094730 0.6750464
1403636954.801666 7.9108591 -0.9827240 5.4716969 -0.0109650 0.7162023 0.2060923 0.6666784
1403636954.901666 7.9793501 -0.9960899 5.5306377 -0.0056828 0.7201999 0.2035679 0.6632044
1403636955.051666 8.0810108 -0.9728515 5.6140060 -0.0011135 0.7250671 0.2005108 0.6588413
1403636955.151666 8.1681309 -0.9734142 5.6634750 -0.0052797 0.7275296 0.2000272 0.6562484
1403636955.201667 8.1985426 -0.9772739 5.6857347 -0.0057980 0.7285964 0.2009366 0.6547811
1403636955.701667 8.5322628 -1.0473182 5.9808483 -0.0055094 0.7399020 0.2032804 0.6412423
1403636955.851666 8.6299982 -1.0717382 6.0718222 -0.0057216 0.7403901 0.2053734 0.6400090
1403636956.051666 8.7447548 -1.1273279 6.1922626 0.0137476 0.7367349 0.2207544 0.6389838
1403636956.201667 8.8279791 -1.1760817 6.2738171 0.0247873 0.7347811 0.2297898 0.6377139
1403636956.501667 8.9818430 -1.2302544 6.4169254 0.0021890 0.7430718 0.2112906 0.6349770
1403636956.651666 9.0505943 -1.2488205 6.4965897 0.0138343 0.7352001 0.2042079 0.6462109
1403636956.951667 9.1651278 -1.2801802 6.6457357 0.0231732 0.6825426 0.2069456 0.7005513
1403636957.201667 9.2168922 -1.3177133 6.7355175 0.0035080 0.6351814 0.1714375 0.7530880
1403636957.351666 9.2619381 -1.3683927 6.7700634 -0.0015504 0.6115143 0.1632704 0.7742032
1403636957.501667 9.2670050 -1.3982694 6.8226800 -0.0010657 0.5980510 0.1605859 0.7852045
1403636957.701667 9.3070889 -1.3928623 6.8974986 0.0029179 0.5799633 0.1575986 0.7992476
1403636957.801666 9.3230457 -1.3989019 6.9301915 0.0021840 0.5631427 0.1572705 0.8112531
1403636957.901666 9.3452606 -1.3786980 6.9592314 0.0029548 0.5388413 0.1522120 0.8285366
1403636958.001667 9.3468094 -1.3659439 7.0192304 0.0019891 0.5134382 0.1432616 0.8460812
1403636958.101666 9.3653154 -1.3630755 7.0285144 -0.0003573 0.4845099 0.1342351 0.8644252
1403636958.301666 9.4004812 -1.3787762 7.0659308 -0.0037145 0.4406922 0.1183622 0.8898129
1403636959.301666 9.6001883 -1.4584298 7.2272816 -0.0184095 0.4173822 0.0940122 0.9036674
1403636960.001667 9.7252235 -1.3851197 7.4320302 -0.0118688 0.4237905 0.1007441 0.9000619
1403636960.451667 9.7617750 -1.4371634 7.5588713 -0.0155412 0.4300790 0.0801324 0.8990936
1403636960.851666 9.7448034 -1.4408257 7.7167873 -0.0076925 0.4008238 0.0850650 0.9121650
1403636961.151666 9.6967773 -1.4314351 7.8397608 -0.0094935 0.3351786 0.0682952 0.9396281
1403636961.551666 9.6042852 -1.5035492 7.9744110 -0.0116902 0.2561515 0.0408742 0.9657013
1403636961.751667 9.5607672 -1.5576487 8.0216379 -0.0086081 0.2228826 0.0303403 0.9743351
1403636961.901666 9.5307732 -1.6093374 8.0440340 -0.0107076 0.1950424 0.0178386 0.9805741
1403636962.151666 9.4646883 -1.6907151 8.0889978 -0.0151447 0.1407557 0.0013089 0.9899276
1403636962.451667 9.3871508 -1.7786185 8.1270037 -0.0133576 0.0690154 -0.0246650 0.9972212
1403636962.701667 9.2912874 -1.8840566 8.1466198 -0.0157259 0.0167412 -0.0629995 0.9977492
1403636963.001667 9.1629782 -1.9591353 8.1704302 -0.0088396 -0.0158217 -0.0691676 0.9974404
1403636963.251667 9.0366096 -1.9827104 8.1856518 -0.0014534 -0.0194549 -0.0566654 0.9982026
1403636963.551666 8.8811388 -1.9683199 8.1829891 -0.0109132 -0.0111056 -0.0461046 0.9988153
1403636964.051666 8.6222687 -2.0134289 8.1149473 -0.0088686 0.0046043 -0.0476220 0.9988154
1403636964.401666 8.4286566 -2.0732150 8.0228825 -0.0055847 0.0036230 -0.0529255 0.9985763
1403636964.801666 8.1734877 -2.0460763 7.9084640 -0.0045389 -0.0242150 -0.0847293 0.9960994
1403636965.151666 7.8962326 -2.0176334 7.7598457 -0.0027297 -0.1059189 -0.0971109 0.9896178
1403636965.251667 7.8118858 -2.0178010 7.7050109 -0.0149019 -0.1206978 -0.1020869 0.9873137
1403636965.351666 7.7215724 -2.0209718 7.6484466 -0.0372190 -0.1290299 -0.1072793 0.9851179
1403636965.501667 7.5779672 -2.0470538 7.5624075 -0.0645736 -0.1354795 -0.1053135 0.9830486
1403636966.001667 7.1018944 -2.2099819 7.3772454 -0.0094184 -0.1366792 -0.0872858 0.9867174
1403636966.851666 6.4107699 -2.1286292 7.0683160 -0.0024648 -0.1238240 -0.0710754 0.9897524
1403636968.151666 5.7434759 -1.7318840 6.3011107 0.0034173 -0.1132675 -0.0776559 0.9905192
1403636968.451667 5.6149263 -1.5644189 6.0719671 -0.0010131 -0.1135853 -0.0762537 0.9905972
1403636968.601666 5.5500851 -1.5045600 5.9404473 -0.0007258 -0.1127768 -0.0779888 0.9905547
1403636968.751667 5.4839582 -1.4555498 5.7972307 -0.0000162 -0.1088877 -0.0884790 0.9901085
1403636969.051666 5.3513517 -1.3620536 5.5025420 -0.0008488 -0.1105484 -0.0814905 0.9905239
1403636969.201667 5.2754326 -1.3263916 5.3350768 -0.0106293 -0.1110241 -0.0770518 0.9907692
1403636969.351666 5.2082520 -1.3121480 5.1656203 -0.0266547 -0.1099441 -0.0773410 0.9905656
1403636969.501667 5.1401715 -1.3029140 5.0031624 -0.0341581 -0.1074567 -0.0801444 0.9903854
1403636969.601666 5.0937643 -1.2927465 4.8973889 -0.0366545 -0.1061696 -0.0804109 0.9904133
1403636969.701667 5.0467253 -1.2781705 4.8009181 -0.0362653 -0.1053057 -0.0798501 0.9905653
1403636969.801666 5.0013776 -1.2585142 4.7075043 -0.0362469 -0.1048457 -0.0805087 0.9905614
1403636969.901666 4.9492249 -1.2351505 4.6215644 -0.0365806 -0.1043625 -0.0794932 0.9906822
1403636970.051666 4.8769150 -1.1946287 4.5037832 -0.0262658 -0.1060475 -0.0768832 0.9910364
1403636970.301666 4.7515178 -1.1107662 4.3213840 -0.0107701 -0.1076934 -0.0768219 0.9911532
1403636970.451667 4.6745315 -1.0607338 4.2084327 -0.0241985 -0.1073472 -0.0786385 0.9908113
1403636970.601666 4.6018891 -1.0166094 4.0980849 -0.0373119 -0.1078893 -0.0798118 0.9902514
1403636970.801666 4.4939008 -0.9906280 3.9580219 -0.0523237 -0.1085916 -0.0839462 0.9891527
1403636971.101666 4.3177967 -0.9532965 3.8118284 -0.0603309 -0.1143760 -0.0695487 0.9891619
1403636971.401666 4.1582942 -0.8915729 3.7493663 -0.0373415 -0.1267895 -0.0334061 0.9906635
1403636971.951667 4.0255818 -0.7256041 3.7132840 -0.0089843 -0.1215286 -0.0640354 0.9904795
1403636974.201667 4.0280333 -0.5226861 3.5415587 -0.0244927 -0.0400353 -0.0483572 0.9977269
1403636974.551666 4.0442648 -0.4717667 3.5434971 -0.0170400 0.0567664 -0.0249151 0.9979311
1403636974.901666 4.0582018 -0.4044626 3.5423787 -0.0268492 0.1490730 0.0216987 0.9882234
1403636975.701667 4.1170564 -0.3823284 3.5674748 -0.0244664 0.2259277 0.0322744 0.9733018
1403636976.701667 4.2779365 -0.3546231 3.6409719 -0.0034836 0.3807253 0.0953335 0.9197541
1403636976.901666 4.3276625 -0.2799236 3.6511023 -0.0120000 0.3939200 0.1041966 0.9131408
1403636977.151666 4.3956661 -0.2313556 3.6432900 -0.0170379 0.3927990 0.1139076 0.9123836
1403636977.401666 4.4764843 -0.2241889 3.6410027 -0.0133357 0.3876037 0.1096006 0.9151903
1403636977.551666 4.5435019 -0.2077833 3.6334939 -0.0036899 0.3855389 0.1001756 0.9172301
1403636977.901666 4.6888514 -0.1232566 3.6231227 -0.0016670 0.3870029 0.1129522 0.9151326
1403636978.101666 4.7767406 -0.0781019 3.6093068 -0.0014125 0.3955226 0.1044983 0.9124911
1403636978.401666 4.9045405 -0.0690590 3.5597973 -0.0157264 0.4010373 0.1020616 0.9102226
1403636978.551666 4.9714274 -0.0823750 3.5293846 -0.0308494 0.4015649 0.1058643 0.9091682
1403636978.651666 5.0125279 -0.0842459 3.5208743 -0.0391243 0.4021549 0.1089973 0.9082182
1403636978.851666 5.1152611 -0.0745268 3.5182843 -0.0434325 0.4027091 0.1095994 0.9077042
1403636979.051666 5.2261629 -0.0689004 3.5394959 -0.0188338 0.4064583 0.0984808 0.9081511
1403636979.151666 5.2890491 -0.0579382 3.5551271 -0.0087682 0.4073001 0.0945121 0.9083486
1403636979.251667 5.3371372 -0.0397364 3.5773687 -0.0120788 0.4073040 0.0950769 0.9082500
1403636979.601666 5.5280976 -0.0172492 3.6469526 -0.0376105 0.4040671 0.1058478 0.9078059
1403636979.951667 5.7441182 -0.0889726 3.7498200 -0.0267799 0.4118889 0.0993122 0.9054101
1403636980.251667 5.9219308 -0.1341847 3.8786931 -0.0193245 0.4172650 0.0978016 0.9033002
1403636980.401666 6.0093899 -0.1441325 3.9508872 -0.0080452 0.4178967 0.0989355 0.9030556
1403636980.551666 6.0941815 -0.1398022 4.0303926 0.0009618 0.4165250 0.1007716 0.9035215
1403636980.651666 6.1492934 -0.1377701 4.0815825 0.0052626 0.4145095 0.1041212 0.9040536
1403636980.851666 6.2474308 -0.1409819 4.1677508 -0.0055285 0.4138673 0.0980545 0.9050241
1403636981.101666 6.3570724 -0.1724905 4.2661057 -0.0140253 0.4128466 0.0951856 0.9057046
1403636981.301666 6.4413805 -0.1884575 4.3527584 0.0013924 0.4084921 0.1128885 0.9057530
1403636981.401666 6.4772978 -0.1903060 4.3889236 0.0074537 0.4072527 0.1205694 0.9052915
1403636981.651666 6.5866909 -0.1739398 4.4784956 -0.0139520 0.4195677 0.1015707 0.9019156
1403636981.801666 6.6480765 -0.1869923 4.5298443 -0.0246838 0.4245885 0.0981947 0.8997073
1403636982.101666 6.7678156 -0.2503035 4.6401029 -0.0497338 0.4252339 0.1145304 0.8964293
1403636982.251667 6.8422756 -0.2827657 4.7148829 -0.0495074 0.4227810 0.1243398 0.8962951
1403636982.351666 6.8963666 -0.3012944 4.7745934 -0.0404685 0.4214707 0.1281444 0.8968298
1403636982.451667 6.9576516 -0.3224078 4.8325572 -0.0257126 0.4216234 0.1251628 0.8977232
1403636982.551666 7.0226483 -0.3432059 4.8916655 -0.0122078 0.4218308 0.1198167 0.8986400
1403636982.701667 7.1244683 -0.3809642 4.9746518 -0.0097663 0.4192469 0.1195389 0.8999151
1403636982.801666 7.1901755 -0.4174520 5.0205765 -0.0167227 0.4176656 0.1183313 0.9007073
1403636982.951667 7.3006663 -0.4538340 5.0983524 -0.0225222 0.4179162 0.1142286 0.9009942
1403636983.051666 7.3761473 -0.4744107 5.1495724 -0.0187559 0.4186453 0.1103262 0.9012283
1403636983.301666 7.5664697 -0.4936499 5.2891979 -0.0118870 0.4225319 0.0984027 0.9009120
1403636983.451667 7.6778574 -0.4965933 5.3775406 -0.0103421 0.4243187 0.0961326 0.9003361
1403636983.601666 7.7836552 -0.5078543 5.4596710 -0.0156125 0.4255978 0.0978510 0.8994709
1403636983.801666 7.9153705 -0.5412030 5.5752563 -0.0279115 0.4279996 0.1008118 0.8977050
1403636983.901666 7.9815626 -0.5684464 5.6302748 -0.0321291 0.4287180 0.1027697 0.8969989
1403636984.051666 8.0806828 -0.6284709 5.7173238 -0.0361434 0.4298764 0.1066170 0.8958420
1403636984.201667 8.1798067 -0.6889238 5.8163862 -0.0330082 0.4328286 0.1053748 0.8946877
1403636984.301666 8.2493391 -0.7180824 5.8892651 -0.0262283 0.4352289 0.1023005 0.8941043
1403636984.401666 8.3174505 -0.7425441 5.9653807 -0.0217616 0.4368067 0.1011056 0.8935905
1403636984.501667 8.3855047 -0.7598122 6.0411959 -0.0179233 0.4384133 0.0993090 0.8930904
1403636984.651666 8.4830904 -0.7857563 6.1648736 -0.0166827 0.4390359 0.0980352 0.8929492
1403636984.801666 8.5741949 -0.8218049 6.2861247 -0.0131488 0.4374339 0.0997931 0.8935995
1403636984.901666 8.6305017 -0.8579572 6.3592610 -0.0107378 0.4351187 0.1055308 0.8941027
1403636985.001667 8.6841488 -0.8938100 6.4361415 -0.0091585 0.4347066 0.1067634 0.8941744
1403636985.051666 8.7098312 -0.9157056 6.4754581 -0.0096256 0.4349909 0.1069675 0.8940068
1403636985.101666 8.7354879 -0.9342173 6.5100937 -0.0107061 0.4355884 0.1056426 0.8938612
1403636985.151666 8.7612972 -0.9490235 6.5492954 -0.0128181 0.4362214 0.1044970 0.8936594
1403636985.201667 8.7903709 -0.9636561 6.5856967 -0.0132791 0.4366329 0.1033661 0.8935832
1403636985.251667 8.8154936 -0.9705880 6.6295037 -0.0134024 0.4376433 0.1018010 0.8932667
1403636985.401666 8.8923349 -0.9896879 6.7511072 -0.0144892 0.4357972 0.0985964 0.8945108
1403636985.651666 9.0032949 -1.0408330 6.9546146 -0.0179095 0.4188049 0.0827725 0.9041186
1403636986.401666 9.1224365 -1.2146007 7.5649061 -0.0118815 0.4033602 0.0737668 0.9119857
1403636986.601666 9.0994520 -1.2333467 7.7252526 -0.0096774 0.3971958 0.0898022 0.9132785
1403636986.801666 9.0646849 -1.2906063 7.8744178 -0.0054646 0.3932950 0.1011675 0.9138131
1403636987.001667 9.0344419 -1.3755662 7.9987969 -0.0028862 0.3946071 0.0995448 0.9134374
1403636987.201667 9.0070438 -1.4711585 8.1071587 -0.0025127 0.3996812 0.0922114 0.9120009
1403636987.451667 8.9667883 -1.5580304 8.2351780 0.0031241 0.3993872 0.0890376 0.9124431
1403636987.701667 8.9099312 -1.6042552 8.3643818 0.0134374 0.3959033 0.0757651 0.9150627
1403636988.001667 8.8082094 -1.6780448 8.4749231 0.0118578 0.3846648 0.0892496 0.9186550
1403636988.151666 8.7484312 -1.7087187 8.5153103 0.0076950 0.3799621 0.1035588 0.9191546
1403636988.351666 8.6750603 -1.7377331 8.5521755 0.0191981 0.3788969 0.1093333 0.9187573
1403636988.501667 8.6253195 -1.7587374 8.5675039 0.0311385 0.3808554 0.1035150 0.9182942
1403636988.701667 8.5598297 -1.7952114 8.5443020 0.0368967 0.3806778 0.1022460 0.9182967
1403636989.201667 8.3717728 -1.7659580 8.3465672 0.0504605 0.3814073 0.1022766 0.9173450
1403636989.501667 8.2401514 -1.7132121 8.1143322 0.0085927 0.3893045 0.0950363 0.9161530
1403636989.701667 8.1480694 -1.6965709 7.9287577 -0.0042131 0.3923677 0.0891825 0.9154651
1403636990.351666 7.8240056 -1.5926151 7.3647909 0.0032251 0.3927445 0.0812980 0.9160415
1403636990.551666 7.7078538 -1.5769148 7.1841030 -0.0049842 0.3888528 0.0841769 0.9174328
1403636990.751667 7.5894690 -1.5394936 7.0109844 -0.0114903 0.3859572 0.0841232 0.9186013
1403636990.901666 7.5014334 -1.4964046 6.8940201 -0.0125585 0.3848386 0.0835181 0.9191117
1403636991.051666 7.4156585 -1.4433929 6.7841911 -0.0111048 0.3850788 0.0819466 0.9191712
1403636991.251667 7.2991371 -1.3716400 6.6471033 -0.0130734 0.3864523 0.0821900 0.9185470
1403636991.501667 7.1554475 -1.3169694 6.4806004 -0.0155964 0.3888741 0.0835301 0.9173638
1403636991.651666 7.0687866 -1.3097360 6.3818884 -0.0129242 0.3891103 0.0909584 0.9165985
1403636992.301666 6.7511759 -1.2768902 5.9631596 -0.0031873 0.4035545 0.0903911 0.9104741
1403636992.501667 6.6637564 -1.2367691 5.8411179 -0.0131871 0.4067316 0.0928149 0.9087248
1403636992.801666 6.5314522 -1.2162679 5.6673708 -0.0204154 0.4123116 0.0931733 0.9060359
1403636993.151666 6.3824902 -1.1763330 5.5092325 -0.0074945 0.4127817 0.0938293 0.9059532
1403636993.351666 6.2902021 -1.1687958 5.4263239 -0.0016759 0.3900280 0.0902274 0.9163702
1403636993.601666 6.1617270 -1.1886941 5.3171749 -0.0021057 0.3463739 0.0752389 0.9350721
1403636993.801666 6.0614233 -1.2077755 5.2187028 -0.0085040 0.3202934 0.0672608 0.9448893
1403636994.501667 5.6991463 -1.1028087 4.9080868 0.0221272 0.3076729 0.0450067 0.9501696
1403636994.801666 5.4836550 -1.0521851 4.7284765 0.0012756 0.3013644 0.0741638 0.9506196
1403636995.551666 4.9943657 -0.9508249 4.1875448 -0.0004388 0.3027112 0.0603026 0.9511726
1403636996.551666 4.3929634 -0.8584574 3.3725619 -0.0149292 0.2837311 0.0559052 0.9571564
1403636996.901666 4.2039666 -0.8439803 3.1157753 -0.0223102 0.2169895 0.0350474 0.9752895
1403636997.001667 4.1524916 -0.8154603 3.0546327 -0.0233164 0.1936295 0.0287001 0.9803776
1403636997.151666 4.0832305 -0.7703435 2.9647200 -0.0262796 0.1637493 0.0199063 0.9859509
1403636997.201667 4.0607114 -0.7536027 2.9381976 -0.0270782 0.1566893 0.0182108 0.9871087
1403636997.351666 3.9977131 -0.7079247 2.8584614 -0.0292592 0.1426910 0.0125234 0.9892555
1403636997.601666 3.9042554 -0.6616467 2.7440071 -0.0303621 0.1373383 0.0091410 0.9900166
1403636997.951667 3.7897720 -0.6955888 2.5876985 -0.0335198 0.1447583 0.0083011 0.9888643
1403636998.251667 3.6999426 -0.7852150 2.4804173 -0.0317950 0.1494417 0.0135092 0.9881669
1403636998.451667 3.6462812 -0.8285564 2.4343209 -0.0320040 0.1519732 0.0153761 0.9877467
1403636998.601666 3.6136889 -0.8637599 2.4106467 -0.0259594 0.1534895 0.0144421 0.9877037
1403636998.851666 3.5590427 -0.9534050 2.3639870 -0.0030872 0.1588951 0.0017539 0.9872891
1403636999.101666 3.4982579 -1.0137360 2.3111165 -0.0038214 0.1631486 -0.0068527 0.9865703
1403636999.251667 3.4529691 -1.0305363 2.2818031 -0.0080734 0.1643912 -0.0075503 0.9863333
1403636999.601666 3.3274105 -1.0213404 2.2247787 -0.0042679 0.1613288 0.0055216 0.9868761
1403636999.951667 3.1866782 -0.9742996 2.1594708 -0.0011552 0.1639557 0.0035716 0.9864606
1403637000.251667 3.0494864 -0.9458730 2.0808661 -0.0073583 0.1649724 0.0001602 0.9862707
1403637000.451667 2.9512517 -0.9327752 2.0153406 -0.0071236 0.1641556 0.0016956 0.9864073
1403637000.651666 2.8435235 -0.9138559 1.9513668 -0.0061823 0.1641790 0.0017451 0.9864097
1403637000.801666 2.7577753 -0.9112672 1.8964225 -0.0045214 0.1642689 0.0032614 0.9863999
1403637000.951667 2.6684263 -0.9128056 1.8353146 -0.0050065 0.1649712 0.0044437 0.9862757
1403637001.151666 2.5491176 -0.8902926 1.7594751 -0.0033460 0.1655104 0.0058066 0.9861853
1403637001.501667 2.3325183 -0.8702847 1.6040115 -0.0092679 0.1654570 0.0131529 0.9860858
1403637001.801666 2.1545610 -0.8577595 1.4544854 -0.0105035 0.1674410 0.0157525 0.9857003
1403637002.051666 2.0137820 -0.8097571 1.3366538 -0.0152348 0.1689507 0.0146733 0.9853976
1403637002.351666 1.8558910 -0.7278914 1.2109133 -0.0163117 0.1696534 0.0135966 0.9852750
1403637002.601666 1.7219255 -0.6913125 1.1053486 -0.0165995 0.1718585 0.0065980 0.9849597
1403637002.951667 1.5264173 -0.6711248 0.9576789 -0.0152707 0.1737957 0.0116166 0.9845948
1403637003.501667 1.2250077 -0.5597770 0.7713307 -0.0091790 0.1785163 0.0172116 0.9837436
1403637004.001667 0.9575895 -0.5154452 0.5826335 -0.0182185 0.1770601 0.0166292 0.9838909
1403637004.151666 0.8839566 -0.4794106 0.5305893 -0.0231124 0.1760336 0.0130822 0.9840258
1403637004.401666 0.7605152 -0.4404469 0.4549108 -0.0222234 0.1726597 0.0168274 0.9845870
1403637004.601666 0.6641181 -0.4566000 0.3888845 -0.0105906 0.1751504 0.0193727 0.9842941
1403637004.751667 0.5918148 -0.4815547 0.3337171 -0.0075814 0.1739897 0.0363838 0.9840459
1403637004.901666 0.5304399 -0.4767716 0.2840339 -0.0118037 0.1743911 0.0463279 0.9835152
1403637005.051666 0.4821282 -0.4407019 0.2437197 -0.0210109 0.1790079 0.0411049 0.9827641
1403637005.151666 0.4559777 -0.4117955 0.2185087 -0.0196523 0.1836759 0.0311538 0.9822965
1403637005.301666 0.4208566 -0.3645922 0.1834537 -0.0226719 0.1860346 0.0256589 0.9819464
1403637005.701667 0.3299887 -0.2589320 0.1115561 -0.0241315 0.1788649 0.0261170 0.9832309
1403637006.751667 0.1655733 -0.2366720 -0.0259751 -0.0177099 0.1551746 0.0244896 0.9874247
1403637007.701667 0.1476437 -0.1212327 -0.0540482 -0.0286104 0.0606098 -0.0273783 0.9973757
1403637008.301666 0.0959124 -0.0604561 -0.0733044 -0.0438544 0.0726751 -0.0192845 0.9962044
1403637008.751667 0.0523013 -0.0783048 -0.0534236 -0.0162979 0.0739841 0.0017203 0.9971247
1403637009.601666 0.1144309 -0.0087548 0.0099408 0.0310965 0.0311904 0.0035883 0.9990232
1403637009.901666 0.1208774 -0.0020889 0.0046160 0.0253603 0.0490172 0.0125151 0.9983975
