1311868164.831006 0.0000086 0.0000248 -0.0000136 -0.0000141 -0.0000381 -0.0000091 1.0000000
1311868165.131014 0.0800478 -0.0025052 -0.0202751 0.0064705 -0.0154811 -0.0113714 0.9997945
1311868165.331226 0.1484862 0.0174761 -0.0340143 0.0046488 -0.0360156 -0.0223069 0.9990914
1311868165.663251 0.2393808 0.0403354 -0.0481385 -0.0117175 -0.0487957 -0.0220212 0.9984972
1311868166.163189 0.2523032 0.0854583 -0.1353366 -0.0298924 -0.0089233 -0.0133167 0.9994246
1311868166.663284 0.2841782 0.1496584 -0.1975489 -0.0582213 0.0108394 -0.0087248 0.9982067
1311868167.399226 0.5111213 0.1483749 -0.2239700 -0.0390900 -0.0581633 -0.0478849 0.9963915
1311868168.431214 0.6147442 0.0835421 -0.1307394 -0.0444231 -0.0845037 -0.0529313 0.9940242
1311868169.099339 0.6274157 -0.0039237 -0.0201440 -0.0191635 -0.1243835 -0.0655733 0.9898796
1311868169.399437 0.6593372 -0.0647568 0.0367203 0.0033011 -0.1781722 -0.0971892 0.9791823
1311868169.563501 0.6833468 -0.1069250 0.0670450 0.0176611 -0.2062133 -0.1181414 0.9711883
1311868171.931516 1.1591229 -0.1117312 0.0913736 0.0030789 -0.3055006 -0.1724146 0.9364471
1311868172.199781 1.2197646 -0.1052323 0.1257222 -0.0147863 -0.3107363 -0.1775175 0.9336551
1311868172.463477 1.2667108 -0.0947861 0.1607476 -0.0323457 -0.3062433 -0.1917064 0.9318892
1311868172.699619 1.2998115 -0.0828862 0.2042879 -0.0532667 -0.2965621 -0.1962494 0.9331130
1311868173.331533 1.3237985 -0.1265705 0.3596579 -0.0804914 -0.2867724 -0.2125489 0.9306480
1311868173.699670 1.3476354 -0.1645417 0.4271597 -0.0822099 -0.3024064 -0.2072817 0.9267288
1311868173.931642 1.3678135 -0.2003451 0.4668974 -0.0687359 -0.3354898 -0.2245873 0.9122952
1311868174.431786 1.4507837 -0.2728956 0.5562167 -0.0431992 -0.3867514 -0.2568694 0.8846328
1311868174.931819 1.4604204 -0.3378431 0.6235651 -0.0261014 -0.4148066 -0.2441285 0.8761595
1311868175.167807 1.4293419 -0.3838773 0.6467561 -0.0022759 -0.4159566 -0.2404546 0.8770157
1311868175.467702 1.3961606 -0.4396115 0.6904598 0.0396466 -0.4384665 -0.2055720 0.8740225
1311868175.767584 1.3862547 -0.4760011 0.7458545 0.0629981 -0.4578066 -0.1874984 0.8667691
1311868176.032043 1.4109263 -0.5154919 0.8009069 0.0724057 -0.4908161 -0.1942007 0.8462524
1311868176.567758 1.4979300 -0.5678411 0.9580826 0.0483435 -0.5262465 -0.2407483 0.8141055
1311868176.899837 1.5168138 -0.5878214 1.0243058 0.0347885 -0.5328141 -0.2433576 0.8097382
1311868177.199869 1.4990160 -0.6132559 1.0835333 0.0350121 -0.5258936 -0.2567308 0.8101231
1311868177.499762 1.4708312 -0.6372726 1.1474924 0.0363966 -0.5221855 -0.2602553 0.8113351
1311868177.799899 1.4611895 -0.6453105 1.2124269 0.0147091 -0.5269856 -0.2745306 0.8041783
1311868178.100039 1.4925387 -0.6604330 1.2818626 0.0088305 -0.5665574 -0.2999380 0.7674450
1311868178.400074 1.5393714 -0.6747776 1.3493795 0.0152462 -0.5857370 -0.3212458 0.7439629
1311868178.699917 1.5904081 -0.6770740 1.3759177 -0.0043764 -0.6064041 -0.3195291 0.7281182
1311868179.032182 1.6850525 -0.6711551 1.3668604 -0.0094697 -0.6067503 -0.3177525 0.7285587
1311868179.333050 1.7923849 -0.6553414 1.3524438 -0.0233078 -0.5974894 -0.3221237 0.7339615
1311868179.700151 1.8906652 -0.6541781 1.3745865 -0.0369063 -0.5805032 -0.3335537 0.7418867
1311868180.031945 1.9635624 -0.6756704 1.4187005 -0.0392843 -0.5912571 -0.3440647 0.7283483
1311868180.400081 2.0365443 -0.6957015 1.4955353 -0.0559376 -0.6101095 -0.3524181 0.7074170
1311868180.800199 2.0809357 -0.7132154 1.5504612 -0.0673423 -0.6167198 -0.3600916 0.6967465
1311868181.632435 2.0338755 -0.7538749 1.6357476 -0.0627107 -0.5996933 -0.3583470 0.7127571
1311868181.968208 1.9372385 -0.7780045 1.6573188 -0.0613629 -0.5957417 -0.3548843 0.7179021
1311868182.368183 1.8136375 -0.8019337 1.6903286 -0.0610135 -0.5949900 -0.3446676 0.7235112
1311868182.768253 1.6846617 -0.8585754 1.7336447 -0.0355171 -0.6242859 -0.3306808 0.7068633
1311868183.136176 1.5486910 -0.9371907 1.8019582 -0.0079430 -0.6709319 -0.3484282 0.6545113
1311868183.500255 1.4294968 -0.9914851 1.8330219 0.0048728 -0.7070363 -0.3684910 0.6035647
1311868183.868506 1.3129007 -1.0264471 1.8592210 -0.0292468 -0.7219753 -0.3671543 0.5857423
1311868184.236434 1.1911085 -1.0729932 1.8650323 -0.0142613 -0.7220862 -0.3513933 0.5957440
1311868184.600381 1.0923098 -1.0933969 1.8927674 -0.0107093 -0.7339061 -0.3445995 0.5852507
1311868184.968436 0.9774101 -1.1544409 1.9363859 0.0088831 -0.7724385 -0.3456553 0.5327122
1311868185.268543 0.8964623 -1.1840576 1.9602211 0.0173463 -0.7875254 -0.3490828 0.5075866
1311868185.668624 0.8093527 -1.2019298 1.9816353 0.0473049 -0.7898783 -0.3216517 0.5199949
1311868186.000413 0.7540031 -1.2020309 2.0033879 0.0360282 -0.8000420 -0.3098299 0.5124844
1311868186.336402 0.7058398 -1.2059484 2.0516639 -0.0287948 0.8244761 0.3368044 -0.4538422
1311868186.800524 0.7126455 -1.2092404 2.1223800 -0.0118284 0.8406007 0.3612190 -0.4034494
1311868187.236433 0.7988425 -1.2252150 2.1759186 0.0003208 0.8318963 0.3736072 -0.4103244
1311868187.600502 0.8532623 -1.2437421 2.2358251 0.0022239 0.8134970 0.3968977 -0.4250763
1311868188.000735 0.8639438 -1.2661134 2.3252292 0.0009013 0.8234063 0.4010459 -0.4014516
1311868188.336811 0.8345505 -1.2688890 2.4555564 0.0078008 0.8298682 0.4289094 -0.3567837
1311868188.768663 0.8737504 -1.2694550 2.5451696 0.0368734 0.8257931 0.4524944 -0.3345967
1311868189.201174 0.9985678 -1.2824134 2.6288416 0.0595338 0.8085098 0.4747194 -0.3426501
1311868189.668663 1.0923333 -1.3080753 2.7063758 0.0642362 0.7902175 0.4988606 -0.3500973
1311868190.268616 1.0800610 -1.3737133 2.8711996 0.0655434 0.7860204 0.4963377 -0.3626636
1311868191.408020 1.0445900 -1.4428371 3.0260556 0.0664130 0.7874394 0.4888984 -0.3694683
1311868192.804785 0.8901710 -1.4498290 2.9279714 0.0552873 0.7845878 0.4821590 -0.3858602
1311868193.640297 0.7964296 -1.4999335 2.8549314 0.0373397 0.8143477 0.4879318 -0.3120355
1311868194.339184 0.7452569 -1.5607905 2.8187592 0.0276535 0.8271310 0.4776496 -0.2948568
1311868195.068954 0.7100846 -1.6155156 2.8134084 0.0289736 0.8420948 0.4472968 -0.2999373
1311868195.607032 0.6831160 -1.6454889 2.9102368 0.0166856 0.8366868 0.4452253 -0.3185141
1311868196.036924 0.6940064 -1.6441528 3.0026364 0.0233984 0.8212614 0.4583698 -0.3389386
1311868196.668957 0.7773731 -1.6448860 3.0992658 0.0691351 0.7897966 0.4703048 -0.3876275
1311868197.269183 0.7560486 -1.6800038 3.2346845 0.0625984 0.7849860 0.4850779 -0.3802339
1311868197.805395 0.6961628 -1.7002507 3.3587627 0.0642840 0.7841321 0.5152652 -0.3398620
1311868198.737178 0.5715076 -1.6906164 3.4237111 0.0763878 0.7734228 0.5285269 -0.3415279
1311868199.905169 0.3961356 -1.6792684 3.4276509 0.0735011 0.7977041 0.5401459 -0.2578918
1311868200.537240 0.2621681 -1.7246876 3.5081406 0.0580459 0.8062220 0.5568508 -0.1911911
1311868202.037477 0.0992085 -1.7344053 3.5741501 0.0560042 0.8086607 0.5623327 -0.1634421
1311868203.037557 -0.0640184 -1.7527694 3.5782633 0.0287016 0.8163072 0.5622714 -0.1291105
1311868203.505522 -0.0886280 -1.7949499 3.5093460 0.0353845 0.8370620 0.5401059 -0.0797540
1311868203.973618 -0.1583751 -1.8433205 3.4232903 0.0266309 0.8317879 0.5538569 -0.0257337
1311868204.273553 -0.2212467 -1.8896028 3.3686810 0.0254120 0.8386782 0.5439652 -0.0086618
1311868204.673697 -0.2909791 -1.9332652 3.3158078 0.0120696 0.8329597 0.5530642 0.0123487
1311868205.037739 -0.3463406 -1.9833570 3.2748709 0.0163690 0.8322166 0.5535691 0.0266250
1311868205.473609 -0.3776615 -2.0360973 3.2372770 0.0143994 0.8483761 0.5287271 0.0223226
1311868205.973702 -0.3949853 -2.0719652 3.2064037 0.0189208 0.8714926 0.4899093 0.0114720
1311868206.273560 -0.4113101 -2.0946805 3.1725502 0.0176388 0.8821079 0.4707063 -0.0031965
1311868206.973664 -0.4303730 -2.0098400 3.2116599 -0.0051053 0.8719401 0.4892264 0.0187595
1311868207.437999 -0.5092643 -1.9694109 3.2640631 -0.0010707 0.8645319 0.4993877 0.0565276
1311868207.773705 -0.5733556 -1.9328696 3.3041511 -0.0036239 0.8603204 0.5067368 0.0552576
1311868208.173832 -0.6295067 -1.8976064 3.3574750 -0.0158707 0.8535074 0.5184515 0.0498132
1311868208.573867 -0.6806602 -1.8656883 3.4186435 -0.0133939 0.8466395 0.5294679 0.0518260
1311868209.037800 -0.7359700 -1.8103271 3.4626722 -0.0036317 0.8302280 0.5552508 0.0490380
1311868209.942127 -0.8003643 -1.6653321 3.4291992 -0.0004077 0.8207862 0.5689152 0.0514323
1311868211.306090 -0.9248716 -1.6060028 3.4089811 -0.0048119 0.8174334 0.5645406 0.1143391
1311868211.906024 -1.0807147 -1.5996499 3.4248087 -0.0150096 0.8122661 0.5679804 0.1318970
1311868212.842064 -1.2214556 -1.5906682 3.4073136 -0.0148013 0.8157332 0.5675970 0.1104258
1311868213.842211 -1.3066070 -1.5445359 3.2792785 -0.0229401 0.8177019 0.5554447 0.1493941
1311868214.742333 -1.3722037 -1.5222582 3.2020831 -0.0068088 0.8169959 0.5384478 0.2062652
1311868215.242259 -1.4236090 -1.5176332 3.1376338 -0.0307414 0.8111174 0.5182869 0.2692997
1311868215.674534 -1.4287901 -1.5423489 3.0665359 -0.0357100 0.8071743 0.5075195 0.2993633
1311868216.242946 -1.4111402 -1.5920200 2.9733999 -0.0276167 0.8048531 0.4966553 0.3237010
1311868216.742454 -1.4316854 -1.6258452 2.8940477 -0.0128876 0.8063157 0.4899033 0.3311852
1311868217.174613 -1.4467819 -1.6573417 2.8407378 -0.0149655 0.8148602 0.4810898 0.3230039
1311868218.742485 -1.4583710 -1.5960115 2.8496323 0.0073591 0.8252468 0.4570489 0.3316925
1311868219.174460 -1.5171613 -1.5303016 2.8669152 -0.0098479 0.8228155 0.4485283 0.3488553
1311868219.543330 -1.5578798 -1.4341784 2.9031494 0.0059845 0.8069898 0.4651392 0.3638367
1311868220.010555 -1.5805953 -1.3568308 2.9517076 0.0255249 0.7902495 0.4727083 0.3891029
1311868220.374967 -1.6000831 -1.3032327 3.0010400 0.0194575 0.7727648 0.4876834 0.4057349
1311868220.742672 -1.6341408 -1.2656757 3.0365160 0.0005706 0.7549525 0.5076741 0.4151065
1311868221.742786 -1.7135235 -1.2338092 3.0657513 -0.0056125 0.7516142 0.5110800 0.4169434
1311868223.174769 -1.7940934 -1.1810291 2.9247611 -0.0156783 0.7312337 0.5153488 0.4466174
1311868224.211401 -1.8634839 -1.1388043 2.8461680 0.0039657 0.7223738 0.5098726 0.4671085
1311868224.611208 -1.9208727 -1.1171134 2.7874067 -0.0052902 0.7171704 0.4939688 0.4915623
1311868224.978324 -1.9781554 -1.0918355 2.7315264 -0.0122631 0.7129700 0.4899293 0.5014904
1311868225.542923 -2.0470686 -1.0689754 2.6821952 -0.0126193 0.7067858 0.4837177 0.5160540
1311868226.115058 -2.0972714 -1.0473641 2.6535268 -0.0111528 0.6943299 0.4784580 0.5374566
1311868226.511027 -2.1190124 -1.0266433 2.6026423 -0.0089297 0.7006431 0.4830265 0.5250761
1311868226.844284 -2.1241183 -1.0038309 2.5221930 -0.0075416 0.6938359 0.4848751 0.5323823
1311868227.247413 -2.1184673 -0.9754677 2.4103129 -0.0041279 0.6942232 0.4707538 0.5444521
1311868227.679026 -2.1144605 -0.9464694 2.3340824 0.0066721 0.6814457 0.4608048 0.5685474
1311868228.014729 -2.1294935 -0.9272121 2.2794805 0.0004634 0.6569763 0.4439069 0.6093673
1311868228.378967 -2.1691494 -0.8995110 2.2141140 -0.0029805 0.6343193 0.4260198 0.6450870
1311868228.779112 -2.2163923 -0.8712953 2.1380186 -0.0165300 0.6241335 0.4140540 0.6623771
1311868229.148295 -2.2348683 -0.8445352 2.0716412 -0.0085052 0.6258083 0.4192685 0.6576515
1311868229.547820 -2.1881356 -0.8529660 2.0111842 -0.0180762 0.6123544 0.4329026 0.6612796
1311868229.944417 -2.0888176 -0.8867412 1.9352952 -0.0188603 0.6117224 0.4380110 0.6584728
1311868230.180570 -2.0330539 -0.9081671 1.8970218 -0.0211075 0.6161420 0.4411325 0.6521699
1311868230.443234 -1.9812531 -0.9385462 1.8441895 -0.0230788 0.6090536 0.4536934 0.6501410
1311868230.643420 -1.9366179 -0.9363452 1.8048859 -0.0079420 0.6160020 0.4692149 0.6327052
1311868230.943429 -1.8918628 -0.9460383 1.7445476 -0.0145419 0.6202103 0.4497784 0.6425163
1311868231.343237 -1.8383772 -0.9653588 1.6703241 -0.0613088 0.6179776 0.4383274 0.6497800
1311868231.811225 -1.7436419 -1.0114959 1.6291115 -0.0840152 0.6166927 0.4399005 0.6473941
1311868232.343193 -1.6464436 -1.0896626 1.6131251 -0.0971848 0.6029226 0.4470162 0.6536176
1311868232.779268 -1.5866479 -1.1441060 1.6084485 -0.0847631 0.6174354 0.4504049 0.6393154
1311868233.943472 -1.6693032 -1.0767860 1.5758114 -0.0575365 0.6019205 0.4146634 0.6800261
1311868234.379573 -1.7649405 -1.0308979 1.5204989 -0.0571050 0.6018006 0.3791403 0.7005910
1311868234.779522 -1.8604881 -0.9686986 1.4800465 -0.0602802 0.5951529 0.3676038 0.7120582
1311868235.179665 -1.9419694 -0.9014748 1.4449879 -0.0626501 0.5870447 0.3722099 0.7161796
1311868235.579657 -1.9859881 -0.8265135 1.4040624 -0.0517392 0.5918401 0.3749872 0.7116410
1311868236.079629 -2.0021877 -0.7373505 1.3640143 -0.0425883 0.5884051 0.3689921 0.7181994
1311868236.479602 -1.9937390 -0.6640252 1.3212612 -0.0499870 0.5686847 0.3622351 0.7368072
1311868236.847644 -1.9941314 -0.6084920 1.2983363 -0.0267654 0.5542814 0.3534100 0.7530984
1311868237.211747 -2.0009575 -0.5440797 1.2685251 -0.0098808 0.5319489 0.3583525 0.7671481
1311868237.579714 -2.0201249 -0.4805375 1.1895765 -0.0175056 0.5104123 0.3384715 0.7903226
1311868237.947730 -2.0453315 -0.4160632 1.0979743 -0.0272999 0.4860612 0.3187464 0.8132650
1311868238.279669 -2.0568147 -0.3605127 1.0396211 -0.0310365 0.4684989 0.3235005 0.8215187
1311868238.679756 -2.0379560 -0.3183541 0.9880981 -0.0314486 0.4655493 0.3228639 0.8234280
1311868239.047859 -1.9936839 -0.2686585 0.9444282 -0.0354687 0.4599623 0.3366155 0.8208938
1311868239.411681 -1.9576092 -0.2405616 0.9126333 -0.0285648 0.4320019 0.3223900 0.8417975
1311868239.779802 -1.9300971 -0.2013067 0.8879833 -0.0401204 0.4063960 0.3102429 0.8584766
1311868240.147812 -1.9205616 -0.1527025 0.8194172 -0.0455128 0.3777502 0.2934328 0.8770009
1311868240.480028 -1.9211627 -0.1001683 0.7360330 -0.0637818 0.3664073 0.2672554 0.8889613
1311868240.911960 -1.9328877 -0.0555793 0.6790065 -0.0678276 0.3587923 0.2743963 0.8895921
1311868241.348159 -1.8626757 -0.1172197 0.6435281 -0.0817317 0.3614889 0.2878012 0.8830720
1311868241.712640 -1.7884258 -0.1848470 0.6212924 -0.0687612 0.3549463 0.2980922 0.8834172
1311868242.080011 -1.7239673 -0.2318298 0.5730518 -0.0696294 0.3329301 0.2608955 0.9034616
1311868242.612269 -1.6689489 -0.2415362 0.5016688 -0.0648026 0.2876230 0.2298457 0.9274937
1311868243.180098 -1.6197722 -0.2098379 0.4737023 -0.0455219 0.2983375 0.2300215 0.9252095
1311868243.580031 -1.5795003 -0.1863901 0.4176519 -0.0434421 0.2816112 0.2016012 0.9371045
1311868243.912060 -1.5402851 -0.1364801 0.3432850 -0.0680306 0.2433850 0.1792313 0.9507953
1311868244.312192 -1.5115942 -0.0702236 0.2732735 -0.0624064 0.1963657 0.1498681 0.9669982
1311868244.680312 -1.4854972 0.0011045 0.2324505 -0.0659417 0.1920839 0.1459020 0.9682294
1311868245.048320 -1.4293143 0.0570905 0.2206716 -0.0829166 0.2103072 0.1538149 0.9618922
1311868245.480081 -1.3370962 0.0898550 0.2044860 -0.0630796 0.1918418 0.1442498 0.9687155
1311868245.880182 -1.2570026 0.1415133 0.1659659 -0.0625022 0.1658469 0.1679348 0.9697351
1311868246.280157 -1.2044927 0.2038971 0.0984810 -0.0870782 0.1431123 0.1457879 0.9750293
1311868246.680335 -1.1873606 0.2657870 0.0150149 -0.1020517 0.1427615 0.1442234 0.9738605
1311868247.580231 -1.0788465 0.2510340 -0.0201482 -0.1045730 0.1576886 0.1476816 0.9707672
1311868248.048245 -0.9647818 0.1805611 0.0299964 -0.0954597 0.1499139 0.1413422 0.9738766
1311868248.448353 -0.8701208 0.1311463 0.0629801 -0.1041130 0.1219212 0.1330093 0.9780615
1311868248.816469 -0.7595717 0.0842973 0.0812516 -0.1251979 0.0895508 0.0927446 0.9837198
1311868249.148549 -0.6630914 0.0493213 0.0947856 -0.1351138 0.0929562 0.0914358 0.9822133
1311868249.516272 -0.6031050 0.0102770 0.1252184 -0.1254586 0.0964927 0.0886709 0.9834057
1311868249.880507 -0.5582106 -0.0553596 0.1811022 -0.1205125 0.1015949 0.0873847 0.9836255
1311868250.280374 -0.5322650 -0.1414396 0.2490883 -0.1073400 0.1065326 0.0878273 0.9845889
1311868250.748430 -0.5138441 -0.2240403 0.2970887 -0.0944667 0.0950789 0.0912332 0.9867687
1311868251.948786 -0.4092317 -0.1562298 0.2205190 -0.0865402 0.0801532 0.0583418 0.9913034
1311868252.348634 -0.3097585 -0.1133241 0.1424136 -0.0815454 0.0677439 0.0195762 0.9941720
1311868252.716568 -0.2129228 -0.0518540 0.0855185 -0.0978655 0.0470807 0.0211894 0.9938595
1311868253.080812 -0.1330155 -0.0059538 0.0593033 -0.1066731 0.0424943 0.0321334 0.9928658
1311868253.448691 -0.0483828 0.0139151 0.0600004 -0.1167328 0.0533457 0.0350573 0.9911098
1311868254.281235 0.1517003 0.0441778 0.0816769 -0.1150682 0.0080452 0.0259278 0.9929866
1311868255.216885 0.3816180 0.1187906 0.0202843 -0.1501440 -0.0705795 -0.0174521 0.9859872
1311868255.848787 0.4762195 0.1252465 0.0317849 -0.1512081 -0.0761313 -0.0201069 0.9853608
1311868256.584898 0.6490268 0.0576659 0.1119886 -0.1355115 -0.0986149 -0.0387823 0.9850927
1311868257.248914 0.7857922 -0.0208427 0.1743888 -0.1249709 -0.1475097 -0.0803328 0.9778394
1311868257.949031 0.9016415 -0.1297627 0.2247795 -0.1210857 -0.1983412 -0.1419674 0.9622080
1311868258.685108 0.9009431 -0.2994400 0.3531099 -0.1369383 -0.2328626 -0.1632343 0.9488822
1311868259.350162 0.9275396 -0.4154836 0.4792518 -0.1111037 -0.2785509 -0.1876670 0.9353322
1311868260.085277 1.0168369 -0.4604671 0.5688151 -0.0894490 -0.3002972 -0.2104632 0.9260269
1311868260.917044 0.9570588 -0.4195284 0.5450572 -0.1079820 -0.3126891 -0.2095507 0.9201380
