1311868164.363181 -0.0000009 0.0000001 0.0000261 -0.0000028 0.0000161 -0.0000030 1.0000000
1311868164.963119 0.0866743 0.0021455 -0.0493941 0.0127947 -0.0042545 -0.0185123 0.9997377
1311868164.999037 0.0943348 0.0006400 -0.0496083 0.0103380 -0.0067765 -0.0186942 0.9997488
1311868165.131014 0.1385839 -0.0033112 -0.0594050 0.0109326 -0.0227253 -0.0244088 0.9993839
1311868166.099206 0.3213011 0.0724332 -0.1580343 -0.0205307 -0.0190037 -0.0246279 0.9993052
1311868166.499195 0.3343585 0.1378679 -0.2179812 -0.0550589 0.0020125 -0.0220764 0.9982370
1311868167.299141 0.5497605 0.1376559 -0.2527318 -0.0349957 -0.0599753 -0.0565424 0.9959825
1311868168.431214 0.6822668 0.0704794 -0.1610107 -0.0402054 -0.0926392 -0.0661501 0.9926861
1311868169.063354 0.6885096 -0.0120827 -0.0563341 -0.0177309 -0.1285388 -0.0774765 0.9885144
1311868169.331297 0.7113753 -0.0646946 -0.0085315 -0.0006267 -0.1735137 -0.1003917 0.9797010
1311868169.531434 0.7367594 -0.1138042 0.0293085 0.0174975 -0.2112951 -0.1269487 0.9689851
1311868170.331325 0.8744297 -0.1952734 0.0645079 0.0404612 -0.2574504 -0.1179545 0.9582113
1311868171.899575 1.2114825 -0.1401974 0.0636957 0.0083619 -0.3121809 -0.1841084 0.9319749
1311868172.163558 1.2738030 -0.1371398 0.1001544 -0.0099255 -0.3190909 -0.1902557 0.9283777
1311868172.463477 1.3263727 -0.1283841 0.1395023 -0.0299773 -0.3139284 -0.2055613 0.9264420
1311868172.999602 1.3704662 -0.1179611 0.2684685 -0.0803540 -0.2962852 -0.2178566 0.9264430
1311868173.431624 1.3825227 -0.1744556 0.3570272 -0.0770452 -0.2989304 -0.2256763 0.9239994
1311868173.799549 1.4070845 -0.2157666 0.4264305 -0.0766339 -0.3214477 -0.2250906 0.9165876
1311868174.031740 1.4338577 -0.2564608 0.4633218 -0.0547508 -0.3581215 -0.2526371 0.8971766
1311868174.299749 1.4801627 -0.3019690 0.5158244 -0.0425833 -0.3839224 -0.2659960 0.8831967
1311868174.531708 1.5074813 -0.3209792 0.5513821 -0.0408845 -0.4036023 -0.2721048 0.8725781
1311868175.099631 1.4860554 -0.4071092 0.6202139 -0.0089604 -0.4212660 -0.2542301 0.8705296
1311868175.400048 1.4436464 -0.4662575 0.6557106 0.0358625 -0.4421566 -0.2264079 0.8671510
1311868175.731708 1.4274926 -0.5134560 0.7176497 0.0607845 -0.4642299 -0.2001342 0.8606638
1311868176.067949 1.4524846 -0.5646523 0.7878155 0.0730330 -0.5042259 -0.2113642 0.8341149
1311868176.367752 1.5037553 -0.6051979 0.8786854 0.0673429 -0.5305234 -0.2417228 0.8096789
1311868176.699787 1.5438050 -0.6206203 0.9683341 0.0381187 -0.5383891 -0.2547410 0.8023660
1311868177.099730 1.5411181 -0.6490862 1.0406508 0.0306951 -0.5383689 -0.2628828 0.8000684
1311868177.499762 1.5000136 -0.6869402 1.1256723 0.0360098 -0.5299797 -0.2729020 0.8020906
1311868177.832005 1.4895654 -0.6950135 1.1990246 0.0132052 -0.5391729 -0.2880526 0.7912925
1311868178.199855 1.5296748 -0.7237557 1.2880940 0.0109572 -0.5836583 -0.3241357 0.7444185
1311868178.531933 1.5790584 -0.7317756 1.3471966 0.0000446 -0.6041427 -0.3330429 0.7239434
1311868178.900038 1.6620250 -0.7266526 1.3544108 -0.0116350 -0.6150643 -0.3303186 0.7158563
1311868179.232011 1.7788161 -0.7188305 1.3392954 -0.0109103 -0.6107938 -0.3368670 0.7164723
1311868179.632001 1.8944412 -0.7120788 1.3546343 -0.0374879 -0.5896652 -0.3448652 0.7293543
1311868180.031945 1.9830582 -0.7385222 1.4060794 -0.0402769 -0.5965449 -0.3564328 0.7179607
1311868180.468133 2.0658598 -0.7642673 1.4952499 -0.0615850 -0.6179463 -0.3672376 0.6924495
1311868181.168020 2.1043525 -0.8072018 1.5838954 -0.0637376 -0.6132719 -0.3622377 0.6990129
1311868181.932068 1.9621027 -0.8400946 1.6429985 -0.0626139 -0.6015271 -0.3673102 0.7066314
1311868182.368183 1.8248789 -0.8646446 1.6726477 -0.0622707 -0.5997042 -0.3573166 0.7133037
1311868182.800181 1.6823196 -0.9223689 1.7206653 -0.0347906 -0.6345408 -0.3437192 0.6913788
1311868183.236295 1.5169214 -1.0154227 1.7949250 0.0017235 -0.6863042 -0.3692083 0.6266329
1311868183.668587 1.3763745 -1.0668590 1.8261521 -0.0296841 -0.7284696 -0.3756155 0.5721573
1311868184.070267 1.2432463 -1.1093125 1.8290933 -0.0187098 -0.7232625 -0.3760620 0.5788943
1311868184.500438 1.1170849 -1.1382035 1.8503700 -0.0136551 -0.7311429 -0.3604493 0.5790682
1311868184.900445 0.9950091 -1.1879218 1.8938192 0.0013025 -0.7721435 -0.3546840 0.5272495
1311868185.337903 0.8753588 -1.2291018 1.9248679 -0.0180842 0.7951138 0.3527919 -0.4929553
1311868185.701972 0.7974879 -1.2433196 1.9425933 0.0434309 -0.7948033 -0.3275804 0.5090113
1311868186.036453 0.7428157 -1.2422496 1.9657348 -0.0314887 0.8061101 0.3218018 -0.4956193
1311868186.368410 0.6954358 -1.2446866 2.0151041 -0.0225718 0.8310692 0.3500067 -0.4316362
1311868186.800524 0.7049154 -1.2494849 2.0801609 -0.0066507 0.8433233 0.3705446 -0.3891765
1311868187.169000 0.7707399 -1.2676156 2.1244268 0.0052753 0.8379838 0.3785473 -0.3930106
1311868187.537564 0.8377633 -1.2834822 2.1839824 0.0067821 0.8173293 0.4047650 -0.4099905
1311868187.936595 0.8502700 -1.3077304 2.2673306 0.0075852 0.8217866 0.4096235 -0.3960024
1311868188.268577 0.8231926 -1.3189108 2.3893337 0.0165573 0.8338985 0.4272858 -0.3489499
1311868188.601444 0.8235058 -1.3109127 2.4742849 0.0316299 0.8300282 0.4547030 -0.3214001
1311868188.936521 0.9030463 -1.3201461 2.5430608 0.0515810 0.8215584 0.4695145 -0.3192762
1311868189.302276 1.0047626 -1.3408973 2.6086998 0.0655872 0.8016285 0.4932743 -0.3313163
1311868189.802939 1.0700164 -1.3717453 2.7103734 0.0696614 0.7888956 0.5090290 -0.3371655
1311868190.336668 1.0479511 -1.4396018 2.8562646 0.0675861 0.7862220 0.5045634 -0.3502896
1311868190.970309 1.0266699 -1.4893738 2.9633007 0.0706555 0.7886513 0.4970153 -0.3549827
1311868192.404725 0.9080413 -1.5109841 2.9584439 0.0591627 0.7799673 0.5001299 -0.3715116
1311868193.038080 0.8333499 -1.5067060 2.8614292 0.0571190 0.7929794 0.4870408 -0.3615417
1311868193.573764 0.7702989 -1.5419540 2.8217530 0.0469241 0.8127690 0.4967071 -0.3008101
1311868194.009150 0.7308314 -1.5843012 2.7933698 0.0291389 0.8280879 0.4802565 -0.2877065
1311868194.568867 0.6973737 -1.6288278 2.7643604 0.0270796 0.8324611 0.4735256 -0.2864415
1311868195.906456 0.6381422 -1.6947365 2.9315286 0.0177777 0.8260617 0.4641583 -0.3191599
1311868196.410126 0.7011113 -1.6993121 3.0134835 0.0468122 0.8051351 0.4730611 -0.3546537
1311868197.036991 0.7313299 -1.7199109 3.1325936 0.0714992 0.7837175 0.4800939 -0.3875366
1311868197.637079 0.6616339 -1.7530504 3.2784896 0.0656189 0.7863461 0.5173913 -0.3311499
1311868198.405114 0.5783879 -1.7488072 3.3740735 0.0847737 0.7732941 0.5313418 -0.3354185
1311868199.505308 0.4041774 -1.7264807 3.3650475 0.0828359 0.7832979 0.5424749 -0.2920677
1311868200.205451 0.2792521 -1.7482364 3.4027171 0.0629961 0.8045450 0.5533651 -0.2062180
1311868200.805217 0.1667459 -1.7822630 3.4900377 0.0625857 0.8053166 0.5652136 -0.1675763
1311868202.173321 0.0270727 -1.7751896 3.5172276 0.0589800 0.8039222 0.5747939 -0.1408633
1311868203.037557 -0.1205059 -1.7903111 3.5153661 0.0322208 0.8142444 0.5686374 -0.1123361
1311868203.473498 -0.1438458 -1.8299875 3.4487445 0.0378002 0.8340598 0.5461696 -0.0679276
1311868203.873636 -0.1937051 -1.8708467 3.3833556 0.0352882 0.8291007 0.5577525 -0.0160874
1311868204.205500 -0.2612163 -1.9123286 3.3072314 0.0295729 0.8341872 0.5506585 0.0056977
1311868204.637637 -0.3409745 -1.9582614 3.2465529 0.0190368 0.8285108 0.5588251 0.0303634
1311868205.037739 -0.4007664 -2.0132728 3.2012682 0.0208722 0.8281704 0.5584120 0.0432935
1311868205.437684 -0.4296897 -2.0573320 3.1689208 0.0174263 0.8432161 0.5360293 0.0368181
1311868205.905586 -0.4505478 -2.0947719 3.1371360 0.0262019 0.8661978 0.4981432 0.0294648
1311868206.273560 -0.4655381 -2.1199214 3.0966754 0.0229150 0.8791763 0.4757602 0.0132730
1311868207.073774 -0.5009140 -2.0257416 3.1417837 -0.0034135 0.8667766 0.4967780 0.0435699
1311868207.573858 -0.5933410 -1.9811401 3.2008562 0.0046005 0.8597292 0.5056605 0.0717769
1311868208.037660 -0.6672989 -1.9309969 3.2585225 -0.0023756 0.8528173 0.5181947 0.0645854
1311868208.373775 -0.7043647 -1.9011743 3.3169012 -0.0129052 0.8465275 0.5280587 0.0661718
1311868208.837756 -0.7766812 -1.8595836 3.3701329 0.0004737 0.8327193 0.5494025 0.0688125
1311868209.341866 -0.8049928 -1.7746050 3.3897557 0.0000376 0.8174363 0.5725676 0.0629617
1311868210.105867 -0.8589010 -1.6696894 3.3454008 0.0069218 0.8191788 0.5685323 0.0752943
1311868211.241987 -0.9562590 -1.6204364 3.3294587 0.0031370 0.8144243 0.5666367 0.1250040
1311868211.773982 -1.0996797 -1.6130275 3.3324609 -0.0120431 0.8087656 0.5688117 0.1490179
1311868212.406130 -1.2231987 -1.6053046 3.3415542 -0.0128655 0.8054863 0.5751392 0.1422721
1311868213.206347 -1.2953541 -1.5839301 3.2743139 -0.0156596 0.8124916 0.5668458 0.1352700
1311868213.942213 -1.3544035 -1.5481324 3.1730318 -0.0190405 0.8132564 0.5567408 0.1681997
1311868214.574356 -1.3948855 -1.5298504 3.1279356 -0.0017444 0.8132965 0.5456082 0.2021323
1311868215.006391 -1.4403909 -1.5167032 3.0745080 -0.0139477 0.8063853 0.5291347 0.2637513
1311868215.406376 -1.4692209 -1.5217685 3.0166574 -0.0307508 0.8014707 0.5179853 0.2973051
1311868215.806559 -1.4623435 -1.5517859 2.9535077 -0.0334546 0.7989223 0.5015659 0.3302053
1311868216.206326 -1.4501401 -1.5878879 2.8824599 -0.0231637 0.7976216 0.4977657 0.3398419
1311868216.674349 -1.4635234 -1.6164587 2.8093116 -0.0108291 0.7990803 0.4932544 0.3435891
1311868217.143747 -1.4812477 -1.6486450 2.7498596 -0.0088473 0.8068799 0.4827890 0.3402666
1311868218.842407 -1.5071312 -1.5822771 2.7540281 0.0127461 0.8178564 0.4524751 0.3552672
1311868219.342858 -1.5687033 -1.4809154 2.7862115 0.0036566 0.8142970 0.4522723 0.3638088
1311868219.810409 -1.6021883 -1.3768400 2.8295364 0.0225979 0.7866997 0.4741566 0.3946751
1311868220.242513 -1.6194005 -1.3160217 2.8846250 0.0314783 0.7681875 0.4874105 0.4139180
1311868220.710604 -1.6578287 -1.2604195 2.9377847 0.0054268 0.7484346 0.5046946 0.4302320
1311868221.874613 -1.7496781 -1.2271123 2.9622245 0.0009574 0.7444674 0.5145602 0.4254353
1311868222.974842 -1.8087244 -1.1755433 2.8463311 -0.0095351 0.7250619 0.5197094 0.4517704
1311868224.145344 -1.8766286 -1.1281695 2.7501919 0.0121574 0.7131260 0.5114365 0.4793080
1311868224.674856 -1.9517310 -1.0952015 2.6722169 0.0014985 0.7065803 0.4926150 0.5080085
1311868225.111236 -2.0108480 -1.0674264 2.6092625 -0.0043465 0.7036266 0.4843776 0.5198740
1311868225.711259 -2.0817671 -1.0428460 2.5703897 -0.0034222 0.6930905 0.4807712 0.5370967
1311868226.310950 -2.1268456 -1.0129640 2.5274637 -0.0076675 0.6889329 0.4724496 0.5496399
1311868226.745829 -2.1378636 -0.9860306 2.4450629 -0.0040487 0.6899184 0.4815217 0.5404934
1311868227.144535 -2.1316333 -0.9548746 2.3290119 -0.0039504 0.6867543 0.4676329 0.5564821
1311868227.547438 -2.1185946 -0.9285175 2.2424688 0.0125142 0.6760743 0.4640671 0.5721964
1311868227.946163 -2.1272802 -0.8996766 2.1789453 0.0084237 0.6505117 0.4438225 0.6162671
1311868228.479553 -2.1818316 -0.8603237 2.0804737 0.0044304 0.6191086 0.4227749 0.6617751
1311868228.979108 -2.2357602 -0.8199575 1.9900633 -0.0117986 0.6111750 0.4075560 0.6783982
1311868229.381047 -2.2183518 -0.8204446 1.9271082 -0.0085404 0.6117553 0.4211111 0.6695880
1311868229.782489 -2.1297662 -0.8376684 1.8583810 -0.0175205 0.6022223 0.4298992 0.6724641
1311868230.214879 -2.0239751 -0.8823845 1.7872339 -0.0141318 0.6094472 0.4335841 0.6636108
1311868230.543330 -1.9487137 -0.9018887 1.7221415 -0.0050672 0.5941346 0.4641091 0.6569484
1311868230.743239 -1.9089013 -0.9129037 1.6756382 0.0091599 0.6069481 0.4557784 0.6509963
1311868231.115505 -1.8546515 -0.9235657 1.6041971 -0.0142456 0.6175227 0.4303675 0.6582147
1311868231.683851 -1.7584602 -0.9628986 1.5344930 -0.0721735 0.6033583 0.4306301 0.6673136
1311868232.180728 -1.6672578 -1.0410569 1.5152290 -0.0896598 0.5958244 0.4353773 0.6688805
1311868232.779268 -1.5764384 -1.1209700 1.5097805 -0.0789574 0.6071380 0.4451391 0.6534527
1311868234.311515 -1.7292311 -1.0087898 1.4224683 -0.0499355 0.5895831 0.3825705 0.7096041
1311868234.743637 -1.8346512 -0.9427571 1.3786237 -0.0529729 0.5842088 0.3624860 0.7242222
1311868235.211489 -1.9278259 -0.8566719 1.3339264 -0.0545943 0.5743024 0.3676554 0.7294009
1311868235.743898 -1.9738175 -0.7581751 1.2827487 -0.0431436 0.5933665 0.3628872 0.7171943
1311868236.279495 -1.9747851 -0.6602564 1.2322476 -0.0327687 0.5592076 0.3645113 0.7438713
1311868236.779605 -1.9607120 -0.5783483 1.1940720 -0.0215505 0.5433092 0.3491743 0.7631696
1311868237.247704 -1.9704757 -0.4958369 1.1554946 -0.0000943 0.5163050 0.3502895 0.7814898
1311868237.747723 -1.9933335 -0.4056323 1.0396129 -0.0212030 0.4913872 0.3123690 0.8127205
1311868238.247769 -2.0157413 -0.3168124 0.9390872 -0.0231413 0.4561724 0.3140797 0.8323011
1311868238.879655 -1.9697380 -0.2433043 0.8632398 -0.0304297 0.4538978 0.3271666 0.8282589
1311868239.479757 -1.9018285 -0.1874546 0.8098088 -0.0219343 0.4131764 0.3169954 0.8534155
1311868239.947914 -1.8710495 -0.1368333 0.7729420 -0.0304612 0.3756531 0.2962418 0.8776090
1311868240.279833 -1.8579338 -0.0852389 0.6858912 -0.0403797 0.3552235 0.2767662 0.8919564
1311868240.611779 -1.8672349 -0.0322178 0.6235090 -0.0606473 0.3498706 0.2514876 0.9003702
1311868241.111816 -1.8413279 -0.0225672 0.5744033 -0.0739792 0.3474340 0.2699973 0.8949403
1311868241.447810 -1.7780646 -0.0892179 0.5481186 -0.0717560 0.3471610 0.2780263 0.8927663
1311868241.779865 -1.7117208 -0.1495982 0.5237377 -0.0615489 0.3371443 0.2853018 0.8950689
1311868242.147934 -1.6480405 -0.1956298 0.4748111 -0.0666752 0.3136800 0.2463630 0.9145843
1311868242.580083 -1.6071093 -0.2000340 0.4205628 -0.0604483 0.2804490 0.2170750 0.9330449
1311868242.980064 -1.5733012 -0.1826388 0.4018514 -0.0474211 0.2853142 0.2092736 0.9341047
1311868243.411942 -1.5317106 -0.1606116 0.3647890 -0.0349763 0.2764274 0.2074135 0.9377335
1311868243.811933 -1.4836159 -0.1114609 0.2860480 -0.0576916 0.2409690 0.1697823 0.9538237
1311868244.312192 -1.4451193 -0.0310877 0.1913886 -0.0563421 0.1853699 0.1385015 0.9712265
1311868244.712115 -1.4069918 0.0456162 0.1559758 -0.0617315 0.1792807 0.1350233 0.9725309
1311868245.112252 -1.3437165 0.1011281 0.1472025 -0.0773933 0.2017292 0.1383967 0.9665205
1311868245.480081 -1.2619228 0.1255716 0.1324946 -0.0569987 0.1801187 0.1323830 0.9730278
1311868245.880182 -1.1790777 0.1755044 0.0969355 -0.0569123 0.1540036 0.1559687 0.9740214
1311868246.248127 -1.1306182 0.2301660 0.0391817 -0.0814520 0.1316926 0.1336074 0.9788625
1311868246.648250 -1.1083536 0.2919983 -0.0423464 -0.0946637 0.1323288 0.1292936 0.9781672
1311868247.148430 -1.0718627 0.3220108 -0.1025870 -0.0995722 0.1532217 0.1419034 0.9728679
1311868247.848368 -0.9321823 0.2389902 -0.0579847 -0.0938579 0.1409220 0.1285514 0.9771419
1311868248.248345 -0.8433861 0.1776937 -0.0141882 -0.0906545 0.1211961 0.1306217 0.9798118
1311868248.648465 -0.7361313 0.1379872 0.0197220 -0.1049536 0.0912821 0.0987324 0.9853447
1311868249.016517 -0.6291394 0.0860937 0.0341026 -0.1248607 0.0783451 0.0799459 0.9858400
1311868249.380649 -0.5460625 0.0448488 0.0565908 -0.1260948 0.0839943 0.0773622 0.9854239
1311868249.748334 -0.5036258 -0.0164056 0.1034917 -0.1182175 0.0869535 0.0754201 0.9862939
1311868250.148589 -0.4741832 -0.0996183 0.1722465 -0.1038767 0.1036966 0.0709874 0.9866192
1311868250.548715 -0.4632672 -0.1746485 0.2272367 -0.0940702 0.0913317 0.0726525 0.9887016
1311868251.316903 -0.4429784 -0.2147966 0.2413391 -0.0751774 0.0807279 0.0513342 0.9925705
1311868251.816706 -0.3736176 -0.1559616 0.1866188 -0.0762371 0.0745809 0.0469874 0.9931856
1311868252.249056 -0.2715702 -0.1174555 0.1143088 -0.0761557 0.0599785 0.0231678 0.9950207
1311868252.680706 -0.1554151 -0.0482526 0.0431127 -0.0904801 0.0375477 0.0084326 0.9951544
1311868253.116735 -0.0622939 -0.0003157 0.0149176 -0.1014914 0.0350901 0.0213901 0.9939873
1311868253.880980 0.1150568 0.0217797 0.0386130 -0.1056793 0.0316864 0.0283697 0.9934903
1311868254.916952 0.3867437 0.0907008 0.0054446 -0.1422798 -0.0616025 -0.0288684 0.9874858
1311868255.585756 0.4962127 0.1173548 -0.0173486 -0.1429637 -0.0843850 -0.0276710 0.9857357
1311868256.316827 0.6509494 0.0722419 0.0523057 -0.1465961 -0.0943389 -0.0535184 0.9832322
1311868257.085190 0.8105648 -0.0119217 0.1358810 -0.1184711 -0.1401503 -0.0778145 0.9799324
1311868257.816852 0.9478045 -0.1281886 0.1864483 -0.1199850 -0.2009432 -0.1446128 0.9614118
1311868258.549307 0.9562010 -0.2912552 0.2949601 -0.1385781 -0.2335386 -0.1912971 0.9432186
1311868259.248996 0.9621789 -0.4308839 0.4299496 -0.1108215 -0.2785368 -0.1956873 0.9337249
1311868260.249110 1.0598220 -0.4771324 0.5409070 -0.0938692 -0.3016984 -0.2237483 0.9220105
