1403638130.795097113 0.04813 0.01167 0.42205 0.83011 0.00329 0.54934 -0.09554
1403638130.995096922 0.04714 0.00660 0.46479 0.81564 -0.00602 0.57044 -0.09644
1403638131.095097065 0.04407 0.01661 0.44966 0.80540 -0.01334 0.58635 -0.08573
1403638131.195096970 0.03867 0.01475 0.42821 0.81211 -0.00473 0.57883 -0.07360
1403638131.295097113 0.02694 0.02808 0.40845 0.82131 0.00939 0.56706 -0.06168
1403638131.495096922 0.03898 0.01220 0.34155 0.82155 0.01106 0.56778 -0.05062
1403638131.695096970 0.02447 0.00428 0.23583 0.82584 0.01637 0.56197 -0.04369
1403638131.895097017 0.00959 -0.00655 0.16215 0.82747 0.02373 0.56043 -0.02559
1403638131.995096922 0.00564 -0.00684 0.12705 0.82908 0.03059 0.55794 -0.01962
1403638132.095097065 0.00544 -0.00913 0.11423 0.83371 0.04685 0.55011 -0.01039
1403638132.295097113 0.00435 -0.00582 0.17239 0.82601 0.04552 0.56137 -0.02214
1403638132.395097017 0.00479 -0.00330 0.22844 0.82137 0.03973 0.56796 -0.03448
1403638132.495096922 0.00611 -0.00129 0.28614 0.81302 0.02861 0.57902 -0.05403
1403638132.595097065 0.00725 0.00078 0.34061 0.79891 0.01495 0.59675 -0.07359
1403638132.795097113 0.00757 0.02140 0.40713 0.80442 0.00914 0.58837 -0.08156
1403638132.895097017 0.01054 0.02581 0.41667 0.79682 -0.00068 0.59818 -0.08522
1403638132.995096922 0.00996 0.02557 0.41111 0.78995 -0.00172 0.60633 -0.09132
1403638133.095097065 0.01189 0.01545 0.39208 0.79473 0.01241 0.60136 -0.08130
1403638133.195096970 0.01549 -0.00562 0.36816 0.79895 0.01349 0.59732 -0.06855
1403638133.295097113 0.01726 -0.03887 0.34354 0.80038 0.00342 0.59718 -0.05256
1403638133.395097017 0.01539 -0.08045 0.31804 0.80616 -0.00381 0.59067 -0.03462
1403638133.495096922 0.00829 -0.12817 0.29629 0.80913 -0.01722 0.58717 -0.01562
1403638133.595097065 -0.00361 -0.17740 0.27613 0.81064 -0.03757 0.58425 -0.01031
1403638133.695096970 -0.01766 -0.21982 0.25880 0.81388 -0.05387 0.57844 -0.01032
1403638133.795097113 -0.03320 -0.25627 0.24132 0.81574 -0.06756 0.57444 0.00367
1403638133.895097017 -0.03585 -0.28595 0.22934 0.81800 -0.06837 0.57102 0.01178
1403638133.995096922 -0.02401 -0.29476 0.22092 0.81791 -0.06707 0.57134 0.00976
1403638134.195096970 0.02496 -0.25741 0.21770 0.82251 -0.05084 0.56639 0.00967
1403638134.295097113 0.05946 -0.22697 0.22374 0.81378 -0.05608 0.57846 0.00142
1403638134.395097017 0.09348 -0.18879 0.22596 0.81549 -0.05912 0.57566 -0.00997
1403638134.595097065 0.14670 -0.10271 0.23094 0.81511 -0.06723 0.57467 -0.02887
1403638134.695096970 0.16254 -0.05833 0.23182 0.81839 -0.06679 0.56984 -0.03256
1403638134.795097113 0.17670 -0.01296 0.23357 0.82519 -0.06168 0.56049 -0.03337
1403638135.095097065 0.17938 0.08793 0.25091 0.82651 -0.05361 0.55988 -0.02314
1403638135.295097113 0.17650 0.11030 0.23166 0.83196 -0.04406 0.55281 -0.01741
1403638135.395097017 0.16735 0.09462 0.22077 0.82909 -0.04692 0.55699 -0.01324
1403638135.495096922 0.15533 0.07083 0.20893 0.83161 -0.04618 0.55342 -0.00389
1403638135.595097065 0.14706 0.04227 0.20048 0.83632 -0.04628 0.54627 0.00421
1403638135.695096970 0.13738 0.00687 0.19544 0.83247 -0.05655 0.55109 0.00951
1403638135.795097113 0.12248 -0.02849 0.19748 0.82959 -0.07017 0.55389 0.00740
1403638135.895097017 0.10329 -0.05943 0.19483 0.83467 -0.06626 0.54643 0.01872
1403638135.995096922 0.08207 -0.09022 0.20217 0.83975 -0.06201 0.53852 0.03097
1403638136.095097065 0.06246 -0.12838 0.22185 0.83256 -0.06868 0.54817 0.04057
1403638136.195096970 0.04162 -0.17153 0.23875 0.82248 -0.08292 0.56141 0.03830
1403638136.295097113 0.01978 -0.21453 0.24160 0.81998 -0.08835 0.56374 0.04490
1403638136.395097017 0.00058 -0.24950 0.23454 0.82176 -0.08920 0.56017 0.05440
1403638136.495096922 -0.01225 -0.27197 0.22927 0.82406 -0.09064 0.55604 0.05932
1403638136.695096970 -0.01595 -0.25754 0.24716 0.82295 -0.10273 0.55736 0.03933
1403638136.795097113 -0.00951 -0.22472 0.26355 0.82230 -0.09862 0.56001 0.02195
1403638136.895097017 -0.00034 -0.18305 0.27521 0.81480 -0.10048 0.57096 -0.00300
1403638136.995096922 0.00954 -0.13872 0.27193 0.80477 -0.10395 0.58400 -0.02199
1403638137.095097065 0.01819 -0.09617 0.24951 0.80503 -0.09831 0.58432 -0.02869
1403638137.195096970 0.02180 -0.06024 0.21764 0.81283 -0.08489 0.57572 -0.02537
1403638137.295097113 0.02385 -0.03325 0.17902 0.82141 -0.07067 0.56553 -0.02144
1403638137.395097017 0.02248 -0.01183 0.14001 0.82675 -0.06308 0.55870 -0.01918
1403638137.495096922 0.02431 0.00008 0.10392 0.83461 -0.05438 0.54809 -0.00852
1403638137.595097065 0.02401 0.00853 0.07120 0.84307 -0.04317 0.53603 0.00681
1403638137.695096970 0.02362 0.01090 0.05005 0.84378 -0.04334 0.53472 0.01522
1403638137.795097113 0.01957 0.01769 0.02902 0.84307 -0.04894 0.53527 0.01793
1403638137.895097017 0.02001 0.01891 0.01694 0.84864 -0.04549 0.52643 0.02467
1403638137.995096922 0.01909 0.02139 0.00715 0.85698 -0.03775 0.51304 0.03090
1403638138.095097065 0.02001 0.02283 0.00274 0.85712 -0.03467 0.51289 0.03296
1403638138.195096970 0.02003 0.02220 0.00209 0.84943 -0.04303 0.52511 0.02962
1403638138.395097017 0.01910 0.02214 0.00167 0.84118 -0.04700 0.53798 0.02792
1403638147.795097113 0.02217 0.02223 0.00262 0.83761 -0.04500 0.54385 0.02477
1403638147.895097017 0.02807 0.02099 0.00725 0.83061 -0.04810 0.55411 0.02711
1403638147.995096922 0.03765 0.01930 0.01751 0.82404 -0.05022 0.56362 0.02762
1403638148.095097065 0.04747 0.01913 0.04125 0.81899 -0.04973 0.57095 0.02826
1403638148.195096970 0.06093 0.01701 0.05898 0.81617 -0.04664 0.57521 0.02879
1403638148.295097113 0.07320 0.01581 0.11069 0.81587 -0.04381 0.57595 0.02701
1403638148.395097017 0.08128 0.01027 0.14696 0.81559 -0.04082 0.57663 0.02532
1403638148.595097065 0.10327 0.01111 0.19400 0.82339 -0.03536 0.56580 0.02556
1403638148.795097113 0.12878 0.01493 0.18358 0.82936 -0.03246 0.55726 0.02362
1403638149.095097065 0.18080 0.02568 0.22449 0.82440 -0.02815 0.56495 0.02020
1403638149.295097113 0.23062 0.03569 0.27963 0.82085 -0.02894 0.57014 0.01773
1403638149.595097065 0.29685 0.05489 0.34915 0.81859 -0.02704 0.57346 0.01792
1403638149.795097113 0.34122 0.06954 0.37240 0.81875 -0.01728 0.57376 0.01228
1403638149.995096922 0.38142 0.08797 0.39123 0.81902 -0.00981 0.57360 0.00933
1403638150.295097113 0.45522 0.13110 0.33891 0.82008 0.00548 0.57164 0.02593
1403638150.495096922 0.49957 0.19148 0.31640 0.82993 0.00463 0.55773 0.01157
1403638150.595097065 0.52420 0.22660 0.31245 0.83352 0.00886 0.55241 0.00341
1403638150.695096970 0.55488 0.26115 0.31242 0.83364 0.01309 0.55214 -0.00297
1403638150.895097017 0.63192 0.34010 0.33411 0.82971 0.02943 0.55730 -0.01134
1403638150.995096922 0.67935 0.38526 0.34329 0.82538 0.03760 0.56312 -0.01546
1403638151.195096970 0.76331 0.47453 0.35211 0.82024 0.06691 0.56728 -0.03038
1403638151.295097113 0.80563 0.52533 0.34099 0.81949 0.08585 0.56487 -0.04469
1403638151.395097017 0.84624 0.57653 0.32894 0.81767 0.10630 0.56255 -0.06047
1403638151.495096922 0.88656 0.63086 0.32117 0.81486 0.12583 0.56061 -0.07666
1403638151.595097065 0.92245 0.68834 0.32107 0.81217 0.14244 0.55866 -0.08934
1403638151.695096970 0.95987 0.75077 0.31498 0.80927 0.15485 0.55808 -0.09823
1403638151.795097113 0.99417 0.81064 0.33997 0.80817 0.16354 0.55627 -0.10332
1403638151.895097017 1.03480 0.87106 0.35839 0.80750 0.16853 0.55513 -0.10666
1403638152.095097065 1.09570 1.00213 0.40744 0.80765 0.17350 0.55330 -0.10706
1403638152.395097017 1.21246 1.21176 0.45248 0.80683 0.17660 0.55471 -0.10065
1403638152.695096970 1.32007 1.44523 0.43449 0.80935 0.17485 0.55129 -0.10225
1403638152.795097113 1.35400 1.53182 0.43364 0.80769 0.17839 0.55101 -0.11044
1403638152.895097017 1.38988 1.62238 0.44301 0.80347 0.18454 0.55272 -0.12198
1403638152.995096922 1.42687 1.71282 0.45911 0.79914 0.19578 0.55266 -0.13275
1403638153.095097065 1.46196 1.80299 0.48012 0.79908 0.20801 0.54613 -0.14121
1403638153.195096970 1.49699 1.89226 0.50198 0.79932 0.21790 0.54049 -0.14656
1403638153.295097113 1.53183 1.98005 0.52061 0.79813 0.22677 0.53757 -0.15025
1403638153.395097017 1.57027 2.07229 0.53477 0.79601 0.23720 0.53443 -0.15648
1403638153.495096922 1.61140 2.16779 0.54762 0.79206 0.25350 0.53222 -0.15853
1403638153.595097065 1.65174 2.26509 0.56582 0.78731 0.27202 0.52932 -0.16116
1403638153.695096970 1.69131 2.36702 0.58839 0.78114 0.28866 0.52695 -0.16975
1403638153.795097113 1.73126 2.47203 0.60929 0.77440 0.30125 0.52556 -0.18260
1403638153.895097017 1.77086 2.58080 0.62462 0.76823 0.31027 0.52566 -0.19294
1403638153.995096922 1.81154 2.69419 0.63458 0.76318 0.31411 0.52728 -0.20213
1403638154.095097065 1.85184 2.80960 0.63816 0.75951 0.31635 0.52927 -0.20723
1403638154.195096970 1.89158 2.92681 0.63759 0.75467 0.31754 0.53471 -0.20911
1403638154.395097017 1.96135 3.15984 0.62463 0.74564 0.31561 0.54736 -0.21169
1403638154.595097065 2.01190 3.38531 0.60198 0.74361 0.31230 0.55044 -0.21572
1403638154.695096970 2.02861 3.49751 0.60059 0.74617 0.31677 0.54333 -0.21835
1403638154.795097113 2.03832 3.60553 0.60465 0.74700 0.32670 0.53648 -0.21782
1403638154.895097017 2.04415 3.71271 0.61551 0.74545 0.33598 0.53319 -0.21710
1403638154.995096922 2.04536 3.82003 0.63404 0.74174 0.34543 0.53162 -0.21883
1403638155.095097065 2.04038 3.92819 0.65915 0.73615 0.35543 0.53016 -0.22512
1403638155.195096970 2.03038 4.03744 0.68279 0.73064 0.36277 0.52914 -0.23362
1403638155.295097113 2.01631 4.14461 0.70039 0.72422 0.36781 0.53116 -0.24103
1403638155.395097017 1.99652 4.24945 0.71056 0.71690 0.37478 0.53361 -0.24670
1403638155.595097065 1.94026 4.46063 0.71166 0.70445 0.39137 0.52924 -0.26549
1403638155.695096970 1.90248 4.56327 0.70626 0.69569 0.39940 0.52528 -0.28384
1403638155.795097113 1.85946 4.66064 0.69570 0.68733 0.41218 0.51811 -0.29874
1403638155.895097017 1.81218 4.75222 0.68133 0.68073 0.42833 0.50591 -0.31176
1403638155.995096922 1.76071 4.83826 0.66843 0.67601 0.44944 0.48752 -0.32145
1403638156.095097065 1.70802 4.92127 0.66321 0.67017 0.47171 0.46843 -0.33005
1403638156.195096970 1.65452 5.00067 0.66685 0.66221 0.48769 0.45473 -0.34186
1403638156.295097113 1.60213 5.08101 0.67664 0.65485 0.50373 0.44171 -0.34973
1403638156.395097017 1.55258 5.16153 0.68507 0.64980 0.51537 0.43079 -0.35578
1403638156.495096922 1.50686 5.24278 0.68739 0.64675 0.52299 0.42306 -0.35946
1403638156.595097065 1.46616 5.32600 0.68372 0.64381 0.52702 0.41999 -0.36244
1403638156.795097113 1.38861 5.50448 0.66032 0.64235 0.52965 0.41837 -0.36307
1403638157.095097065 1.29288 5.79567 0.62453 0.64747 0.52732 0.41802 -0.35774
1403638157.395097017 1.22838 6.11832 0.64171 0.64682 0.52942 0.41959 -0.35395
1403638157.495096922 1.21001 6.23416 0.65090 0.64096 0.53217 0.42358 -0.35574
1403638157.595097065 1.18950 6.35504 0.65531 0.63212 0.53684 0.42577 -0.36186
1403638157.795097113 1.14613 6.59577 0.66194 0.60399 0.55815 0.42580 -0.37729
1403638157.895097017 1.12046 6.71778 0.67411 0.59078 0.57018 0.41724 -0.38960
1403638157.995096922 1.09294 6.83688 0.69266 0.57901 0.58162 0.40843 -0.39956
1403638158.195096970 1.03627 7.07069 0.71696 0.57006 0.59352 0.38556 -0.41726
1403638158.295097113 1.01179 7.18612 0.72059 0.56533 0.59734 0.38276 -0.42081
1403638158.495096922 0.96744 7.41600 0.71713 0.55719 0.60439 0.38725 -0.41748
1403638158.695096970 0.92165 7.64406 0.70195 0.55513 0.60372 0.39207 -0.41668
1403638158.895097017 0.86918 7.86326 0.69214 0.56598 0.60081 0.38101 -0.41658
1403638159.095097065 0.82118 8.08566 0.71312 0.57712 0.60399 0.36893 -0.40746
1403638159.195096970 0.80124 8.20388 0.72659 0.58434 0.60886 0.35997 -0.39781
1403638159.395097017 0.76296 8.45269 0.74783 0.57860 0.59670 0.37265 -0.41269
1403638159.495096922 0.75124 8.58282 0.75758 0.57065 0.58332 0.38508 -0.43106
1403638159.595097065 0.74105 8.71135 0.77476 0.56817 0.56861 0.38779 -0.45110
1403638159.695096970 0.73885 8.83301 0.79810 0.56810 0.55841 0.38619 -0.46507
1403638159.895097017 0.76115 9.05053 0.86662 0.56080 0.56234 0.39559 -0.46128
1403638159.995096922 0.78492 9.13905 0.91372 0.55519 0.57010 0.40350 -0.45159
1403638160.195096970 0.83974 9.28111 1.02836 0.55743 0.58465 0.39789 -0.43490
1403638160.295097113 0.86709 9.34913 1.09638 0.56405 0.59403 0.38705 -0.42329
1403638160.595097065 0.95112 9.55011 1.31381 0.57025 0.60310 0.37683 -0.41119
1403638160.795097113 1.00661 9.69092 1.43910 0.57077 0.59596 0.37783 -0.41988
1403638160.895097017 1.03677 9.76418 1.49774 0.57229 0.58155 0.38522 -0.43115
1403638160.995096922 1.07352 9.83570 1.55336 0.57665 0.56699 0.39667 -0.43434
1403638161.095097065 1.11506 9.90346 1.60486 0.58561 0.55375 0.40677 -0.43007
1403638161.195096970 1.16063 9.96281 1.65150 0.59798 0.54273 0.41676 -0.41735
1403638161.295097113 1.20932 10.01957 1.69708 0.61390 0.52925 0.42595 -0.40198
1403638161.395097017 1.26054 10.07330 1.74262 0.63051 0.51728 0.43157 -0.38551
1403638161.495096922 1.31003 10.12427 1.78348 0.64450 0.51079 0.43283 -0.36928
1403638161.595097065 1.36516 10.17467 1.81711 0.65401 0.50471 0.43393 -0.35952
1403638161.695096970 1.41400 10.22475 1.85035 0.66125 0.49789 0.43354 -0.35623
1403638161.795097113 1.47727 10.27914 1.87668 0.66470 0.49040 0.43596 -0.35723
1403638161.895097017 1.51416 10.32965 1.89468 0.66605 0.48193 0.44370 -0.35671
1403638161.995096922 1.58539 10.37487 1.91049 0.66967 0.47428 0.44948 -0.35294
1403638162.095097065 1.64686 10.42289 1.93041 0.67311 0.46895 0.45216 -0.35007
1403638162.295097113 1.77891 10.51598 1.98709 0.68289 0.46256 0.44645 -0.34696
1403638162.495096922 1.92736 10.60735 2.03163 0.68400 0.45685 0.44768 -0.35074
1403638162.695096970 2.10494 10.69015 2.07853 0.67984 0.46370 0.45280 -0.34319
1403638162.895097017 2.27655 10.77622 2.15406 0.68464 0.45866 0.45114 -0.34260
1403638162.995096922 2.37080 10.81644 2.20004 0.68419 0.44942 0.45697 -0.34797
1403638163.095097065 2.46941 10.85216 2.24176 0.68259 0.44016 0.46509 -0.35216
1403638163.195096970 2.57348 10.88546 2.26626 0.68630 0.43421 0.46965 -0.34625
1403638163.295097113 2.68320 10.91225 2.27570 0.69163 0.42888 0.47552 -0.33405
1403638163.395097017 2.78755 10.93857 2.28159 0.69721 0.42038 0.48381 -0.32110
1403638163.495096922 2.89641 10.96247 2.28545 0.70399 0.40985 0.48978 -0.31070
1403638163.595097065 3.00216 10.98330 2.29481 0.70948 0.40139 0.49304 -0.30404
1403638163.695096970 3.10675 11.00186 2.31374 0.71219 0.39656 0.49638 -0.29854
1403638163.795097113 3.21047 11.01888 2.34198 0.71347 0.39361 0.49865 -0.29559
1403638163.995096922 3.41815 11.04046 2.41838 0.71748 0.38722 0.49510 -0.30025
1403638164.195096970 3.62887 11.04766 2.51536 0.71899 0.38355 0.49037 -0.30899
1403638164.295097113 3.73569 11.04749 2.56563 0.71712 0.38259 0.49136 -0.31293
1403638164.495096922 3.95777 11.02987 2.64271 0.71533 0.38286 0.49077 -0.31759
1403638164.695096970 4.19224 10.99432 2.70125 0.71805 0.37822 0.49011 -0.31805
1403638164.795097113 4.31194 10.96692 2.72187 0.71603 0.37779 0.49952 -0.30831
1403638164.895097017 4.42889 10.93487 2.74183 0.71063 0.38076 0.51299 -0.29474
1403638164.995096922 4.54170 10.89756 2.75096 0.70840 0.37769 0.52011 -0.29155
1403638165.095097065 4.65844 10.85563 2.75718 0.71117 0.36442 0.52210 -0.29807
1403638165.195096970 4.76637 10.80756 2.75689 0.71897 0.35757 0.51749 -0.29569
1403638165.295097113 4.87627 10.75680 2.75244 0.73059 0.35635 0.50621 -0.28810
1403638165.395097017 4.98554 10.70267 2.74420 0.73765 0.35073 0.50030 -0.28733
1403638165.495096922 5.09398 10.64478 2.73013 0.73548 0.34695 0.50679 -0.28609
1403638165.595097065 5.20421 10.58412 2.71963 0.72776 0.34321 0.52043 -0.28588
1403638165.695096970 5.30919 10.51667 2.70138 0.71864 0.34170 0.53474 -0.28434
1403638165.795097113 5.41463 10.44346 2.67548 0.71545 0.34341 0.54010 -0.28017
1403638165.895097017 5.51273 10.36470 2.64870 0.72124 0.34758 0.53258 -0.27451
1403638165.995096922 5.60718 10.27902 2.62959 0.72748 0.35201 0.52381 -0.26924
1403638166.095097065 5.70140 10.19276 2.61902 0.73285 0.35737 0.51568 -0.26322
1403638166.195096970 5.79204 10.10733 2.62176 0.73418 0.36279 0.51227 -0.25873
1403638166.295097113 5.86959 10.02343 2.65183 0.73333 0.36643 0.51167 -0.25720
1403638166.395097017 5.95749 9.94882 2.68881 0.73224 0.36994 0.51170 -0.25520
1403638166.495096922 6.03175 9.87368 2.73971 0.73206 0.37207 0.51091 -0.25420
1403638166.595097065 6.10208 9.80319 2.78593 0.73141 0.37227 0.51088 -0.25585
1403638166.695096970 6.17281 9.73542 2.82439 0.73249 0.37102 0.50874 -0.25882
1403638166.895097017 6.31818 9.60035 2.87249 0.74784 0.36356 0.48435 -0.27196
1403638166.995096922 6.39458 9.53869 2.88327 0.75618 0.36447 0.47147 -0.27033
1403638167.095097065 6.47827 9.48228 2.89434 0.75903 0.36826 0.46708 -0.26474
1403638167.195096970 6.57038 9.43104 2.91272 0.75727 0.37235 0.46985 -0.25911
1403638167.295097113 6.67042 9.38843 2.93921 0.75433 0.37558 0.47436 -0.25475
1403638167.395097017 6.77716 9.35220 2.97272 0.75280 0.37577 0.47708 -0.25394
1403638167.495096922 6.88791 9.32143 3.00209 0.75075 0.37286 0.48089 -0.25710
1403638167.595097065 6.99792 9.29029 3.02940 0.74787 0.36712 0.48614 -0.26378
1403638167.695096970 7.11401 9.26659 3.04315 0.74851 0.35638 0.48882 -0.27163
1403638167.795097113 7.23163 9.23403 3.05991 0.75174 0.34302 0.49150 -0.27505
1403638167.895097017 7.35721 9.20379 3.06850 0.75694 0.32874 0.49436 -0.27309
1403638167.995096922 7.48635 9.17043 3.07367 0.76185 0.31497 0.49930 -0.26661
1403638168.095097065 7.62128 9.13472 3.08255 0.76567 0.30246 0.50400 -0.26123
1403638168.195096970 7.75865 9.09367 3.09949 0.76906 0.29221 0.50911 -0.25289
1403638168.295097113 7.89951 9.04811 3.12306 0.77335 0.28342 0.51426 -0.23904
1403638168.395097017 8.04251 8.99888 3.15282 0.77659 0.27139 0.52132 -0.22688
1403638168.495096922 8.18804 8.94801 3.18583 0.78095 0.26614 0.52461 -0.20992
1403638168.595097065 8.33369 8.89796 3.21193 0.78645 0.26720 0.52305 -0.19112
1403638168.695096970 8.48065 8.85139 3.22959 0.79015 0.26901 0.52174 -0.17632
1403638168.795097113 8.62945 8.81108 3.23999 0.79214 0.26931 0.52070 -0.16987
1403638168.895097017 8.77858 8.77791 3.24474 0.79358 0.27025 0.51934 -0.16576
1403638168.995096922 8.92899 8.75283 3.24389 0.79344 0.27115 0.51905 -0.16591
1403638169.095097065 9.08120 8.73508 3.23944 0.78773 0.26987 0.52623 -0.17244
1403638169.195096970 9.23094 8.72253 3.22923 0.78403 0.26623 0.52991 -0.18336
1403638169.295097113 9.38061 8.71194 3.21421 0.78224 0.25585 0.53267 -0.19724
1403638169.395097017 9.53191 8.69775 3.19682 0.78065 0.23644 0.53812 -0.21241
1403638169.495096922 9.68401 8.67783 3.17886 0.78003 0.21786 0.54521 -0.21644
1403638169.595097065 9.83508 8.64884 3.16647 0.78109 0.20271 0.55221 -0.20944
1403638169.695096970 9.98400 8.60971 3.15883 0.78529 0.19171 0.55700 -0.19053
1403638169.795097113 10.13080 8.56115 3.15931 0.78946 0.18112 0.56236 -0.16641
1403638169.895097017 10.27421 8.50724 3.16846 0.79292 0.17107 0.56837 -0.13774
1403638169.995096922 10.41263 8.45244 3.18563 0.79033 0.15742 0.58121 -0.11313
1403638170.095097065 10.54742 8.40054 3.20514 0.78849 0.13631 0.59147 -0.09928
1403638170.195096970 10.67509 8.34880 3.21755 0.79151 0.11108 0.59419 -0.09008
1403638170.295097113 10.79610 8.29737 3.22179 0.79569 0.08486 0.59402 -0.08251
1403638170.395097017 10.90584 8.24301 3.21952 0.80158 0.06015 0.59043 -0.07245
1403638170.495096922 11.00790 8.18418 3.21417 0.80616 0.03608 0.58720 -0.06323
1403638170.595097065 11.10158 8.12042 3.21367 0.80554 0.01051 0.58951 -0.05887
1403638170.695096970 11.18732 8.04949 3.22191 0.80213 -0.01138 0.59499 -0.04936
1403638170.795097113 11.26205 7.97245 3.23667 0.80116 -0.03000 0.59655 -0.03696
1403638170.895097017 11.32457 7.88914 3.25297 0.80095 -0.04675 0.59647 -0.02246
1403638170.995096922 11.38021 7.80067 3.26373 0.80022 -0.06367 0.59626 -0.00767
1403638171.095097065 11.42513 7.70841 3.26854 0.79764 -0.07997 0.59780 0.00392
1403638171.195096970 11.46036 7.61328 3.27008 0.79502 -0.09288 0.59932 0.01139
1403638171.295097113 11.48854 7.51447 3.26943 0.79286 -0.10181 0.60062 0.01653
1403638171.395097017 11.50892 7.41161 3.26651 0.79054 -0.10827 0.60245 0.01933
1403638171.495096922 11.52184 7.30358 3.26149 0.78817 -0.11556 0.60409 0.02250
1403638171.595097065 11.52728 7.18913 3.25532 0.78517 -0.12285 0.60648 0.02430
1403638171.695096970 11.52303 7.06892 3.24691 0.78189 -0.13312 0.60851 0.02544
1403638171.795097113 11.50740 6.94355 3.23719 0.77923 -0.14380 0.60932 0.02908
1403638171.895097017 11.47979 6.81293 3.23042 0.77441 -0.15394 0.61290 0.03077
1403638171.995096922 11.43905 6.67454 3.22978 0.77079 -0.15739 0.61609 0.03930
1403638172.095097065 11.38401 6.53112 3.23403 0.76984 -0.15913 0.61628 0.04709
1403638172.195096970 11.31619 6.38386 3.23659 0.77026 -0.16062 0.61509 0.05072
1403638172.295097113 11.23675 6.23410 3.23032 0.77112 -0.16024 0.61380 0.05427
1403638172.395097017 11.14600 6.08323 3.21375 0.77083 -0.15988 0.61416 0.05538
1403638172.495096922 11.04791 5.92845 3.18655 0.76868 -0.15973 0.61703 0.05369
1403638172.595097065 10.94117 5.77287 3.15121 0.76665 -0.15905 0.61992 0.05139
1403638172.695096970 10.82196 5.61639 3.10865 0.76619 -0.15886 0.62089 0.04702
1403638172.795097113 10.69050 5.45584 3.06188 0.76660 -0.15724 0.62098 0.04457
1403638172.895097017 10.54629 5.29129 3.01090 0.76666 -0.15621 0.62144 0.04057
1403638172.995096922 10.39017 5.12282 2.95592 0.76932 -0.15682 0.61844 0.03293
1403638173.095097065 10.22384 4.94743 2.89504 0.77434 -0.15681 0.61249 0.02577
1403638173.195096970 10.04902 4.76770 2.82768 0.77937 -0.15444 0.60673 0.02475
1403638173.295097113 9.86563 4.58098 2.75501 0.78313 -0.14830 0.60314 0.03072
1403638173.395097017 9.67717 4.39121 2.67654 0.78675 -0.13962 0.59975 0.04268
1403638173.495096922 9.48476 4.19701 2.58729 0.79120 -0.13041 0.59484 0.05628
1403638173.595097065 9.29163 3.99941 2.49345 0.79265 -0.12452 0.59322 0.06560
1403638173.695096970 9.09823 3.80536 2.39645 0.79295 -0.12396 0.59274 0.06731
1403638173.795097113 8.90296 3.61313 2.29575 0.79365 -0.12521 0.59162 0.06653
1403638173.895097017 8.70268 3.42942 2.19958 0.79506 -0.12539 0.58956 0.06759
1403638173.995096922 8.50319 3.24322 2.10891 0.79419 -0.12627 0.59062 0.06700
1403638174.095097065 8.29538 3.06560 2.02518 0.79471 -0.12693 0.58985 0.06638
1403638174.195096970 8.08590 2.88898 1.94453 0.79788 -0.12629 0.58554 0.06772
1403638174.295097113 7.87705 2.71399 1.86075 0.80372 -0.12625 0.57764 0.06661
1403638174.395097017 7.67411 2.54260 1.77134 0.80740 -0.12614 0.57257 0.06601
1403638174.495096922 7.47543 2.37383 1.68048 0.81060 -0.12548 0.56828 0.06519
1403638174.595097065 7.28312 2.20466 1.59581 0.81440 -0.12317 0.56311 0.06706
1403638174.695096970 7.09336 2.03637 1.51839 0.81896 -0.12131 0.55663 0.06897
1403638174.795097113 6.90822 1.86745 1.44812 0.82317 -0.12055 0.55051 0.06922
1403638174.895097017 6.72833 1.69647 1.38509 0.82525 -0.11875 0.54758 0.07076
1403638174.995096922 6.55639 1.52908 1.32712 0.82666 -0.11904 0.54541 0.07066
1403638175.095097065 6.39262 1.36242 1.27555 0.82555 -0.11896 0.54703 0.07123
1403638175.195096970 6.23542 1.19892 1.22828 0.82535 -0.11844 0.54707 0.07405
1403638175.295097113 6.08334 1.03427 1.18565 0.82736 -0.11851 0.54376 0.07588
1403638175.395097017 5.93934 0.87312 1.15039 0.83261 -0.11820 0.53545 0.07799
1403638175.495096922 5.80570 0.71515 1.12113 0.83863 -0.11643 0.52583 0.08153
1403638175.595097065 5.68598 0.55877 1.10175 0.84603 -0.11574 0.51392 0.08199
1403638175.695096970 5.58290 0.41007 1.08943 0.85308 -0.11645 0.50226 0.08012
1403638175.795097113 5.49955 0.26865 1.08214 0.85712 -0.11664 0.49549 0.07888
1403638175.895097017 5.43326 0.13176 1.06573 0.85899 -0.11414 0.49247 0.08113
1403638175.995096922 5.38412 -0.00358 1.04080 0.85764 -0.10733 0.49507 0.08856
1403638176.095097065 5.35455 -0.13443 1.01421 0.84898 -0.10031 0.50978 0.09638
1403638176.195096970 5.34146 -0.26031 0.99211 0.83354 -0.09799 0.53473 0.09835
1403638176.295097113 5.33706 -0.37832 0.97563 0.82107 -0.09975 0.55377 0.09608
1403638176.395097017 5.33873 -0.48642 0.96387 0.81572 -0.10034 0.56146 0.09642
1403638176.595097065 5.35003 -0.68254 0.95467 0.81695 -0.09995 0.55928 0.09904
1403638176.795097113 5.37369 -0.85202 0.96871 0.81825 -0.10069 0.55730 0.09875
1403638177.095097065 5.42265 -1.05614 1.00390 0.82022 -0.10186 0.55442 0.09739
1403638177.295097113 5.47056 -1.16403 0.99698 0.82081 -0.09901 0.55324 0.10200
1403638177.595097065 5.56501 -1.27828 0.94721 0.81957 -0.11281 0.55523 0.08543
1403638177.795097113 5.63927 -1.33658 0.89522 0.81410 -0.13014 0.56174 0.06899
1403638177.895097017 5.67658 -1.36818 0.86771 0.80645 -0.13601 0.57171 0.06543
1403638177.995096922 5.71043 -1.40226 0.84640 0.80081 -0.13848 0.57892 0.06620
1403638178.095097065 5.73852 -1.44010 0.83241 0.79745 -0.13941 0.58229 0.07467
1403638178.295097113 5.77783 -1.52406 0.82538 0.78966 -0.16081 0.58473 0.09313
1403638178.395097017 5.78571 -1.56765 0.83357 0.78473 -0.17848 0.58427 0.10477
1403638178.495096922 5.78573 -1.61116 0.83920 0.78211 -0.20095 0.57837 0.11581
1403638178.595097065 5.77952 -1.65426 0.83863 0.78132 -0.22530 0.56824 0.12602
1403638178.695096970 5.76849 -1.69896 0.83455 0.77781 -0.24837 0.56104 0.13623
1403638178.795097113 5.75366 -1.74635 0.82783 0.77241 -0.26866 0.55595 0.14874
1403638178.895097017 5.73536 -1.79600 0.81681 0.77065 -0.28518 0.54696 0.16003
1403638178.995096922 5.71493 -1.84804 0.80139 0.77168 -0.29738 0.53672 0.16735
1403638179.095097065 5.69434 -1.90348 0.78188 0.77426 -0.30412 0.52682 0.17461
1403638179.195096970 5.67382 -1.96328 0.75905 0.77568 -0.30970 0.51849 0.18324
1403638179.295097113 5.65654 -2.02884 0.73357 0.77671 -0.31585 0.50983 0.19246
1403638179.395097017 5.64231 -2.09944 0.70757 0.77252 -0.32536 0.50605 0.20314
1403638179.495096922 5.63181 -2.17298 0.68072 0.75903 -0.33968 0.51273 0.21352
1403638179.595097065 5.62221 -2.24961 0.65072 0.74567 -0.35594 0.51588 0.22617
1403638179.695096970 5.61092 -2.32694 0.62246 0.73389 -0.37328 0.51473 0.23901
1403638179.795097113 5.59690 -2.40404 0.60099 0.72349 -0.39101 0.50984 0.25246
1403638179.895097017 5.58058 -2.48134 0.58716 0.71369 -0.40842 0.50342 0.26533
1403638179.995096922 5.56450 -2.55974 0.57669 0.70953 -0.42440 0.49232 0.27216
1403638180.095097065 5.54758 -2.63999 0.56980 0.70611 -0.43746 0.48428 0.27478
1403638180.195096970 5.53026 -2.72280 0.56549 0.70264 -0.44425 0.48077 0.27892
1403638180.295097113 5.51182 -2.80669 0.55903 0.70114 -0.44866 0.47781 0.28071
1403638180.495096922 5.47830 -2.98563 0.52883 0.70215 -0.44891 0.47362 0.28485
1403638180.695096970 5.44331 -3.17547 0.49162 0.70768 -0.44415 0.46850 0.28710
1403638180.895097017 5.41923 -3.37976 0.47931 0.71398 -0.44256 0.46492 0.27967
1403638181.095097065 5.40452 -3.60068 0.47047 0.71275 -0.44003 0.47250 0.27405
1403638181.295097113 5.39490 -3.83638 0.44343 0.70227 -0.44117 0.48829 0.27159
1403638181.395097017 5.38537 -3.96215 0.42253 0.69147 -0.44856 0.49506 0.27492
1403638181.495096922 5.37159 -4.09195 0.39747 0.67718 -0.46194 0.49954 0.28018
1403638181.595097065 5.35113 -4.22258 0.37167 0.65676 -0.47420 0.50707 0.29442
1403638181.695096970 5.32138 -4.34807 0.34899 0.64574 -0.48628 0.49944 0.31163
1403638181.795097113 5.28357 -4.46858 0.33483 0.63869 -0.49956 0.48502 0.32752
1403638181.895097017 5.23953 -4.58389 0.33031 0.63430 -0.51241 0.46646 0.34280
1403638181.995096922 5.19261 -4.69794 0.33167 0.62930 -0.52616 0.45219 0.35024
1403638182.095097065 5.14491 -4.80507 0.34176 0.62627 -0.53840 0.44068 0.35174
1403638182.195096970 5.09667 -4.91400 0.35650 0.62365 -0.54735 0.43268 0.35250
1403638182.295097113 5.04857 -5.02120 0.36809 0.62036 -0.55669 0.42969 0.34730
1403638182.395097017 4.99902 -5.13148 0.37674 0.61857 -0.56254 0.42863 0.34233
1403638182.495096922 4.94567 -5.24942 0.38832 0.62307 -0.56101 0.42168 0.34530
1403638182.595097065 4.89124 -5.36784 0.40806 0.62975 -0.55581 0.41352 0.35141
1403638182.695096970 4.83732 -5.49200 0.43579 0.63362 -0.55277 0.41089 0.35233
1403638182.795097113 4.78599 -5.61850 0.46579 0.63416 -0.55115 0.41311 0.35131
1403638182.895097017 4.73696 -5.74913 0.49188 0.63320 -0.54870 0.41750 0.35169
1403638182.995096922 4.68787 -5.88665 0.51226 0.63020 -0.54486 0.42475 0.35434
1403638183.095097065 4.63949 -6.02574 0.52768 0.62799 -0.53947 0.43083 0.35914
1403638183.195096970 4.59216 -6.16704 0.53783 0.62838 -0.53456 0.43209 0.36424
1403638183.295097113 4.54597 -6.30629 0.54274 0.63318 -0.53365 0.42643 0.36394
1403638183.395097017 4.50292 -6.44617 0.54287 0.63776 -0.53724 0.42020 0.35788
1403638183.495096922 4.46347 -6.58638 0.53961 0.64264 -0.53894 0.41294 0.35502
1403638183.595097065 4.42826 -6.72910 0.53243 0.64507 -0.53957 0.40936 0.35380
1403638183.695096970 4.39711 -6.87634 0.52770 0.64239 -0.53564 0.41377 0.35947
1403638183.795097113 4.36980 -7.02521 0.52952 0.63718 -0.53044 0.42168 0.36718
1403638183.895097017 4.34780 -7.17008 0.53770 0.63246 -0.52556 0.42832 0.37460
1403638183.995096922 4.33014 -7.30959 0.55223 0.63152 -0.52552 0.42888 0.37560
1403638184.195096970 4.30820 -7.57852 0.59254 0.63702 -0.53432 0.41862 0.36533
1403638184.395097017 4.29963 -7.84955 0.61824 0.63619 -0.53582 0.41794 0.36536
1403638184.495096922 4.30072 -7.98940 0.62496 0.63408 -0.53323 0.42053 0.36981
1403638184.595097065 4.30465 -8.13168 0.63029 0.63216 -0.53259 0.42266 0.37159
1403638184.695096970 4.31155 -8.27035 0.63708 0.63137 -0.53236 0.42348 0.37233
1403638184.895097017 4.33473 -8.54427 0.65151 0.63054 -0.53289 0.42361 0.37284
1403638184.995096922 4.34986 -8.68167 0.66315 0.62905 -0.53257 0.42531 0.37387
1403638185.195096970 4.38880 -8.94483 0.68848 0.63081 -0.53213 0.42270 0.37448
1403638185.395097017 4.44113 -9.20120 0.71444 0.63442 -0.52516 0.41978 0.38144
1403638185.495096922 4.47569 -9.32715 0.73034 0.63774 -0.51555 0.42415 0.38418
1403638185.595097065 4.51622 -9.44960 0.74602 0.64380 -0.50399 0.43062 0.38221
1403638185.695096970 4.56238 -9.57036 0.76049 0.64865 -0.49431 0.43833 0.37786
1403638185.795097113 4.61216 -9.68686 0.77508 0.65011 -0.49268 0.44850 0.36534
1403638185.895097017 4.66524 -9.79772 0.78666 0.64905 -0.50088 0.45854 0.34292
1403638185.995096922 4.71643 -9.90638 0.79378 0.64905 -0.50601 0.46379 0.32800
1403638186.195096970 4.80933 -10.12143 0.79526 0.65836 -0.49892 0.45489 0.33274
1403638186.395097017 4.89590 -10.33865 0.80646 0.66192 -0.49543 0.45012 0.33735
1403638186.595097065 4.98595 -10.55129 0.83558 0.66222 -0.49378 0.44776 0.34228
1403638186.795097113 5.08371 -10.76386 0.84918 0.66787 -0.48496 0.44172 0.35164
1403638186.895097017 5.14054 -10.87061 0.84918 0.67490 -0.47583 0.44070 0.35196
1403638186.995096922 5.20344 -10.97437 0.84789 0.68317 -0.46521 0.44523 0.34443
1403638187.095097065 5.27400 -11.07668 0.85236 0.68912 -0.45174 0.46088 0.32960
1403638187.195096970 5.34942 -11.17662 0.86426 0.69508 -0.43332 0.48009 0.31402
1403638187.295097113 5.42613 -11.27270 0.88361 0.70120 -0.41137 0.49904 0.30009
1403638187.395097017 5.50125 -11.36512 0.90966 0.70663 -0.39116 0.51385 0.28919
1403638187.495096922 5.57294 -11.45056 0.94001 0.71182 -0.37603 0.52252 0.28086
1403638187.595097065 5.63916 -11.52689 0.97063 0.71956 -0.36830 0.52208 0.27206
1403638187.695096970 5.70249 -11.59817 0.99896 0.72683 -0.36491 0.51773 0.26553
1403638187.895097017 5.82724 -11.72848 1.03998 0.73347 -0.35628 0.51167 0.27071
1403638187.995096922 5.89015 -11.78596 1.05661 0.73186 -0.35186 0.51291 0.27837
1403638188.195096970 6.02366 -11.88416 1.07556 0.72670 -0.34446 0.51612 0.29474
1403638188.295097113 6.09524 -11.91959 1.08117 0.71619 -0.34607 0.52940 0.29503
1403638188.395097017 6.16799 -11.94790 1.08336 0.70308 -0.34778 0.54602 0.29426
1403638188.495096922 6.23690 -11.96717 1.08241 0.69321 -0.34969 0.55795 0.29303
1403638188.695096970 6.35006 -11.95975 1.07884 0.69184 -0.34779 0.56382 0.28724
1403638188.795097113 6.39888 -11.93936 1.08936 0.70147 -0.34536 0.55745 0.27913
1403638188.895097017 6.43802 -11.90638 1.10745 0.70921 -0.34288 0.55264 0.27212
1403638188.995096922 6.47347 -11.86649 1.13572 0.71535 -0.34067 0.54873 0.26668
1403638189.095097065 6.50131 -11.81582 1.16975 0.71958 -0.33578 0.54995 0.25887
1403638189.195096970 6.52252 -11.75647 1.20114 0.72475 -0.32700 0.55338 0.24814
1403638189.295097113 6.53850 -11.69075 1.22516 0.73292 -0.31537 0.55537 0.23440
1403638189.395097017 6.54855 -11.62059 1.24167 0.74666 -0.30438 0.54900 0.22011
1403638189.495096922 6.55464 -11.54767 1.25693 0.76108 -0.29611 0.53865 0.20720
1403638189.595097065 6.55861 -11.47368 1.27923 0.76961 -0.29037 0.53322 0.19764
1403638189.695096970 6.56138 -11.40150 1.30545 0.77604 -0.28785 0.52846 0.18879
1403638189.795097113 6.56600 -11.33353 1.32735 0.78132 -0.28884 0.52287 0.18087
1403638189.895097017 6.57362 -11.27055 1.34229 0.78664 -0.28880 0.51584 0.17804
1403638189.995096922 6.58500 -11.21394 1.35306 0.78799 -0.28853 0.51388 0.17817
1403638190.095097065 6.60045 -11.16343 1.36057 0.78268 -0.28650 0.52171 0.18208
1403638190.195096970 6.62015 -11.11782 1.36302 0.77508 -0.28319 0.53225 0.18914
1403638190.295097113 6.64101 -11.07380 1.35919 0.76852 -0.27238 0.54219 0.20301
1403638190.395097017 6.66410 -11.02711 1.35024 0.76616 -0.25591 0.54883 0.21517
1403638190.495096922 6.68803 -10.97608 1.33562 0.76805 -0.24310 0.55016 0.21984
1403638190.595097065 6.71325 -10.91708 1.31680 0.77122 -0.23843 0.55004 0.21405
1403638190.695096970 6.73955 -10.84987 1.29913 0.77302 -0.23672 0.55082 0.20734
1403638190.795097113 6.76575 -10.77397 1.28513 0.77326 -0.23724 0.55330 0.19911
1403638190.895097017 6.79271 -10.69302 1.27729 0.77378 -0.24140 0.55465 0.18805
1403638190.995096922 6.81852 -10.60868 1.27896 0.77387 -0.24272 0.55566 0.18292
1403638191.095097065 6.84050 -10.52256 1.28887 0.77092 -0.24220 0.56027 0.18197
1403638191.195096970 6.85895 -10.43546 1.30407 0.77477 -0.24365 0.55505 0.17965
1403638191.295097113 6.87534 -10.34949 1.32712 0.78198 -0.24745 0.54462 0.17510
1403638191.495096922 6.90720 -10.17613 1.37193 0.78806 -0.24979 0.53489 0.17453
1403638191.695096970 6.95139 -10.01086 1.39739 0.78905 -0.24786 0.53236 0.18048
1403638191.895097017 7.01219 -9.84862 1.39850 0.79068 -0.24361 0.52901 0.18878
1403638192.095097065 7.08866 -9.68386 1.39917 0.79055 -0.24346 0.52899 0.18956
1403638192.195096970 7.13556 -9.59875 1.41168 0.78879 -0.24494 0.53174 0.18729
1403638192.295097113 7.18692 -9.50934 1.43440 0.78397 -0.24590 0.53894 0.18568
1403638192.395097017 7.24228 -9.42114 1.46555 0.77961 -0.24599 0.54539 0.18508
1403638192.495096922 7.29869 -9.32693 1.50248 0.77726 -0.24631 0.54878 0.18451
1403638192.595097065 7.35429 -9.22982 1.54443 0.77366 -0.24533 0.55365 0.18636
1403638192.695096970 7.40816 -9.13229 1.58665 0.76632 -0.24493 0.56346 0.18782
1403638192.795097113 7.45426 -9.03204 1.62267 0.75910 -0.24462 0.57301 0.18864
1403638192.895097017 7.49282 -8.92977 1.65377 0.75067 -0.24625 0.58428 0.18567
1403638192.995096922 7.52281 -8.82237 1.68091 0.73815 -0.24998 0.60081 0.17795
1403638193.095097065 7.53754 -8.71333 1.70831 0.73569 -0.24942 0.60665 0.16888
1403638193.195096970 7.53653 -8.60341 1.73722 0.74549 -0.24233 0.59886 0.16397
1403638193.295097113 7.51970 -8.49367 1.77660 0.75431 -0.23426 0.59159 0.16175
1403638193.395097017 7.49030 -8.38390 1.82530 0.76023 -0.22465 0.58692 0.16462
1403638193.495096922 7.45361 -8.27411 1.87659 0.76141 -0.21800 0.58742 0.16635
1403638193.695096970 7.36981 -8.03980 1.96065 0.77100 -0.21555 0.57698 0.16183
1403638193.795097113 7.31851 -7.92053 1.99165 0.77835 -0.21828 0.56751 0.15639
1403638193.895097017 7.26643 -7.79852 2.01811 0.78240 -0.21985 0.56173 0.15486
1403638194.095097065 7.15719 -7.55849 2.05583 0.78259 -0.22062 0.56096 0.15558
1403638194.195096970 7.10311 -7.43781 2.06608 0.77705 -0.21988 0.56810 0.15845
1403638194.395097017 6.98218 -7.19781 2.07260 0.77742 -0.22225 0.56707 0.15703
1403638194.495096922 6.91771 -7.07701 2.07886 0.78108 -0.22559 0.56155 0.15388
1403638194.595097065 6.85311 -6.95625 2.09254 0.78461 -0.22719 0.55605 0.15356
1403638194.695096970 6.78775 -6.84093 2.10812 0.79002 -0.22940 0.54781 0.15215
1403638194.795097113 6.72560 -6.72941 2.12369 0.79402 -0.23062 0.54146 0.15223
1403638194.995096922 6.61163 -6.51627 2.13735 0.79867 -0.23199 0.53384 0.15273
1403638195.195096970 6.51861 -6.32264 2.12869 0.80328 -0.23388 0.52668 0.15053
1403638195.295097113 6.48398 -6.23699 2.11490 0.81129 -0.23720 0.51416 0.14553
1403638195.395097017 6.45976 -6.16036 2.10109 0.81382 -0.23814 0.51006 0.14432
1403638195.495096922 6.44364 -6.08911 2.08609 0.80518 -0.23624 0.52347 0.14781
1403638195.595097065 6.43225 -6.02044 2.06753 0.79579 -0.23366 0.53767 0.15172
1403638195.795097113 6.41188 -5.88421 2.02915 0.79502 -0.23341 0.53913 0.15100
1403638195.895097017 6.40489 -5.81913 2.02038 0.80002 -0.23388 0.53186 0.14965
1403638195.995096922 6.40256 -5.75907 2.01735 0.80443 -0.23503 0.52526 0.14750
1403638196.195096970 6.41545 -5.64885 2.03451 0.79986 -0.23272 0.53246 0.15019
1403638196.295097113 6.42764 -5.60087 2.05516 0.79489 -0.23096 0.53996 0.15251
1403638196.595097065 6.48021 -5.47563 2.08321 0.79668 -0.23415 0.53680 0.14942
1403638196.695096970 6.49861 -5.43922 2.07736 0.80264 -0.23729 0.52744 0.14581
1403638196.995096922 6.58886 -5.35999 2.04848 0.79738 -0.23558 0.53514 0.14937
1403638197.195096970 6.66192 -5.32811 2.05104 0.79257 -0.23270 0.54211 0.15426
1403638197.395097017 6.73994 -5.30323 2.07955 0.78795 -0.22102 0.54883 0.17047
1403638197.595097065 6.81962 -5.26725 2.13391 0.78460 -0.21867 0.55381 0.17286
1403638197.895097017 6.94169 -5.18450 2.22997 0.78086 -0.22038 0.55982 0.16822
1403638197.995096922 6.98247 -5.15287 2.24942 0.77168 -0.22016 0.57278 0.16724
1403638198.295097113 7.08258 -5.03274 2.20113 0.77540 -0.22332 0.56778 0.16281
1403638198.495096922 7.13729 -4.93715 2.12553 0.78275 -0.21853 0.55743 0.16975
1403638198.595097065 7.16390 -4.88500 2.08525 0.78545 -0.20892 0.55320 0.18274
1403638198.695096970 7.18726 -4.83036 2.04349 0.78515 -0.19620 0.55238 0.19983
1403638198.895097017 7.23992 -4.68167 1.97591 0.78297 -0.18379 0.55389 0.21536
1403638198.995096922 7.27569 -4.58530 1.95513 0.78429 -0.18579 0.55227 0.21300
1403638199.095097065 7.31563 -4.47477 1.94305 0.78505 -0.18870 0.55139 0.20990
1403638199.195096970 7.35854 -4.35139 1.94068 0.78388 -0.19149 0.55288 0.20784
1403638199.295097113 7.40290 -4.21700 1.94901 0.78025 -0.19292 0.55791 0.20672
1403638199.395097017 7.44367 -4.07477 1.96294 0.77899 -0.19195 0.55910 0.20915
1403638199.495096922 7.48294 -3.92062 1.98436 0.78118 -0.19038 0.55507 0.21312
1403638199.595097065 7.52442 -3.75635 2.01377 0.78526 -0.18680 0.55040 0.21339
1403638199.695096970 7.56908 -3.58089 2.04957 0.78754 -0.18287 0.55198 0.20413
1403638199.795097113 7.61528 -3.39472 2.08701 0.79008 -0.18600 0.55400 0.18510
1403638199.895097017 7.66083 -3.20320 2.12059 0.79227 -0.18853 0.55495 0.16969
1403638199.995096922 7.70575 -3.00832 2.14852 0.79354 -0.18752 0.55625 0.16038
1403638200.095097065 7.74985 -2.81156 2.17256 0.79580 -0.17902 0.55732 0.15506
1403638200.195096970 7.79470 -2.61335 2.19713 0.79593 -0.16211 0.56250 0.15429
1403638200.295097113 7.83782 -2.41106 2.22648 0.79332 -0.14539 0.57252 0.14741
1403638200.395097017 7.87816 -2.20332 2.26236 0.79181 -0.12883 0.58059 0.13912
1403638200.495096922 7.91439 -1.99111 2.30437 0.79463 -0.11122 0.58069 0.13782
1403638200.595097065 7.94856 -1.77249 2.35259 0.79799 -0.09574 0.57955 0.13481
1403638200.695096970 7.98011 -1.54498 2.40634 0.80058 -0.07702 0.57899 0.13383
1403638200.795097113 8.01036 -1.30879 2.46092 0.80490 -0.06528 0.57560 0.12865
1403638200.895097017 8.04063 -1.06428 2.51066 0.80861 -0.06079 0.57261 0.12073
1403638200.995096922 8.06918 -0.81243 2.55296 0.80903 -0.06589 0.57464 0.10451
1403638201.095097065 8.09544 -0.55522 2.58749 0.80827 -0.07109 0.57714 0.09251
1403638201.195096970 8.11840 -0.29534 2.61396 0.80773 -0.07464 0.57830 0.08694
1403638201.295097113 8.14034 -0.03610 2.63385 0.80714 -0.07765 0.57905 0.08482
1403638201.395097017 8.16041 0.22355 2.64609 0.80741 -0.07753 0.57829 0.08746
1403638201.495096922 8.17798 0.48214 2.65035 0.80604 -0.07948 0.57985 0.08804
1403638201.595097065 8.19411 0.74090 2.64800 0.80447 -0.07944 0.58150 0.09150
1403638201.695096970 8.20776 0.99983 2.63706 0.80295 -0.08126 0.58340 0.09115
1403638201.795097113 8.21972 1.25991 2.61758 0.80291 -0.08169 0.58311 0.09295
1403638201.895097017 8.23070 1.52231 2.59321 0.80308 -0.08313 0.58297 0.09115
1403638201.995096922 8.23580 1.78704 2.57055 0.80421 -0.07873 0.58264 0.08708
1403638202.095097065 8.23675 2.05505 2.55249 0.80593 -0.07637 0.58205 0.07663
1403638202.195096970 8.23530 2.32244 2.54072 0.80985 -0.07644 0.57801 0.06485
1403638202.295097113 8.23195 2.58790 2.53554 0.81499 -0.07561 0.57168 0.05707
1403638202.395097017 8.23542 2.84583 2.53655 0.81681 -0.07425 0.56961 0.05333
1403638202.495096922 8.23440 3.10519 2.53565 0.81782 -0.07312 0.56855 0.05078
1403638202.595097065 8.23730 3.35458 2.52580 0.81870 -0.07494 0.56742 0.04636
1403638202.695096970 8.24206 3.59776 2.50898 0.82015 -0.07552 0.56532 0.04547
1403638202.795097113 8.24834 3.83355 2.48572 0.81986 -0.07504 0.56569 0.04680
1403638202.895097017 8.25695 4.06407 2.45889 0.81875 -0.07443 0.56722 0.04863
1403638202.995096922 8.26579 4.28997 2.43183 0.81808 -0.07599 0.56807 0.04766
1403638203.095097065 8.27317 4.51243 2.40883 0.81746 -0.07669 0.56889 0.04735
1403638203.195096970 8.28075 4.72826 2.39540 0.81492 -0.07462 0.57247 0.05103
1403638203.295097113 8.28692 4.93993 2.38799 0.81210 -0.07390 0.57649 0.05193
1403638203.395097017 8.29152 5.14759 2.38298 0.81090 -0.07470 0.57821 0.05044
1403638203.495096922 8.29348 5.35160 2.37101 0.81091 -0.07595 0.57816 0.04890
1403638203.595097065 8.29160 5.54977 2.35264 0.81113 -0.07789 0.57783 0.04596
1403638203.695096970 8.28667 5.74408 2.33817 0.81224 -0.07792 0.57631 0.04547
1403638203.795097113 8.27888 5.93259 2.33179 0.81203 -0.07673 0.57664 0.04701
1403638203.895097017 8.26917 6.11542 2.33347 0.81158 -0.07563 0.57738 0.04735
1403638203.995096922 8.25765 6.29425 2.34096 0.81212 -0.07556 0.57677 0.04572
1403638204.095097065 8.24196 6.46944 2.35448 0.81432 -0.07535 0.57383 0.04386
1403638204.195096970 8.22476 6.64030 2.37523 0.81679 -0.07809 0.57035 0.03831
1403638204.295097113 8.20676 6.80504 2.40157 0.82006 -0.08437 0.56527 0.02921
1403638204.395097017 8.19022 6.96307 2.42957 0.82406 -0.09301 0.55852 0.01842
1403638204.495096922 8.17520 7.11117 2.45645 0.82515 -0.09759 0.55624 0.01426
1403638204.595097065 8.16306 7.25055 2.47847 0.82318 -0.09822 0.55907 0.01274
1403638204.695096970 8.15334 7.38033 2.49192 0.82329 -0.09078 0.56018 0.01266
1403638204.795097113 8.14577 7.49934 2.49762 0.82439 -0.07369 0.56100 0.01511
1403638204.895097017 8.13903 7.61113 2.49669 0.82350 -0.04668 0.56507 0.01883
1403638204.995096922 8.13298 7.72076 2.48869 0.82346 -0.01697 0.56699 0.01186
1403638205.095097065 8.12774 7.82784 2.47618 0.82274 0.01787 0.56813 -0.00233
1403638205.195096970 8.12138 7.93637 2.46417 0.82020 0.05465 0.56880 -0.02752
1403638205.295097113 8.11514 8.04718 2.45991 0.81514 0.09521 0.56873 -0.05505
1403638205.395097017 8.10809 8.15813 2.46299 0.80630 0.13594 0.56965 -0.08300
1403638205.495096922 8.09974 8.26753 2.47440 0.79529 0.17462 0.57159 -0.10151
1403638205.595097065 8.08702 8.37619 2.49144 0.78457 0.20655 0.57439 -0.10889
1403638205.695096970 8.06724 8.48501 2.51580 0.77278 0.22974 0.58107 -0.11129
1403638205.795097113 8.03966 8.60003 2.54642 0.76488 0.24692 0.58322 -0.11771
1403638205.895097017 8.00228 8.72061 2.58223 0.76072 0.26364 0.57897 -0.12877
1403638205.995096922 7.95493 8.84804 2.62283 0.75682 0.27935 0.57235 -0.14695
1403638206.095097065 7.89628 8.97726 2.67002 0.75117 0.29671 0.56642 -0.16392
1403638206.195096970 7.82981 9.10860 2.72081 0.74352 0.31361 0.56246 -0.18021
1403638206.295097113 7.75598 9.23940 2.76862 0.73584 0.32794 0.55863 -0.19732
1403638206.395097017 7.67632 9.36832 2.81069 0.73187 0.33423 0.55256 -0.21756
1403638206.495096922 7.59042 9.49266 2.84757 0.72815 0.33714 0.54993 -0.23174
1403638206.595097065 7.50614 9.61463 2.87762 0.72534 0.33906 0.54903 -0.23978
1403638206.695096970 7.41145 9.73329 2.89556 0.72231 0.34158 0.54807 -0.24740
1403638206.795097113 7.31504 9.84588 2.90670 0.71978 0.34865 0.54408 -0.25366
1403638206.895097017 7.21440 9.95419 2.91484 0.71640 0.35424 0.54283 -0.25810
1403638206.995096922 7.11132 10.05464 2.91608 0.71277 0.35578 0.54356 -0.26442
1403638207.095097065 7.00408 10.15306 2.91192 0.70939 0.35720 0.54565 -0.26727
1403638207.195096970 6.89222 10.24406 2.89926 0.70803 0.35748 0.54533 -0.27115
1403638207.295097113 6.77356 10.32993 2.88007 0.70398 0.36273 0.54502 -0.27531
1403638207.395097017 6.65225 10.40584 2.85426 0.69687 0.37073 0.54407 -0.28446
1403638207.495096922 6.52515 10.47401 2.83053 0.68777 0.38426 0.54050 -0.29525
1403638207.595097065 6.40147 10.53345 2.80680 0.68296 0.40022 0.53045 -0.30333
1403638207.695096970 6.25870 10.57597 2.80027 0.68470 0.41262 0.51465 -0.30994
1403638207.795097113 6.12299 10.61242 2.79493 0.68586 0.42052 0.50314 -0.31560
1403638207.895097017 5.99067 10.64257 2.79938 0.68980 0.42663 0.49160 -0.31700
1403638207.995096922 5.85716 10.66926 2.80922 0.69143 0.43035 0.48649 -0.31633
1403638208.095097065 5.72748 10.69287 2.82201 0.69038 0.43046 0.48745 -0.31699
1403638208.195096970 5.60075 10.71297 2.82765 0.68750 0.42651 0.49193 -0.32162
1403638208.295097113 5.47671 10.72831 2.82591 0.68638 0.42501 0.49521 -0.32096
1403638208.395097017 5.35529 10.73880 2.81711 0.68957 0.42603 0.49223 -0.31733
1403638208.495096922 5.23464 10.74586 2.80589 0.69087 0.42908 0.48863 -0.31595
1403638208.595097065 5.12737 10.74898 2.79236 0.68844 0.43688 0.48331 -0.31874
1403638208.695096970 5.00125 10.75119 2.79765 0.68306 0.44465 0.47924 -0.32565
1403638208.795097113 4.88620 10.74934 2.80384 0.67854 0.45091 0.47500 -0.33262
1403638208.895097017 4.78686 10.74697 2.79948 0.67328 0.45677 0.47415 -0.33650
1403638208.995096922 4.67564 10.73888 2.81152 0.66932 0.46114 0.47359 -0.33922
1403638209.095097065 4.56394 10.72598 2.80925 0.66763 0.46344 0.47171 -0.34203
1403638209.195096970 4.46994 10.71736 2.79479 0.66671 0.46542 0.47069 -0.34254
1403638209.295097113 4.37137 10.70225 2.77640 0.66674 0.46525 0.46931 -0.34458
1403638209.495096922 4.18460 10.66597 2.72292 0.66652 0.46387 0.46874 -0.34765
1403638209.695096970 4.01025 10.61977 2.61837 0.66666 0.46142 0.47002 -0.34891
1403638209.895097017 3.84968 10.56253 2.44159 0.66339 0.46340 0.47607 -0.34429
1403638210.095097065 3.69035 10.49411 2.23867 0.65521 0.45896 0.48785 -0.34937
1403638210.295097113 3.53296 10.39689 2.05657 0.65203 0.45545 0.49202 -0.35402
1403638210.395097017 3.45318 10.33636 1.96991 0.65281 0.45571 0.49135 -0.35319
1403638210.595097065 3.29670 10.19051 1.78704 0.65263 0.45420 0.49243 -0.35396
1403638210.795097113 3.13911 10.01910 1.59309 0.65304 0.45146 0.49264 -0.35641
1403638210.895097017 3.05413 9.91973 1.50775 0.65633 0.45169 0.48830 -0.35606
1403638210.995096922 2.98153 9.81514 1.42429 0.65988 0.45357 0.48342 -0.35374
1403638211.095097065 2.89418 9.70529 1.35098 0.66297 0.45469 0.47934 -0.35208
1403638211.195096970 2.83128 9.59717 1.29090 0.66601 0.45519 0.47493 -0.35166
1403638211.295097113 2.76346 9.48429 1.23545 0.66726 0.45557 0.47405 -0.34999
1403638211.395097017 2.69536 9.37441 1.18506 0.67048 0.45126 0.47620 -0.34649
1403638211.595097065 2.57720 9.13409 1.06714 0.68585 0.42908 0.48352 -0.33423
1403638211.695096970 2.50958 9.01123 1.00155 0.69565 0.41078 0.49033 -0.32697
1403638211.895097017 2.40702 8.75088 0.86483 0.72265 0.36595 0.50015 -0.30613
1403638211.995096922 2.36506 8.61625 0.80528 0.73427 0.34414 0.50689 -0.29237
1403638212.095097065 2.32765 8.47756 0.75367 0.74375 0.32405 0.51469 -0.27736
1403638212.195096970 2.29475 8.33612 0.71038 0.75109 0.30613 0.52404 -0.25988
1403638212.295097113 2.26424 8.18930 0.67562 0.75888 0.28654 0.53147 -0.24401
1403638212.395097017 2.23412 8.03738 0.64589 0.76565 0.26811 0.53892 -0.22683
1403638212.495096922 2.20713 7.88270 0.62598 0.77212 0.24763 0.54532 -0.21247
1403638212.595097065 2.18043 7.72282 0.61201 0.77928 0.22696 0.54949 -0.19821
1403638212.695096970 2.15480 7.56196 0.60669 0.78620 0.20518 0.55305 -0.18420
1403638212.795097113 2.12846 7.39528 0.60707 0.79186 0.18414 0.55776 -0.16722
1403638212.995096922 2.07720 7.05559 0.62213 0.80376 0.13578 0.56353 -0.13406
1403638213.095097065 2.05664 6.88365 0.63842 0.80846 0.10936 0.56629 -0.11726
1403638213.195096970 2.03729 6.71001 0.65311 0.81526 0.08069 0.56412 -0.10296
1403638213.295097113 2.02097 6.53231 0.66053 0.82409 0.05001 0.55675 -0.09169
1403638213.395097017 2.01172 6.35440 0.66484 0.83188 0.01825 0.54858 -0.08179
1403638213.495096922 2.00921 6.17056 0.66488 0.83569 -0.01320 0.54418 -0.07290
1403638213.595097065 2.01500 5.97898 0.66144 0.83322 -0.03379 0.54911 -0.05556
1403638213.695096970 2.02451 5.78086 0.65726 0.82446 -0.04021 0.56357 -0.03204
1403638213.795097113 2.03678 5.58019 0.65768 0.81758 -0.04097 0.57422 -0.01235
1403638213.895097017 2.05088 5.38018 0.66506 0.81467 -0.04148 0.57844 -0.00158
1403638213.995096922 2.06305 5.18034 0.67695 0.81532 -0.04136 0.57752 0.00294
1403638214.095097065 2.07245 4.98154 0.69236 0.82120 -0.03947 0.56925 0.00541
1403638214.195096970 2.08277 4.78519 0.71254 0.82811 -0.03718 0.55932 0.00445
1403638214.295097113 2.09426 4.59059 0.73188 0.83335 -0.03440 0.55167 0.00246
1403638214.395097017 2.11144 4.40184 0.74358 0.83679 -0.03064 0.54666 0.00113
1403638214.495096922 2.13245 4.21278 0.75166 0.83476 -0.02625 0.54999 -0.00007
1403638214.595097065 2.15810 4.02220 0.75471 0.82853 -0.02237 0.55950 -0.00090
1403638214.695096970 2.18641 3.83488 0.75230 0.82195 -0.01894 0.56925 -0.00229
1403638214.795097113 2.21430 3.65105 0.74478 0.81676 -0.01595 0.57674 -0.00379
1403638214.895097017 2.24077 3.47039 0.73192 0.81377 -0.01325 0.58102 -0.00459
1403638214.995096922 2.26552 3.29273 0.71304 0.81201 -0.01152 0.58350 -0.00527
1403638215.095097065 2.29011 3.11642 0.68962 0.81196 -0.00957 0.58361 -0.00495
1403638215.195096970 2.31241 2.94261 0.66244 0.81330 -0.00861 0.58176 -0.00467
1403638215.295097113 2.33330 2.77045 0.63321 0.81539 -0.00610 0.57888 -0.00119
1403638215.395097017 2.35374 2.60307 0.60358 0.81616 -0.00359 0.57781 0.00304
1403638215.495096922 2.37568 2.43773 0.57871 0.81592 -0.00073 0.57813 0.00687
1403638215.595097065 2.39287 2.28305 0.56668 0.81479 0.00014 0.57970 0.00832
1403638215.795097113 2.42015 1.98712 0.55222 0.81352 -0.00589 0.58150 0.00242
1403638215.895097017 2.42943 1.84556 0.54160 0.81360 -0.01173 0.58130 0.00350
1403638215.995096922 2.43520 1.70855 0.52518 0.81336 -0.01648 0.58150 0.00498
1403638216.095097065 2.43865 1.57425 0.50565 0.81317 -0.01865 0.58167 0.00851
1403638216.195096970 2.44023 1.44414 0.48968 0.81317 -0.02030 0.58156 0.01101
1403638216.295097113 2.43945 1.31830 0.47988 0.81202 -0.02143 0.58307 0.01355
1403638216.395097017 2.43722 1.19520 0.47617 0.81055 -0.02193 0.58506 0.01547
1403638216.595097065 2.42403 0.96323 0.47733 0.81082 -0.02197 0.58460 0.01835
1403638216.695096970 2.41538 0.85400 0.46793 0.81268 -0.02052 0.58196 0.02124
1403638216.895097017 2.39640 0.64720 0.42841 0.80810 -0.02357 0.58787 0.02893
1403638216.995096922 2.37987 0.55290 0.41138 0.80708 -0.03419 0.58856 0.03244
1403638217.095097065 2.35859 0.46006 0.39085 0.80876 -0.04919 0.58493 0.03658
1403638217.195096970 2.33942 0.37561 0.36070 0.81046 -0.06390 0.58073 0.04272
1403638217.395097017 2.29039 0.21690 0.32055 0.81285 -0.07993 0.57433 0.05504
1403638217.495096922 2.26813 0.14244 0.30803 0.81336 -0.08313 0.57265 0.06015
1403638217.695096970 2.21725 0.00268 0.31378 0.81494 -0.07855 0.56923 0.07538
1403638217.895097017 2.16841 -0.11100 0.34851 0.81703 -0.07153 0.56594 0.08396
1403638218.195096970 2.11226 -0.21930 0.36199 0.81176 -0.06642 0.57422 0.08311
1403638218.395097017 2.07244 -0.25778 0.36776 0.80590 -0.06705 0.58351 0.07445
1403638218.695096970 2.00110 -0.25750 0.40391 0.81093 -0.07118 0.57721 0.06448
1403638218.795097113 1.97166 -0.24894 0.40947 0.81516 -0.07675 0.57013 0.06759
1403638218.995096922 1.92258 -0.22376 0.42228 0.81596 -0.09950 0.56611 0.06193
1403638219.295097113 1.84939 -0.19127 0.40096 0.80508 -0.11049 0.57886 0.06746
1403638219.395097017 1.81589 -0.17639 0.39572 0.79765 -0.10752 0.58884 0.07394
1403638219.795097113 1.66144 -0.11320 0.39001 0.79862 -0.11514 0.58737 0.06275
1403638219.995096922 1.55077 -0.08888 0.38664 0.80362 -0.12596 0.57977 0.04678
1403638220.195096970 1.43690 -0.07521 0.35893 0.80818 -0.12221 0.57369 0.05279
1403638220.295097113 1.37645 -0.07799 0.36201 0.81079 -0.11199 0.57049 0.06795
1403638220.495096922 1.25280 -0.08047 0.38111 0.81182 -0.10419 0.56891 0.08019
1403638220.995096922 0.96775 -0.05969 0.39734 0.81153 -0.11056 0.56806 0.08066
1403638221.295097113 0.80892 -0.02926 0.36711 0.81459 -0.11375 0.56322 0.07930
1403638221.795097113 0.58344 0.02500 0.35423 0.81120 -0.12190 0.56756 0.07051
1403638222.195096970 0.42535 0.04828 0.37650 0.81513 -0.11432 0.56222 0.08001
1403638222.395097017 0.35719 0.06421 0.38242 0.82147 -0.11644 0.55275 0.07817
1403638222.795097113 0.25771 0.08931 0.34034 0.81239 -0.11605 0.56606 0.07823
1403638222.995096922 0.21274 0.10454 0.30793 0.80223 -0.11456 0.58059 0.07890
1403638223.195096970 0.16051 0.12475 0.29061 0.81401 -0.11658 0.56386 0.07655
1403638223.295097113 0.12997 0.13350 0.28894 0.82158 -0.12095 0.55261 0.07074
1403638223.495096922 0.08527 0.14603 0.28254 0.81449 -0.13048 0.56236 0.05767
1403638223.795097113 0.02064 0.13706 0.25363 0.81315 -0.11687 0.56482 0.07810
1403638223.995096922 -0.01444 0.13088 0.22533 0.81431 -0.11017 0.56319 0.08702
1403638224.095097065 -0.03322 0.12891 0.21184 0.81836 -0.11066 0.55731 0.08624
1403638224.195096970 -0.04333 0.12861 0.20128 0.82469 -0.11237 0.54792 0.08389
1403638224.395097017 -0.05906 0.13410 0.16933 0.81791 -0.11493 0.55792 0.08091
1403638224.495096922 -0.06264 0.14022 0.15600 0.81032 -0.11826 0.56887 0.07609
1403638224.695096970 -0.06762 0.14709 0.13273 0.81451 -0.11645 0.56291 0.07836
1403638224.795097113 -0.07079 0.15202 0.12135 0.82325 -0.11716 0.55000 0.07768
1403638224.995096922 -0.06476 0.16329 0.11775 0.81135 -0.12409 0.56743 0.06585
1403638225.095097065 -0.06040 0.16491 0.12056 0.80756 -0.12351 0.57300 0.06530
1403638225.295097113 -0.05646 0.16531 0.12796 0.81844 -0.11575 0.55795 0.07384
1403638225.495096922 -0.04476 0.16444 0.13299 0.80957 -0.11171 0.57091 0.07863
1403638225.595097065 -0.03788 0.15955 0.12547 0.79887 -0.10969 0.58575 0.08174
1403638225.695096970 -0.03610 0.16769 0.11262 0.79386 -0.10852 0.59255 0.08304
1403638225.795097113 -0.04061 0.17226 0.08557 0.80103 -0.10914 0.58283 0.08209
1403638225.895097017 -0.04752 0.17896 0.05092 0.81352 -0.10987 0.56524 0.08132
1403638225.995096922 -0.05330 0.18679 0.01272 0.82175 -0.11275 0.55324 0.07706
1403638226.095097065 -0.04772 0.19804 0.01240 0.82498 -0.12298 0.54862 0.05751
1403638226.195096970 -0.03781 0.20581 0.01058 0.83023 -0.12048 0.54116 0.05785
1403638226.295097113 -0.03606 0.21386 -0.00208 0.82207 -0.11924 0.55221 0.07104
1403638226.395097017 -0.03288 0.21985 -0.00821 0.82677 -0.10841 0.54659 0.07707
