1311868164.399026 -0.0000075 0.0000110 -0.0000058 -0.0000005 -0.0000122 -0.0000040 1.0000000
1311868164.631140 0.0161236 0.0047800 -0.0195675 -0.0024662 0.0051201 -0.0144234 0.9998798
1311868164.663105 0.0192228 0.0048510 -0.0228756 -0.0016287 0.0042140 -0.0142236 0.9998887
1311868165.199145 0.1614314 0.0035202 -0.0611317 0.0181450 -0.0270396 -0.0304458 0.9990059
1311868165.663251 0.2998193 0.0378474 -0.0796473 -0.0043287 -0.0549991 -0.0353494 0.9978511
1311868166.663284 0.3491889 0.1463093 -0.2266866 -0.0509300 0.0052052 -0.0218855 0.9984488
1311868168.463333 0.6814684 0.0656599 -0.1502852 -0.0339956 -0.0917942 -0.0686862 0.9928244
1311868169.899390 0.7945346 -0.1709681 0.0790032 0.0404158 -0.2475940 -0.1441597 0.9572260
1311868170.263521 0.8623852 -0.1962231 0.0750777 0.0439104 -0.2562145 -0.1155863 0.9586792
1311868171.131477 1.0261377 -0.1575416 0.0047799 0.0243587 -0.2718363 -0.1361005 0.9523593
1311868171.663411 1.1494247 -0.1499524 0.0351602 0.0216919 -0.3034341 -0.1702538 0.9372678
1311868172.299544 1.2985603 -0.1328694 0.1186599 -0.0144743 -0.3166786 -0.1965778 0.9278266
1311868172.731555 1.3646381 -0.1145878 0.1935754 -0.0528327 -0.3008206 -0.2107527 0.9286005
1311868172.963571 1.3727647 -0.1177130 0.2616796 -0.0778111 -0.2952194 -0.2179524 0.9269778
1311868173.499703 1.3885294 -0.1872899 0.3705714 -0.0734461 -0.2987801 -0.2250064 0.9245043
1311868173.867507 1.4147725 -0.2297579 0.4368823 -0.0701732 -0.3309730 -0.2305762 0.9123416
1311868174.167874 1.4559867 -0.2838052 0.4918370 -0.0475738 -0.3725655 -0.2620536 0.8889655
1311868174.967694 1.5038400 -0.3871058 0.6105298 -0.0185451 -0.4202580 -0.2565661 0.8701800
1311868175.431994 1.4431784 -0.4779362 0.6624413 0.0395788 -0.4441967 -0.2244713 0.8664499
1311868175.799815 1.4298103 -0.5280807 0.7302136 0.0674349 -0.4692932 -0.2014775 0.8571016
1311868176.032043 1.4510367 -0.5635203 0.7794862 0.0742693 -0.4988059 -0.2085613 0.8379611
1311868176.231937 1.4817015 -0.5934860 0.8342326 0.0775584 -0.5220348 -0.2329181 0.8168314
1311868176.367752 1.5058097 -0.6110950 0.8784384 0.0698314 -0.5296150 -0.2445004 0.8092287
1311868176.699787 1.5431271 -0.6249400 0.9699581 0.0404705 -0.5374885 -0.2569796 0.8021407
1311868177.267807 1.5209963 -0.6719143 1.0752161 0.0386796 -0.5300757 -0.2736182 0.8016587
1311868177.799899 1.4876856 -0.7002649 1.1922933 0.0163891 -0.5335672 -0.2885973 0.7948264
1311868178.131987 1.5204247 -0.7219020 1.2702713 0.0104105 -0.5769527 -0.3197360 0.7515225
1311868178.467895 1.5706711 -0.7360030 1.3404628 0.0083779 -0.5981963 -0.3351153 0.7278658
1311868178.831967 1.6455729 -0.7374567 1.3575916 -0.0063224 -0.6142891 -0.3334742 0.7151250
1311868179.200163 1.7653545 -0.7295075 1.3411437 -0.0121568 -0.6116187 -0.3372657 0.7155604
1311868179.668182 1.9035814 -0.7240468 1.3580501 -0.0369328 -0.5867848 -0.3478823 0.7302722
1311868180.299978 2.0403204 -0.7697268 1.4650941 -0.0518565 -0.6084456 -0.3632920 0.7036503
1311868181.300111 2.0990510 -0.8252355 1.5957364 -0.0639355 -0.6095725 -0.3672571 0.6996112
1311868182.168077 1.8819929 -0.8680182 1.6529878 -0.0588200 -0.6012834 -0.3639633 0.7088929
1311868182.568033 1.7635038 -0.8950621 1.6902218 -0.0536878 -0.6044093 -0.3544216 0.7114719
1311868182.768253 1.6959856 -0.9278686 1.7138526 -0.0356189 -0.6285826 -0.3447305 0.6962586
1311868182.968092 1.6227634 -0.9614391 1.7501721 -0.0224182 -0.6567432 -0.3531761 0.6659222
1311868183.168211 1.5410228 -1.0146980 1.7834311 -0.0045177 -0.6789625 -0.3655169 0.6367000
1311868183.400232 1.4588537 -1.0526767 1.8051685 0.0144969 -0.7005149 -0.3842706 0.6011696
1311868183.568369 1.4134415 -1.0655102 1.8115563 -0.0132244 -0.7199255 -0.3821802 0.5791982
1311868183.768221 1.3452092 -1.0846736 1.8282944 -0.0285003 -0.7253336 -0.3771856 0.5751608
1311868184.070267 1.2435508 -1.1187541 1.8245828 -0.0165989 -0.7216315 -0.3790423 0.5790504
1311868184.268504 1.1851034 -1.1333342 1.8328791 -0.0143467 -0.7240289 -0.3643107 0.5855374
1311868184.500438 1.1165217 -1.1479790 1.8467687 -0.0122157 -0.7297132 -0.3632795 0.5791351
1311868184.736501 1.0499773 -1.1647825 1.8726249 -0.0105026 -0.7539372 -0.3596423 0.5496597
1311868184.900445 0.9969466 -1.1980205 1.8891001 0.0032991 -0.7706972 -0.3578032 0.5272492
1311868185.100898 0.9428147 -1.2211953 1.9086275 0.0177582 -0.7816789 -0.3647937 0.5055574
1311868185.300484 0.8836675 -1.2396604 1.9178039 -0.0169862 0.7918591 0.3592510 -0.4935679
1311868185.500443 0.8362250 -1.2473912 1.9338608 0.0261226 -0.7930873 -0.3452231 0.5011498
1311868185.668624 0.8060473 -1.2531959 1.9367497 0.0446063 -0.7931880 -0.3350673 0.5065500
1311868185.836824 0.7784864 -1.2538366 1.9451592 0.0403074 -0.7965178 -0.3169042 0.5133288
1311868186.068672 0.7380266 -1.2531203 1.9654794 -0.0333368 0.8063065 0.3276325 -0.4913404
1311868186.368410 0.6974947 -1.2565166 2.0109127 -0.0241611 0.8296564 0.3533847 -0.4315157
1311868186.702517 0.6883996 -1.2622681 2.0632257 -0.0072584 0.8406332 0.3703394 -0.3951353
1311868187.236433 0.7910193 -1.2807219 2.1329002 0.0043727 0.8330854 0.3860130 -0.3961610
1311868187.537564 0.8384115 -1.2975405 2.1796708 0.0061622 0.8157650 0.4078024 -0.4101057
1311868188.000735 0.8499076 -1.3260863 2.2834973 0.0050110 0.8243222 0.4132943 -0.3868535
1311868188.236529 0.8266333 -1.3356380 2.3714392 0.0182644 0.8325821 0.4262440 -0.3532555
1311868188.437067 0.8129078 -1.3235509 2.4400125 0.0117189 0.8249970 0.4535044 -0.3370109
1311868188.768663 0.8547103 -1.3337723 2.5045731 0.0403138 0.8250704 0.4643831 -0.3193462
1311868188.968696 0.9121699 -1.3387803 2.5458279 0.0593878 0.8183691 0.4744877 -0.3187579
1311868189.201174 0.9780744 -1.3499947 2.5914104 0.0620332 0.8075801 0.4864589 -0.3276035
1311868189.536633 1.0518723 -1.3709742 2.6471646 0.0636921 0.7904097 0.5074087 -0.3372421
1311868190.168751 1.0573163 -1.4354126 2.8084261 0.0704349 0.7843228 0.5097862 -0.3464025
1311868191.136667 1.0174611 -1.5100030 2.9792376 0.0727273 0.7841398 0.5043798 -0.3541703
1311868193.205121 0.8205939 -1.5349026 2.8441248 0.0547269 0.7978364 0.4887281 -0.3487218
1311868194.270035 0.7175025 -1.6207924 2.7786818 0.0311019 0.8247449 0.4906749 -0.2794043
1311868195.540776 0.6443503 -1.7139372 2.8479543 0.0190747 0.8382570 0.4545688 -0.3005471
1311868196.137076 0.6626488 -1.7157245 2.9721761 0.0311932 0.8160429 0.4744487 -0.3286327
1311868196.807613 0.7386593 -1.7222815 3.0790999 0.0741920 0.7828735 0.4837042 -0.3842328
1311868197.969193 0.6296113 -1.7701521 3.3389935 0.0791539 0.7790233 0.5307168 -0.3243409
1311868199.669160 0.3826393 -1.7404552 3.3660676 0.0830858 0.7882954 0.5451014 -0.2730413
1311868200.705281 0.1781682 -1.7954559 3.4736850 0.0620960 0.8033890 0.5671651 -0.1703936
1311868202.837625 -0.0976245 -1.8005122 3.5222306 0.0358062 0.8033974 0.5812119 -0.1243516
1311868203.937698 -0.2028954 -1.8838867 3.3582788 0.0333924 0.8264265 0.5619407 -0.0112630
1311868204.837551 -0.3643918 -1.9911414 3.2274230 0.0221238 0.8260479 0.5620420 0.0355549
1311868205.537722 -0.4367325 -2.0812037 3.1485248 0.0252138 0.8491157 0.5259559 0.0416802
1311868207.473631 -0.5714352 -2.0034306 3.1835542 0.0075865 0.8585556 0.5074351 0.0730362
1311868208.173832 -0.6822871 -1.9324384 3.2743618 -0.0092840 0.8484675 0.5250658 0.0657472
1311868209.037800 -0.7881689 -1.8458436 3.3771701 0.0022936 0.8244905 0.5621049 0.0651786
1311868211.106006 -0.9235976 -1.6383631 3.3255811 0.0021528 0.8139005 0.5688313 0.1182891
1311868212.242313 -1.2008853 -1.6172484 3.3449397 -0.0094070 0.8033968 0.5772941 0.1455905
1311868213.942213 -1.3509004 -1.5583893 3.1717792 -0.0167493 0.8118049 0.5590045 0.1679471
1311868215.074234 -1.4422946 -1.5261610 3.0644929 -0.0176504 0.8049410 0.5291821 0.2678148
1311868216.006524 -1.4498570 -1.5768968 2.9212742 -0.0260017 0.7957613 0.5015777 0.3383899
1311868216.674349 -1.4564559 -1.6230137 2.8106434 -0.0083673 0.7982922 0.4954722 0.3422965
1311868217.442485 -1.4838653 -1.6785264 2.7326980 -0.0016826 0.8190494 0.4661474 0.3344574
1311868219.242632 -1.5519204 -1.5138761 2.7743206 0.0026135 0.8144855 0.4524486 0.3631759
1311868219.910641 -1.6007699 -1.3708888 2.8446035 0.0293287 0.7847373 0.4743269 0.3979210
1311868220.542610 -1.6392405 -1.2871468 2.9249640 0.0184592 0.7542561 0.4963628 0.4293960
1311868221.742786 -1.7387991 -1.2346041 2.9656134 0.0029197 0.7414030 0.5127950 0.4328444
1311868223.975101 -1.8514611 -1.1462305 2.7724991 0.0088356 0.7140009 0.5147010 0.4745604
1311868224.943076 -1.9822751 -1.0833428 2.6364408 -0.0032173 0.7021614 0.4918231 0.5148485
1311868226.411020 -2.1215115 -1.0165761 2.5204334 -0.0017924 0.6896962 0.4797775 0.5423371
1311868226.944204 -2.1268663 -0.9767708 2.3981731 0.0021449 0.6837037 0.4769435 0.5523310
1311868227.247413 -2.1186299 -0.9549795 2.3124132 0.0056621 0.6834410 0.4703022 0.5582939
1311868227.644341 -2.1124587 -0.9273416 2.2417412 0.0168154 0.6719168 0.4619130 0.5786895
1311868228.079022 -2.1305990 -0.8949451 2.1718376 0.0103467 0.6387807 0.4397745 0.6312293
1311868228.479553 -2.1752186 -0.8649932 2.0980291 0.0079310 0.6197661 0.4234904 0.6606686
1311868228.979108 -2.2286034 -0.8238211 2.0083890 -0.0082037 0.6118017 0.4085276 0.6773009
1311868229.315238 -2.2251194 -0.8211536 1.9559463 -0.0006927 0.6174799 0.4120837 0.6700038
1311868229.681523 -2.1491995 -0.8345944 1.8929199 -0.0133749 0.6040737 0.4301947 0.6707075
1311868229.944417 -2.0783389 -0.8608125 1.8438627 -0.0093130 0.6006504 0.4348886 0.6708236
1311868230.180570 -2.0236044 -0.8806622 1.8074620 -0.0111349 0.6052129 0.4372739 0.6651202
1311868230.414198 -1.9762633 -0.9103019 1.7610474 -0.0140540 0.6022295 0.4432109 0.6638420
1311868230.582035 -1.9404365 -0.9077802 1.7311994 -0.0007759 0.5985704 0.4656637 0.6518207
1311868230.713079 -1.9116672 -0.9136928 1.7004650 0.0087098 0.6065401 0.4612546 0.6475164
1311868230.943429 -1.8776461 -0.9203072 1.6553200 -0.0055221 0.6087621 0.4467658 0.6555750
1311868231.143191 -1.8529228 -0.9316970 1.6153960 -0.0149334 0.6181614 0.4294522 0.6581978
1311868231.380706 -1.8155563 -0.9424399 1.5780718 -0.0584420 0.6045873 0.4361872 0.6639273
1311868231.611182 -1.7666601 -0.9629403 1.5513103 -0.0656862 0.6017541 0.4380316 0.6646094
1311868231.843239 -1.7229218 -0.9973707 1.5390928 -0.0741240 0.6046919 0.4414637 0.6587588
1311868232.084470 -1.6818055 -1.0332928 1.5325065 -0.0836501 0.5990641 0.4382764 0.6648599
1311868232.343193 -1.6336489 -1.0674253 1.5261483 -0.0878588 0.5927413 0.4428018 0.6669822
1311868232.744002 -1.5755036 -1.1220900 1.5226256 -0.0763931 0.6067283 0.4488535 0.6515945
1311868234.343505 -1.7356721 -1.0097384 1.4363921 -0.0469991 0.5910707 0.3793742 0.7102829
1311868234.811711 -1.8458288 -0.9349953 1.3894390 -0.0501768 0.5843904 0.3640402 0.7234949
1311868235.243614 -1.9295985 -0.8563098 1.3473697 -0.0522560 0.5743394 0.3707503 0.7279751
1311868235.511713 -1.9621001 -0.8074485 1.3211520 -0.0414855 0.5790204 0.3726346 0.7239875
1311868235.879619 -1.9770486 -0.7400364 1.2912261 -0.0404719 0.5868610 0.3639380 0.7221532
1311868236.111800 -1.9745090 -0.6981335 1.2700243 -0.0316823 0.5743668 0.3639991 0.7325324
1311868236.379539 -1.9686272 -0.6497319 1.2440488 -0.0368911 0.5582898 0.3595583 0.7467726
1311868236.647654 -1.9605451 -0.6043667 1.2205174 -0.0276205 0.5478947 0.3573240 0.7558889
1311868236.947572 -1.9669952 -0.5588451 1.2043147 -0.0160870 0.5341754 0.3486723 0.7699516
1311868237.179506 -1.9695563 -0.5144596 1.1862888 -0.0020465 0.5220123 0.3543411 0.7758488
1311868237.511663 -1.9810593 -0.4551869 1.1199465 -0.0009617 0.5044431 0.3401072 0.7936393
1311868237.879660 -2.0016220 -0.3903093 1.0277898 -0.0163691 0.4782898 0.3123458 0.8206162
1311868238.211730 -2.0155029 -0.3274974 0.9626099 -0.0198294 0.4589407 0.3158899 0.8301769
1311868238.711811 -1.9905391 -0.2671264 0.8992928 -0.0224897 0.4546144 0.3167149 0.8321729
1311868239.211956 -1.9291105 -0.2170833 0.8450274 -0.0245660 0.4433586 0.3134673 0.8393854
1311868239.679838 -1.8902028 -0.1715120 0.8183100 -0.0254338 0.4035563 0.3058247 0.8619552
1311868240.147812 -1.8626128 -0.1123392 0.7401745 -0.0363558 0.3646396 0.2862945 0.8852975
1311868240.547745 -1.8617336 -0.0476575 0.6472491 -0.0582236 0.3520103 0.2540700 0.8989701
1311868241.447810 -1.7798373 -0.0922463 0.5637226 -0.0688906 0.3476262 0.2797093 0.8922852
1311868241.847976 -1.6995906 -0.1636415 0.5359619 -0.0605244 0.3371664 0.2788719 0.8971545
1311868242.180028 -1.6415286 -0.1972461 0.4828358 -0.0646571 0.3113568 0.2430678 0.9164030
1311868242.648160 -1.6028566 -0.2016532 0.4288376 -0.0551609 0.2696505 0.2213131 0.9355567
1311868243.348087 -1.5394742 -0.1662227 0.3843787 -0.0318988 0.2800584 0.2170258 0.9345853
1311868243.611954 -1.5136648 -0.1443685 0.3419808 -0.0352942 0.2631573 0.1890933 0.9453816
1311868243.811933 -1.4872462 -0.1072483 0.2996580 -0.0533328 0.2419654 0.1703332 0.9537269
1311868244.048067 -1.4596279 -0.0790211 0.2520158 -0.0607264 0.2099748 0.1602294 0.9625744
1311868244.412124 -1.4347526 -0.0057228 0.2044031 -0.0571695 0.1820256 0.1380944 0.9718685
1311868244.780046 -1.3977702 0.0573872 0.1703823 -0.0578902 0.1865069 0.1433289 0.9702168
1311868245.212180 -1.3246325 0.1129953 0.1601836 -0.0687173 0.2096764 0.1393718 0.9653441
1311868245.816257 -1.2001538 0.1675947 0.1205797 -0.0504196 0.1651334 0.1538907 0.9728857
1311868246.380220 -1.1251237 0.2474833 0.0253325 -0.0808228 0.1334202 0.1303587 0.9791186
1311868247.116311 -1.0783517 0.3292362 -0.0858186 -0.0958971 0.1536854 0.1412979 0.9732520
1311868248.048245 -0.8923442 0.2096677 -0.0160780 -0.0867533 0.1413397 0.1293355 0.9776345
1311868248.580330 -0.7607576 0.1468928 0.0310168 -0.0984075 0.0976084 0.1120784 0.9839852
1311868248.948257 -0.6566200 0.0983652 0.0440930 -0.1207140 0.0733655 0.0820792 0.9865640
1311868249.216410 -0.5835732 0.0668665 0.0571285 -0.1279339 0.0872286 0.0764207 0.9849792
1311868249.416459 -0.5490063 0.0431202 0.0707441 -0.1214490 0.0864216 0.0774673 0.9857892
1311868249.648364 -0.5220242 0.0036356 0.0963952 -0.1099975 0.0935522 0.0748738 0.9866825
1311868249.948306 -0.4917998 -0.0507715 0.1487914 -0.1082221 0.0979497 0.0765558 0.9863230
1311868250.180457 -0.4778550 -0.1053394 0.1871965 -0.1000229 0.1049884 0.0726073 0.9867629
1311868250.516364 -0.4663707 -0.1680553 0.2313704 -0.0900771 0.0959478 0.0724034 0.9886546
1311868250.880463 -0.4587757 -0.2251790 0.2560070 -0.0778133 0.0851337 0.0731840 0.9906268
1311868251.716509 -0.4014711 -0.1691476 0.2110052 -0.0732676 0.0771620 0.0545668 0.9928244
1311868252.048722 -0.3282156 -0.1321006 0.1592788 -0.0732869 0.0714324 0.0410350 0.9939027
1311868252.416673 -0.2358370 -0.0910088 0.0891421 -0.0742372 0.0582033 0.0029602 0.9955363
1311868252.880663 -0.1170731 -0.0174703 0.0290893 -0.0961178 0.0388056 0.0131095 0.9945269
1311868253.480853 0.0178396 0.0157020 0.0249658 -0.1107010 0.0483219 0.0230807 0.9924099
1311868254.416896 0.2479941 0.0496634 0.0417418 -0.1132819 -0.0131763 0.0018985 0.9934737
1311868254.748845 0.3447219 0.0749018 0.0193287 -0.1327100 -0.0502098 -0.0269981 0.9895141
1311868255.084997 0.4220077 0.1066090 0.0008775 -0.1422004 -0.0686895 -0.0300983 0.9869928
1311868255.848787 0.5438609 0.1188155 0.0035169 -0.1429939 -0.0821159 -0.0342794 0.9857153
1311868256.448918 0.6858842 0.0618777 0.0694303 -0.1328264 -0.0969872 -0.0567961 0.9847460
1311868256.885027 0.7765945 0.0092258 0.1168751 -0.1194051 -0.1227575 -0.0621781 0.9832634
1311868257.549492 0.9109655 -0.0887509 0.1740958 -0.1254781 -0.1790643 -0.1216692 0.9681879
1311868257.985217 0.9618504 -0.1597782 0.1991359 -0.1192249 -0.2084238 -0.1569889 0.9579663
1311868258.416975 0.9620229 -0.2519198 0.2726232 -0.1452593 -0.2375254 -0.1806175 0.9433233
1311868258.749015 0.9540371 -0.3405960 0.3345765 -0.1316124 -0.2466352 -0.1714039 0.9447063
1311868259.149197 0.9596938 -0.4163216 0.4102176 -0.1166673 -0.2661180 -0.1919751 0.9373983
1311868259.617127 1.0150322 -0.4839687 0.4984971 -0.0887559 -0.2874221 -0.2302702 0.9254656
