1311868164.363181 -0.0000017 0.0000050 -0.0000005 -0.0000063 -0.0000057 -0.0000028 1.0000000
1311868164.863058 0.0593139 -0.0007057 -0.0426443 0.0065236 -0.0043429 -0.0157035 0.9998460
1311868164.899132 0.0653610 -0.0015134 -0.0428279 0.0098720 -0.0028093 -0.0156997 0.9998240
1311868165.131014 0.1335350 0.0003555 -0.0573378 0.0118567 -0.0213546 -0.0255650 0.9993747
1311868165.631159 0.2902773 0.0375371 -0.0796875 -0.0078358 -0.0570135 -0.0341869 0.9977571
1311868166.363122 0.3165957 0.1282982 -0.1954201 -0.0470078 -0.0041846 -0.0192235 0.9987007
1311868167.631495 0.6286696 0.1380008 -0.2474711 -0.0337268 -0.0778948 -0.0635957 0.9943593
1311868169.163498 0.6924021 -0.0281944 -0.0389184 -0.0098654 -0.1406883 -0.0848410 0.9863628
1311868169.799368 0.7721760 -0.1593533 0.0700558 0.0371580 -0.2405800 -0.1444715 0.9590977
1311868171.299368 1.0489067 -0.1510304 0.0120578 0.0226607 -0.2772331 -0.1431536 0.9498081
1311868172.463477 1.3217225 -0.1229627 0.1425934 -0.0282502 -0.3120425 -0.2069157 0.9268318
1311868173.099605 1.3692479 -0.1238004 0.2974239 -0.0803332 -0.2908039 -0.2227674 0.9270137
1311868174.499672 1.4985924 -0.3135831 0.5498644 -0.0395643 -0.3973996 -0.2723930 0.8753915
1311868175.231818 1.4558010 -0.4445080 0.6356745 0.0216467 -0.4237798 -0.2557689 0.8686336
1311868175.599867 1.4248912 -0.4918548 0.6988455 0.0502202 -0.4548354 -0.2045184 0.8653178
1311868175.831761 1.4274476 -0.5303735 0.7423389 0.0661738 -0.4727812 -0.2008453 0.8554298
1311868176.131691 1.4606724 -0.5788447 0.8110080 0.0752659 -0.5116414 -0.2222775 0.8265294
1311868176.331871 1.4941344 -0.6033345 0.8753196 0.0692881 -0.5288785 -0.2407320 0.8108852
1311868176.631719 1.5355504 -0.6193982 0.9648058 0.0443312 -0.5357633 -0.2566032 0.8032106
1311868177.168091 1.5285244 -0.6605697 1.0654138 0.0325097 -0.5347429 -0.2689452 0.8004134
1311868177.699913 1.4834077 -0.6957284 1.1845468 0.0211262 -0.5283059 -0.2865942 0.7989432
1311868178.199855 1.5237761 -0.7261099 1.3019447 0.0104741 -0.5837021 -0.3250590 0.7439884
1311868178.699917 1.6077374 -0.7351702 1.3682549 -0.0066252 -0.6122435 -0.3320320 0.7175435
1311868179.567958 1.8767228 -0.7176744 1.3576486 -0.0341965 -0.5912935 -0.3437091 0.7287433
1311868180.832010 2.0947642 -0.7931134 1.5609505 -0.0696075 -0.6211941 -0.3734352 0.6854334
1311868182.536127 1.7677159 -0.8814296 1.7010571 -0.0578563 -0.6027560 -0.3535965 0.7129567
1311868183.336308 1.4757822 -1.0331197 1.8113796 0.0083873 -0.6934168 -0.3784832 0.6130687
1311868183.968498 1.2693088 -1.0966054 1.8410194 -0.0321945 -0.7241907 -0.3842414 0.5717254
1311868184.300643 1.1693907 -1.1259861 1.8487477 -0.0156062 -0.7235113 -0.3628834 0.5870295
1311868184.668352 1.0626233 -1.1463399 1.8772992 -0.0160211 -0.7455243 -0.3574380 0.5622944
1311868184.868735 0.9970790 -1.1834687 1.9004972 -0.0001270 -0.7681935 -0.3564727 0.5317950
1311868185.036432 0.9475403 -1.2081050 1.9175340 0.0104425 -0.7789133 -0.3610400 0.5126745
1311868185.268543 0.8832339 -1.2267112 1.9325325 -0.0134981 0.7906851 0.3612137 -0.4941251
1311868185.401199 0.8508097 -1.2338951 1.9423822 -0.0187185 0.7957990 0.3495916 -0.4941046
1311868185.500443 0.8284339 -1.2380787 1.9482496 0.0249681 -0.7935681 -0.3437606 0.5014529
1311868185.600364 0.8093036 -1.2385684 1.9485301 0.0366156 -0.7923591 -0.3371705 0.5070922
1311868185.800441 0.7733945 -1.2455909 1.9574778 0.0419610 -0.7958193 -0.3177818 0.5137369
1311868185.868447 0.7652548 -1.2434449 1.9621485 0.0350013 -0.7986187 -0.3144641 0.5119526
1311868185.900384 0.7579670 -1.2419536 1.9654508 0.0324663 -0.8001193 -0.3163004 0.5086346
1311868186.036453 0.7325912 -1.2417610 1.9761363 -0.0319079 0.8053356 0.3236665 -0.4956374
1311868186.103248 0.7223039 -1.2436428 1.9850483 -0.0330975 0.8085845 0.3291653 -0.4865654
1311868186.136633 0.7193665 -1.2465812 1.9897898 -0.0328047 0.8103613 0.3314318 -0.4820698
1311868186.168524 0.7137032 -1.2462442 1.9941750 -0.0310729 0.8125467 0.3334197 -0.4771096
1311868186.200391 0.7067046 -1.2429386 1.9985926 -0.0286342 0.8150238 0.3355412 -0.4715171
1311868186.268650 0.6961380 -1.2450746 2.0077169 -0.0258638 0.8209010 0.3431862 -0.4557147
1311868186.368410 0.6860114 -1.2452819 2.0256078 -0.0225559 0.8302853 0.3517824 -0.4317021
1311868186.436523 0.6787592 -1.2470903 2.0396636 -0.0199567 0.8345829 0.3576813 -0.4184939
1311868186.568549 0.6719282 -1.2448792 2.0593364 -0.0074411 0.8389310 0.3649203 -0.4036985
1311868186.636497 0.6732548 -1.2489221 2.0697610 -0.0048329 0.8408518 0.3682126 -0.3966917
1311868186.836721 0.6987575 -1.2509536 2.0963886 -0.0034713 0.8431460 0.3737518 -0.3865260
1311868187.036707 0.7330559 -1.2629578 2.1192002 -0.0001573 0.8415253 0.3778589 -0.3860800
1311868187.268822 0.7897014 -1.2697468 2.1507766 0.0075047 0.8312263 0.3883425 -0.3977394
1311868187.500548 0.8223119 -1.2837374 2.1894994 0.0074617 0.8177938 0.4052880 -0.4085329
1311868188.036686 0.8363174 -1.3160079 2.3092270 0.0068508 0.8268569 0.4130818 -0.3816075
1311868188.200610 0.8205428 -1.3230882 2.3714864 0.0196227 0.8330910 0.4213109 -0.3578707
1311868188.368537 0.8037070 -1.3123100 2.4355302 0.0112207 0.8287538 0.4446539 -0.3395941
1311868188.502489 0.8073370 -1.3088315 2.4624374 0.0207712 0.8256109 0.4551624 -0.3328098
1311868188.836521 0.8601136 -1.3200606 2.5333788 0.0431388 0.8238224 0.4663811 -0.3192873
1311868188.968696 0.9028128 -1.3243322 2.5584977 0.0615065 0.8192674 0.4721293 -0.3195494
1311868189.302276 0.9963401 -1.3423314 2.6182849 0.0667023 0.8010134 0.4936030 -0.3320909
1311868189.768868 1.0606368 -1.3711159 2.7118707 0.0707732 0.7896786 0.5091580 -0.3348984
1311868190.401976 1.0376686 -1.4508810 2.8794808 0.0686831 0.7855162 0.5046480 -0.3515357
1311868192.342496 0.9082916 -1.5127871 2.9783587 0.0637427 0.7786399 0.5012952 -0.3719677
1311868193.738312 0.7440338 -1.5633789 2.8147304 0.0370601 0.8183708 0.4948198 -0.2899124
1311868195.441781 0.6386249 -1.6922097 2.8378620 0.0258561 0.8417565 0.4524356 -0.2933931
1311868196.569054 0.7210984 -1.6998329 3.0506520 0.0617566 0.7961334 0.4769856 -0.3672090
1311868197.369073 0.6934593 -1.7426875 3.2210450 0.0605365 0.7866959 0.5040352 -0.3512739
1311868198.205266 0.6028545 -1.7571931 3.3703189 0.0781419 0.7759677 0.5310711 -0.3312575
1311868199.869232 0.3457830 -1.7267015 3.3843396 0.0796006 0.7943649 0.5487589 -0.2480157
1311868200.873224 0.1547505 -1.7830129 3.5074706 0.0636732 0.8051784 0.5654047 -0.1671857
1311868202.673740 -0.0711508 -1.7772100 3.5411708 0.0462232 0.7991903 0.5861458 -0.1248655
1311868203.505522 -0.1512649 -1.8287487 3.4562688 0.0394884 0.8340907 0.5466003 -0.0629409
1311868204.373570 -0.3006971 -1.9266900 3.2981892 0.0294794 0.8320858 0.5535689 0.0180450
1311868205.373547 -0.4383499 -2.0498981 3.1845975 0.0161598 0.8400605 0.5412405 0.0331057
1311868207.573858 -0.6041412 -1.9799118 3.2142127 0.0069163 0.8596163 0.5058430 0.0716582
1311868208.537898 -0.7368064 -1.8888166 3.3494167 -0.0064359 0.8426771 0.5342016 0.0669521
1311868210.005883 -0.8518679 -1.6732237 3.3565524 0.0069717 0.8172278 0.5721907 0.0684686
1311868212.542167 -1.2350621 -1.6020899 3.3489285 -0.0096350 0.8068383 0.5752574 0.1341567
1311868214.374244 -1.3756936 -1.5325127 3.1563509 0.0000518 0.8137581 0.5504768 0.1864752
1311868215.674534 -1.4626946 -1.5362103 2.9937351 -0.0297562 0.8021198 0.5077037 0.3129783
1311868216.706576 -1.4636090 -1.6144761 2.8189988 -0.0082348 0.7988321 0.4928772 0.3447773
1311868217.442485 -1.4889467 -1.6708171 2.7449732 -0.0039252 0.8196640 0.4653283 0.3340735
1311868218.974531 -1.5291457 -1.5610052 2.7773650 0.0010703 0.8166061 0.4535463 0.3570001
1311868219.410427 -1.5800645 -1.4569745 2.8138452 0.0071654 0.8119355 0.4557640 0.3646759
1311868220.010555 -1.6107260 -1.3475090 2.8732738 0.0329285 0.7826982 0.4733866 0.4027462
1311868220.742672 -1.6638746 -1.2537671 2.9540272 0.0080131 0.7465728 0.5079827 0.4295561
1311868223.174769 -1.8193907 -1.1630535 2.8439586 -0.0085807 0.7232796 0.5143803 0.4606582
1311868225.443381 -2.0495381 -1.0523437 2.6042640 -0.0062906 0.6993222 0.4838652 0.5261021
1311868227.010946 -2.1337714 -0.9640350 2.3927240 0.0015836 0.6857586 0.4756761 0.5508765
1311868227.579073 -2.1180720 -0.9259556 2.2628195 0.0136128 0.6764092 0.4632387 0.5724466
1311868228.214746 -2.1509480 -0.8754307 2.1553707 0.0062925 0.6320930 0.4307455 0.6441096
1311868229.044504 -2.2360744 -0.8124952 2.0051775 -0.0076848 0.6126669 0.4120181 0.6744044
1311868229.883361 -2.0948703 -0.8507086 1.8598713 -0.0127266 0.6012898 0.4359874 0.6694801
1311868230.245363 -2.0100398 -0.8854693 1.8006810 -0.0152649 0.6111832 0.4358141 0.6605211
1311868230.543330 -1.9463036 -0.9048178 1.7477282 -0.0055501 0.5951876 0.4660774 0.6545936
1311868230.682847 -1.9212537 -0.9108256 1.7158079 0.0006098 0.6064599 0.4638905 0.6457644
1311868230.983928 -1.8740479 -0.9176551 1.6598849 -0.0102397 0.6105900 0.4448231 0.6551393
1311868231.284432 -1.8336985 -0.9342986 1.6000915 -0.0425203 0.6122930 0.4342523 0.6593286
1311868231.543183 -1.7833865 -0.9471906 1.5666835 -0.0680073 0.6035085 0.4400283 0.6614587
1311868231.943245 -1.7075204 -1.0046300 1.5469799 -0.0778837 0.6010690 0.4423968 0.6610108
1311868232.311279 -1.6437637 -1.0577738 1.5383097 -0.0898864 0.5944231 0.4412486 0.6662443
1311868232.583131 -1.5974106 -1.0911670 1.5350319 -0.0867809 0.6064707 0.4482016 0.6509821
1311868233.943472 -1.6574423 -1.0485284 1.4985510 -0.0500270 0.5917043 0.4111918 0.6915957
1311868234.343505 -1.7406776 -1.0034249 1.4443979 -0.0489523 0.5913665 0.3790562 0.7100745
1311868234.811711 -1.8492686 -0.9312769 1.3990752 -0.0531656 0.5848200 0.3633669 0.7232727
1311868235.311695 -1.9428376 -0.8405122 1.3499210 -0.0521878 0.5750884 0.3723657 0.7265628
1311868235.879619 -1.9831421 -0.7383646 1.3022287 -0.0436037 0.5876881 0.3629727 0.7217841
1311868236.243642 -1.9791889 -0.6733938 1.2637606 -0.0298966 0.5649614 0.3673601 0.7382217
1311868236.747574 -1.9661833 -0.5851828 1.2235923 -0.0231454 0.5457165 0.3514299 0.7603649
1311868237.111617 -1.9745549 -0.5242295 1.2031054 -0.0097809 0.5279168 0.3527134 0.7725292
1311868237.447678 -1.9838734 -0.4650704 1.1432245 -0.0018594 0.5090665 0.3436761 0.7891353
1311868237.779615 -2.0021136 -0.4027193 1.0587629 -0.0205029 0.4886441 0.3144306 0.8135969
1311868238.179768 -2.0200865 -0.3298272 0.9735665 -0.0225962 0.4612909 0.3158745 0.8288084
1311868239.011813 -1.9576876 -0.2295777 0.8729273 -0.0289477 0.4497863 0.3340208 0.8278191
1311868239.912048 -1.8849843 -0.1414113 0.7971039 -0.0306950 0.3817972 0.2978630 0.8743948
1311868240.311899 -1.8743322 -0.0725297 0.6995620 -0.0406719 0.3559722 0.2734623 0.8926634
1311868240.980015 -1.8750130 -0.0102877 0.6002555 -0.0702098 0.3455213 0.2752262 0.8943915
1311868241.512153 -1.7750232 -0.1081701 0.5612260 -0.0676568 0.3463053 0.2832011 0.8917916
1311868242.212185 -1.6540201 -0.1909599 0.4805941 -0.0654390 0.3123111 0.2379427 0.9173673
1311868242.712253 -1.6076319 -0.1850930 0.4310285 -0.0539741 0.2645951 0.2137623 0.9388194
1311868243.580031 -1.5318551 -0.1407289 0.3492167 -0.0341244 0.2716640 0.1915215 0.9425252
1311868244.048067 -1.4731435 -0.0746299 0.2492800 -0.0616369 0.2109327 0.1602101 0.9623103
1311868244.448220 -1.4451302 0.0077181 0.2023225 -0.0582595 0.1862065 0.1372866 0.9711258
1311868244.848096 -1.4005265 0.0744574 0.1669095 -0.0611162 0.1941192 0.1495718 0.9675799
1311868245.212180 -1.3372489 0.1170892 0.1580122 -0.0700865 0.2107721 0.1390549 0.9650527
1311868245.848193 -1.2013254 0.1742360 0.1100842 -0.0531377 0.1602068 0.1565364 0.9731426
1311868246.216086 -1.1482835 0.2350237 0.0583797 -0.0776580 0.1333907 0.1344343 0.9788277
1311868247.180293 -1.0779812 0.3355725 -0.0907558 -0.0964834 0.1529124 0.1436038 0.9729782
1311868248.216356 -0.8647510 0.1893756 -0.0037925 -0.0866859 0.1264385 0.1312161 0.9794290
1311868248.680356 -0.7430231 0.1411857 0.0345690 -0.1033593 0.0966362 0.0930646 0.9855543
1311868249.016517 -0.6395544 0.0919172 0.0456536 -0.1231612 0.0804753 0.0798705 0.9858883
1311868249.316586 -0.5674893 0.0608578 0.0625473 -0.1268334 0.0870852 0.0782641 0.9849894
1311868249.780683 -0.5133412 -0.0178852 0.1179676 -0.1163209 0.0901788 0.0767378 0.9861280
1311868250.216361 -0.4831794 -0.1150155 0.1921837 -0.1032224 0.1032463 0.0743029 0.9864910
1311868250.848395 -0.4646694 -0.2244118 0.2560610 -0.0827846 0.0855519 0.0735804 0.9901583
1311868252.048722 -0.3281194 -0.1335864 0.1585673 -0.0765750 0.0700230 0.0411917 0.9937486
1311868252.480598 -0.2209292 -0.0777172 0.0785377 -0.0801755 0.0507968 0.0044505 0.9954756
1311868252.980733 -0.0994467 -0.0069400 0.0243322 -0.1003691 0.0379880 0.0148141 0.9941144
1311868253.280713 -0.0316685 0.0178762 0.0180792 -0.1055939 0.0416367 0.0195576 0.9933448
1311868253.948752 0.1276126 0.0296362 0.0477048 -0.1057105 0.0294836 0.0298546 0.9935113
1311868254.516676 0.2785126 0.0591635 0.0396781 -0.1189990 -0.0273376 -0.0115240 0.9924511
1311868254.885176 0.3760548 0.0912678 0.0143705 -0.1398310 -0.0598468 -0.0307117 0.9878879
1311868255.049320 0.4136355 0.1059237 0.0041297 -0.1443029 -0.0678703 -0.0296346 0.9867584
1311868255.649271 0.5051106 0.1216532 -0.0095920 -0.1424263 -0.0821778 -0.0279433 0.9859923
1311868255.948865 0.5642655 0.1164362 0.0150218 -0.1449014 -0.0831793 -0.0317575 0.9854320
1311868256.184808 0.6179848 0.0893536 0.0410113 -0.1450946 -0.0908572 -0.0462355 0.9841518
1311868256.448918 0.6818137 0.0633838 0.0711145 -0.1348214 -0.0969141 -0.0571660 0.9844607
1311868256.749056 0.7474697 0.0288595 0.1039883 -0.1225297 -0.1081287 -0.0523589 0.9851666
1311868257.149165 0.8210635 -0.0181377 0.1455499 -0.1154496 -0.1459076 -0.0863060 0.9787409
1311868257.485023 0.8916123 -0.0688971 0.1721143 -0.1285044 -0.1725410 -0.1163969 0.9696226
1311868257.816852 0.9443657 -0.1237831 0.1930424 -0.1182828 -0.1993874 -0.1456195 0.9617946
1311868258.048909 0.9531562 -0.1740036 0.2152467 -0.1322891 -0.2201877 -0.1580915 0.9534275
1311868258.285207 0.9601685 -0.2173174 0.2511614 -0.1414898 -0.2381007 -0.1744788 0.9449052
1311868258.449148 0.9546269 -0.2574586 0.2836491 -0.1455595 -0.2368642 -0.1845952 0.9426730
1311868258.685108 0.9474521 -0.3217389 0.3277832 -0.1326104 -0.2375807 -0.1784195 0.9455878
1311868259.116919 0.9537866 -0.4072157 0.4078806 -0.1197468 -0.2631747 -0.1895436 0.9383352
1311868260.149117 1.0569546 -0.4849574 0.5476386 -0.0865221 -0.3037661 -0.2270093 0.9212528
