1403636860.851666451 0.00795 -0.08029 0.08471 0.85620 0.03083 0.51503 -0.02659
1403636860.951666594 0.01342 -0.08332 0.11378 0.85530 0.03619 0.51623 -0.02591
1403636861.051666498 0.01259 -0.08361 0.16610 0.85064 0.03818 0.52373 -0.02567
1403636861.151666403 0.01761 -0.08573 0.22898 0.84066 0.03730 0.53968 -0.02528
1403636861.251666546 0.02626 -0.08657 0.29366 0.82730 0.03766 0.55995 -0.02477
1403636861.351666451 0.03605 -0.08835 0.35361 0.81451 0.03562 0.57848 -0.02584
1403636861.451666594 0.03758 -0.09284 0.39317 0.80507 0.03202 0.59175 -0.02609
1403636861.551666498 0.03029 -0.10016 0.40807 0.80167 0.02947 0.59656 -0.02411
1403636861.651666403 0.04581 -0.09463 0.37535 0.80620 0.02923 0.59040 -0.02488
1403636861.751666546 0.03932 -0.09582 0.32858 0.81327 0.03092 0.58051 -0.02535
1403636861.851666451 0.03226 -0.09208 0.27074 0.82012 0.03294 0.57065 -0.02591
1403636861.951666594 0.03047 -0.09107 0.21273 0.83034 0.03343 0.55548 -0.02945
1403636862.051666498 0.02641 -0.08556 0.15503 0.84154 0.03147 0.53823 -0.03363
1403636862.151666403 0.02102 -0.08107 0.10836 0.84819 0.02918 0.52758 -0.03725
1403636862.251666546 0.01697 -0.07944 0.08019 0.85199 0.03349 0.52135 -0.03447
1403636862.351666451 0.01499 -0.07955 0.08232 0.85586 0.03805 0.51493 -0.03002
1403636862.451666594 0.01494 -0.07918 0.11729 0.85663 0.03886 0.51358 -0.03023
1403636862.551666498 0.01854 -0.08046 0.17264 0.85244 0.03754 0.52092 -0.02429
1403636862.651666403 0.02487 -0.08273 0.23791 0.84515 0.03532 0.53323 -0.01213
1403636862.751666546 0.03052 -0.08212 0.30653 0.83811 0.03003 0.54458 -0.00996
1403636862.851666451 0.03525 -0.08100 0.37455 0.83487 0.02186 0.54990 -0.01112
1403636862.951666594 0.03596 -0.07997 0.43194 0.83058 0.01477 0.55651 -0.01491
1403636863.051666498 0.03321 -0.07980 0.45864 0.82421 0.01662 0.56586 -0.01433
1403636863.151666403 0.03465 -0.08153 0.44608 0.81941 0.02203 0.57275 -0.00559
1403636863.251666546 0.03345 -0.08191 0.40332 0.81952 0.02606 0.57246 0.00042
1403636863.351666451 0.02791 -0.08271 0.34401 0.82133 0.02792 0.56973 0.00646
1403636863.451666594 0.01690 -0.08108 0.27749 0.82415 0.02558 0.56567 0.01164
1403636863.551666498 0.02067 -0.08439 0.20948 0.83091 0.02069 0.55601 0.00400
1403636863.651666403 0.01344 -0.08521 0.14709 0.83964 0.01754 0.54282 -0.00656
1403636863.751666546 0.00743 -0.08684 0.09900 0.84758 0.01305 0.53033 -0.01375
1403636863.851666451 0.00339 -0.08910 0.07772 0.85477 0.01207 0.51866 -0.01449
1403636863.951666594 0.00125 -0.09156 0.09215 0.85826 0.01374 0.51278 -0.01616
1403636864.051666498 0.00007 -0.09272 0.14028 0.85648 0.01669 0.51562 -0.01707
1403636864.151666403 0.00123 -0.09380 0.20901 0.85211 0.02104 0.52285 -0.00918
1403636864.251666546 0.00474 -0.09311 0.28289 0.84806 0.02070 0.52949 -0.00229
1403636864.351666451 0.00783 -0.09017 0.35062 0.84538 0.01962 0.53379 -0.00324
1403636864.451666594 0.01084 -0.08703 0.40948 0.83857 0.01405 0.54460 -0.00348
1403636864.551666498 0.01462 -0.08379 0.45260 0.82648 0.00579 0.56288 -0.00804
1403636864.651666403 0.01706 -0.08249 0.46690 0.81712 0.00445 0.57642 -0.00609
1403636864.751666546 0.01505 -0.08663 0.44676 0.81627 0.00998 0.57758 0.00267
1403636864.851666451 0.01692 -0.08432 0.39724 0.82105 0.01279 0.57069 0.00543
1403636864.951666594 0.01781 -0.08551 0.33681 0.82676 0.01191 0.56235 0.00966
1403636865.051666498 0.01941 -0.08769 0.27348 0.83358 0.01107 0.55210 0.01445
1403636865.151666403 0.01968 -0.08941 0.21458 0.84011 0.00479 0.54233 0.00786
1403636865.251666546 0.02034 -0.08912 0.16602 0.84398 -0.00356 0.53629 -0.00863
1403636865.351666451 0.01982 -0.08992 0.13201 0.84485 -0.00751 0.53477 -0.01382
1403636865.451666594 0.01991 -0.09041 0.11392 0.84737 -0.00406 0.53092 -0.00836
1403636865.551666498 0.02032 -0.09003 0.12060 0.85345 0.00160 0.52116 -0.00094
1403636865.651666403 0.02093 -0.08607 0.15756 0.85659 0.00456 0.51598 -0.00134
1403636865.751666546 0.02185 -0.07999 0.21445 0.85257 0.00535 0.52256 -0.00404
1403636865.851666451 0.02484 -0.07512 0.28122 0.84418 0.00307 0.53602 -0.00544
1403636865.951666594 0.02735 -0.07128 0.35190 0.83207 0.00020 0.55462 -0.00767
1403636866.051666498 0.02822 -0.06799 0.41994 0.81639 -0.00367 0.57744 -0.00732
1403636866.151666403 0.02681 -0.06585 0.47489 0.80244 -0.00448 0.59671 -0.00248
1403636866.251666546 0.02437 -0.06445 0.50366 0.79692 -0.00340 0.60407 0.00298
1403636866.351666451 0.02309 -0.06451 0.49848 0.80042 -0.00267 0.59931 0.01170
1403636866.451666594 0.02482 -0.06626 0.46386 0.80754 -0.00204 0.58954 0.01790
1403636866.551666498 0.02651 -0.06941 0.40950 0.81399 -0.00110 0.58049 0.02120
1403636866.751666546 0.02574 -0.08266 0.30404 0.82787 -0.00085 0.56027 0.02695
1403636866.851666451 0.01883 -0.08574 0.26441 0.83363 0.00166 0.55197 0.01953
1403636866.951666594 0.01210 -0.08634 0.23276 0.84188 0.00078 0.53961 0.00790
1403636867.051666498 0.00349 -0.08741 0.21180 0.84956 -0.00211 0.52745 0.00552
1403636867.151666403 -0.00533 -0.08693 0.20145 0.85414 -0.00246 0.52003 0.00344
1403636867.351666451 -0.03078 -0.08413 0.20240 0.85970 0.00471 0.51070 -0.00934
1403636867.451666594 -0.03809 -0.08315 0.20773 0.86433 0.00472 0.50288 -0.00554
1403636867.651666403 -0.05915 -0.08069 0.21003 0.89490 0.00512 0.44622 0.00320
1403636867.851666451 -0.07779 -0.08203 0.20006 0.93944 -0.00700 0.34259 0.00601
1403636867.951666594 -0.08002 -0.08136 0.20161 0.94529 -0.01423 0.32584 0.00727
1403636868.051666498 -0.08096 -0.07916 0.20725 0.94193 -0.01696 0.33530 0.00767
1403636868.151666403 -0.08379 -0.07684 0.21167 0.93667 -0.01675 0.34973 0.00783
1403636868.251666546 -0.08935 -0.07409 0.21345 0.93517 -0.01667 0.35375 0.00643
1403636868.351666451 -0.09723 -0.06878 0.21381 0.93649 -0.02074 0.35006 0.00457
1403636868.651666403 -0.12062 -0.04544 0.22249 0.92996 -0.03210 0.36604 0.01292
1403636868.751666546 -0.12608 -0.04044 0.22471 0.93192 -0.03070 0.36109 0.01398
1403636868.951666594 -0.13783 -0.03021 0.22369 0.93362 -0.02336 0.35700 0.01914
1403636869.051666498 -0.13963 -0.02490 0.22501 0.93163 -0.02146 0.36248 0.01428
1403636869.251666546 -0.14101 -0.01866 0.22401 0.93094 -0.01743 0.36463 0.00930
1403636869.451666594 -0.13895 -0.01806 0.22161 0.93101 -0.01547 0.36456 0.00826
1403636869.651666403 -0.13546 -0.03778 0.22066 0.93170 -0.01676 0.36271 0.01007
1403636869.851666451 -0.12428 -0.09513 0.22368 0.93265 -0.02504 0.35956 0.01608
1403636870.051666498 -0.10198 -0.18286 0.22983 0.92866 -0.04092 0.36790 0.02386
1403636870.151666403 -0.09019 -0.23379 0.23231 0.93007 -0.04894 0.36289 0.02983
1403636870.251666546 -0.07838 -0.28729 0.23616 0.93105 -0.05254 0.35937 0.03533
1403636870.351666451 -0.06704 -0.33989 0.24010 0.92850 -0.05757 0.36481 0.03865
1403636870.451666594 -0.05686 -0.39096 0.24240 0.92584 -0.06042 0.37020 0.04617
1403636870.551666498 -0.04998 -0.43262 0.24043 0.92668 -0.06941 0.36667 0.04480
1403636870.651666403 -0.04530 -0.46912 0.23805 0.92892 -0.07445 0.35878 0.05332
1403636870.751666546 -0.04001 -0.49578 0.23739 0.92710 -0.07752 0.36215 0.05770
1403636870.851666451 -0.03639 -0.51089 0.23425 0.92290 -0.08198 0.37238 0.05348
1403636870.951666594 -0.03581 -0.51944 0.23150 0.91966 -0.08209 0.38066 0.05093
1403636871.051666498 -0.03645 -0.52184 0.22678 0.91981 -0.08607 0.38006 0.04588
1403636871.151666403 -0.03744 -0.51934 0.22294 0.92385 -0.08873 0.36885 0.05079
1403636871.251666546 -0.03851 -0.51122 0.22365 0.92535 -0.09198 0.36373 0.05449
1403636871.351666451 -0.03998 -0.49293 0.22604 0.92460 -0.09055 0.36607 0.05384
1403636871.451666594 -0.04312 -0.46622 0.22634 0.92474 -0.08543 0.36690 0.05425
1403636871.551666498 -0.04676 -0.42792 0.22617 0.92504 -0.08288 0.36706 0.05191
1403636871.651666403 -0.05159 -0.38040 0.22705 0.92631 -0.08090 0.36484 0.04780
1403636871.751666546 -0.05676 -0.32669 0.22792 0.92748 -0.07751 0.36371 0.03868
1403636871.851666451 -0.06066 -0.26818 0.22661 0.92824 -0.07105 0.36347 0.03494
1403636871.951666594 -0.06316 -0.20993 0.22312 0.92745 -0.06500 0.36710 0.02925
1403636872.051666498 -0.06369 -0.14581 0.21827 0.92541 -0.05919 0.37383 0.01931
1403636872.151666403 -0.06504 -0.08848 0.21196 0.92436 -0.05200 0.37774 0.01293
1403636872.251666546 -0.06779 -0.03651 0.20386 0.92599 -0.04508 0.37474 0.00872
1403636872.351666451 -0.07171 0.01075 0.19470 0.92944 -0.03749 0.36704 0.00381
1403636872.451666594 -0.07510 0.04257 0.18805 0.93169 -0.03220 0.36183 0.00020
1403636872.551666498 -0.07746 0.05863 0.18604 0.93171 -0.02781 0.36212 -0.00193
1403636872.651666403 -0.08011 0.06041 0.18749 0.93011 -0.02362 0.36651 -0.00243
1403636872.751666546 -0.08129 0.05330 0.18987 0.92907 -0.02219 0.36924 0.00021
1403636872.951666594 -0.07528 -0.00180 0.19213 0.93030 -0.03072 0.36544 0.00741
1403636873.151666403 -0.06310 -0.10361 0.19456 0.92992 -0.04260 0.36491 0.01675
1403636873.251666546 -0.05595 -0.16396 0.19767 0.93006 -0.05080 0.36327 0.02101
1403636873.351666451 -0.04930 -0.22703 0.20122 0.92989 -0.05894 0.36219 0.02553
1403636873.451666594 -0.04445 -0.28960 0.20334 0.92974 -0.06618 0.36108 0.02861
1403636873.551666498 -0.04240 -0.34774 0.20364 0.93041 -0.07252 0.35762 0.03439
1403636873.651666403 -0.04224 -0.39775 0.20168 0.93114 -0.07901 0.35353 0.04190
1403636873.751666546 -0.04353 -0.43804 0.19810 0.93189 -0.08414 0.35011 0.04381
1403636873.851666451 -0.04593 -0.46388 0.19535 0.93237 -0.08534 0.34853 0.04391
1403636873.951666594 -0.04707 -0.47500 0.19261 0.93165 -0.08779 0.34969 0.04522
1403636874.051666498 -0.04711 -0.47666 0.19039 0.93102 -0.09050 0.35042 0.04716
1403636874.151666403 -0.04676 -0.47084 0.18935 0.93139 -0.09066 0.34947 0.04652
1403636874.251666546 -0.04749 -0.45589 0.18982 0.93236 -0.08875 0.34745 0.04595
1403636874.351666451 -0.04807 -0.42745 0.18945 0.93384 -0.08307 0.34530 0.04251
1403636874.451666594 -0.04774 -0.38529 0.18817 0.93474 -0.07739 0.34494 0.03595
1403636874.551666498 -0.04769 -0.33461 0.18728 0.93382 -0.07176 0.34889 0.03325
1403636874.651666403 -0.04934 -0.27555 0.18457 0.93319 -0.06502 0.35231 0.02847
1403636874.751666546 -0.05066 -0.21262 0.17941 0.93320 -0.05792 0.35394 0.02270
1403636874.851666451 -0.05098 -0.15160 0.17177 0.93384 -0.05332 0.35335 0.01531
1403636874.951666594 -0.05151 -0.09838 0.16442 0.93486 -0.04958 0.35146 0.00741
1403636875.051666498 -0.04904 -0.05753 0.15906 0.93253 -0.04855 0.35777 0.00563
1403636875.151666403 -0.04284 -0.02781 0.15481 0.92536 -0.05884 0.37428 0.01289
1403636875.251666546 -0.03567 -0.00339 0.15055 0.91754 -0.07787 0.38932 0.02213
1403636875.351666451 -0.03874 0.01747 0.14574 0.91248 -0.10401 0.39478 0.02668
1403636875.451666594 -0.04760 0.03339 0.14306 0.91061 -0.12802 0.39218 0.02465
1403636875.651666403 -0.10311 0.03574 0.14401 0.91013 -0.15837 0.38238 0.01932
1403636875.851666451 -0.17936 -0.00302 0.14663 0.90423 -0.18759 0.38161 0.03932
1403636875.951666594 -0.21988 -0.03194 0.14886 0.90106 -0.20765 0.37712 0.05251
1403636876.051666498 -0.25434 -0.07035 0.15522 0.89446 -0.22948 0.37730 0.07023
1403636876.151666403 -0.27684 -0.11636 0.16458 0.88539 -0.25007 0.38146 0.08960
1403636876.251666546 -0.28458 -0.16591 0.17119 0.87840 -0.26775 0.38238 0.10252
1403636876.351666451 -0.27681 -0.21996 0.17301 0.87573 -0.28155 0.37660 0.10955
1403636876.451666594 -0.24842 -0.27726 0.17017 0.87486 -0.29009 0.36997 0.11654
1403636876.551666498 -0.21074 -0.33484 0.16748 0.87310 -0.28810 0.37292 0.12501
1403636876.651666403 -0.16719 -0.38635 0.16872 0.87160 -0.27642 0.38299 0.13120
1403636876.751666546 -0.11579 -0.42267 0.17033 0.87327 -0.25906 0.39255 0.12727
1403636876.851666451 -0.06359 -0.43756 0.17192 0.87782 -0.23443 0.39982 0.12092
1403636876.951666594 -0.01179 -0.42926 0.17013 0.88216 -0.20530 0.40956 0.10913
1403636877.051666498 0.03597 -0.39959 0.16596 0.88718 -0.17128 0.41877 0.09056
1403636877.151666403 0.07565 -0.35094 0.16154 0.89310 -0.13203 0.42471 0.06759
1403636877.251666546 0.10456 -0.28679 0.15726 0.89846 -0.09390 0.42689 0.04146
1403636877.351666451 0.11838 -0.21377 0.15382 0.90236 -0.05762 0.42672 0.01824
1403636877.451666594 0.11505 -0.13861 0.15029 0.90571 -0.02391 0.42321 -0.00326
1403636877.551666498 0.09605 -0.06743 0.14529 0.90949 0.00058 0.41505 -0.02355
1403636877.651666403 0.06256 -0.00513 0.14070 0.91408 0.01562 0.40334 -0.03908
1403636877.751666546 0.01763 0.04530 0.13845 0.91802 0.01998 0.39270 -0.05133
1403636877.851666451 -0.03508 0.07914 0.13698 0.92189 0.01426 0.38337 -0.05421
1403636877.951666594 -0.08749 0.09562 0.13289 0.92616 0.00228 0.37396 -0.04865
1403636878.051666498 -0.13747 0.09702 0.12707 0.92917 -0.01465 0.36757 -0.03621
1403636878.151666403 -0.18041 0.08075 0.12135 0.92928 -0.03885 0.36680 -0.01972
1403636878.251666546 -0.21729 0.05012 0.11683 0.92690 -0.06419 0.36975 -0.00442
1403636878.351666451 -0.24307 0.00558 0.11391 0.92309 -0.09188 0.37341 0.00572
1403636878.451666594 -0.26014 -0.04826 0.11315 0.91898 -0.11941 0.37527 0.01976
1403636878.551666498 -0.26831 -0.11022 0.11684 0.91448 -0.14368 0.37642 0.03721
1403636878.651666403 -0.26521 -0.17722 0.12452 0.90942 -0.16367 0.37825 0.05563
1403636878.751666546 -0.25238 -0.24525 0.13472 0.90411 -0.17667 0.38186 0.07458
1403636878.851666451 -0.22962 -0.30831 0.14531 0.89930 -0.18525 0.38671 0.08603
1403636878.951666594 -0.19821 -0.36143 0.15185 0.89786 -0.19006 0.38716 0.08854
1403636879.051666498 -0.16185 -0.40210 0.15760 0.89813 -0.19154 0.38593 0.08790
1403636879.151666403 -0.11884 -0.42826 0.16462 0.89517 -0.18900 0.39451 0.08547
1403636879.251666546 -0.07365 -0.43963 0.17216 0.89072 -0.18023 0.40856 0.08490
1403636879.351666451 -0.03199 -0.43307 0.17821 0.88839 -0.16448 0.42087 0.08113
1403636879.451666594 0.00228 -0.40854 0.18205 0.88928 -0.14076 0.42931 0.07116
1403636879.551666498 0.02370 -0.36703 0.18323 0.89282 -0.11266 0.43235 0.05705
1403636879.651666403 0.03442 -0.31391 0.18611 0.89637 -0.08965 0.43240 0.03885
1403636879.751666546 0.03539 -0.25350 0.18958 0.89965 -0.07092 0.43037 0.01933
1403636879.851666451 0.02366 -0.19128 0.19059 0.90396 -0.05489 0.42406 0.00400
1403636879.951666594 -0.00145 -0.13557 0.18951 0.90879 -0.04435 0.41486 -0.00507
1403636880.051666498 -0.03918 -0.09344 0.18942 0.91268 -0.03809 0.40676 -0.01024
1403636880.151666403 -0.08382 -0.07250 0.19085 0.91453 -0.03705 0.40271 -0.00920
1403636880.251666546 -0.13034 -0.07318 0.19283 0.91315 -0.04766 0.40482 0.00035
1403636880.351666451 -0.17704 -0.08823 0.19558 0.90948 -0.06783 0.40982 0.01731
1403636880.451666594 -0.22262 -0.10713 0.20212 0.90474 -0.08980 0.41461 0.03840
1403636880.551666498 -0.26891 -0.11728 0.21137 0.90078 -0.10996 0.41621 0.05716
1403636880.651666403 -0.31321 -0.11295 0.21880 0.90036 -0.12442 0.41125 0.06890
1403636880.751666546 -0.35208 -0.09256 0.22358 0.90285 -0.13328 0.40249 0.07140
1403636880.851666451 -0.38136 -0.06048 0.22530 0.90524 -0.13393 0.39784 0.06581
1403636880.951666594 -0.39688 -0.02204 0.22467 0.90524 -0.12563 0.40197 0.05631
1403636881.051666498 -0.39881 0.01723 0.22357 0.90236 -0.11155 0.41335 0.04943
1403636881.151666403 -0.39010 0.05644 0.22210 0.89975 -0.09182 0.42484 0.03909
1403636881.251666546 -0.37353 0.09221 0.22158 0.89893 -0.06918 0.43204 0.02184
1403636881.351666451 -0.34757 0.11573 0.22332 0.89904 -0.04671 0.43528 0.00909
1403636881.451666594 -0.31157 0.12101 0.22489 0.89869 -0.02888 0.43760 0.00490
1403636881.551666498 -0.26858 0.10792 0.22525 0.89645 -0.01443 0.44284 0.00774
1403636881.651666403 -0.22264 0.07911 0.22381 0.89425 -0.00218 0.44742 0.01101
1403636881.751666546 -0.17749 0.03703 0.21943 0.89430 0.00595 0.44716 0.01551
1403636881.951666594 -0.09782 -0.06841 0.20614 0.89675 -0.00761 0.44171 0.02610
1403636882.051666498 -0.07678 -0.12303 0.19864 0.89640 -0.02051 0.44179 0.02957
1403636882.151666403 -0.06422 -0.17450 0.18889 0.89482 -0.03160 0.44397 0.03439
1403636882.251666546 -0.08072 -0.20800 0.17362 0.89183 -0.04052 0.44855 0.04245
1403636882.351666451 -0.09237 -0.22810 0.15893 0.88870 -0.04449 0.45411 0.04503
1403636882.451666594 -0.12444 -0.22564 0.14265 0.88707 -0.04231 0.45802 0.03911
1403636882.551666498 -0.14449 -0.21272 0.12787 0.88557 -0.03682 0.46221 0.02771
1403636882.651666403 -0.15371 -0.19309 0.11553 0.88012 -0.02778 0.47361 0.01782
1403636882.751666546 -0.15089 -0.17189 0.10322 0.86725 -0.01315 0.49770 0.00240
1403636882.851666451 -0.14046 -0.15271 0.08615 0.85185 0.00775 0.52353 -0.01473
1403636882.951666594 -0.13177 -0.13397 0.06278 0.84174 0.02799 0.53821 -0.03204
1403636883.051666498 -0.12725 -0.11665 0.03509 0.83981 0.04771 0.53853 -0.04926
1403636883.151666403 -0.12747 -0.10094 0.00800 0.83694 0.06484 0.54052 -0.05626
1403636883.251666546 -0.09703 -0.09504 -0.01055 0.83082 0.07849 0.54792 -0.05804
1403636883.351666451 -0.12439 -0.07630 -0.03817 0.82625 0.08577 0.55313 -0.06327
1403636883.451666594 -0.13061 -0.06698 -0.05607 0.82259 0.09021 0.55718 -0.06894
1403636883.651666403 -0.14445 -0.05740 -0.07715 0.81018 0.10482 0.57091 -0.08178
1403636883.751666546 -0.16162 -0.04766 -0.08050 0.80825 0.11269 0.57171 -0.08474
1403636883.851666451 -0.18732 -0.04129 -0.08777 0.80703 0.11471 0.57185 -0.09232
1403636884.051666498 -0.20249 -0.03780 -0.09583 0.80068 0.12213 0.57770 -0.10133
1403636884.251666546 -0.18519 -0.03430 -0.10786 0.79270 0.12651 0.58737 -0.10309
1403636884.351666451 -0.27803 -0.01210 -0.08909 0.79131 0.12606 0.58896 -0.10514
1403636884.451666594 -0.30630 -0.02275 -0.10965 0.79085 0.12686 0.58934 -0.10560
1403636884.651666403 -0.34388 -0.02003 -0.11465 0.79057 0.12735 0.58932 -0.10717
1403636884.851666451 -0.42309 -0.00465 -0.10969 0.79018 0.12807 0.58941 -0.10869
1403636884.951666594 -0.44163 -0.01186 -0.11531 0.79005 0.12854 0.58940 -0.10914
1403636885.151666403 -0.45924 -0.01500 -0.11714 0.78976 0.12937 0.58948 -0.10980
1403636885.251666546 -0.52896 -0.00830 -0.12389 0.78974 0.12950 0.58943 -0.11005
1403636885.551666498 -0.56910 -0.00563 -0.12628 0.78969 0.12951 0.58943 -0.11038
1403636885.651666403 -0.60809 -0.00487 -0.12985 0.78968 0.12961 0.58943 -0.11031
1403636885.751666546 -0.64940 -0.00289 -0.13301 0.78966 0.12955 0.58947 -0.11039
1403636885.951666594 -0.68761 -0.00030 -0.13479 0.78971 0.12953 0.58943 -0.11024
1403636886.051666498 -0.72636 0.00218 -0.13768 0.78975 0.12939 0.58938 -0.11040
1403636886.151666403 -0.76589 0.00436 -0.14006 0.78972 0.12926 0.58943 -0.11049
1403636886.351666451 -0.79676 0.00745 -0.14008 0.78975 0.12916 0.58940 -0.11055
1403636886.451666594 -0.83404 0.00964 -0.14181 0.78973 0.12924 0.58944 -0.11040
1403636886.651666403 -0.85083 0.01403 -0.14290 0.78968 0.12920 0.58950 -0.11050
1403636886.751666546 -0.89767 0.01403 -0.14226 0.78970 0.12918 0.58946 -0.11053
1403636887.051666498 -0.90644 0.01590 -0.13741 0.78970 0.12917 0.58946 -0.11058
1403636887.251666546 -0.91516 0.01613 -0.13325 0.78971 0.12912 0.58944 -0.11064
1403636887.351666451 -0.95941 0.01954 -0.13456 0.78967 0.12905 0.58952 -0.11060
1403636887.451666594 -0.99440 0.02135 -0.13399 0.78969 0.12903 0.58950 -0.11057
1403636887.551666498 -1.02779 0.02302 -0.13360 0.78972 0.12908 0.58946 -0.11056
1403636887.651666403 -1.06058 0.02482 -0.13312 0.78969 0.12907 0.58952 -0.11048
1403636887.851666451 -1.07378 0.02698 -0.12791 0.78968 0.12910 0.58953 -0.11043
1403636887.951666594 -1.10503 0.02879 -0.12692 0.78973 0.12905 0.58946 -0.11047
1403636888.251666546 -1.08793 0.02965 -0.11495 0.78977 0.12896 0.58939 -0.11067
1403636888.351666451 -1.11600 0.03139 -0.11275 0.78973 0.12893 0.58944 -0.11071
1403636888.451666594 -1.14471 0.03326 -0.11072 0.78977 0.12888 0.58941 -0.11071
1403636888.651666403 -1.14669 0.03548 -0.10234 0.78968 0.12875 0.58957 -0.11063
1403636888.751666546 -1.16327 0.03680 -0.09921 0.78949 0.12886 0.58981 -0.11059
1403636888.851666451 -1.19021 0.03945 -0.09755 0.78964 0.12874 0.58964 -0.11052
1403636889.051666498 -1.19750 0.04239 -0.09078 0.78957 0.12861 0.58975 -0.11064
1403636889.151666403 -1.22331 0.04507 -0.08899 0.78963 0.12845 0.58970 -0.11064
1403636889.251666546 -1.24880 0.04711 -0.08774 0.78975 0.12818 0.58959 -0.11065
1403636889.351666451 -1.27494 0.04877 -0.08680 0.78966 0.12828 0.58969 -0.11068
1403636889.551666498 -1.26684 0.04766 -0.08066 0.78965 0.12842 0.58969 -0.11063
1403636889.751666546 -1.25387 0.04752 -0.07452 0.78951 0.12840 0.58992 -0.11038
1403636889.851666451 -1.27625 0.04809 -0.07334 0.78954 0.12843 0.58988 -0.11035
1403636890.051666498 -1.26006 0.04663 -0.06703 0.78976 0.12823 0.58965 -0.11023
1403636890.151666403 -1.28059 0.04771 -0.06577 0.78940 0.12809 0.59015 -0.11031
1403636890.251666546 -1.30086 0.05033 -0.06444 0.78933 0.12886 0.59000 -0.11067
1403636890.451666594 -1.27983 0.05040 -0.05836 0.78957 0.12776 0.59003 -0.11010
1403636890.551666498 -1.29792 0.05091 -0.05773 0.78914 0.12822 0.59044 -0.11048
1403636890.751666546 -1.27276 0.04989 -0.05128 0.78973 0.12838 0.58962 -0.11041
1403636890.851666451 -1.28737 0.05102 -0.04940 0.78943 0.12805 0.59013 -0.11021
1403636890.951666594 -1.30389 0.05279 -0.04832 0.78943 0.12839 0.59003 -0.11040
1403636891.151666403 -1.27323 0.05083 -0.04235 0.78941 0.12843 0.59000 -0.11062
1403636891.251666546 -1.28778 0.05142 -0.04201 0.78942 0.12844 0.58998 -0.11068
1403636891.351666451 -1.28929 0.05141 -0.03879 0.78941 0.12845 0.58998 -0.11071
1403636891.551666498 -1.26433 0.04730 -0.03571 0.78940 0.12845 0.58999 -0.11078
1403636891.651666403 -1.27594 0.04668 -0.03511 0.78943 0.12837 0.58995 -0.11083
1403636891.851666451 -1.24615 0.04331 -0.02848 0.78939 0.12848 0.58999 -0.11078
1403636891.951666594 -1.24220 0.04124 -0.02882 0.78940 0.12842 0.58997 -0.11083
1403636892.151666403 -1.19584 0.03693 -0.02285 0.78941 0.12831 0.58997 -0.11093
1403636892.251666546 -1.20860 0.03737 -0.02160 0.78943 0.12834 0.58996 -0.11082
1403636892.351666451 -1.21094 0.03306 -0.02137 0.78942 0.12828 0.59000 -0.11072
1403636892.451666594 -1.19944 0.03340 -0.02203 0.78933 0.12826 0.59016 -0.11056
1403636892.551666498 -1.19966 0.03225 -0.02155 0.78944 0.12822 0.59001 -0.11061
1403636892.751666546 -1.12932 0.02747 -0.01803 0.78944 0.12822 0.59000 -0.11065
1403636892.851666451 -1.13876 0.02579 -0.01316 0.78947 0.12827 0.58995 -0.11067
1403636892.951666594 -1.12305 0.02255 -0.01469 0.78947 0.12831 0.58994 -0.11066
1403636893.151666403 -1.07071 0.01891 -0.00447 0.78940 0.12824 0.59004 -0.11069
1403636893.251666546 -1.06875 0.01717 -0.00324 0.78943 0.12828 0.58999 -0.11068
1403636893.451666594 -1.00278 0.01055 0.00528 0.78943 0.12820 0.59000 -0.11073
1403636893.551666498 -0.99773 0.00856 0.00684 0.78947 0.12823 0.58995 -0.11067
1403636893.651666403 -0.98249 0.00502 0.00915 0.78942 0.12831 0.59001 -0.11067
1403636893.851666451 -0.93428 0.00039 0.01730 0.78950 0.12830 0.58989 -0.11071
1403636893.951666594 -0.91580 -0.00282 0.01726 0.78953 0.12821 0.58984 -0.11087
1403636894.151666403 -0.83739 -0.01131 0.02484 0.78956 0.12809 0.58982 -0.11092
1403636894.251666546 -0.83686 -0.01428 0.02662 0.78955 0.12801 0.58984 -0.11093
1403636894.351666451 -0.82618 -0.01745 0.02908 0.78953 0.12803 0.58987 -0.11089
1403636894.551666498 -0.72820 -0.02654 0.03361 0.78950 0.12803 0.58993 -0.11083
1403636894.651666403 -0.71061 -0.02953 0.03505 0.78952 0.12803 0.58990 -0.11085
1403636894.851666451 -0.61570 -0.04672 0.03588 0.78952 0.12797 0.58992 -0.11081
1403636894.951666594 -0.60373 -0.03874 0.04637 0.78953 0.12784 0.58995 -0.11075
1403636895.051666498 -0.57357 -0.04869 0.03953 0.78957 0.12793 0.58986 -0.11077
1403636895.251666546 -0.46392 -0.05360 0.05551 0.78952 0.12799 0.58996 -0.11056
1403636895.351666451 -0.44072 -0.04797 0.05659 0.78953 0.12797 0.58995 -0.11055
1403636895.551666498 -0.32257 -0.06537 0.07041 0.78953 0.12790 0.58997 -0.11055
1403636895.651666403 -0.29534 -0.07241 0.07176 0.78950 0.12804 0.58998 -0.11054
1403636895.851666451 -0.17763 -0.07678 0.08868 0.78942 0.12804 0.59008 -0.11060
1403636895.951666594 -0.12710 -0.08030 0.09099 0.78942 0.12820 0.59005 -0.11057
1403636896.051666498 -0.09372 -0.08606 0.09711 0.78967 0.12820 0.58972 -0.11053
1403636896.251666546 0.03906 -0.09793 0.10923 0.79069 0.12823 0.58831 -0.11075
1403636896.351666451 0.08773 -0.10477 0.11087 0.79036 0.12837 0.58874 -0.11064
1403636896.551666498 0.22749 -0.13191 0.11636 0.78996 0.12865 0.58920 -0.11067
1403636896.751666546 0.37763 -0.15081 0.11637 0.79055 0.12885 0.58829 -0.11112
1403636896.851666451 0.43423 -0.16022 0.11504 0.79022 0.12890 0.58868 -0.11129
1403636897.051666498 0.58517 -0.17938 0.11513 0.78965 0.12991 0.58921 -0.11140
1403636897.151666403 0.64776 -0.18678 0.11373 0.78904 0.13337 0.58896 -0.11296
1403636897.251666546 0.71008 -0.18936 0.11033 0.78979 0.13412 0.58763 -0.11372
1403636897.451666594 0.84117 -0.23435 0.09785 0.79613 0.12897 0.58194 -0.10433
1403636897.551666498 0.86167 -0.29354 0.08465 0.80175 0.12765 0.57580 -0.09672
1403636897.651666403 0.87093 -0.34373 0.06229 0.81092 0.12928 0.56417 -0.08608
1403636897.751666546 0.84449 -0.39163 0.04888 0.82026 0.13389 0.55095 -0.07552
1403636897.851666451 0.79796 -0.44491 0.05059 0.82648 0.13794 0.54128 -0.07017
1403636897.951666594 0.66371 -0.43833 0.06096 0.82620 0.14019 0.54129 -0.06882
1403636898.051666498 0.45613 -0.33255 0.07954 0.81869 0.14032 0.55232 -0.07070
1403636898.151666403 0.40562 -0.31290 0.08413 0.81400 0.14156 0.55826 -0.07550
1403636898.251666546 0.25734 -0.25768 0.10178 0.81175 0.14416 0.56047 -0.07850
1403636898.351666451 0.24251 -0.25494 0.11328 0.81123 0.14746 0.56000 -0.08101
1403636898.451666594 0.23273 -0.24980 0.12772 0.81098 0.15057 0.55904 -0.08440
1403636898.651666403 0.23251 -0.24343 0.16432 0.81076 0.15584 0.55732 -0.08816
1403636898.751666546 0.22991 -0.23635 0.17997 0.81117 0.15760 0.55601 -0.08952
1403636898.951666594 0.25233 -0.22472 0.21211 0.81260 0.15573 0.55312 -0.09743
1403636899.051666498 0.26979 -0.21370 0.21951 0.81346 0.14938 0.55282 -0.10174
1403636899.251666546 0.29696 -0.21095 0.24467 0.80924 0.12646 0.56681 -0.08872
1403636899.451666594 0.33295 -0.21839 0.26408 0.80512 0.08753 0.58350 -0.06040
1403636899.551666498 0.34769 -0.22133 0.27115 0.81117 0.06723 0.57846 -0.05367
1403636899.651666403 0.36186 -0.22796 0.27664 0.81627 0.05270 0.57318 -0.04882
1403636899.751666546 0.37426 -0.23898 0.28209 0.81958 0.04380 0.56967 -0.04300
1403636899.951666594 0.41693 -0.26847 0.28619 0.81917 0.04167 0.57143 -0.02634
1403636900.051666498 0.44102 -0.28346 0.28442 0.81472 0.04237 0.57789 -0.02193
1403636900.251666546 0.47401 -0.31914 0.29600 0.80812 0.04516 0.58697 -0.01929
1403636900.351666451 0.48939 -0.33401 0.31502 0.81116 0.04698 0.58257 -0.02041
1403636900.451666594 0.49595 -0.35188 0.33676 0.81603 0.04980 0.57545 -0.02186
1403636900.651666403 0.51709 -0.38642 0.38019 0.82137 0.05490 0.56716 -0.02567
1403636900.851666451 0.55213 -0.42234 0.39851 0.82736 0.05463 0.55799 -0.03369
1403636901.051666498 0.60030 -0.46614 0.40387 0.82299 0.04825 0.56407 -0.04674
1403636901.151666403 0.62691 -0.49005 0.40076 0.82184 0.04646 0.56563 -0.04982
1403636901.351666451 0.68262 -0.55852 0.40253 0.82027 0.05009 0.56801 -0.04487
1403636901.551666498 0.75851 -0.63180 0.41850 0.81923 0.05625 0.56963 -0.03498
1403636901.751666546 0.82903 -0.70816 0.42456 0.81648 0.05648 0.57355 -0.03473
1403636902.051666498 0.93744 -0.83258 0.39319 0.81603 0.05996 0.57395 -0.03295
1403636902.251666546 1.00998 -0.91369 0.38669 0.81577 0.06059 0.57419 -0.03385
1403636902.451666594 1.07630 -0.99499 0.36959 0.81720 0.05655 0.57254 -0.03448
1403636902.651666403 1.13867 -1.07807 0.32163 0.81704 0.05857 0.57315 -0.02261
1403636902.851666451 1.19212 -1.15028 0.30026 0.81498 0.05633 0.57637 -0.02106
1403636903.051666498 1.26567 -1.21942 0.28493 0.81383 0.05787 0.57766 -0.02540
1403636903.151666403 1.28608 -1.25502 0.30464 0.81485 0.05938 0.57596 -0.02772
1403636903.351666451 1.33923 -1.32318 0.34719 0.81732 0.06377 0.57192 -0.02883
1403636903.551666498 1.38841 -1.38531 0.37752 0.81776 0.06803 0.57088 -0.02723
1403636903.751666546 1.43799 -1.44280 0.38061 0.82296 0.06575 0.56334 -0.03263
1403636903.951666594 1.49686 -1.49942 0.39016 0.82349 0.05958 0.56258 -0.04260
1403636904.151666403 1.56794 -1.56015 0.42880 0.82084 0.05605 0.56642 -0.04740
1403636904.351666451 1.63999 -1.63109 0.48360 0.81878 0.05389 0.56956 -0.04792
1403636904.451666594 1.67831 -1.66901 0.50396 0.81792 0.05522 0.57099 -0.04393
1403636904.651666403 1.74932 -1.75496 0.53211 0.81792 0.05683 0.57133 -0.03673
1403636904.851666451 1.82234 -1.84639 0.55212 0.81787 0.05810 0.57172 -0.02910
1403636905.051666498 1.89373 -1.93306 0.55760 0.81808 0.05783 0.57172 -0.02312
1403636905.251666546 1.97511 -2.00790 0.55766 0.81771 0.05736 0.57252 -0.01675
1403636905.451666594 2.03459 -2.08261 0.59420 0.82125 0.05874 0.56740 -0.01280
1403636905.551666498 2.06984 -2.11052 0.61148 0.82142 0.06540 0.56640 -0.01333
1403636905.751666546 2.14554 -2.15845 0.63118 0.82146 0.07161 0.56535 -0.02110
1403636905.951666594 2.22054 -2.19923 0.62393 0.82365 0.07338 0.56162 -0.02835
1403636906.151666403 2.30113 -2.23225 0.60078 0.82688 0.07825 0.55619 -0.02820
1403636906.351666451 2.39519 -2.25097 0.59741 0.81822 0.07643 0.56874 -0.03472
1403636906.451666594 2.44295 -2.25551 0.60527 0.81617 0.07012 0.57187 -0.04387
1403636906.651666403 2.53408 -2.27244 0.62236 0.82003 0.06255 0.56637 -0.05342
1403636906.851666451 2.62570 -2.30209 0.61673 0.81896 0.07283 0.56787 -0.03912
1403636907.051666498 2.71807 -2.32943 0.60921 0.81895 0.07977 0.56722 -0.03507
1403636907.151666403 2.76562 -2.34005 0.61239 0.82068 0.08205 0.56444 -0.03418
1403636907.351666451 2.86224 -2.35760 0.60483 0.82629 0.08169 0.55592 -0.03906
1403636907.551666498 2.96947 -2.37164 0.60683 0.82808 0.07434 0.55322 -0.05199
1403636907.751666546 3.09288 -2.39361 0.64340 0.82728 0.07161 0.55429 -0.05703
1403636907.851666451 3.16174 -2.40912 0.66546 0.82686 0.07006 0.55489 -0.05903
1403636908.051666498 3.31100 -2.44811 0.67338 0.82030 0.07939 0.56426 -0.04917
1403636908.151666403 3.38854 -2.46884 0.67099 0.81757 0.08324 0.56782 -0.04729
1403636908.351666451 3.53094 -2.51081 0.67460 0.81564 0.08928 0.56967 -0.04723
1403636908.451666594 3.60266 -2.53089 0.67032 0.81636 0.09088 0.56824 -0.04904
1403636908.551666498 3.67469 -2.55051 0.66245 0.81700 0.09255 0.56691 -0.05054
1403636908.751666546 3.81382 -2.59048 0.65737 0.81998 0.09566 0.56183 -0.05317
1403636908.951666594 3.95531 -2.62522 0.68767 0.82471 0.09506 0.55455 -0.05728
1403636909.051666498 4.03075 -2.64015 0.71139 0.82482 0.09376 0.55438 -0.05951
1403636909.251666546 4.18911 -2.67402 0.74535 0.82592 0.09165 0.55293 -0.06104
1403636909.351666451 4.27355 -2.69160 0.75396 0.82540 0.09076 0.55391 -0.06055
1403636909.451666594 4.36040 -2.70954 0.75800 0.82322 0.09129 0.55733 -0.05790
1403636909.551666498 4.44926 -2.72829 0.75629 0.82090 0.09113 0.56092 -0.05648
1403636909.651666403 4.53884 -2.74816 0.74791 0.81975 0.08707 0.56291 -0.05977
1403636909.751666546 4.62714 -2.76944 0.73444 0.81581 0.08554 0.56884 -0.05966
1403636909.851666451 4.71004 -2.79138 0.71502 0.81090 0.09155 0.57586 -0.04950
1403636909.951666594 4.79045 -2.81256 0.68989 0.80674 0.10089 0.58115 -0.03540
1403636910.151666403 4.94192 -2.84499 0.63529 0.80502 0.10118 0.58344 -0.03605
1403636910.251666546 5.01724 -2.85434 0.61578 0.81040 0.09711 0.57617 -0.04310
1403636910.351666451 5.08847 -2.86174 0.60621 0.81445 0.09463 0.57047 -0.04782
1403636910.451666594 5.15941 -2.86831 0.60410 0.81585 0.09572 0.56822 -0.04861
1403636910.551666498 5.23197 -2.87446 0.60543 0.81625 0.09711 0.56734 -0.04924
1403636910.751666546 5.37049 -2.88512 0.59490 0.81645 0.09811 0.56682 -0.05007
1403636910.851666451 5.43941 -2.88825 0.58135 0.81690 0.09705 0.56618 -0.05190
1403636910.951666594 5.50835 -2.89066 0.56476 0.81581 0.09474 0.56777 -0.05584
1403636911.051666498 5.58055 -2.89411 0.54998 0.80685 0.09178 0.58036 -0.06122
1403636911.151666403 5.64962 -2.89885 0.53897 0.80510 0.09200 0.58271 -0.06160
1403636911.251666546 5.71334 -2.90506 0.53325 0.81081 0.09421 0.57474 -0.05815
1403636911.351666451 5.77208 -2.91192 0.53496 0.81439 0.09689 0.56969 -0.05330
1403636911.451666594 5.82487 -2.91772 0.54688 0.81446 0.09753 0.56963 -0.05166
1403636911.551666498 5.87652 -2.92249 0.56171 0.81511 0.09789 0.56872 -0.05066
1403636911.651666403 5.92833 -2.92645 0.57318 0.81523 0.09785 0.56863 -0.04993
1403636911.751666546 5.98071 -2.93067 0.58022 0.81538 0.09633 0.56854 -0.05127
1403636911.851666451 6.03514 -2.93457 0.58175 0.81625 0.09138 0.56751 -0.05749
1403636911.951666594 6.09097 -2.93873 0.57629 0.81963 0.08473 0.56285 -0.06502
1403636912.051666498 6.14949 -2.94515 0.56650 0.82001 0.08575 0.56251 -0.06168
1403636912.151666403 6.20963 -2.95290 0.55340 0.81933 0.08596 0.56360 -0.06055
1403636912.351666451 6.32948 -2.97353 0.54992 0.81684 0.08911 0.56738 -0.05396
1403636912.451666594 6.39094 -2.98416 0.55338 0.81705 0.08702 0.56722 -0.05586
1403636912.551666498 6.45250 -2.99674 0.55231 0.81731 0.08374 0.56704 -0.05883
1403636912.651666403 6.51480 -3.01182 0.54513 0.81739 0.08035 0.56707 -0.06203
1403636912.751666546 6.57621 -3.02921 0.53238 0.81786 0.07566 0.56642 -0.06742
1403636912.951666594 6.69492 -3.07680 0.49503 0.81499 0.07791 0.57075 -0.06292
1403636913.051666498 6.75457 -3.10447 0.47025 0.81143 0.08182 0.57587 -0.05717
1403636913.151666403 6.81172 -3.13356 0.44681 0.80878 0.08476 0.57951 -0.05341
1403636913.251666546 6.86606 -3.16258 0.43009 0.80758 0.08610 0.58114 -0.05185
1403636913.451666594 6.97243 -3.22395 0.42046 0.81337 0.08205 0.57292 -0.05881
1403636913.551666498 7.02652 -3.25658 0.42125 0.81448 0.08181 0.57147 -0.05789
1403636913.751666546 7.13000 -3.32637 0.40674 0.81466 0.08472 0.57137 -0.05176
1403636913.851666451 7.18255 -3.36227 0.39697 0.81438 0.08548 0.57178 -0.05046
1403636913.951666594 7.23471 -3.39806 0.39412 0.81352 0.08643 0.57288 -0.05021
1403636914.151666403 7.33290 -3.47369 0.40658 0.81361 0.08372 0.57272 -0.05496
1403636914.251666546 7.38026 -3.51036 0.40972 0.81367 0.08302 0.57276 -0.05473
1403636914.451666594 7.46752 -3.58548 0.40416 0.81345 0.08711 0.57302 -0.04850
1403636914.551666498 7.51115 -3.62211 0.40714 0.81340 0.08819 0.57312 -0.04627
1403636914.651666403 7.55513 -3.65743 0.41841 0.81224 0.08857 0.57479 -0.04529
1403636914.851666451 7.63379 -3.72637 0.45024 0.81156 0.08784 0.57597 -0.04382
1403636914.951666594 7.67058 -3.75845 0.45841 0.81335 0.08727 0.57362 -0.04259
1403636915.051666498 7.70668 -3.78926 0.46012 0.81543 0.08663 0.57081 -0.04186
1403636915.251666546 7.77831 -3.85042 0.44930 0.82082 0.08600 0.56328 -0.03975
1403636915.451666594 7.85775 -3.90612 0.42377 0.82693 0.08644 0.55429 -0.03847
1403636915.551666498 7.90384 -3.92943 0.41730 0.82214 0.08141 0.56154 -0.04617
1403636915.651666403 7.95377 -3.95166 0.41800 0.81774 0.07558 0.56789 -0.05553
1403636915.851666451 8.04822 -4.00409 0.44108 0.81394 0.07292 0.57312 -0.06105
1403636915.951666594 8.09621 -4.03596 0.46252 0.81348 0.07493 0.57370 -0.05916
1403636916.051666498 8.14391 -4.07123 0.48074 0.81260 0.08107 0.57490 -0.05101
1403636916.251666546 8.23134 -4.14274 0.50084 0.81240 0.08803 0.57479 -0.04326
1403636916.351666451 8.27251 -4.17555 0.51362 0.81273 0.08780 0.57423 -0.04493
1403636916.551666498 8.35274 -4.24183 0.54191 0.81335 0.07989 0.57543 -0.03084
1403636916.651666403 8.39439 -4.27295 0.54833 0.81426 0.06888 0.57600 -0.02135
1403636916.751666546 8.43588 -4.30128 0.54956 0.81436 0.05950 0.57712 -0.01454
1403636916.951666594 8.51023 -4.34475 0.53583 0.81442 0.04734 0.57832 -0.00508
1403636917.051666498 8.54551 -4.36012 0.52229 0.81476 0.04292 0.57819 -0.00409
1403636917.151666403 8.57925 -4.37316 0.50445 0.81518 0.03832 0.57790 -0.00594
1403636917.351666451 8.64086 -4.40383 0.45495 0.81449 0.01960 0.57982 0.00494
1403636917.451666594 8.67153 -4.42008 0.42293 0.81345 0.00275 0.58136 0.01782
1403636917.551666498 8.70139 -4.43452 0.38908 0.81327 -0.01191 0.58106 0.02863
1403636917.651666403 8.73012 -4.44652 0.36206 0.81206 -0.02414 0.58201 0.03522
1403636917.751666546 8.75721 -4.45634 0.34230 0.81112 -0.03335 0.58251 0.04069
1403636917.851666451 8.78166 -4.46475 0.33098 0.81027 -0.03976 0.58280 0.04725
1403636918.051666498 8.81893 -4.47609 0.32313 0.81061 -0.04724 0.58109 0.05491
1403636918.251666546 8.84681 -4.48011 0.30176 0.81305 -0.04551 0.57715 0.06137
1403636918.351666451 8.85891 -4.47759 0.29591 0.81553 -0.04385 0.57362 0.06290
1403636918.551666498 8.88266 -4.46243 0.30539 0.82665 -0.04269 0.55777 0.06097
1403636918.651666403 8.90105 -4.44917 0.32466 0.82689 -0.04046 0.55767 0.06013
1403636918.751666546 8.92228 -4.43329 0.35231 0.82459 -0.04233 0.56165 0.05305
1403636918.951666594 8.97000 -4.40496 0.42356 0.81361 -0.06077 0.57751 0.02881
1403636919.051666498 8.99649 -4.39633 0.46307 0.80963 -0.07091 0.58206 0.02589
1403636919.251666546 9.04327 -4.39802 0.55089 0.80663 -0.08079 0.58471 0.03046
1403636919.351666451 9.06151 -4.40677 0.59281 0.80532 -0.08400 0.58580 0.03528
1403636919.451666594 9.07613 -4.42067 0.62787 0.80516 -0.08394 0.58539 0.04470
1403636919.651666403 9.09364 -4.45792 0.67733 0.80428 -0.07631 0.58554 0.06676
1403636919.751666546 9.10006 -4.47621 0.69096 0.80421 -0.07573 0.58541 0.06933
1403636919.951666594 9.10523 -4.51373 0.70355 0.80229 -0.07900 0.58815 0.06457
1403636920.151666403 9.09479 -4.55591 0.69571 0.79994 -0.08432 0.59181 0.05234
1403636920.251666546 9.08208 -4.57915 0.68209 0.79980 -0.08389 0.59223 0.05040
1403636920.451666594 9.04013 -4.62870 0.64630 0.80216 -0.07039 0.58920 0.06655
1403636920.551666498 9.01597 -4.65108 0.63398 0.80545 -0.06796 0.58469 0.06909
1403636920.651666403 8.98905 -4.67233 0.62953 0.80980 -0.06786 0.57871 0.06864
1403636920.751666546 8.96162 -4.69106 0.63348 0.81402 -0.06815 0.57274 0.06852
1403636920.951666594 8.90860 -4.71960 0.66546 0.81862 -0.07030 0.56600 0.06759
1403636921.051666498 8.88719 -4.72960 0.68421 0.81887 -0.07088 0.56555 0.06764
1403636921.251666546 8.84873 -4.74842 0.70610 0.81416 -0.07111 0.57218 0.06849
1403636921.351666451 8.83074 -4.75556 0.70947 0.80866 -0.07200 0.57995 0.06741
1403636921.551666498 8.78400 -4.76822 0.69920 0.80616 -0.08088 0.58353 0.05527
1403636921.651666403 8.75715 -4.77522 0.68448 0.81173 -0.08508 0.57560 0.05044
1403636921.851666451 8.70770 -4.79837 0.64283 0.82739 -0.08422 0.55250 0.05537
1403636921.951666594 8.69231 -4.81234 0.62203 0.82417 -0.08271 0.55704 0.06016
1403636922.051666498 8.68032 -4.82784 0.60067 0.81748 -0.08145 0.56609 0.06806
1403636922.151666403 8.66876 -4.84324 0.58030 0.81234 -0.08339 0.57246 0.07377
1403636922.351666451 8.64284 -4.87138 0.55889 0.81694 -0.09000 0.56368 0.08232
1403636922.451666594 8.63208 -4.88182 0.55183 0.82059 -0.09423 0.55719 0.08538
1403636922.651666403 8.61914 -4.90201 0.52584 0.81960 -0.11149 0.55358 0.09680
1403636922.751666546 8.62055 -4.91004 0.51033 0.81047 -0.11662 0.56450 0.10432
1403636922.851666451 8.62304 -4.91588 0.49609 0.80232 -0.12613 0.57444 0.10194
1403636922.951666594 8.62283 -4.92019 0.48837 0.79642 -0.13433 0.58152 0.09749
1403636923.151666403 8.60810 -4.93328 0.48266 0.79364 -0.14754 0.58198 0.09834
1403636923.251666546 8.59498 -4.94264 0.47216 0.79618 -0.15499 0.57490 0.10749
1403636923.351666451 8.57862 -4.95325 0.45553 0.80087 -0.16015 0.56465 0.11889
1403636923.451666594 8.56067 -4.96386 0.43389 0.80644 -0.16581 0.55362 0.12519
1403636923.651666403 8.53148 -4.98784 0.39394 0.81695 -0.17465 0.53438 0.12861
1403636923.751666546 8.52995 -5.00078 0.38950 0.81820 -0.17556 0.53166 0.13065
1403636923.951666594 8.54943 -5.02849 0.39833 0.81836 -0.17420 0.53106 0.13387
1403636924.051666498 8.56895 -5.04303 0.39565 0.81841 -0.17287 0.53131 0.13428
1403636924.251666546 8.62128 -5.07651 0.37691 0.81725 -0.16900 0.53399 0.13562
1403636924.351666451 8.65595 -5.09125 0.36891 0.81555 -0.17024 0.53709 0.13206
1403636924.551666498 8.73565 -5.12511 0.37721 0.80503 -0.17753 0.55369 0.11763
1403636924.651666403 8.78027 -5.14589 0.38773 0.79948 -0.18126 0.56205 0.10988
1403636924.751666546 8.82243 -5.16981 0.39440 0.79473 -0.18252 0.56933 0.10462
1403636924.951666594 8.89276 -5.23182 0.38694 0.78696 -0.18610 0.57929 0.10237
1403636925.051666498 8.92029 -5.26909 0.37026 0.78740 -0.19058 0.57559 0.11128
1403636925.151666403 8.94293 -5.30947 0.34696 0.79002 -0.18964 0.56932 0.12560
1403636925.251666546 8.96290 -5.35062 0.31872 0.79484 -0.18730 0.56011 0.13937
1403636925.351666451 8.98365 -5.39186 0.28521 0.80243 -0.18808 0.54706 0.14647
1403636925.551666498 9.03393 -5.47490 0.22034 0.81476 -0.19351 0.52569 0.14955
1403636925.651666403 9.06964 -5.51389 0.19919 0.81898 -0.19675 0.51825 0.14822
1403636925.751666546 9.11496 -5.55436 0.18796 0.82103 -0.19695 0.51442 0.14998
1403636925.951666594 9.23107 -5.64073 0.19230 0.81008 -0.19313 0.53138 0.15526
1403636926.051666498 9.29908 -5.68323 0.19842 0.79801 -0.19071 0.54960 0.15735
1403636926.151666403 9.36648 -5.72228 0.19873 0.78813 -0.19209 0.56429 0.15339
1403636926.251666546 9.43019 -5.75839 0.19201 0.78210 -0.19525 0.57339 0.14634
1403636926.451666594 9.54055 -5.82942 0.15931 0.77766 -0.19937 0.58093 0.13422
1403636926.551666498 9.58709 -5.86413 0.13756 0.77992 -0.19817 0.57860 0.13295
1403636926.651666403 9.62797 -5.89904 0.12173 0.78332 -0.19392 0.57459 0.13657
1403636926.751666546 9.66387 -5.93280 0.11410 0.78747 -0.19363 0.56874 0.13757
1403636926.851666451 9.69689 -5.96676 0.11446 0.78972 -0.20208 0.56282 0.13685
1403636927.051666498 9.75676 -6.04743 0.12036 0.78422 -0.23101 0.55703 0.14611
1403636927.151666403 9.78471 -6.09254 0.11511 0.77905 -0.24767 0.55395 0.15776
1403636927.251666546 9.80920 -6.13968 0.10365 0.77269 -0.26579 0.55006 0.17245
1403636927.351666451 9.83169 -6.18919 0.08531 0.76865 -0.28080 0.54315 0.18795
1403636927.451666594 9.85270 -6.23973 0.06239 0.77228 -0.29108 0.52823 0.19958
1403636927.551666498 9.87461 -6.28953 0.03847 0.77770 -0.29996 0.51286 0.20537
1403636927.651666403 9.89684 -6.33140 0.01850 0.78045 -0.30610 0.50312 0.20995
1403636927.751666546 9.93519 -6.39763 0.00440 0.78116 -0.31022 0.49839 0.21252
1403636927.851666451 9.96829 -6.45575 0.00701 0.77986 -0.31284 0.49855 0.21306
1403636927.951666594 10.01150 -6.51457 0.00997 0.77809 -0.31339 0.50055 0.21404
1403636928.151666403 10.10381 -6.65330 -0.00737 0.77146 -0.30975 0.51139 0.21769
1403636928.251666546 10.15616 -6.72555 -0.01749 0.76318 -0.30782 0.52469 0.21795
1403636928.351666451 10.20701 -6.79608 -0.03196 0.75611 -0.30593 0.53604 0.21765
1403636928.451666594 10.25592 -6.86508 -0.05166 0.75276 -0.30361 0.54180 0.21824
1403636928.551666498 10.30141 -6.93219 -0.06944 0.75278 -0.30065 0.54239 0.22081
1403636928.651666403 10.34507 -6.99672 -0.08176 0.75737 -0.29940 0.53654 0.22106
1403636928.851666451 10.43223 -7.11893 -0.08486 0.76822 -0.29939 0.52162 0.21933
1403636928.951666594 10.47955 -7.18044 -0.07338 0.76740 -0.29756 0.52302 0.22139
1403636929.151666403 10.57383 -7.29524 -0.02322 0.75088 -0.30191 0.54713 0.21370
1403636929.251666546 10.61665 -7.35144 0.00623 0.74909 -0.30539 0.54991 0.20785
1403636929.351666451 10.65560 -7.40769 0.03121 0.74911 -0.30801 0.55043 0.20248
1403636929.451666594 10.68932 -7.46554 0.05000 0.75050 -0.30623 0.54927 0.20319
1403636929.551666498 10.71777 -7.52314 0.06199 0.75420 -0.30087 0.54489 0.20918
1403636929.651666403 10.74258 -7.57860 0.06723 0.75722 -0.29485 0.54123 0.21622
1403636929.751666546 10.76502 -7.63069 0.06662 0.75837 -0.29086 0.54003 0.22057
1403636929.851666451 10.78701 -7.68009 0.06083 0.75883 -0.29007 0.53957 0.22113
1403636929.951666594 10.80962 -7.72773 0.05524 0.75770 -0.29115 0.54174 0.21825
1403636930.051666498 10.83200 -7.77404 0.05660 0.75618 -0.29387 0.54410 0.21398
1403636930.151666403 10.85260 -7.81938 0.06674 0.75636 -0.29661 0.54375 0.21040
1403636930.251666546 10.87105 -7.86334 0.08301 0.75725 -0.29802 0.54271 0.20788
1403636930.351666451 10.88639 -7.90693 0.10483 0.75802 -0.29915 0.54146 0.20672
1403636930.451666594 10.89859 -7.95107 0.12821 0.75884 -0.29536 0.54009 0.21268
1403636930.551666498 10.90851 -7.99357 0.14576 0.75856 -0.29254 0.54037 0.21683
1403636930.651666403 10.91691 -8.03447 0.15638 0.75784 -0.29292 0.54156 0.21586
1403636930.751666546 10.92324 -8.07351 0.16171 0.75648 -0.29702 0.54381 0.20926
1403636930.851666451 10.92796 -8.11473 0.16314 0.75454 -0.30133 0.54659 0.20277
1403636930.951666594 10.92950 -8.15974 0.16090 0.75124 -0.30909 0.54860 0.19784
1403636931.051666498 10.92515 -8.20685 0.15361 0.74679 -0.31981 0.54849 0.19795
1403636931.151666403 10.91467 -8.25562 0.14884 0.74199 -0.32195 0.54877 0.21131
1403636931.251666546 10.89765 -8.30356 0.14849 0.73823 -0.32015 0.54858 0.22710
1403636931.351666451 10.87595 -8.34876 0.15485 0.73498 -0.31887 0.54901 0.23814
1403636931.451666594 10.84910 -8.38985 0.16533 0.73565 -0.31702 0.54489 0.24780
1403636931.551666498 10.81922 -8.42550 0.18016 0.73823 -0.31255 0.53872 0.25908
1403636931.651666403 10.78944 -8.45422 0.19514 0.74031 -0.30806 0.53387 0.26838
1403636931.751666546 10.76103 -8.47475 0.20514 0.74074 -0.31191 0.53286 0.26471
1403636931.851666451 10.73226 -8.48939 0.20883 0.74226 -0.32049 0.53092 0.25389
1403636931.951666594 10.70187 -8.50092 0.20766 0.74425 -0.32600 0.52801 0.24703
1403636932.051666498 10.67060 -8.50916 0.20316 0.74262 -0.32789 0.52992 0.24532
1403636932.251666546 10.60387 -8.51108 0.18448 0.73698 -0.32518 0.53623 0.25214
1403636932.351666451 10.56904 -8.50699 0.18076 0.73611 -0.31965 0.53545 0.26315
1403636932.451666594 10.53419 -8.49678 0.18453 0.73511 -0.31771 0.53426 0.27062
1403636932.551666498 10.49747 -8.47866 0.19531 0.73308 -0.32487 0.53120 0.27365
1403636932.651666403 10.46068 -8.45339 0.21439 0.72812 -0.33982 0.52771 0.27549
1403636932.751666546 10.42713 -8.42433 0.24050 0.72163 -0.35355 0.52588 0.27876
1403636932.851666451 10.39322 -8.38997 0.27296 0.71674 -0.36426 0.52292 0.28310
1403636932.951666594 10.35864 -8.35114 0.30220 0.71506 -0.37302 0.51744 0.28602
1403636933.051666498 10.32355 -8.30922 0.31757 0.71277 -0.38191 0.51178 0.29015
1403636933.151666403 10.28810 -8.26428 0.31952 0.70995 -0.39074 0.50673 0.29413
1403636933.251666546 10.25294 -8.21697 0.31230 0.71531 -0.40175 0.49262 0.29026
1403636933.351666451 10.21957 -8.16971 0.30032 0.72241 -0.41112 0.47795 0.28403
1403636933.451666594 10.19046 -8.12748 0.28693 0.72250 -0.41436 0.47592 0.28250
1403636933.551666498 10.16419 -8.08887 0.27141 0.71879 -0.41230 0.48121 0.28598
1403636933.651666403 10.13935 -8.05236 0.25953 0.71464 -0.40890 0.48833 0.28918
1403636933.751666546 10.11617 -8.01802 0.25398 0.71133 -0.40462 0.49458 0.29270
1403636933.851666451 10.09806 -7.99384 0.25681 0.70781 -0.40232 0.50130 0.29299
1403636933.951666594 10.07285 -7.94901 0.26365 0.70467 -0.40438 0.50392 0.29321
1403636934.051666498 10.04958 -7.91394 0.27291 0.69949 -0.41281 0.50278 0.29584
1403636934.251666546 9.99198 -7.84062 0.25530 0.68194 -0.44040 0.48957 0.31832
1403636934.351666451 9.96094 -7.80075 0.23424 0.66838 -0.45895 0.48311 0.33052
1403636934.451666594 9.92744 -7.75672 0.21397 0.65280 -0.48251 0.47677 0.33723
1403636934.551666498 9.89139 -7.71355 0.20191 0.63701 -0.50351 0.46893 0.34756
1403636934.651666403 9.85185 -7.67001 0.19923 0.62255 -0.52147 0.45938 0.35981
1403636934.751666546 9.80867 -7.62402 0.20494 0.61616 -0.53477 0.44501 0.36923
1403636934.851666451 9.76288 -7.57646 0.21762 0.61518 -0.54238 0.43068 0.37669
1403636934.951666594 9.71745 -7.53075 0.23764 0.61466 -0.54759 0.42185 0.37997
1403636935.051666498 9.67322 -7.48814 0.26634 0.61414 -0.54777 0.41878 0.38392
1403636935.151666403 9.63188 -7.45075 0.30374 0.61029 -0.54472 0.42546 0.38704
1403636935.351666451 9.55204 -7.38258 0.37205 0.60623 -0.54183 0.43865 0.38273
1403636935.451666594 9.50957 -7.34558 0.39469 0.60743 -0.54091 0.44112 0.37927
1403636935.551666498 9.46439 -7.30715 0.41023 0.60891 -0.53902 0.44283 0.37760
1403636935.751666546 9.36993 -7.22751 0.41755 0.61303 -0.53712 0.44241 0.37413
1403636935.851666451 9.32154 -7.18908 0.40865 0.61939 -0.53815 0.43521 0.37060
1403636936.051666498 9.22266 -7.12333 0.37159 0.63166 -0.54714 0.41881 0.35531
1403636936.151666403 9.17464 -7.10141 0.34819 0.63397 -0.54743 0.41572 0.35438
1403636936.351666451 9.08169 -7.07976 0.31226 0.62833 -0.54130 0.42281 0.36529
1403636936.451666594 9.03834 -7.07597 0.30518 0.62305 -0.53884 0.42946 0.37017
1403636936.651666403 8.95900 -7.08186 0.30962 0.61681 -0.53748 0.43393 0.37731
1403636936.751666546 8.92184 -7.08795 0.30676 0.61606 -0.53794 0.43300 0.37894
1403636936.951666594 8.84856 -7.10288 0.29542 0.61715 -0.53785 0.42801 0.38295
1403636937.051666498 8.81287 -7.10905 0.29849 0.61812 -0.53710 0.42573 0.38497
1403636937.251666546 8.74591 -7.12005 0.31997 0.61495 -0.54202 0.42790 0.38074
1403636937.451666594 8.67825 -7.12888 0.32570 0.61351 -0.54325 0.42794 0.38125
1403636937.551666498 8.64682 -7.13251 0.31885 0.61283 -0.54318 0.42771 0.38270
1403636937.751666546 8.58552 -7.13986 0.28982 0.61668 -0.53818 0.41958 0.39246
1403636937.851666451 8.56062 -7.14352 0.26738 0.61567 -0.53584 0.41950 0.39731
1403636938.051666498 8.52271 -7.14596 0.21283 0.60807 -0.52651 0.42605 0.41414
1403636938.151666403 8.50761 -7.13913 0.17972 0.60026 -0.52846 0.43101 0.41791
1403636938.351666451 8.48249 -7.10761 0.12382 0.58222 -0.54772 0.44473 0.40402
1403636938.451666594 8.46862 -7.07964 0.10617 0.57438 -0.56344 0.45069 0.38665
1403636938.551666498 8.44885 -7.04834 0.09896 -0.57270 0.57379 -0.44864 -0.37617
1403636938.751666546 8.38193 -6.98063 0.10558 -0.57403 0.57924 -0.44152 -0.37422
1403636938.851666451 8.33483 -6.94456 0.11236 0.57823 -0.57618 0.43459 0.38053
1403636938.951666594 8.28122 -6.90656 0.11829 0.58570 -0.57291 0.42384 0.38612
1403636939.151666403 8.16794 -6.83369 0.11718 0.59123 -0.56753 0.41731 0.39271
1403636939.251666546 8.11178 -6.79998 0.10776 0.59078 -0.56555 0.41956 0.39383
1403636939.451666594 7.99729 -6.73198 0.08100 0.59209 -0.56020 0.42398 0.39477
1403636939.551666498 7.93941 -6.69715 0.07691 0.59118 -0.55517 0.42873 0.39810
1403636939.751666546 7.82309 -6.61917 0.09199 0.58690 -0.54904 0.43841 0.40238
1403636939.851666451 7.76403 -6.57461 0.09773 0.58768 -0.54892 0.43750 0.40239
1403636940.051666498 7.64075 -6.47351 0.08963 0.58199 -0.55960 0.43440 0.39930
1403636940.151666403 7.57696 -6.41849 0.07600 0.57833 -0.56725 0.42967 0.39892
1403636940.251666546 7.51193 -6.36228 0.05817 0.57520 -0.57335 0.42657 0.39806
1403636940.351666451 7.44465 -6.30544 0.03726 -0.57221 0.57622 -0.42433 -0.40062
1403636940.451666594 7.37543 -6.24763 0.01298 -0.56882 0.57928 -0.42349 -0.40191
1403636940.551666498 7.30451 -6.18844 -0.00840 -0.56746 0.58308 -0.42063 -0.40134
1403636940.651666403 7.23160 -6.12806 -0.02359 -0.57080 0.58720 -0.41245 -0.39907
1403636940.751666546 7.15693 -6.06901 -0.03011 -0.57506 0.58937 -0.40421 -0.39820
1403636940.851666451 7.08190 -6.01166 -0.02887 -0.57784 0.59044 -0.39882 -0.39802
1403636940.951666594 7.00821 -5.95660 -0.01990 -0.58064 0.58959 -0.39449 -0.39952
1403636941.051666498 6.93669 -5.90828 -0.00279 -0.57945 0.58754 -0.39683 -0.40194
1403636941.151666403 6.86616 -5.86279 0.01868 -0.57780 0.58527 -0.39968 -0.40480
1403636941.251666546 6.79687 -5.81950 0.04167 -0.57654 0.58311 -0.40300 -0.40642
1403636941.351666451 6.72771 -5.77570 0.06135 -0.57621 0.57933 -0.40639 -0.40891
1403636941.451666594 6.65885 -5.73096 0.07534 0.57701 -0.57597 0.40891 0.41003
1403636941.551666498 6.59095 -5.68553 0.08357 0.57897 -0.57327 0.41016 0.40977
1403636941.651666403 6.52506 -5.64104 0.08733 0.58104 -0.57195 0.41054 0.40831
1403636941.751666546 6.46088 -5.59740 0.08725 0.58322 -0.57075 0.41027 0.40716
1403636941.851666451 6.39850 -5.55389 0.09113 0.58456 -0.57059 0.41092 0.40480
1403636941.951666594 6.33670 -5.50941 0.10165 0.58621 -0.57137 0.41024 0.40199
1403636942.151666403 6.21289 -5.42042 0.13696 0.58360 -0.57383 0.41488 0.39750
1403636942.251666546 6.15125 -5.37608 0.15149 0.58176 -0.57497 0.41665 0.39669
1403636942.351666451 6.08847 -5.33177 0.16041 0.57881 -0.57672 0.41919 0.39580
1403636942.451666594 6.02415 -5.28773 0.16260 -0.57606 0.57987 -0.42094 -0.39333
1403636942.551666498 5.95758 -5.24411 0.15871 -0.57524 0.58375 -0.41963 -0.39018
1403636942.651666403 5.88866 -5.20182 0.14963 -0.57632 0.58644 -0.41568 -0.38879
1403636942.851666451 5.74518 -5.12267 0.12638 -0.57953 0.58563 -0.40741 -0.39396
1403636942.951666594 5.67174 -5.08588 0.12375 -0.57869 0.58247 -0.40678 -0.40047
1403636943.051666498 5.59868 -5.05015 0.12974 -0.57721 0.58020 -0.40769 -0.40495
1403636943.151666403 5.52657 -5.01545 0.14165 -0.57441 0.57998 -0.40940 -0.40753
1403636943.251666546 5.45625 -4.98012 0.15059 -0.57312 0.58016 -0.40943 -0.40904
1403636943.351666451 5.38734 -4.94401 0.15357 -0.57218 0.57997 -0.40792 -0.41212
1403636943.451666594 5.31944 -4.90620 0.15070 -0.57047 0.58064 -0.40767 -0.41379
1403636943.651666403 5.18484 -4.82725 0.12999 -0.56977 0.57943 -0.40538 -0.41869
1403636943.751666546 5.11886 -4.78506 0.11143 -0.56865 0.57960 -0.40562 -0.41973
1403636943.851666451 5.05497 -4.74101 0.08708 -0.57012 0.57953 -0.40529 -0.41815
1403636943.951666594 4.99354 -4.69480 0.05611 -0.57920 0.58018 -0.40275 -0.40708
1403636944.051666498 4.93376 -4.64890 0.02186 0.59148 -0.58183 0.39650 0.39294
1403636944.151666403 4.87563 -4.60666 -0.00736 0.60233 -0.58296 0.38992 0.38121
1403636944.251666546 4.82020 -4.57218 -0.02761 0.60790 -0.58153 0.38881 0.37565
1403636944.351666451 4.76719 -4.54612 -0.03779 0.60830 -0.57698 0.39380 0.37683
1403636944.451666594 4.71496 -4.52680 -0.04148 0.60635 -0.56942 0.40092 0.38387
1403636944.551666498 4.66414 -4.51086 -0.03886 0.60461 -0.55828 0.40671 0.39668
1403636944.651666403 4.61840 -4.49558 -0.03179 0.60639 -0.54772 0.40693 0.40829
1403636944.751666546 4.58131 -4.48077 -0.02053 0.60853 -0.54193 0.41091 0.40886
1403636944.851666451 4.55185 -4.46484 -0.00336 0.60814 -0.54093 0.41799 0.40354
1403636944.951666594 4.52696 -4.44724 0.01817 0.60759 -0.54128 0.42349 0.39812
1403636945.051666498 4.50517 -4.42873 0.03414 0.60833 -0.53996 0.42577 0.39636
1403636945.151666403 4.48409 -4.40760 0.03625 0.60923 -0.53872 0.42704 0.39529
1403636945.251666546 4.46445 -4.38300 0.03139 0.61002 -0.53751 0.42774 0.39496
1403636945.351666451 4.44731 -4.35710 0.02886 0.61025 -0.53733 0.42792 0.39465
1403636945.451666594 4.43346 -4.32939 0.03375 0.61041 -0.53755 0.42700 0.39511
1403636945.551666498 4.42290 -4.29972 0.04092 0.61001 -0.53988 0.42589 0.39374
1403636945.751666546 4.40592 -4.23632 0.03381 0.61982 -0.55232 0.40653 0.38144
1403636945.851666451 4.40157 -4.21003 0.02008 0.62400 -0.55744 0.39782 0.37632
1403636945.951666594 4.39979 -4.18989 0.00476 0.62136 -0.55743 0.39976 0.37865
1403636946.051666498 4.39997 -4.17313 -0.01360 0.61467 -0.55221 0.40839 0.38789
1403636946.151666403 4.40234 -4.15707 -0.03929 0.61131 -0.55114 0.41136 0.39157
1403636946.251666546 4.40683 -4.14209 -0.07092 0.60849 -0.55061 0.41316 0.39479
1403636946.351666451 4.41275 -4.12632 -0.10829 0.60537 -0.54907 0.41519 0.39959
1403636946.451666594 4.42100 -4.10938 -0.15213 0.60235 -0.55029 0.41713 0.40044
1403636946.651666403 4.44271 -4.07007 -0.24315 0.59979 -0.55283 0.41606 0.40189
1403636946.751666546 4.45678 -4.04730 -0.28095 0.59350 -0.56286 0.42335 0.38952
1403636946.951666594 4.47526 -4.00250 -0.33680 0.58103 -0.58057 0.43753 0.36594
1403636947.051666498 4.47457 -3.98117 -0.36757 -0.57673 0.58621 -0.44196 -0.35835
1403636947.151666403 4.46435 -3.96184 -0.40080 -0.58259 0.58341 -0.43384 -0.36331
1403636947.251666546 4.44670 -3.94199 -0.43257 0.59745 -0.57987 0.41240 0.36978
1403636947.351666451 4.42633 -3.92656 -0.45786 0.61005 -0.57917 0.39333 0.37107
1403636947.451666594 4.40664 -3.91989 -0.47479 0.61595 -0.57977 0.38369 0.37047
1403636947.551666498 4.38772 -3.92532 -0.48103 0.61046 -0.58083 0.39092 0.37035
1403636947.651666403 4.36887 -3.93980 -0.47903 0.60549 -0.57606 0.39822 0.37810
1403636947.751666546 4.35096 -3.95974 -0.47719 0.60570 -0.57192 0.39794 0.38429
1403636947.851666451 4.33465 -3.98361 -0.48105 0.60986 -0.56542 0.39280 0.39253
1403636947.951666594 4.32217 -4.01055 -0.48902 0.61322 -0.55886 0.38907 0.40032
1403636948.051666498 4.31431 -4.03987 -0.50231 0.61356 -0.56285 0.38946 0.39379
1403636948.151666403 4.30991 -4.07209 -0.51795 0.61528 -0.56431 0.38862 0.38981
1403636948.251666546 4.30912 -4.10673 -0.53487 0.61669 -0.56143 0.38906 0.39131
1403636948.351666451 4.31295 -4.14366 -0.55490 0.61812 -0.55776 0.38950 0.39384
1403636948.451666594 4.32171 -4.18355 -0.57982 0.62096 -0.55347 0.38834 0.39658
1403636948.551666498 4.33627 -4.22519 -0.60687 0.62621 -0.54261 0.38340 0.40796
1403636948.651666403 4.36009 -4.26760 -0.63379 0.62997 -0.53211 0.38005 0.41900
1403636948.751666546 4.39671 -4.31097 -0.65411 0.62651 -0.53135 0.38806 0.41780
1403636948.851666451 4.44408 -4.35471 -0.66564 0.61789 -0.53809 0.40387 0.40689
1403636948.951666594 4.49718 -4.39676 -0.66883 0.60836 -0.54412 0.42053 0.39621
1403636949.051666498 4.55046 -4.43637 -0.67204 0.60153 -0.54714 0.43262 0.38941
1403636949.151666403 4.60093 -4.47345 -0.67999 0.60222 -0.54482 0.43361 0.39050
1403636949.251666546 4.64892 -4.50736 -0.69344 0.60484 -0.54275 0.43148 0.39168
1403636949.351666451 4.69624 -4.53706 -0.71146 0.60380 -0.54328 0.43427 0.38946
1403636949.451666594 4.74232 -4.56463 -0.73313 0.60248 -0.54419 0.43704 0.38712
1403636949.551666498 4.78611 -4.58858 -0.75566 0.60022 -0.54637 0.44085 0.38323
1403636949.651666403 4.82636 -4.60932 -0.77328 0.60008 -0.54862 0.44135 0.37965
1403636949.751666546 4.86350 -4.62716 -0.78614 0.60492 -0.55042 0.43435 0.37743
1403636949.851666451 4.89777 -4.64196 -0.79343 0.60967 -0.55374 0.42762 0.37258
1403636949.951666594 4.92883 -4.65533 -0.79697 0.61349 -0.55649 0.42176 0.36888
1403636950.051666498 4.95849 -4.67426 -0.79521 0.61509 -0.55961 0.41841 0.36528
1403636950.151666403 4.98777 -4.69851 -0.79212 0.61646 -0.56119 0.41558 0.36379
1403636950.251666546 5.01492 -4.72644 -0.79439 0.61823 -0.55925 0.41233 0.36744
1403636950.351666451 5.04117 -4.75817 -0.80159 0.61793 -0.55586 0.41200 0.37341
1403636950.451666594 5.06792 -4.79279 -0.81334 0.61633 -0.55104 0.41422 0.38067
1403636950.551666498 5.09504 -4.82926 -0.82905 0.61730 -0.54335 0.41281 0.39154
1403636950.651666403 5.12507 -4.86541 -0.84255 0.61793 -0.53881 0.41211 0.39751
1403636950.751666546 5.15842 -4.90004 -0.84987 0.61502 -0.53895 0.41740 0.39631
1403636950.851666451 5.19501 -4.93332 -0.84962 0.61141 -0.54085 0.42420 0.39207
1403636950.951666594 5.23375 -4.96615 -0.84330 0.61048 -0.54104 0.42656 0.39069
1403636951.051666498 5.27357 -4.99890 -0.82893 0.60815 -0.54222 0.43074 0.38809
1403636951.151666403 5.31312 -5.02817 -0.81268 0.60639 -0.54848 0.43368 0.37866
1403636951.251666546 5.35068 -5.05758 -0.80304 0.61016 -0.55219 0.42778 0.37389
1403636951.351666451 5.38668 -5.08860 -0.80253 0.61610 -0.55536 0.41861 0.36981
1403636951.451666594 5.42119 -5.12287 -0.80734 0.62084 -0.55638 0.41126 0.36860
1403636951.551666498 5.45423 -5.16019 -0.81659 0.62221 -0.55652 0.40880 0.36882
1403636951.651666403 5.48790 -5.20145 -0.82888 0.62307 -0.55445 0.40724 0.37220
1403636951.751666546 5.52351 -5.24728 -0.84025 0.62125 -0.55115 0.40980 0.37729
1403636951.851666451 5.56066 -5.29877 -0.84263 0.61984 -0.54661 0.41201 0.38376
1403636951.951666594 5.59788 -5.35009 -0.84041 0.62012 -0.54216 0.41135 0.39025
1403636952.051666498 5.63820 -5.40193 -0.83907 0.62021 -0.53986 0.41100 0.39366
1403636952.151666403 5.68215 -5.45336 -0.84169 0.61749 -0.53999 0.41503 0.39353
1403636952.251666546 5.72881 -5.50423 -0.84954 0.61274 -0.54069 0.42209 0.39249
1403636952.351666451 5.77691 -5.55337 -0.86238 0.60682 -0.54329 0.43095 0.38844
1403636952.451666594 5.82381 -5.59994 -0.88021 0.60449 -0.54273 0.43476 0.38861
1403636952.551666498 5.86901 -5.64281 -0.90343 0.60604 -0.54054 0.43287 0.39136
1403636952.651666403 5.91290 -5.68021 -0.92599 0.60692 -0.53798 0.43201 0.39445
1403636952.751666546 5.95633 -5.71370 -0.94256 0.60876 -0.53814 0.42986 0.39375
1403636952.851666451 6.00072 -5.74506 -0.95670 0.61267 -0.54155 0.42426 0.38905
1403636952.951666594 6.04693 -5.77670 -0.97098 0.61450 -0.54750 0.42104 0.38127
1403636953.051666498 6.09304 -5.80905 -0.99035 0.61287 -0.55470 0.42208 0.37222
1403636953.151666403 6.13667 -5.84316 -1.01514 0.61105 -0.55891 0.42410 0.36657
1403636953.251666546 6.17552 -5.87813 -1.04473 0.61138 -0.55948 0.42343 0.36593
1403636953.351666451 6.21099 -5.91617 -1.07156 0.61249 -0.55824 0.42261 0.36692
1403636953.451666594 6.24395 -5.95728 -1.09105 0.61369 -0.55312 0.42180 0.37354
1403636953.551666498 6.27545 -5.99814 -1.10412 0.61524 -0.54773 0.42104 0.37973
1403636953.651666403 6.30766 -6.04041 -1.11288 0.61972 -0.54461 0.41589 0.38261
1403636953.751666546 6.34272 -6.08418 -1.11438 0.62523 -0.54245 0.40942 0.38368
1403636953.851666451 6.38245 -6.13151 -1.10736 0.62909 -0.53803 0.40546 0.38777
1403636953.951666594 6.42727 -6.18077 -1.09456 0.62813 -0.53879 0.40837 0.38521
1403636954.051666498 6.47530 -6.23012 -1.08166 0.62641 -0.54030 0.41177 0.38228
1403636954.151666403 6.52587 -6.28104 -1.07376 0.62523 -0.54068 0.41367 0.38161
1403636954.251666546 6.57898 -6.33408 -1.06911 0.62575 -0.54174 0.41277 0.38023
1403636954.351666451 6.63388 -6.38875 -1.06120 0.62553 -0.54339 0.41222 0.37883
1403636954.451666594 6.69118 -6.44434 -1.04729 0.62606 -0.54579 0.40993 0.37698
1403636954.551666498 6.75115 -6.50302 -1.02986 0.62563 -0.54747 0.40802 0.37734
1403636954.651666403 6.81260 -6.56506 -1.01773 0.62446 -0.54740 0.40653 0.38096
1403636954.751666546 6.87431 -6.62830 -1.02165 0.61958 -0.54738 0.40977 0.38546
1403636954.851666451 6.93718 -6.69197 -1.03726 0.61401 -0.54722 0.41355 0.39055
1403636954.951666594 7.00157 -6.75406 -1.06003 0.60815 -0.54872 0.41755 0.39333
1403636955.051666498 7.06667 -6.81354 -1.08723 0.60578 -0.54982 0.41613 0.39695
1403636955.151666403 7.13273 -6.87081 -1.11098 0.60527 -0.55104 0.41184 0.40049
1403636955.251666546 7.20104 -6.92831 -1.12724 0.60243 -0.55408 0.41041 0.40204
1403636955.351666451 7.27209 -6.98537 -1.13631 0.59996 -0.55571 0.40834 0.40558
1403636955.451666594 7.34477 -7.04028 -1.14133 0.59777 -0.55769 0.40675 0.40768
1403636955.551666498 7.41940 -7.09510 -1.15031 0.59650 -0.55946 0.40504 0.40881
1403636955.651666403 7.49572 -7.14814 -1.16469 0.59521 -0.56090 0.40381 0.40993
1403636955.751666546 7.57314 -7.19879 -1.17945 0.59422 -0.56223 0.40333 0.41004
1403636955.851666451 7.65174 -7.24827 -1.18732 0.59338 -0.56350 0.40297 0.40984
1403636955.951666594 7.73077 -7.29567 -1.18666 0.58936 -0.56847 0.40743 0.40433
1403636956.051666498 7.80686 -7.33992 -1.17625 0.58191 -0.57524 0.41618 0.39657
1403636956.151666403 7.87861 -7.38211 -1.15938 -0.57693 0.58051 -0.42155 -0.39046
1403636956.251666546 7.94675 -7.42372 -1.14654 -0.57387 0.58335 -0.42362 -0.38849
1403636956.351666451 8.01047 -7.46426 -1.14260 -0.57789 0.57951 -0.41602 -0.39639
1403636956.451666594 8.06932 -7.50226 -1.14589 0.58328 -0.57384 0.40785 0.40516
1403636956.551666498 8.12614 -7.53707 -1.15465 0.58588 -0.56663 0.40946 0.40989
1403636956.651666403 8.18342 -7.56827 -1.16827 0.58672 -0.56010 0.42274 0.40414
1403636956.751666546 8.24082 -7.59551 -1.18577 0.59141 -0.55460 0.43851 0.38776
1403636956.951666594 8.34212 -7.63770 -1.20533 0.62118 -0.52664 0.45841 0.35587
1403636957.051666498 8.38485 -7.65381 -1.20457 0.64143 -0.50241 0.46423 0.34733
1403636957.151666403 8.42408 -7.66675 -1.19654 0.66145 -0.47756 0.46918 0.33806
1403636957.251666546 8.46210 -7.67747 -1.18268 0.67639 -0.45749 0.47510 0.32785
1403636957.351666451 8.49889 -7.68716 -1.16925 0.68680 -0.44389 0.47945 0.31843
1403636957.451666594 8.53565 -7.69709 -1.16243 0.69290 -0.43527 0.48386 0.31034
1403636957.551666498 8.57243 -7.70629 -1.16349 0.69604 -0.43057 0.48773 0.30374
1403636957.651666403 8.60991 -7.71599 -1.17242 0.69970 -0.42415 0.49248 0.29663
1403636957.751666546 8.64734 -7.72486 -1.18829 0.70552 -0.41501 0.49816 0.28610
1403636957.851666451 8.68253 -7.73222 -1.20920 0.71536 -0.40001 0.50560 0.26950
1403636957.951666594 8.71446 -7.73832 -1.23104 0.72787 -0.37805 0.51390 0.25137
1403636958.051666498 8.74250 -7.74442 -1.24726 0.74057 -0.35375 0.52251 0.23108
1403636958.151666403 8.76764 -7.75304 -1.25585 0.75261 -0.32914 0.52801 0.21553
1403636958.251666546 8.79032 -7.76208 -1.25821 0.76132 -0.30967 0.53302 0.20096
1403636958.351666451 8.81026 -7.77300 -1.24436 0.76912 -0.29038 0.53666 0.19007
1403636958.451666594 8.82858 -7.78241 -1.22519 0.77528 -0.27526 0.53794 0.18382
1403636958.551666498 8.84400 -7.79607 -1.21145 0.77972 -0.26581 0.53751 0.18018
1403636958.651666403 8.85982 -7.81013 -1.19974 0.78117 -0.26117 0.53832 0.17824
1403636958.751666546 8.87932 -7.82729 -1.19096 0.78150 -0.25899 0.53848 0.17951
1403636958.851666451 8.90116 -7.84634 -1.18668 0.78139 -0.25983 0.53815 0.17975
1403636959.051666498 8.95301 -7.89111 -1.19510 0.78128 -0.26315 0.53460 0.18588
1403636959.151666403 8.98090 -7.91010 -1.21459 0.78102 -0.26674 0.53311 0.18616
1403636959.251666546 9.00751 -7.93249 -1.23009 0.78026 -0.26767 0.53263 0.18937
1403636959.351666451 9.03462 -7.94770 -1.25854 0.78073 -0.26496 0.53047 0.19714
1403636959.451666594 9.06179 -7.96934 -1.27608 0.77983 -0.26379 0.53065 0.20172
1403636959.551666498 9.09128 -7.97872 -1.31815 0.77582 -0.26507 0.53577 0.20197
1403636959.651666403 9.12263 -7.98997 -1.34629 0.77203 -0.26821 0.54067 0.19926
1403636959.751666546 9.15381 -7.99973 -1.36785 0.77243 -0.27213 0.53897 0.19702
1403636959.851666451 9.18598 -8.00940 -1.38046 0.77326 -0.27428 0.53706 0.19595
1403636959.951666594 9.21211 -8.01236 -1.38463 0.77420 -0.27571 0.53496 0.19598
1403636960.151666403 9.26274 -8.01821 -1.37136 0.77384 -0.27552 0.53506 0.19741
1403636960.251666546 9.28920 -8.02244 -1.36457 0.77542 -0.27074 0.53283 0.20376
1403636960.351666451 9.31850 -8.02582 -1.36417 0.77678 -0.26629 0.53074 0.20979
1403636960.451666594 9.35036 -8.02625 -1.36833 0.77478 -0.26205 0.53467 0.21256
1403636960.551666498 9.38402 -8.02132 -1.37715 0.77412 -0.25438 0.53908 0.21313
1403636960.651666403 9.41905 -8.01368 -1.38972 0.77394 -0.24781 0.54310 0.21131
1403636960.751666546 9.45441 -7.99482 -1.40684 0.77423 -0.25014 0.54641 0.19860
1403636960.851666451 9.48972 -7.97467 -1.42693 0.77737 -0.24809 0.54790 0.18426
1403636960.951666594 9.52451 -7.95200 -1.44792 0.78296 -0.23601 0.54986 0.17011
1403636961.051666498 9.55846 -7.92787 -1.46373 0.78843 -0.21549 0.55459 0.15611
1403636961.151666403 9.59007 -7.90161 -1.47326 0.79356 -0.19424 0.55972 0.13875
1403636961.251666546 9.61876 -7.87465 -1.47682 0.79924 -0.17197 0.56302 0.12099
1403636961.351666451 9.64656 -7.84787 -1.47255 0.80328 -0.15008 0.56598 0.10900
1403636961.451666594 9.67035 -7.81963 -1.45929 0.80581 -0.13434 0.56826 0.09848
1403636961.551666498 9.69275 -7.79116 -1.43885 0.80786 -0.12238 0.56966 0.08873
1403636961.651666403 9.71295 -7.76275 -1.41149 0.80959 -0.10913 0.57158 0.07710
1403636961.751666546 9.73264 -7.73433 -1.37749 0.81084 -0.09362 0.57388 0.06667
1403636961.851666451 9.75043 -7.70583 -1.34520 0.81327 -0.07659 0.57404 0.05661
1403636961.951666594 9.76699 -7.67725 -1.31857 0.81383 -0.05858 0.57641 0.04461
1403636962.051666498 9.78286 -7.64890 -1.29903 0.81608 -0.04007 0.57570 0.03141
1403636962.151666403 9.79855 -7.61988 -1.28278 0.81730 -0.02042 0.57556 0.01802
1403636962.251666546 9.81337 -7.59104 -1.26202 0.81644 0.00012 0.57741 0.00446
1403636962.351666451 9.82558 -7.56162 -1.23618 0.81619 0.02122 0.57731 -0.00991
1403636962.451666594 9.83609 -7.53068 -1.20395 0.81503 0.04352 0.57730 -0.02362
1403636962.651666403 9.85181 -7.46571 -1.12941 0.81113 0.09480 0.57565 -0.04125
1403636962.751666546 9.85484 -7.43009 -1.09810 0.80802 0.11654 0.57569 -0.04584
1403636962.851666451 9.85559 -7.39102 -1.07366 0.80600 0.12900 0.57543 -0.05095
1403636962.951666594 9.85475 -7.34645 -1.05475 0.80470 0.13098 0.57586 -0.06077
1403636963.151666403 9.84813 -7.24628 -1.02527 0.79576 0.12528 0.58781 -0.07453
1403636963.251666546 9.83968 -7.19069 -1.01638 0.79876 0.12084 0.58448 -0.07589
1403636963.351666451 9.82837 -7.13456 -1.01237 0.80300 0.11367 0.57959 -0.07966
1403636963.551666498 9.80324 -7.02966 -1.01254 0.80609 0.10765 0.57724 -0.07369
1403636963.651666403 9.78594 -6.97954 -1.00837 0.80685 0.10584 0.57711 -0.06877
1403636963.751666546 9.77045 -6.92797 -0.99597 0.80735 0.10337 0.57730 -0.06506
1403636963.851666451 9.75150 -6.87671 -0.97868 0.80757 0.10119 0.57764 -0.06254
1403636963.951666594 9.73003 -6.82551 -0.95466 0.80716 0.09922 0.57875 -0.06089
1403636964.151666403 9.67956 -6.72362 -0.89130 0.80613 0.09926 0.58040 -0.05864
1403636964.251666546 9.64912 -6.67337 -0.86288 0.80506 0.09993 0.58176 -0.05880
1403636964.351666451 9.61607 -6.62266 -0.84094 0.80474 0.10206 0.58195 -0.05751
1403636964.451666594 9.58053 -6.57124 -0.82438 0.80439 0.10440 0.58209 -0.05684
1403636964.551666498 9.54156 -6.51892 -0.81356 0.80399 0.10970 0.58182 -0.05527
1403636964.751666546 9.45629 -6.41011 -0.80777 0.79949 0.13655 0.58207 -0.05808
1403636964.851666451 9.40767 -6.35018 -0.81128 0.79596 0.15267 0.58176 -0.06849
1403636964.951666594 9.35346 -6.28530 -0.80987 0.78991 0.16956 0.58305 -0.08569
1403636965.051666498 9.29363 -6.21693 -0.80220 0.78503 0.18709 0.58108 -0.10519
1403636965.151666403 9.22944 -6.14779 -0.78761 0.78371 0.20352 0.57480 -0.11826
1403636965.251666546 9.16196 -6.07772 -0.76640 0.78754 0.21703 0.56288 -0.12585
1403636965.351666451 9.09400 -6.00633 -0.74149 0.79789 0.22727 0.54351 -0.12772
1403636965.451666594 9.02896 -5.93179 -0.70900 0.80849 0.23275 0.52505 -0.12847
1403636965.551666498 8.97238 -5.85201 -0.66543 0.81123 0.22948 0.52029 -0.13620
1403636965.651666403 8.92622 -5.76631 -0.60822 0.80191 0.21937 0.53495 -0.15051
1403636965.751666546 8.88406 -5.67820 -0.55069 0.79366 0.20859 0.54772 -0.16310
1403636965.851666451 8.84295 -5.59191 -0.50186 0.78753 0.20824 0.55762 -0.15966
1403636965.951666594 8.79984 -5.50827 -0.46277 0.78486 0.21189 0.56262 -0.15016
1403636966.051666498 8.75608 -5.42713 -0.43140 0.78275 0.21482 0.56651 -0.14220
1403636966.151666403 8.71091 -5.34896 -0.40771 0.78168 0.21486 0.56892 -0.13835
1403636966.251666546 8.66314 -5.27362 -0.39224 0.78108 0.21327 0.57042 -0.13805
1403636966.351666451 8.61327 -5.19832 -0.38276 0.78109 0.21016 0.57121 -0.13950
1403636966.451666594 8.55850 -5.12134 -0.37805 0.78331 0.19755 0.56873 -0.15475
1403636966.551666498 8.50355 -5.04900 -0.37775 0.78482 0.18729 0.56693 -0.16607
1403636966.651666403 8.45102 -4.98658 -0.38498 0.78444 0.18819 0.56873 -0.16055
1403636966.751666546 8.39770 -4.93031 -0.39397 0.78381 0.19361 0.57104 -0.14856
1403636966.851666451 8.34241 -4.87655 -0.39701 0.78352 0.19335 0.57221 -0.14591
1403636966.951666594 8.28470 -4.82466 -0.39202 0.78428 0.18944 0.57167 -0.14903
1403636967.151666403 8.16627 -4.73348 -0.38640 0.78370 0.19218 0.57372 -0.14046
1403636967.251666546 8.10305 -4.69176 -0.39374 0.78360 0.19247 0.57425 -0.13843
1403636967.351666451 8.03914 -4.65353 -0.40601 0.78301 0.19370 0.57544 -0.13506
1403636967.451666594 7.97409 -4.61783 -0.41443 0.78267 0.19398 0.57626 -0.13309
1403636967.651666403 7.83256 -4.54813 -0.40513 0.78216 0.19308 0.57778 -0.13085
1403636967.751666546 7.75701 -4.51459 -0.40647 0.78218 0.19290 0.57812 -0.12944
1403636967.851666451 7.67924 -4.48197 -0.42515 0.78202 0.19256 0.57839 -0.12976
1403636967.951666594 7.59810 -4.45002 -0.45415 0.78103 0.19296 0.57969 -0.12931
1403636968.051666498 7.51322 -4.41777 -0.48910 0.78113 0.19289 0.57944 -0.12992
1403636968.251666546 7.33593 -4.36057 -0.55891 0.78181 0.19084 0.57836 -0.13363
1403636968.351666451 7.24070 -4.33505 -0.58351 0.78290 0.19092 0.57684 -0.13366
1403636968.451666594 7.14217 -4.30986 -0.60025 0.78388 0.19025 0.57563 -0.13406
1403636968.551666498 7.04014 -4.28569 -0.60962 0.78421 0.18952 0.57534 -0.13446
1403636968.651666403 6.93588 -4.26168 -0.61324 0.78358 0.19317 0.57642 -0.12818
1403636968.851666451 6.72053 -4.21271 -0.62272 0.78274 0.19717 0.57770 -0.12123
1403636968.951666594 6.60881 -4.18548 -0.62524 0.78376 0.19383 0.57662 -0.12514
1403636969.151666403 6.38367 -4.13232 -0.60731 0.78741 0.18929 0.57174 -0.13142
1403636969.251666546 6.26821 -4.10784 -0.58965 0.79372 0.18901 0.56306 -0.13135
1403636969.351666451 6.15279 -4.08484 -0.56499 0.79925 0.19006 0.55539 -0.12893
1403636969.451666594 6.03991 -4.06134 -0.53561 0.80242 0.19102 0.55112 -0.12610
1403636969.651666403 5.82727 -4.01062 -0.49020 0.80519 0.19055 0.54791 -0.12311
1403636969.751666546 5.72608 -3.98214 -0.47624 0.80493 0.18955 0.54864 -0.12313
1403636969.851666451 5.62839 -3.95185 -0.46798 0.80583 0.18978 0.54749 -0.12197
1403636969.951666594 5.53540 -3.92002 -0.46554 0.80471 0.18938 0.54914 -0.12257
1403636970.051666498 5.44616 -3.88680 -0.46795 0.79961 0.18768 0.55637 -0.12589
1403636970.151666403 5.35997 -3.85349 -0.47469 0.79376 0.18806 0.56439 -0.12665
1403636970.351666451 5.18543 -3.78820 -0.49120 0.79190 0.18796 0.56657 -0.12871
1403636970.451666594 5.09525 -3.75427 -0.49838 0.79794 0.18984 0.55788 -0.12661
1403636970.551666498 5.00798 -3.71954 -0.50368 0.80307 0.19069 0.55035 -0.12583
1403636970.751666546 4.84754 -3.64528 -0.49582 0.81082 0.19420 0.53804 -0.12398
1403636970.851666451 4.77590 -3.60391 -0.48391 0.81501 0.19684 0.53121 -0.12182
1403636970.951666594 4.71087 -3.55865 -0.47567 0.81908 0.19693 0.52467 -0.12265
1403636971.151666403 4.60596 -3.45872 -0.47104 0.81463 0.18475 0.53132 -0.14121
1403636971.251666546 4.56405 -3.40921 -0.47608 0.81011 0.17532 0.53766 -0.15465
1403636971.351666451 4.52861 -3.36478 -0.48623 0.80675 0.16747 0.54178 -0.16609
1403636971.551666498 4.47741 -3.29836 -0.52334 0.80348 0.17066 0.54638 -0.16361
1403636971.651666403 4.46025 -3.27542 -0.54886 0.79795 0.17786 0.55477 -0.15452
1403636971.751666546 4.44391 -3.25591 -0.57833 0.79216 0.18422 0.56286 -0.14739
1403636971.851666451 4.42597 -3.23785 -0.61082 0.78843 0.18479 0.56773 -0.14805
1403636971.951666594 4.40746 -3.22333 -0.64049 0.78771 0.18537 0.56843 -0.14846
1403636972.051666498 4.38936 -3.21157 -0.66230 0.78736 0.18645 0.56869 -0.14795
1403636972.151666403 4.36900 -3.20469 -0.67799 0.78860 0.18724 0.56717 -0.14622
1403636972.351666451 4.33162 -3.20148 -0.68494 0.79822 0.18566 0.55367 -0.14772
1403636972.451666594 4.31894 -3.20164 -0.67374 0.79900 0.18725 0.55286 -0.14448
1403636972.551666498 4.30662 -3.20210 -0.65785 0.79697 0.18802 0.55604 -0.14252
1403636972.651666403 4.29449 -3.20403 -0.63683 0.79418 0.19007 0.56035 -0.13845
1403636972.751666546 4.28262 -3.20728 -0.61945 0.79366 0.19038 0.56137 -0.13685
1403636972.951666594 4.26036 -3.21582 -0.60474 0.79560 0.18748 0.56020 -0.13435
1403636973.051666498 4.24941 -3.22126 -0.60613 0.79989 0.17936 0.55840 -0.12725
1403636973.151666403 4.23887 -3.22692 -0.61272 0.80321 0.17015 0.55800 -0.12056
1403636973.351666451 4.22275 -3.23748 -0.64035 0.80532 0.15751 0.56059 -0.11126
1403636973.451666594 4.21683 -3.24049 -0.66119 0.80628 0.15360 0.56090 -0.10822
1403636973.651666403 4.20937 -3.24424 -0.71206 0.80348 0.15006 0.56672 -0.10358
1403636973.751666546 4.20600 -3.24429 -0.73719 0.80107 0.14995 0.57040 -0.10223
1403636973.851666451 4.20226 -3.24394 -0.75574 0.79913 0.15102 0.57298 -0.10135
1403636974.051666498 4.19098 -3.24238 -0.76928 0.80230 0.14530 0.56946 -0.10449
1403636974.251666546 4.18136 -3.24646 -0.77424 0.81118 0.11902 0.56607 -0.08601
1403636974.351666451 4.18003 -3.24953 -0.78400 0.81362 0.09954 0.56876 -0.06806
1403636974.451666594 4.17928 -3.25235 -0.79970 0.81455 0.07613 0.57289 -0.05004
1403636974.551666498 4.17849 -3.25491 -0.81923 0.81462 0.05080 0.57688 -0.03192
1403636974.651666403 4.17838 -3.25715 -0.84270 0.81486 0.02472 0.57898 -0.01306
1403636974.751666546 4.17608 -3.25778 -0.86335 0.81747 -0.00121 0.57597 0.00182
1403636974.951666594 4.17430 -3.25838 -0.88356 0.82381 -0.05309 0.56406 0.01909
1403636975.051666498 4.17351 -3.26316 -0.87076 0.82453 -0.07424 0.56020 0.02857
1403636975.151666403 4.18118 -3.27345 -0.87089 0.82044 -0.08725 0.56342 0.04276
1403636975.351666451 4.19862 -3.28369 -0.87172 0.80914 -0.09676 0.57602 0.06436
1403636975.451666594 4.20196 -3.30506 -0.88549 0.80858 -0.09791 0.57604 0.06915
1403636975.651666403 4.21051 -3.32020 -0.91025 0.81530 -0.09628 0.56662 0.07038
1403636975.751666546 4.21461 -3.32612 -0.91115 0.81826 -0.09371 0.56291 0.06927
1403636975.951666594 4.23328 -3.33669 -0.89557 0.81946 -0.10224 0.55909 0.07391
1403636976.151666403 4.25724 -3.35911 -0.88442 0.80486 -0.14248 0.57059 0.07951
1403636976.251666546 4.27404 -3.36098 -0.89172 0.79619 -0.16907 0.57501 0.08287
1403636976.351666451 4.28633 -3.37738 -0.89999 0.78910 -0.19421 0.57517 0.09377
1403636976.451666594 4.29518 -3.39953 -0.91403 0.78294 -0.21708 0.57257 0.10970
1403636976.651666403 4.30459 -3.45101 -0.95524 0.77902 -0.23831 0.55928 0.15343
1403636976.751666546 4.31047 -3.47466 -0.98834 0.77735 -0.24508 0.55528 0.16530
1403636976.851666451 4.31276 -3.50153 -1.02419 0.77891 -0.25293 0.54878 0.16784
1403636976.951666594 4.31408 -3.52563 -1.05682 0.78075 -0.25959 0.54370 0.16565
1403636977.151666403 4.31867 -3.57955 -1.09181 0.78226 -0.26364 0.54087 0.16132
1403636977.251666546 4.32029 -3.61221 -1.09892 0.78329 -0.26305 0.54055 0.15834
1403636977.451666594 4.31915 -3.68716 -1.11970 0.77986 -0.25347 0.54945 0.16023
1403636977.551666498 4.31207 -3.71861 -1.12313 0.77688 -0.24817 0.55541 0.16245
1403636977.651666403 4.32157 -3.76483 -1.14186 0.77524 -0.24514 0.55891 0.16287
1403636977.851666451 4.31777 -3.84786 -1.19178 0.77556 -0.25753 0.55483 0.15604
1403636977.951666594 4.31607 -3.89341 -1.21720 0.77400 -0.26030 0.55516 0.15801
1403636978.051666498 4.31222 -3.93910 -1.23364 0.77279 -0.25901 0.55556 0.16448
1403636978.251666546 4.30164 -4.03493 -1.24664 0.77622 -0.25806 0.54890 0.17202
1403636978.351666451 4.29470 -4.08451 -1.24454 0.77857 -0.25831 0.54494 0.17364
1403636978.451666594 4.28903 -4.13489 -1.23539 0.78309 -0.25838 0.53805 0.17467
1403636978.551666498 4.28574 -4.18573 -1.22583 0.78865 -0.26032 0.52929 0.17354
1403636978.651666403 4.28657 -4.23655 -1.22155 0.79306 -0.26283 0.52191 0.17202
1403636978.751666546 4.29298 -4.28838 -1.22322 0.79572 -0.26386 0.51745 0.17160
1403636978.851666451 4.30676 -4.34249 -1.22921 0.79560 -0.26382 0.51749 0.17211
1403636978.951666594 4.32784 -4.39886 -1.23871 0.79035 -0.26206 0.52540 0.17499
1403636979.051666498 4.35325 -4.45455 -1.25215 0.78117 -0.25872 0.53885 0.18019
1403636979.151666403 4.37977 -4.50800 -1.27407 0.77527 -0.25637 0.54745 0.18310
1403636979.251666546 4.40588 -4.55885 -1.30212 0.77714 -0.25694 0.54495 0.18183
1403636979.351666451 4.43231 -4.60725 -1.32710 0.78317 -0.25846 0.53621 0.17981
1403636979.451666594 4.46214 -4.65567 -1.34499 0.78852 -0.25984 0.52832 0.17778
1403636979.551666498 4.49414 -4.70245 -1.35418 0.79180 -0.26127 0.52330 0.17592
1403636979.651666403 4.53050 -4.74879 -1.35566 0.79250 -0.26292 0.52173 0.17497
1403636979.751666546 4.57043 -4.79544 -1.35173 0.79338 -0.26305 0.51941 0.17766
1403636979.851666451 4.61593 -4.84363 -1.34070 0.78902 -0.26245 0.52485 0.18194
1403636979.951666594 4.66605 -4.89243 -1.32863 0.78379 -0.26263 0.53132 0.18545
1403636980.051666498 4.71763 -4.94047 -1.32281 0.78141 -0.26276 0.53363 0.18867
1403636980.151666403 4.77101 -4.98782 -1.32340 0.77939 -0.26387 0.53562 0.18982
1403636980.251666546 4.82672 -5.03424 -1.32922 0.77824 -0.26561 0.53652 0.18957
1403636980.351666451 4.88342 -5.07971 -1.33909 0.77426 -0.26638 0.54167 0.19012
1403636980.451666594 4.94209 -5.12501 -1.35415 0.76995 -0.26708 0.54775 0.18923
1403636980.551666498 5.00112 -5.16938 -1.37334 0.76699 -0.26877 0.55227 0.18571
1403636980.651666403 5.05655 -5.21092 -1.39341 0.76477 -0.27055 0.55589 0.18143
1403636980.751666546 5.10871 -5.25105 -1.40748 0.76606 -0.26859 0.55484 0.18214
1403636980.851666451 5.15856 -5.28932 -1.41504 0.77149 -0.26459 0.54813 0.18534
1403636980.951666594 5.20895 -5.32722 -1.41586 0.77648 -0.26153 0.54167 0.18779
1403636981.051666498 5.25917 -5.36268 -1.41656 0.77799 -0.26029 0.53990 0.18836
1403636981.151666403 5.30971 -5.39499 -1.42137 0.77569 -0.26257 0.54319 0.18521
1403636981.251666546 5.36052 -5.42599 -1.42991 0.77129 -0.26954 0.54866 0.17732
1403636981.351666451 5.41014 -5.45772 -1.44112 0.76553 -0.27745 0.55559 0.16822
1403636981.451666594 5.45612 -5.49127 -1.45727 0.76512 -0.27879 0.55518 0.16924
1403636981.551666498 5.49867 -5.52657 -1.47605 0.76910 -0.27429 0.54855 0.17984
1403636981.651666403 5.54011 -5.56235 -1.49000 0.77452 -0.26983 0.53952 0.19034
1403636981.751666546 5.58164 -5.59643 -1.49584 0.77718 -0.26892 0.53404 0.19615
1403636981.851666451 5.62535 -5.62936 -1.49387 0.78109 -0.27080 0.52678 0.19764
1403636981.951666594 5.67265 -5.66118 -1.48413 0.78560 -0.27471 0.51854 0.19617
1403636982.051666498 5.72404 -5.69336 -1.47548 0.79011 -0.27969 0.51057 0.19188
1403636982.151666403 5.78006 -5.72707 -1.47107 0.79305 -0.28410 0.50529 0.18720
1403636982.251666546 5.84125 -5.76322 -1.47050 0.79201 -0.28825 0.50647 0.18196
1403636982.351666451 5.90874 -5.80512 -1.47365 0.78736 -0.29087 0.51362 0.17791
1403636982.451666594 5.98037 -5.85320 -1.47599 0.77906 -0.28989 0.52655 0.17826
1403636982.551666498 6.05282 -5.90588 -1.47164 0.77164 -0.28648 0.53844 0.18049
1403636982.651666403 6.12550 -5.96158 -1.46338 0.77088 -0.28487 0.54056 0.17999
1403636982.751666546 6.19777 -6.01945 -1.45324 0.77354 -0.28358 0.53778 0.17891
1403636982.851666451 6.26831 -6.07911 -1.44484 0.77710 -0.28187 0.53354 0.17890
1403636982.951666594 6.33895 -6.14092 -1.44223 0.77892 -0.27911 0.53141 0.18160
1403636983.051666498 6.41095 -6.20442 -1.44574 0.77676 -0.27651 0.53492 0.18453
1403636983.151666403 6.48301 -6.26828 -1.45553 0.77383 -0.27400 0.53926 0.18793
1403636983.251666546 6.55559 -6.33306 -1.47017 0.77271 -0.27092 0.54087 0.19229
1403636983.351666451 6.62863 -6.39719 -1.48897 0.77180 -0.26983 0.54174 0.19502
1403636983.451666594 6.70100 -6.45967 -1.50920 0.77092 -0.26942 0.54245 0.19707
1403636983.551666498 6.77230 -6.51891 -1.52575 0.77211 -0.27066 0.54007 0.19727
1403636983.651666403 6.84265 -6.57437 -1.53577 0.77542 -0.27233 0.53436 0.19751
1403636983.851666451 6.98584 -6.67797 -1.53069 0.78099 -0.27548 0.52407 0.19877
1403636983.951666594 7.06066 -6.72838 -1.51879 0.78234 -0.27757 0.52112 0.19835
1403636984.051666498 7.13964 -6.77908 -1.50160 0.78352 -0.27991 0.51835 0.19763
1403636984.151666403 7.22191 -6.83063 -1.48495 0.78254 -0.28074 0.51886 0.19900
1403636984.251666546 7.30734 -6.88252 -1.47438 0.77841 -0.28099 0.52398 0.20142
1403636984.351666451 7.39538 -6.93418 -1.47233 0.77482 -0.28069 0.52847 0.20394
1403636984.451666594 7.48648 -6.98597 -1.47879 0.77265 -0.28021 0.53098 0.20630
1403636984.651666403 7.66939 -7.08100 -1.50137 0.77054 -0.27973 0.53367 0.20788
1403636984.751666546 7.76222 -7.12511 -1.50488 0.76979 -0.27935 0.53534 0.20689
1403636984.851666451 7.85523 -7.16755 -1.50460 0.76881 -0.28157 0.53719 0.20267
1403636984.951666594 7.94499 -7.20637 -1.49882 0.76755 -0.28390 0.53911 0.19908
1403636985.051666498 8.03028 -7.24240 -1.49049 0.76771 -0.28435 0.53888 0.19840
1403636985.151666403 8.11461 -7.27756 -1.47731 0.76937 -0.28298 0.53630 0.20091
1403636985.351666451 8.28137 -7.34303 -1.50248 0.76983 -0.28007 0.53573 0.20471
1403636985.451666594 8.36850 -7.37163 -1.50847 0.77311 -0.27327 0.53511 0.20320
1403636985.551666498 8.45572 -7.40008 -1.53375 0.77629 -0.26352 0.53673 0.19967
1403636985.651666403 8.54313 -7.42790 -1.53242 0.77853 -0.25412 0.53832 0.19880
1403636985.751666546 8.62555 -7.44578 -1.51476 0.77865 -0.24660 0.54163 0.19883
1403636985.851666451 8.71589 -7.46013 -1.50310 0.77427 -0.24026 0.55063 0.19895
1403636986.051666498 8.88475 -7.47161 -1.50007 0.75669 -0.22821 0.57752 0.20449
1403636986.151666403 8.96642 -7.47015 -1.50315 0.76144 -0.22944 0.57200 0.20094
1403636986.251666546 9.04579 -7.45557 -1.52248 0.77154 -0.23289 0.55846 0.19652
1403636986.351666451 9.12372 -7.43790 -1.53988 0.77832 -0.23508 0.54906 0.19361
1403636986.451666594 9.19877 -7.41398 -1.55506 0.78049 -0.24015 0.54632 0.18628
1403636986.551666498 9.28116 -7.38815 -1.57255 0.78033 -0.24521 0.54682 0.17872
1403636986.651666403 9.35655 -7.36357 -1.57793 0.78002 -0.24808 0.54748 0.17403
1403636986.851666451 9.49308 -7.30928 -1.56040 0.77734 -0.25397 0.55137 0.16506
1403636986.951666594 9.55931 -7.28750 -1.53506 0.77660 -0.25417 0.55210 0.16576
1403636987.051666498 9.62904 -7.26137 -1.50927 0.77631 -0.25238 0.55178 0.17085
1403636987.151666403 9.68887 -7.23984 -1.48152 0.77562 -0.25150 0.55197 0.17460
1403636987.251666546 9.74551 -7.21401 -1.46831 0.77383 -0.25269 0.55355 0.17583
1403636987.451666594 9.85673 -7.16502 -1.42891 0.77190 -0.24897 0.55722 0.17801
1403636987.551666498 9.91122 -7.13953 -1.42329 0.76923 -0.24283 0.56269 0.18083
1403636987.651666403 9.95992 -7.10999 -1.42049 0.76749 -0.23864 0.56664 0.18147
1403636987.751666546 10.00496 -7.07681 -1.41842 0.76742 -0.23576 0.56819 0.18067
1403636987.851666451 10.04604 -7.04077 -1.40865 0.76796 -0.23487 0.56885 0.17744
1403636988.051666498 10.10727 -6.95969 -1.37398 0.77201 -0.24361 0.56485 0.16000
1403636988.151666403 10.13305 -6.92085 -1.35989 0.77399 -0.24872 0.56195 0.15261
1403636988.251666546 10.15429 -6.88465 -1.35024 0.77289 -0.25242 0.56302 0.14812
1403636988.351666451 10.17045 -6.85192 -1.34186 0.76678 -0.25370 0.57086 0.14764
1403636988.451666594 10.18087 -6.82223 -1.32832 0.76132 -0.25236 0.57814 0.14988
1403636988.551666498 10.18189 -6.79231 -1.30718 0.75802 -0.25097 0.58253 0.15189
1403636988.651666403 10.17316 -6.76298 -1.28292 0.75657 -0.25064 0.58447 0.15223
1403636988.751666546 10.15657 -6.73395 -1.26174 0.75549 -0.24973 0.58589 0.15363
1403636988.951666594 10.09221 -6.67597 -1.23675 0.75017 -0.25044 0.59270 0.15240
1403636989.051666498 10.04718 -6.64937 -1.23182 0.74756 -0.25152 0.59574 0.15159
1403636989.151666403 9.98891 -6.62791 -1.23482 0.74698 -0.25213 0.59620 0.15167
1403636989.251666546 9.92156 -6.59811 -1.22885 0.74948 -0.25155 0.59266 0.15415
1403636989.351666451 9.84497 -6.57498 -1.22318 0.75826 -0.24839 0.58064 0.16186
1403636989.551666498 9.66997 -6.52621 -1.19009 0.77363 -0.24815 0.55857 0.16707
1403636989.651666403 9.58229 -6.50240 -1.16769 0.77682 -0.24603 0.55395 0.17079
1403636989.751666546 9.49127 -6.47632 -1.14459 0.77900 -0.24340 0.55071 0.17502
1403636989.851666451 9.40878 -6.45107 -1.13772 0.77917 -0.24344 0.55048 0.17494
1403636989.951666594 9.32332 -6.42412 -1.13018 0.77528 -0.24351 0.55596 0.17477
1403636990.151666403 9.14305 -6.36394 -1.11426 0.76846 -0.24148 0.56575 0.17627
1403636990.251666546 9.05294 -6.33142 -1.09772 0.77043 -0.24018 0.56337 0.17711
1403636990.351666451 8.96114 -6.29707 -1.07547 0.77350 -0.23891 0.55968 0.17713
1403636990.451666594 8.86859 -6.25997 -1.05141 0.77679 -0.23806 0.55593 0.17572
1403636990.651666403 8.68045 -6.18110 -1.01777 0.78152 -0.23765 0.55094 0.17093
1403636990.751666546 8.59096 -6.14240 -1.01099 0.78346 -0.23575 0.54895 0.17107
1403636990.851666451 8.50399 -6.10223 -1.01174 0.78418 -0.23403 0.54856 0.17138
1403636991.051666498 8.32927 -6.02025 -1.02762 0.78357 -0.23308 0.54979 0.17152
1403636991.151666403 8.24819 -5.98035 -1.04112 0.78361 -0.23366 0.54943 0.17170
1403636991.251666546 8.16958 -5.94038 -1.05110 0.78427 -0.23401 0.54814 0.17237
1403636991.451666594 8.00695 -5.85296 -1.04912 0.78492 -0.23570 0.54621 0.17323
1403636991.551666498 7.93202 -5.80919 -1.03392 0.78430 -0.23801 0.54629 0.17261
1403636991.651666403 7.85939 -5.76483 -1.01117 0.78320 -0.24285 0.54673 0.16945
1403636991.851666451 7.70537 -5.67638 -0.95101 0.78004 -0.25630 0.54816 0.15926
1403636991.951666594 7.63055 -5.63696 -0.92313 0.77936 -0.25922 0.54775 0.15932
1403636992.051666498 7.55433 -5.60049 -0.90280 0.77872 -0.25748 0.54746 0.16607
1403636992.251666546 7.39704 -5.53156 -0.88076 0.77402 -0.25219 0.55229 0.17963
1403636992.351666451 7.32392 -5.49867 -0.87916 0.77415 -0.25261 0.55108 0.18219
1403636992.451666594 7.25374 -5.46651 -0.88118 0.77738 -0.25453 0.54537 0.18294
1403636992.551666498 7.18521 -5.43458 -0.87782 0.77947 -0.25575 0.54117 0.18482
1403636992.751666546 7.05078 -5.36905 -0.85120 0.78092 -0.25870 0.53696 0.18682
1403636992.851666451 6.99339 -5.33791 -0.83980 0.78084 -0.25908 0.53599 0.18944
1403636992.951666594 6.94063 -5.30651 -0.83420 0.78040 -0.25867 0.53563 0.19278
1403636993.051666498 6.89008 -5.27368 -0.83233 0.77687 -0.26066 0.53973 0.19294
1403636993.251666546 6.78569 -5.19613 -0.82608 0.77355 -0.25514 0.55156 0.17975
1403636993.351666451 6.73615 -5.15545 -0.81236 0.77587 -0.24427 0.55618 0.17036
1403636993.451666594 6.68474 -5.11315 -0.79068 0.77939 -0.22988 0.56067 0.15925
1403636993.551666498 6.64068 -5.07523 -0.76401 0.78392 -0.21274 0.56413 0.14822
1403636993.651666403 6.57684 -5.02562 -0.73311 0.78955 -0.19774 0.56469 0.13651
1403636993.851666451 6.46298 -4.94081 -0.68491 0.79662 -0.17717 0.56438 0.12440
1403636993.951666594 6.40875 -4.89936 -0.66964 0.79715 -0.17113 0.56629 0.12077
1403636994.051666498 6.35473 -4.85720 -0.65922 0.79419 -0.16543 0.57189 0.12182
1403636994.251666546 6.23879 -4.76763 -0.65394 0.78398 -0.15935 0.58686 0.12480
1403636994.351666451 6.18097 -4.72087 -0.65943 0.78077 -0.15828 0.59117 0.12593
1403636994.551666498 6.04738 -4.61646 -0.67351 0.78112 -0.16142 0.59039 0.12341
1403636994.751666546 5.89635 -4.49676 -0.65691 0.79129 -0.17272 0.57602 0.11059
1403636994.851666451 5.81583 -4.44113 -0.65301 0.79435 -0.18045 0.57112 0.10132
1403636994.951666594 5.73697 -4.38703 -0.64295 0.79483 -0.18406 0.56993 0.09768
1403636995.151666403 5.56861 -4.28469 -0.63321 0.78895 -0.17555 0.57857 0.10953
1403636995.251666546 5.48663 -4.23953 -0.62809 0.78698 -0.17129 0.58167 0.11394
1403636995.451666594 5.29536 -4.13148 -0.59311 0.79146 -0.16607 0.57646 0.11711
1403636995.651666403 5.10112 -4.02582 -0.53461 0.79572 -0.16741 0.57093 0.11334
1403636995.751666546 5.00640 -3.97423 -0.51078 0.79562 -0.16859 0.57103 0.11172
1403636995.951666594 4.81409 -3.86358 -0.47903 0.79706 -0.17943 0.56815 0.09853
1403636996.051666498 4.71134 -3.82871 -0.46595 0.79860 -0.17865 0.56590 0.10037
1403636996.251666546 4.51782 -3.74413 -0.44958 0.80111 -0.17239 0.56240 0.11052
1403636996.351666451 4.42170 -3.70918 -0.43631 0.80215 -0.16861 0.56194 0.11110
1403636996.551666498 4.23763 -3.63362 -0.37923 0.80573 -0.15029 0.56361 0.10279
1403636996.751666546 4.05467 -3.55917 -0.31744 0.81275 -0.11965 0.56433 0.08152
1403636996.851666451 3.96603 -3.51888 -0.31400 0.81614 -0.10134 0.56486 0.06768
1403636997.051666498 3.79139 -3.44510 -0.32043 0.82101 -0.06302 0.56619 0.03749
1403636997.151666403 3.70945 -3.41249 -0.33322 0.82324 -0.04735 0.56513 0.02556
1403636997.251666546 3.62992 -3.37951 -0.34734 0.82437 -0.03599 0.56462 0.01763
1403636997.451666594 3.48407 -3.32317 -0.36943 0.82526 -0.02432 0.56413 0.01078
1403636997.551666498 3.42126 -3.29433 -0.37084 0.82560 -0.02231 0.56371 0.01120
1403636997.751666546 3.32409 -3.25196 -0.34870 0.82706 -0.02338 0.56144 0.01475
1403636997.851666451 3.28971 -3.22180 -0.31950 0.82781 -0.02471 0.56022 0.01685
1403636998.051666498 3.23183 -3.17557 -0.25172 0.82824 -0.02911 0.55925 0.02030
1403636998.251666546 3.19248 -3.13338 -0.17693 0.82712 -0.03434 0.56064 0.01932
1403636998.351666451 3.17551 -3.11287 -0.14943 0.82715 -0.03564 0.56046 0.02075
1403636998.551666498 3.14706 -3.07189 -0.09879 0.82537 -0.03795 0.56290 0.02165
1403636998.651666403 3.13937 -3.05451 -0.07227 0.81932 -0.03651 0.57163 0.02475
1403636998.851666451 3.11494 -3.01757 0.01159 0.80951 -0.03289 0.58531 0.03197
1403636999.051666498 3.08453 -2.98343 0.07039 0.80880 -0.02891 0.58600 0.04013
1403636999.151666403 3.06986 -2.94988 0.09183 0.80993 -0.02828 0.58433 0.04209
1403636999.351666451 3.03100 -2.88991 0.11938 0.81347 -0.03163 0.57944 0.03902
1403636999.551666498 2.98967 -2.82245 0.13069 0.81154 -0.03654 0.58221 0.03314
1403636999.651666403 2.96852 -2.78653 0.12889 0.80940 -0.03772 0.58518 0.03175
1403636999.851666451 2.91844 -2.71340 0.11627 0.80833 -0.03901 0.58655 0.03224
1403637000.051666498 2.84447 -2.63961 0.10429 0.80857 -0.03463 0.58606 0.03932
1403637000.251666546 2.75615 -2.55524 0.12281 0.81170 -0.03519 0.58177 0.03813
1403637000.351666451 2.72459 -2.51149 0.12291 0.81229 -0.03586 0.58097 0.03706
1403637000.551666498 2.64718 -2.42050 0.12610 0.81177 -0.03527 0.58163 0.03856
1403637000.751666546 2.55932 -2.32517 0.14366 0.81086 -0.03672 0.58294 0.03669
1403637000.951666594 2.47173 -2.22497 0.17540 0.81055 -0.03900 0.58325 0.03619
1403637001.051666498 2.42628 -2.17335 0.18166 0.80991 -0.03967 0.58410 0.03598
1403637001.251666546 2.32509 -2.07190 0.18729 0.80939 -0.04210 0.58476 0.03416
1403637001.451666594 2.21288 -1.97033 0.21713 0.81219 -0.04460 0.58083 0.03156
1403637001.651666403 2.09663 -1.87029 0.25552 0.81506 -0.04786 0.57659 0.03062
1403637001.851666451 1.97959 -1.77363 0.27267 0.81502 -0.04860 0.57648 0.03248
1403637002.051666498 1.86723 -1.68328 0.26598 0.81662 -0.04829 0.57414 0.03398
1403637002.251666546 1.75842 -1.59770 0.24421 0.81735 -0.04893 0.57309 0.03334
1403637002.451666594 1.65351 -1.51401 0.22482 0.81723 -0.04587 0.57328 0.03721
1403637002.651666403 1.54644 -1.42238 0.23871 0.81691 -0.04313 0.57367 0.04115
1403637002.851666451 1.45249 -1.32960 0.25592 0.81669 -0.04563 0.57380 0.04096
1403637003.051666498 1.34191 -1.23287 0.26465 0.81644 -0.05025 0.57394 0.03873
1403637003.251666546 1.24489 -1.13808 0.24534 0.81593 -0.05248 0.57433 0.04059
1403637003.451666594 1.14990 -1.04415 0.23252 0.81281 -0.05515 0.57856 0.03951
1403637003.651666403 1.05466 -0.95099 0.24915 0.81257 -0.05813 0.57868 0.03836
1403637003.851666451 0.95504 -0.85923 0.27065 0.81438 -0.05812 0.57621 0.03727
1403637004.051666498 0.85738 -0.77401 0.26506 0.81930 -0.05229 0.56958 0.03995
1403637004.251666546 0.76282 -0.68929 0.24185 0.82138 -0.04872 0.56693 0.03950
1403637004.451666594 0.68145 -0.60499 0.24542 0.81861 -0.05188 0.57095 0.03454
1403637004.651666403 0.60732 -0.52478 0.29605 0.81278 -0.05961 0.57868 0.03112
1403637004.851666451 0.53533 -0.45657 0.33377 0.81290 -0.07476 0.57727 0.01919
1403637004.951666594 0.49730 -0.42580 0.33085 0.81698 -0.07722 0.57114 0.01956
1403637005.151666403 0.43048 -0.38240 0.30101 0.81839 -0.06932 0.56933 0.03602
1403637005.351666451 0.36570 -0.34997 0.25499 0.82094 -0.06555 0.56569 0.04193
1403637005.551666498 0.30934 -0.31609 0.20968 0.81705 -0.05927 0.57183 0.04384
1403637005.651666403 0.28523 -0.29553 0.19664 0.81912 -0.05971 0.56913 0.03950
1403637005.851666451 0.23480 -0.26225 0.20588 0.82209 -0.06066 0.56509 0.03403
1403637006.051666498 0.19274 -0.23152 0.22279 0.81766 -0.05760 0.57157 0.03776
1403637006.251666546 0.15655 -0.20130 0.23046 0.81847 -0.05953 0.57040 0.03474
1403637006.351666451 0.13648 -0.18639 0.23019 0.82466 -0.06160 0.56137 0.03174
1403637006.551666498 0.11145 -0.15998 0.22685 0.82806 -0.06703 0.55620 0.02143
1403637006.651666403 0.09947 -0.15443 0.22624 0.82303 -0.05982 0.56448 0.02015
1403637006.851666451 0.08895 -0.14534 0.21140 0.81717 -0.03237 0.57543 0.00780
1403637007.051666498 0.07329 -0.14030 0.19116 0.81859 0.00829 0.57418 -0.01279
1403637007.251666546 0.05654 -0.14223 0.16884 0.81389 0.03797 0.57928 -0.02393
1403637007.351666451 0.04470 -0.14344 0.16093 0.80863 0.04735 0.58588 -0.02475
1403637007.651666403 0.01133 -0.13714 0.11845 0.81837 0.05291 0.57160 -0.02734
1403637007.851666451 -0.00993 -0.12393 0.09271 0.82458 0.05084 0.56289 -0.02504
1403637007.951666594 -0.01788 -0.11336 0.08485 0.81733 0.04311 0.57364 -0.03246
1403637008.151666403 -0.03358 -0.09606 0.06707 0.82085 0.03952 0.56909 -0.02801
1403637008.251666546 -0.04238 -0.08741 0.05862 0.82892 0.03911 0.55749 -0.02397
1403637008.451666594 -0.05445 -0.06512 0.05652 0.82788 0.03695 0.55934 -0.01986
1403637008.551666498 -0.04051 -0.05800 0.06637 0.82069 0.03270 0.56997 -0.02287
1403637008.751666546 -0.02785 -0.03827 0.07151 0.81716 0.02038 0.57501 -0.03460
1403637008.851666451 -0.02276 -0.03190 0.06908 0.82156 0.01089 0.56811 -0.04660
1403637009.051666498 -0.00742 -0.03818 0.04996 0.82334 0.01277 0.56601 -0.03981
1403637009.251666546 0.01121 -0.06058 0.01213 0.82161 0.02863 0.56916 -0.01375
1403637009.351666451 0.02429 -0.07044 -0.01066 0.82076 0.03920 0.56992 0.00246
1403637009.451666594 0.03236 -0.07865 -0.02067 0.81605 0.04526 0.57588 -0.01957
1403637009.551666498 0.03831 -0.08228 -0.02892 0.80087 0.04731 0.59459 -0.05319
1403637009.651666403 0.03512 -0.08749 -0.03149 0.78455 0.03618 0.61529 -0.06782
1403637009.751666546 0.03327 -0.08976 -0.03752 0.79276 0.02255 0.60579 -0.06356
1403637009.851666451 0.03509 -0.08722 -0.03470 0.79124 0.02255 0.60762 -0.06502
1403637009.951666594 0.03571 -0.08661 -0.03090 0.79094 0.02258 0.60793 -0.06573
1403637010.051666498 0.03388 -0.08854 -0.02873 0.79088 0.02318 0.60796 -0.06596
1403637010.151666403 0.02922 -0.09220 -0.02731 0.79082 0.02375 0.60802 -0.06597
1403637010.351666451 0.02665 -0.09484 -0.02559 0.79089 0.02387 0.60794 -0.06587
1403637010.451666594 0.02600 -0.09516 -0.02579 0.79106 0.02378 0.60772 -0.06591
