1311868164.363181 0.0000146 0.0000887 -0.0000551 0.0000187 -0.0000256 -0.0000511 1.0000000
1311868164.930933 0.0806590 -0.0014397 -0.0467074 0.0125362 -0.0045582 -0.0176288 0.9997556
1311868164.963119 0.0896555 0.0026489 -0.0493610 0.0130570 -0.0052706 -0.0192835 0.9997149
1311868165.363060 0.2265128 0.0164601 -0.0715237 0.0078843 -0.0492289 -0.0365277 0.9980882
1311868166.163189 0.3238418 0.0833163 -0.1681243 -0.0246145 -0.0184248 -0.0271293 0.9991590
1311868166.863222 0.4040580 0.1507121 -0.2452136 -0.0448091 -0.0087740 -0.0212213 0.9987316
1311868167.531321 0.6231947 0.1364312 -0.2488975 -0.0343798 -0.0786215 -0.0635844 0.9942805
1311868168.663320 0.6884151 0.0353303 -0.1162085 -0.0259057 -0.1043361 -0.0673793 0.9919188
1311868169.199452 0.7075292 -0.0361881 -0.0296887 -0.0080550 -0.1511669 -0.0876187 0.9845845
1311868170.131345 0.8424524 -0.1983488 0.0858964 0.0410989 -0.2582951 -0.1232140 0.9572945
1311868170.663430 0.9483191 -0.1651992 0.0309931 0.0322710 -0.2634638 -0.1328848 0.9549277
1311868171.699419 1.1689433 -0.1518079 0.0458791 0.0182599 -0.3102393 -0.1722863 0.9347382
1311868172.063426 1.2620944 -0.1405984 0.0970899 -0.0007533 -0.3190977 -0.1905940 0.9283588
1311868172.699619 1.3674550 -0.1177650 0.1934174 -0.0497865 -0.3064940 -0.2111524 0.9268211
1311868172.931607 1.3829702 -0.1152041 0.2608321 -0.0776025 -0.2998708 -0.2160642 0.9259437
1311868173.431624 1.3910336 -0.1773496 0.3674539 -0.0765457 -0.3018494 -0.2271546 0.9227288
1311868173.799549 1.4153588 -0.2170957 0.4381347 -0.0757553 -0.3244545 -0.2265047 0.9152519
1311868174.267791 1.4815876 -0.3001110 0.5226150 -0.0434808 -0.3845564 -0.2656268 0.8829882
1311868174.567585 1.5184857 -0.3261544 0.5691382 -0.0402848 -0.4098423 -0.2727468 0.8694916
1311868174.799810 1.5179626 -0.3583547 0.6024793 -0.0349582 -0.4221955 -0.2629050 0.8668390
1311868175.231818 1.4693286 -0.4479982 0.6469758 0.0211086 -0.4295172 -0.2526452 0.8667409
1311868175.467702 1.4446726 -0.4824846 0.6829736 0.0409011 -0.4503235 -0.2187585 0.8646852
1311868175.731708 1.4348233 -0.5156614 0.7331637 0.0610976 -0.4679670 -0.2000219 0.8586414
1311868175.967871 1.4464097 -0.5513314 0.7794544 0.0718499 -0.4932493 -0.2019463 0.8430661
1311868176.231937 1.4861465 -0.5892171 0.8489230 0.0759713 -0.5263116 -0.2306483 0.8148778
1311868177.067892 1.5482666 -0.6470967 1.0493222 0.0326065 -0.5416942 -0.2605697 0.7985034
1311868177.531751 1.5022416 -0.6851323 1.1483752 0.0322086 -0.5337596 -0.2725257 0.7998706
1311868177.832005 1.4920888 -0.6966546 1.2142456 0.0142115 -0.5427217 -0.2885347 0.7886691
1311868178.100039 1.5198653 -0.7116798 1.2777021 0.0090547 -0.5771962 -0.3122201 0.7545072
1311868178.367989 1.5585672 -0.7279593 1.3396752 0.0193538 -0.5923022 -0.3317657 0.7339858
1311868178.632030 1.5981140 -0.7335594 1.3727797 -0.0017990 -0.6126875 -0.3319640 0.7172243
1311868178.967934 1.6846452 -0.7284847 1.3702894 -0.0098944 -0.6189454 -0.3314317 0.7120125
1311868179.567958 1.8831335 -0.7123117 1.3676240 -0.0318220 -0.5955769 -0.3428766 0.7257487
1311868179.899932 1.9596953 -0.7261191 1.4072223 -0.0389943 -0.5912147 -0.3510451 0.7250600
1311868180.232155 2.0252843 -0.7570351 1.4721761 -0.0484575 -0.6095735 -0.3605778 0.7043121
1311868180.568027 2.0784163 -0.7666839 1.5335628 -0.0643317 -0.6242720 -0.3715532 0.6841741
1311868181.500288 2.0750921 -0.8185285 1.6360841 -0.0642427 -0.6104993 -0.3677681 0.6985056
1311868181.968208 1.9504087 -0.8437340 1.6647706 -0.0609894 -0.6041282 -0.3676998 0.7043481
1311868182.300234 1.8418097 -0.8635244 1.6844461 -0.0579045 -0.6048117 -0.3604727 0.7077495
1311868182.600295 1.7486423 -0.8918695 1.7110841 -0.0517233 -0.6114696 -0.3509815 0.7072775
1311868182.968092 1.6192789 -0.9511399 1.7703135 -0.0229022 -0.6614224 -0.3508703 0.6624846
1311868183.300363 1.4876866 -1.0261171 1.8165467 0.0067878 -0.6939340 -0.3746999 0.6148248
1311868183.668587 1.3715247 -1.0663155 1.8406435 -0.0281712 -0.7310544 -0.3761040 0.5686050
1311868183.936316 1.2884474 -1.0871141 1.8453996 -0.0322697 -0.7281400 -0.3821023 0.5681273
1311868184.236434 1.1889390 -1.1209178 1.8471084 -0.0155311 -0.7292501 -0.3630219 0.5798001
1311868184.568437 1.0969791 -1.1377263 1.8695029 -0.0109826 -0.7382485 -0.3567038 0.5723906
1311868184.900445 0.9912852 -1.1860119 1.9031051 0.0035161 -0.7743406 -0.3550795 0.5237392
1311868185.200754 0.9102791 -1.2168007 1.9270606 -0.0143360 0.7902743 0.3614912 -0.4945556
1311868185.500443 0.8323046 -1.2355427 1.9461643 -0.0266241 0.7964491 0.3423766 -0.4977331
1311868185.836824 0.7740066 -1.2419229 1.9566474 0.0406602 -0.7998994 -0.3138506 0.5099074
1311868186.200391 0.7131938 -1.2418971 1.9955339 -0.0303790 0.8177269 0.3342354 -0.4676394
1311868186.800524 0.6998257 -1.2489988 2.0881290 -0.0083692 0.8449175 0.3708084 -0.3854161
1311868187.201269 0.7748852 -1.2668831 2.1386261 0.0024813 0.8382609 0.3803529 -0.3906970
1311868187.600502 0.8357583 -1.2877181 2.2054124 0.0045586 0.8177750 0.4068568 -0.4070513
1311868188.000735 0.8434927 -1.3115333 2.2957356 0.0035016 0.8273378 0.4106291 -0.3832540
1311868188.300900 0.8133196 -1.3165507 2.4108942 0.0114072 0.8342131 0.4328556 -0.3414594
1311868188.568686 0.8124760 -1.3090827 2.4750311 0.0265565 0.8304324 0.4550016 -0.3203909
1311868188.936521 0.8936287 -1.3207495 2.5508859 0.0499550 0.8225799 0.4701028 -0.3160224
1311868189.268669 0.9876448 -1.3378508 2.6152303 0.0625830 0.8049601 0.4909494 -0.3272482
1311868189.768868 1.0595804 -1.3699172 2.7122822 0.0677381 0.7913669 0.5091807 -0.3314891
1311868190.302512 1.0352546 -1.4367075 2.8594208 0.0659042 0.7879352 0.5057644 -0.3449886
1311868191.036646 1.0109109 -1.4912487 2.9817019 0.0705179 0.7880517 0.5002987 -0.3517145
1311868192.504708 0.8773348 -1.5105202 2.9545426 0.0564421 0.7821164 0.4970523 -0.3715473
1311868193.205121 0.8081342 -1.5133193 2.8555603 0.0521035 0.8010636 0.4863493 -0.3450314
1311868193.605992 0.7548231 -1.5466683 2.8269188 0.0408718 0.8151267 0.4970468 -0.2946906
1311868194.172673 0.7122567 -1.5933869 2.7990856 0.0277673 0.8273195 0.4856537 -0.2809125
1311868194.645036 0.6840560 -1.6326219 2.7691171 0.0223459 0.8348724 0.4709436 -0.2840792
1311868195.540776 0.6335041 -1.6941165 2.8589444 0.0167929 0.8410570 0.4520391 -0.2966509
1311868196.068988 0.6448777 -1.6953712 2.9719119 0.0268291 0.8223317 0.4693400 -0.3205788
1311868196.668957 0.7217960 -1.6972694 3.0647228 0.0695274 0.7923561 0.4807092 -0.3691293
1311868197.205086 0.7039587 -1.7296071 3.1828837 0.0640138 0.7863932 0.4900239 -0.3706273
1311868197.637079 0.6486961 -1.7529726 3.2871304 0.0622798 0.7880261 0.5172090 -0.3280717
1311868198.069220 0.6047794 -1.7515988 3.3579454 0.0729050 0.7790849 0.5311257 -0.3249879
1311868198.937129 0.4724753 -1.7388711 3.3758883 0.0696500 0.7782421 0.5431216 -0.3074199
1311868199.837168 0.3434255 -1.7249467 3.3771031 0.0776590 0.7947647 0.5479141 -0.2492152
1311868200.305197 0.2415757 -1.7556080 3.4225643 0.0595147 0.8064202 0.5561689 -0.1918870
1311868200.773365 0.1546951 -1.7812898 3.4880562 0.0585472 0.8057328 0.5658830 -0.1647522
1311868202.037477 0.0289359 -1.7766252 3.5150783 0.0550434 0.8069048 0.5702814 -0.1437153
1311868202.637392 -0.0746870 -1.7777431 3.5312116 0.0413244 0.8000386 0.5859944 -0.1218245
1311868203.137538 -0.1400939 -1.7918670 3.5100708 0.0387336 0.8183728 0.5641763 -0.1023268
1311868203.537432 -0.1608987 -1.8355882 3.4362502 0.0377008 0.8347563 0.5467122 -0.0535384
1311868203.937698 -0.2186063 -1.8726932 3.3616018 0.0287785 0.8277060 0.5603821 -0.0068153
1311868204.237660 -0.2822131 -1.9171576 3.3015954 0.0264948 0.8348696 0.5497156 0.0101719
1311868204.737693 -0.3654619 -1.9698913 3.2372434 0.0089659 0.8292404 0.5577953 0.0338279
1311868205.173557 -0.4230855 -2.0294263 3.1861525 0.0167241 0.8327307 0.5521373 0.0377385
1311868205.705594 -0.4616594 -2.0879083 3.1470056 0.0238355 0.8616654 0.5049760 0.0443157
1311868206.105664 -0.4663472 -2.1090443 3.1104183 0.0211559 0.8721114 0.4880919 0.0272100
1311868207.137747 -0.5205662 -2.0205548 3.1506271 -0.0090040 0.8665458 0.4964072 0.0509632
1311868207.473631 -0.5845448 -1.9935462 3.1840057 0.0031399 0.8593947 0.5054327 0.0772571
1311868207.805764 -0.6453264 -1.9548757 3.2246585 -0.0013565 0.8553693 0.5126165 0.0746049
1311868208.173832 -0.6962752 -1.9238156 3.2725315 -0.0139472 0.8492278 0.5232132 0.0697540
1311868208.537898 -0.7455400 -1.8931625 3.3313675 -0.0114615 0.8422657 0.5341532 0.0716767
1311868208.873831 -0.7962340 -1.8588548 3.3676584 -0.0027165 0.8305185 0.5522084 0.0727845
1311868209.441953 -0.8322185 -1.7569687 3.3822057 0.0043753 0.8148735 0.5762626 0.0623179
1311868210.573923 -0.8829627 -1.6345918 3.3390410 0.0062013 0.8141831 0.5738189 0.0883134
1311868211.306090 -0.9894950 -1.6230931 3.3175983 -0.0034112 0.8116639 0.5682633 0.1351549
1311868211.842132 -1.1297929 -1.6139841 3.3244848 -0.0150218 0.8073177 0.5701938 0.1512991
1311868212.542167 -1.2587689 -1.6053334 3.3273609 -0.0127482 0.8065565 0.5739803 0.1408928
1311868213.406010 -1.3295326 -1.5762479 3.2358682 -0.0185223 0.8141052 0.5602644 0.1516361
1311868214.006317 -1.3725679 -1.5460603 3.1589551 -0.0212908 0.8149022 0.5522046 0.1747886
1311868214.674410 -1.4218106 -1.5255523 3.1074965 -0.0040653 0.8109331 0.5425586 0.2190919
1311868215.074234 -1.4600792 -1.5169569 3.0565257 -0.0225242 0.8053685 0.5263022 0.2718092
1311868215.774735 -1.4780251 -1.5476673 2.9481969 -0.0336974 0.7978753 0.5029662 0.3305821
1311868216.106321 -1.4648347 -1.5778306 2.8932898 -0.0286335 0.7953824 0.4985990 0.3434327
1311868216.506418 -1.4689204 -1.6059544 2.8265681 -0.0217831 0.7966521 0.4938945 0.3477628
1311868216.874405 -1.4867647 -1.6331134 2.7726405 -0.0046878 0.8025168 0.4821644 0.3513721
1311868217.274712 -1.4942331 -1.6625826 2.7280436 -0.0069753 0.8129399 0.4731264 0.3394576
1311868218.710423 -1.4992195 -1.5938690 2.7430263 0.0102311 0.8179451 0.4590732 0.3465731
1311868219.074699 -1.5474067 -1.5457731 2.7505307 -0.0096537 0.8148304 0.4500484 0.3652598
1311868219.442491 -1.5877378 -1.4537364 2.7874422 0.0054394 0.8076883 0.4576676 0.3716860
1311868219.842777 -1.6164153 -1.3725090 2.8225679 0.0223006 0.7849295 0.4730525 0.3995120
1311868220.242513 -1.6334815 -1.3155575 2.8747153 0.0300297 0.7667385 0.4870719 0.4170986
1311868220.674598 -1.6696918 -1.2619767 2.9252436 0.0046921 0.7476406 0.5025102 0.4341601
1311868221.810774 -1.7611346 -1.2258681 2.9521606 -0.0020843 0.7422986 0.5105416 0.4339766
1311868222.875581 -1.8186775 -1.1814651 2.8518355 -0.0103303 0.7262818 0.5179212 0.4518469
1311868223.842828 -1.8607278 -1.1444216 2.7626045 -0.0019755 0.7162431 0.5102867 0.4760245
1311868224.410879 -1.9224217 -1.1158301 2.7008300 0.0065567 0.7094521 0.4981836 0.4984455
1311868224.775598 -1.9817157 -1.0864878 2.6443374 -0.0014599 0.7026665 0.4918307 0.5141597
1311868225.111236 -2.0218239 -1.0682118 2.5941904 -0.0058460 0.7013291 0.4844389 0.5228980
1311868225.479273 -2.0673664 -1.0504404 2.5662208 -0.0080352 0.6956905 0.4824303 0.5321759
1311868226.043782 -2.1175201 -1.0269101 2.5319631 -0.0044206 0.6824452 0.4788773 0.5522006
1311868226.411020 -2.1405768 -1.0085897 2.4972403 -0.0068189 0.6881652 0.4771456 0.5465476
1311868226.778492 -2.1454124 -0.9840225 2.4169402 -0.0042013 0.6847917 0.4838463 0.5449178
1311868227.144535 -2.1417809 -0.9531999 2.3139396 -0.0052300 0.6843761 0.4670604 0.5598719
1311868227.479018 -2.1293893 -0.9318391 2.2392683 0.0099808 0.6764204 0.4651291 0.5709735
1311868227.912471 -2.1323581 -0.9003183 2.1674538 0.0089138 0.6494734 0.4474443 0.6147345
1311868228.279971 -2.1605949 -0.8723009 2.0974956 0.0028696 0.6227443 0.4269884 0.6556388
1311868228.612450 -2.2027221 -0.8442275 2.0391889 -0.0047734 0.6144999 0.4138775 0.6716193
1311868229.012685 -2.2395401 -0.8129961 1.9677347 -0.0113880 0.6074361 0.4093132 0.6807014
1311868229.381047 -2.2180290 -0.8158655 1.9078074 -0.0094197 0.6076161 0.4219054 0.6728371
1311868229.782489 -2.1310799 -0.8335655 1.8426816 -0.0185313 0.5986949 0.4298589 0.6756051
1311868230.180570 -2.0308263 -0.8712891 1.7792947 -0.0146819 0.6020130 0.4361837 0.6686618
1311868230.443234 -1.9756427 -0.9000736 1.7269938 -0.0175622 0.5942487 0.4487478 0.6672222
1311868230.643420 -1.9299459 -0.8975775 1.6878352 -0.0023173 0.6009112 0.4651058 0.6500592
1311868230.884514 -1.9001197 -0.9098159 1.6451671 0.0000627 0.6071831 0.4468271 0.6570192
1311868231.313322 -1.8345532 -0.9288420 1.5619797 -0.0495079 0.6067221 0.4322875 0.6652555
1311868231.743341 -1.7456409 -0.9689036 1.5213492 -0.0758446 0.6029432 0.4311625 0.6669378
1311868232.143235 -1.6727251 -1.0324705 1.5068831 -0.0903410 0.5929247 0.4349979 0.6716067
1311868232.543326 -1.6016176 -1.0871677 1.5008762 -0.0890693 0.6010838 0.4463539 0.6569118
1311868233.243606 -1.5655142 -1.1481073 1.5127194 -0.0676694 0.6066741 0.4237905 0.6691554
1311868233.879475 -1.6432834 -1.0604711 1.4762378 -0.0521420 0.5873306 0.4108415 0.6953655
1311868234.311515 -1.7297186 -1.0050244 1.4110231 -0.0505315 0.5859631 0.3828159 0.7124225
1311868234.711442 -1.8274219 -0.9441901 1.3708222 -0.0533892 0.5815423 0.3619446 0.7266046
1311868235.143595 -1.9145811 -0.8646618 1.3292563 -0.0564587 0.5731510 0.3636851 0.7321499
1311868235.611793 -1.9627409 -0.7739179 1.2802484 -0.0437031 0.5798508 0.3672783 0.7259268
1311868236.079629 -1.9758968 -0.6899014 1.2429204 -0.0349413 0.5728022 0.3627491 0.7342274
1311868236.543672 -1.9637370 -0.6064348 1.1970572 -0.0390347 0.5498273 0.3564363 0.7544000
1311868236.947572 -1.9677092 -0.5451796 1.1738639 -0.0187601 0.5295393 0.3459899 0.7742914
1311868237.347705 -1.9724419 -0.4711119 1.1256759 0.0013028 0.5077345 0.3443743 0.7896900
1311868237.811811 -1.9936068 -0.3881392 1.0115939 -0.0199674 0.4788197 0.3117221 0.8204647
1311868238.211730 -2.0120499 -0.3133494 0.9299480 -0.0219878 0.4538917 0.3128421 0.8340436
1311868238.647718 -1.9943273 -0.2619027 0.8745143 -0.0185084 0.4464878 0.3149681 0.8373179
1311868239.011813 -1.9456012 -0.2152714 0.8331887 -0.0279168 0.4436223 0.3314611 0.8321980
1311868239.347666 -1.9084315 -0.1877995 0.8029023 -0.0210095 0.4202258 0.3126584 0.8515947
1311868239.747890 -1.8748869 -0.1470409 0.7795194 -0.0287108 0.3910494 0.3033057 0.8684824
1311868240.079916 -1.8649067 -0.1067535 0.7293932 -0.0352913 0.3620908 0.2838525 0.8871711
1311868240.379758 -1.8522396 -0.0569810 0.6503170 -0.0459718 0.3505844 0.2668411 0.8965339
1311868240.779858 -1.8621141 -0.0019188 0.5889007 -0.0563033 0.3385089 0.2585088 0.9030033
1311868241.379991 -1.7875850 -0.0661428 0.5382263 -0.0723650 0.3441050 0.2766310 0.8943323
1311868241.712640 -1.7167346 -0.1331606 0.5171227 -0.0620474 0.3369993 0.2878719 0.8942658
1311868242.047949 -1.6545463 -0.1788073 0.4777023 -0.0608629 0.3196415 0.2534784 0.9109740
1311868242.447942 -1.6103407 -0.1927772 0.4196134 -0.0607646 0.2826786 0.2271242 0.9299543
1311868242.948092 -1.5682524 -0.1771508 0.3884474 -0.0478611 0.2775658 0.2058365 0.9371755
1311868243.348087 -1.5287745 -0.1511586 0.3606098 -0.0326288 0.2745423 0.2140704 0.9368755
1311868243.680036 -1.4920998 -0.1237358 0.3028673 -0.0424062 0.2428302 0.1804806 0.9521880
1311868244.080141 -1.4443933 -0.0634684 0.2259287 -0.0603090 0.2014578 0.1567704 0.9649873
1311868244.480101 -1.4175590 0.0154163 0.1734847 -0.0580920 0.1831446 0.1360408 0.9718931
1311868244.848096 -1.3758972 0.0757577 0.1441528 -0.0621286 0.1876171 0.1476363 0.9690941
1311868245.212180 -1.3117105 0.1177518 0.1388797 -0.0712427 0.2044824 0.1370205 0.9666110
1311868245.612262 -1.2280626 0.1457903 0.1129296 -0.0498224 0.1615956 0.1281060 0.9772376
1311868246.016098 -1.1483219 0.2045876 0.0750727 -0.0650915 0.1443959 0.1456216 0.9765794
1311868246.380220 -1.1065376 0.2502072 0.0050961 -0.0836000 0.1272504 0.1289740 0.9798898
1311868246.816180 -1.0857515 0.3173138 -0.0760586 -0.0990649 0.1329903 0.1309226 0.9774247
1311868247.648229 -0.9693139 0.2746311 -0.0809917 -0.0950915 0.1397243 0.1358795 0.9762026
1311868248.080326 -0.8681849 0.2078921 -0.0318633 -0.0873670 0.1324047 0.1272932 0.9790978
1311868248.380451 -0.8037006 0.1678112 -0.0044361 -0.0954912 0.1132466 0.1197261 0.9816936
1311868248.748482 -0.6967264 0.1233274 0.0200679 -0.1128480 0.0870107 0.0803724 0.9865266
1311868249.080657 -0.5984172 0.0755377 0.0326629 -0.1261154 0.0790166 0.0770365 0.9858583
1311868249.416459 -0.5366311 0.0466807 0.0588768 -0.1234797 0.0817037 0.0754867 0.9860928
1311868249.716340 -0.5016239 -0.0097876 0.0959410 -0.1163925 0.0852375 0.0731879 0.9868287
1311868250.080466 -0.4737197 -0.0802208 0.1602243 -0.1049098 0.0998960 0.0724926 0.9867926
1311868250.448319 -0.4578887 -0.1546272 0.2141098 -0.0941656 0.0927500 0.0738314 0.9884732
1311868250.816420 -0.4515858 -0.2178455 0.2454428 -0.0855222 0.0817298 0.0727130 0.9903126
1311868251.780606 -0.3764864 -0.1594740 0.1918342 -0.0753986 0.0720053 0.0458880 0.9934911
1311868252.116709 -0.3027374 -0.1278643 0.1401623 -0.0764504 0.0645519 0.0365475 0.9943101
1311868252.480598 -0.2073682 -0.0805936 0.0719309 -0.0809538 0.0468120 0.0034359 0.9956120
1311868252.816693 -0.1246607 -0.0268813 0.0285256 -0.0964087 0.0362005 0.0101728 0.9946313
1311868253.916916 0.1261112 0.0243555 0.0423426 -0.1064721 0.0288748 0.0281150 0.9934986
1311868254.680858 0.3338220 0.0691803 0.0203460 -0.1307516 -0.0484255 -0.0268908 0.9898666
1311868255.349004 0.4742255 0.1178335 -0.0142795 -0.1459433 -0.0829413 -0.0334882 0.9852410
1311868255.884951 0.5580103 0.1167296 0.0058946 -0.1453839 -0.0850153 -0.0351468 0.9850891
1311868256.484903 0.6970275 0.0549797 0.0743135 -0.1349287 -0.1019209 -0.0564691 0.9839805
1311868257.116964 0.8261956 -0.0176615 0.1429128 -0.1167379 -0.1466520 -0.0830204 0.9787610
1311868257.785459 0.9554515 -0.1250196 0.1915007 -0.1212426 -0.2037763 -0.1400711 0.9613301
1311868258.349077 0.9731933 -0.2384539 0.2652470 -0.1472446 -0.2398466 -0.1760097 0.9432991
1311868259.048922 0.9648887 -0.4025416 0.3925416 -0.1233912 -0.2659683 -0.1848188 0.9380178
1311868259.717139 1.0300682 -0.4843638 0.5218123 -0.0922503 -0.2933516 -0.2292646 0.9235110
