1311868164.363181 0.0000005 -0.0000049 -0.0000000 0.0000020 0.0000006 0.0000035 1.0000000
1311868164.831006 0.0510234 0.0006334 -0.0407622 0.0038770 -0.0051356 -0.0142029 0.9998784
1311868164.999037 0.0926135 0.0038054 -0.0497472 0.0115162 -0.0064914 -0.0193505 0.9997253
1311868165.331226 0.2087382 0.0199196 -0.0713160 0.0104797 -0.0437426 -0.0354697 0.9983580
1311868165.663251 0.2997471 0.0399366 -0.0839628 -0.0061305 -0.0563373 -0.0353187 0.9977680
1311868166.163189 0.3163148 0.0876314 -0.1685806 -0.0234009 -0.0165411 -0.0265964 0.9992354
1311868166.499195 0.3325670 0.1418040 -0.2157631 -0.0537018 0.0023243 -0.0228887 0.9982920
1311868167.363275 0.5690124 0.1424159 -0.2535706 -0.0330621 -0.0639574 -0.0614675 0.9955090
1311868168.699557 0.6802633 0.0358293 -0.1134211 -0.0243654 -0.1019472 -0.0679633 0.9921663
1311868169.263274 0.7051570 -0.0453445 -0.0203484 -0.0033693 -0.1612909 -0.0934149 0.9824702
1311868169.531434 0.7380977 -0.1116162 0.0311517 0.0185785 -0.2116569 -0.1276967 0.9687878
1311868170.463383 0.8989744 -0.1774308 0.0491940 0.0392963 -0.2591856 -0.1298657 0.9562497
1311868171.599490 1.1319416 -0.1492837 0.0306368 0.0214802 -0.3011656 -0.1664551 0.9386856
1311868172.063426 1.2517601 -0.1362614 0.0909525 -0.0001015 -0.3161421 -0.1905867 0.9293712
1311868172.363479 1.3107426 -0.1268664 0.1283316 -0.0210682 -0.3186505 -0.1998075 0.9263341
1311868172.763469 1.3668989 -0.1115154 0.2029996 -0.0599862 -0.3000013 -0.2098279 0.9286405
1311868173.167457 1.3769521 -0.1349554 0.3132773 -0.0833533 -0.2936409 -0.2257113 0.9251387
1311868173.631603 1.3983698 -0.1933887 0.3977588 -0.0780613 -0.3057796 -0.2222135 0.9225109
1311868173.967631 1.4240156 -0.2419389 0.4565232 -0.0606518 -0.3475455 -0.2442094 0.9032692
1311868174.399743 1.4974948 -0.3102852 0.5384230 -0.0402952 -0.3924471 -0.2704575 0.8781881
1311868175.167807 1.4742173 -0.4243673 0.6296197 0.0003933 -0.4238725 -0.2549599 0.8690957
1311868175.599867 1.4301742 -0.4910280 0.6940773 0.0507358 -0.4563332 -0.2042399 0.8645646
1311868176.331871 1.4996220 -0.6029928 0.8701974 0.0696597 -0.5302258 -0.2397789 0.8102556
1311868176.631719 1.5413591 -0.6171349 0.9576349 0.0454090 -0.5367659 -0.2563746 0.8025537
1311868177.431827 1.5017815 -0.6881632 1.1158074 0.0374254 -0.5328838 -0.2763690 0.7989082
1311868177.767937 1.4893003 -0.6936656 1.1908422 0.0174956 -0.5322071 -0.2868869 0.7963324
1311868177.967919 1.5009847 -0.7043046 1.2341983 0.0139946 -0.5546089 -0.2999861 0.7760293
1311868178.131987 1.5202394 -0.7152540 1.2744284 0.0094330 -0.5785725 -0.3181276 0.7509725
1311868178.299815 1.5458536 -0.7311395 1.3166785 0.0205683 -0.5848017 -0.3302165 0.7406355
1311868178.467895 1.5704581 -0.7290302 1.3439708 0.0077472 -0.5996450 -0.3338610 0.7272570
1311868178.632030 1.5971661 -0.7340393 1.3601177 -0.0020618 -0.6098834 -0.3323251 0.7194428
1311868179.000009 1.6951848 -0.7272613 1.3571572 -0.0089633 -0.6151248 -0.3318886 0.7151161
1311868179.300467 1.8048823 -0.7148626 1.3467499 -0.0168217 -0.6057538 -0.3359174 0.7210678
1311868179.800056 1.9358087 -0.7207620 1.3780253 -0.0390362 -0.5848202 -0.3473262 0.7320014
1311868180.299978 2.0380323 -0.7608616 1.4702408 -0.0520905 -0.6098453 -0.3622657 0.7029501
1311868180.899974 2.1023107 -0.7894160 1.5617044 -0.0653363 -0.6205433 -0.3708713 0.6878311
1311868182.032194 1.9252779 -0.8496594 1.6512880 -0.0591200 -0.6019539 -0.3670525 0.7067028
1311868182.468090 1.7920510 -0.8746594 1.6883512 -0.0602787 -0.6008722 -0.3586511 0.7118205
1311868182.800181 1.6810790 -0.9231601 1.7266992 -0.0340849 -0.6352302 -0.3441150 0.6905836
1311868183.068333 1.5783110 -0.9770085 1.7746511 -0.0159103 -0.6683963 -0.3553496 0.6532380
1311868183.400232 1.4562021 -1.0408902 1.8106999 0.0140585 -0.7020760 -0.3821282 0.6007243
1311868183.636216 1.3867782 -1.0608220 1.8254933 -0.0238346 -0.7279357 -0.3774367 0.5719117
1311868183.868506 1.3134217 -1.0787740 1.8343533 -0.0310346 -0.7262795 -0.3791921 0.5725105
1311868184.070267 1.2399027 -1.1074340 1.8301861 -0.0173548 -0.7231382 -0.3766223 0.5787276
1311868184.300643 1.1748731 -1.1230417 1.8402102 -0.0142042 -0.7244660 -0.3620105 0.5864261
1311868184.636350 1.0798774 -1.1415644 1.8647324 -0.0146354 -0.7422615 -0.3559894 0.5675432
1311868184.836324 1.0117682 -1.1746752 1.8865273 -0.0008964 -0.7656437 -0.3562992 0.5355744
1311868185.036432 0.9527783 -1.2061409 1.9079930 0.0111397 -0.7797114 -0.3598035 0.5123158
1311868185.236390 0.8995323 -1.2205068 1.9215097 -0.0133664 0.7899302 0.3617164 -0.4949676
1311868185.468575 0.8391924 -1.2310379 1.9376582 -0.0212079 0.7951843 0.3439936 -0.4988993
1311868185.701972 0.7930126 -1.2411315 1.9427658 0.0444872 -0.7946553 -0.3280483 0.5088499
1311868186.000413 0.7445846 -1.2392710 1.9620563 -0.0326373 0.8044155 0.3206568 -0.4990288
1311868186.200391 0.7128244 -1.2413049 1.9883902 -0.0293143 0.8156404 0.3343510 -0.4712545
1311868186.500490 0.6806948 -1.2434573 2.0395746 -0.0171734 0.8369160 0.3603897 -0.4115775
1311868186.968636 0.7245055 -1.2544088 2.1006360 -0.0017085 0.8430750 0.3775840 -0.3829516
1311868187.436706 0.8177689 -1.2759168 2.1661403 0.0064563 0.8221731 0.4038193 -0.4011481
1311868187.936595 0.8472264 -1.3063550 2.2667108 0.0063510 0.8213481 0.4104368 -0.3960916
1311868188.136705 0.8352420 -1.3176636 2.3334951 0.0116438 0.8314624 0.4157676 -0.3683368
1311868188.336811 0.8136363 -1.3120383 2.4148746 0.0106212 0.8310254 0.4385955 -0.3419325
1311868188.601444 0.8195152 -1.3098928 2.4724545 0.0308696 0.8293858 0.4556622 -0.3217735
1311868189.000574 0.9191661 -1.3218970 2.5529218 0.0665268 0.8180302 0.4742744 -0.3185349
1311868189.468797 1.0354960 -1.3490793 2.6363399 0.0622791 0.7935475 0.5026527 -0.3372596
1311868190.002005 1.0605299 -1.3927703 2.7604070 0.0682294 0.7844232 0.5105234 -0.3455297
1311868190.736730 1.0258586 -1.4805108 2.9309490 0.0639414 0.7863079 0.5004703 -0.3565962
1311868192.404725 0.9078112 -1.5098385 2.9554768 0.0567249 0.7794195 0.5007367 -0.3722236
1311868193.205121 0.8204083 -1.5114636 2.8424680 0.0525088 0.7988791 0.4863586 -0.3499860
1311868193.738312 0.7550019 -1.5589406 2.8037975 0.0336641 0.8187459 0.4938172 -0.2909749
1311868194.408223 0.7070932 -1.6123520 2.7687042 0.0289909 0.8285668 0.4826973 -0.2822054
1311868195.168943 0.6672801 -1.6689975 2.7783926 0.0272763 0.8422647 0.4554316 -0.2871031
1311868195.737290 0.6418043 -1.6929680 2.8919411 0.0201098 0.8315891 0.4643385 -0.3040476
1311868196.437163 0.7102249 -1.6986642 3.0144949 0.0459262 0.8032228 0.4738891 -0.3579846
1311868197.205086 0.7201009 -1.7308767 3.1692085 0.0642841 0.7838095 0.4906274 -0.3752265
1311868197.869114 0.6448479 -1.7554097 3.3183851 0.0710227 0.7820666 0.5261030 -0.3264096
1311868199.105139 0.4611800 -1.7379565 3.3615577 0.0683620 0.7773476 0.5449688 -0.3067024
1311868200.169388 0.2908917 -1.7482762 3.3921015 0.0623988 0.8030699 0.5542312 -0.2097925
1311868200.973447 0.1516132 -1.7912080 3.4987845 0.0637023 0.8060590 0.5651514 -0.1637522
1311868202.473421 -0.0183319 -1.7759174 3.5179930 0.0523786 0.7985594 0.5862458 -0.1259966
1311868203.173538 -0.1228974 -1.7969303 3.4983687 0.0477194 0.8175479 0.5650769 -0.1001320
1311868203.637527 -0.1522594 -1.8481491 3.4078536 0.0366301 0.8342674 0.5481215 -0.0471053
1311868204.205500 -0.2558861 -1.9156423 3.3010507 0.0290705 0.8331466 0.5522784 0.0031992
1311868204.637637 -0.3346855 -1.9612509 3.2385228 0.0181982 0.8272695 0.5608140 0.0279590
1311868205.037739 -0.3947052 -2.0140963 3.1923976 0.0199619 0.8269981 0.5603356 0.0412265
1311868205.573643 -0.4331698 -2.0763617 3.1453214 0.0252805 0.8532656 0.5192766 0.0406260
1311868206.205696 -0.4561781 -2.1191263 3.0929499 0.0256278 0.8759251 0.4814131 0.0184344
1311868207.805764 -0.6257917 -1.9585104 3.2211637 0.0021539 0.8546233 0.5147744 0.0679826
1311868208.105716 -0.6685539 -1.9298530 3.2597661 -0.0057624 0.8501495 0.5227043 0.0631898
1311868208.773982 -0.7649229 -1.8784633 3.3563333 -0.0010588 0.8338471 0.5476447 0.0691602
1311868209.505812 -0.8150800 -1.7467479 3.3771996 0.0102308 0.8140565 0.5779819 0.0560738
1311868211.274088 -0.9590270 -1.6284482 3.3216531 0.0018211 0.8118535 0.5700557 0.1262027
1311868212.242313 -1.1947150 -1.6132560 3.3416424 -0.0120441 0.8033350 0.5779266 0.1432089
1311868213.406010 -1.3101332 -1.5822308 3.2428994 -0.0153803 0.8135778 0.5626078 0.1460380
1311868214.442184 -1.3811505 -1.5411284 3.1340752 0.0033063 0.8117568 0.5520210 0.1905591
1311868215.106202 -1.4471641 -1.5219420 3.0588067 -0.0191745 0.8051976 0.5282269 0.2688226
1311868215.574139 -1.4659511 -1.5400822 2.9869456 -0.0314700 0.7997859 0.5163481 0.3045272
1311868216.506418 -1.4562070 -1.6114745 2.8309999 -0.0183537 0.7966373 0.4974309 0.3429207
1311868216.974559 -1.4774638 -1.6432309 2.7638266 -0.0026352 0.8051100 0.4833811 0.3437057
1311868217.442485 -1.4863777 -1.6767619 2.7252936 -0.0029519 0.8184451 0.4676688 0.3338035
1311868218.710423 -1.4878641 -1.5979569 2.7489257 0.0134940 0.8182804 0.4621686 0.3415191
1311868219.210391 -1.5538812 -1.5197706 2.7696981 -0.0006195 0.8147406 0.4517067 0.3635359
1311868219.442491 -1.5784738 -1.4581839 2.7951465 0.0093523 0.8079618 0.4609089 0.3669785
1311868219.710785 -1.5992924 -1.3979613 2.8182774 0.0242558 0.7891037 0.4785246 0.3843713
1311868220.042788 -1.6132114 -1.3503146 2.8590443 0.0349758 0.7794455 0.4769349 0.4046905
1311868220.442609 -1.6355041 -1.2931149 2.9119585 0.0223588 0.7605992 0.4912271 0.4238925
1311868220.942980 -1.6884402 -1.2438402 2.9471793 0.0079000 0.7393297 0.5157233 0.4328495
1311868222.674911 -1.7979681 -1.1959243 2.8906798 -0.0018403 0.7366339 0.5173898 0.4355168
1311868224.075595 -1.8694937 -1.1355255 2.7596142 0.0137351 0.7139985 0.5148232 0.4743149
1311868224.674856 -1.9515022 -1.0995799 2.6754749 0.0038374 0.7060356 0.4950219 0.5064113
1311868225.143930 -2.0141149 -1.0711131 2.6104765 -0.0017903 0.7032832 0.4859075 0.5189253
1311868225.910765 -2.0985537 -1.0350592 2.5602045 0.0000782 0.6860086 0.4821587 0.5448992
1311868226.444052 -2.1322639 -1.0056994 2.5135639 -0.0008913 0.6903690 0.4802631 0.5410519
1311868226.810784 -2.1385381 -0.9807189 2.4325118 0.0015601 0.6855661 0.4851836 0.5427648
1311868227.077103 -2.1337633 -0.9606876 2.3549039 0.0027298 0.6844080 0.4753288 0.5528479
1311868227.377762 -2.1267114 -0.9381871 2.2836952 0.0118078 0.6820622 0.4683584 0.5615088
1311868227.744281 -2.1240375 -0.9131454 2.2239332 0.0155715 0.6663421 0.4565386 0.5893372
1311868227.979289 -2.1332660 -0.8964908 2.1853220 0.0110517 0.6490945 0.4428384 0.6184241
1311868228.214746 -2.1521072 -0.8762868 2.1407433 0.0080460 0.6312734 0.4315929 0.6443265
1311868228.545801 -2.1923189 -0.8509443 2.0790141 0.0041262 0.6179360 0.4188947 0.6653310
1311868228.779112 -2.2192605 -0.8366232 2.0383139 -0.0062767 0.6134459 0.4108075 0.6744493
1311868229.080635 -2.2412043 -0.8082758 1.9888159 -0.0034293 0.6139534 0.4128945 0.6727315
1311868229.315238 -2.2331049 -0.8165354 1.9520715 -0.0014376 0.6179231 0.4127221 0.6692005
1311868229.547820 -2.1873798 -0.8151010 1.9149606 -0.0082907 0.6017241 0.4289327 0.6737033
1311868229.812669 -2.1234412 -0.8408157 1.8640183 -0.0137370 0.6028707 0.4331934 0.6698520
1311868230.047030 -2.0652056 -0.8632033 1.8261309 -0.0106663 0.6012684 0.4351116 0.6701048
1311868230.312518 -2.0054679 -0.8907749 1.7787421 -0.0140817 0.6122407 0.4334342 0.6611338
1311868230.582035 -1.9535954 -0.9009367 1.7319615 -0.0003224 0.6002449 0.4648464 0.6508639
1311868230.843194 -1.9045258 -0.9124615 1.6727093 0.0077979 0.6113662 0.4483134 0.6520627
1311868231.180564 -1.8599284 -0.9272109 1.6057347 -0.0230075 0.6166876 0.4283904 0.6600369
1311868231.582970 -1.7836858 -0.9488721 1.5524046 -0.0649751 0.6031404 0.4395780 0.6623981
1311868231.911236 -1.7206310 -0.9963502 1.5324388 -0.0738209 0.6014321 0.4432270 0.6605904
1311868232.280974 -1.6560926 -1.0518818 1.5232692 -0.0869632 0.5950480 0.4399754 0.6669161
1311868232.811594 -1.5785427 -1.1219846 1.5178409 -0.0773621 0.6090878 0.4441526 0.6524995
1311868234.043413 -1.6813854 -1.0333018 1.4675169 -0.0475230 0.5904437 0.4114649 0.6926864
1311868234.343505 -1.7474613 -1.0013232 1.4305060 -0.0468383 0.5914245 0.3788520 0.7102777
1311868234.679531 -1.8286281 -0.9523955 1.3992659 -0.0502372 0.5874096 0.3631605 0.7214851
1311868235.111629 -1.9181894 -0.8721912 1.3579135 -0.0526863 0.5787429 0.3644169 0.7276546
1311868235.411537 -1.9604819 -0.8171772 1.3267924 -0.0429711 0.5781651 0.3720122 0.7249039
1311868235.779537 -1.9843066 -0.7502679 1.2956375 -0.0404335 0.5945303 0.3640728 0.7157861
1311868236.079629 -1.9858856 -0.6950556 1.2699407 -0.0320052 0.5778059 0.3647219 0.7294477
1311868236.443514 -1.9770015 -0.6278228 1.2329904 -0.0392601 0.5590478 0.3565022 0.7475496
1311868236.811656 -1.9704690 -0.5707063 1.2077111 -0.0171655 0.5445577 0.3498424 0.7620844
1311868237.047783 -1.9778023 -0.5319284 1.1958816 -0.0100368 0.5305321 0.3533289 0.7704503
1311868237.447678 -1.9864013 -0.4572473 1.1311872 0.0012949 0.5088382 0.3434752 0.7893711
1311868238.011682 -2.0188210 -0.3577278 0.9943233 -0.0171176 0.4716283 0.3148254 0.8235039
1311868238.647718 -2.0067360 -0.2706789 0.9029364 -0.0176071 0.4521337 0.3178228 0.8332189
1311868239.147701 -1.9434271 -0.2116968 0.8495991 -0.0276980 0.4492221 0.3127014 0.8364509
1311868239.679838 -1.8992260 -0.1626399 0.8135410 -0.0252577 0.4040682 0.3056407 0.8617858
1311868240.111831 -1.8809516 -0.1077509 0.7469763 -0.0351769 0.3681067 0.2859699 0.8840143
1311868240.547745 -1.8750967 -0.0383818 0.6432917 -0.0575612 0.3536355 0.2540014 0.8983940
1311868241.447810 -1.7932920 -0.0829828 0.5569463 -0.0683232 0.3488381 0.2792028 0.8920144
1311868241.847976 -1.7082750 -0.1574709 0.5263002 -0.0612949 0.3369701 0.2788250 0.8971905
1311868242.147934 -1.6570911 -0.1911156 0.4819541 -0.0640782 0.3143635 0.2480872 0.9140691
1311868243.312010 -1.5537378 -0.1575752 0.3792606 -0.0315980 0.2844104 0.2182246 0.9330007
1311868243.680036 -1.5133507 -0.1246019 0.3190072 -0.0405836 0.2487193 0.1828434 0.9502947
1311868244.212047 -1.4543654 -0.0391869 0.2173792 -0.0493657 0.1996995 0.1470704 0.9674985
1311868244.712115 -1.4195669 0.0581761 0.1601394 -0.0578152 0.1804789 0.1351289 0.9725353
1311868245.179920 -1.3374631 0.1224888 0.1509051 -0.0707980 0.2083384 0.1391196 0.9655198
1311868245.680250 -1.2311869 0.1625219 0.1215440 -0.0503840 0.1715128 0.1351578 0.9745651
1311868245.880182 -1.1893952 0.1915857 0.1009772 -0.0523788 0.1546727 0.1561462 0.9741412
1311868246.316184 -1.1307733 0.2543508 0.0306643 -0.0788966 0.1337731 0.1317849 0.9790367
1311868246.780364 -1.1066238 0.3256178 -0.0604996 -0.0954660 0.1356978 0.1340805 0.9769825
1311868247.816205 -0.9495423 0.2616829 -0.0593500 -0.0890883 0.1403222 0.1317026 0.9772550
1311868248.248345 -0.8516498 0.1887498 -0.0105530 -0.0876389 0.1219959 0.1303552 0.9800224
1311868248.580330 -0.7607934 0.1552371 0.0214789 -0.0988520 0.0958522 0.1113179 0.9841996
1311868248.816469 -0.6905392 0.1133423 0.0287795 -0.1175316 0.0800442 0.0797864 0.9866171
1311868249.016517 -0.6361381 0.0938017 0.0386622 -0.1227184 0.0793561 0.0796033 0.9860559
1311868249.216410 -0.5837904 0.0699507 0.0486275 -0.1297548 0.0856395 0.0759818 0.9849144
1311868249.448316 -0.5457971 0.0433159 0.0657482 -0.1210204 0.0850417 0.0771762 0.9859847
1311868249.648364 -0.5202971 0.0070043 0.0877264 -0.1117927 0.0913976 0.0741105 0.9867404
1311868249.980348 -0.4889257 -0.0567885 0.1463789 -0.1082632 0.0976777 0.0762333 0.9863704
1311868250.216361 -0.4785429 -0.1089209 0.1859460 -0.1010780 0.1015933 0.0743103 0.9868840
1311868250.480450 -0.4686814 -0.1583783 0.2196813 -0.0918334 0.0957294 0.0743063 0.9883729
1311868250.716511 -0.4599797 -0.2018937 0.2412823 -0.0891560 0.0855259 0.0780501 0.9892647
1311868251.080543 -0.4659776 -0.2281981 0.2499502 -0.0699420 0.0789388 0.0595802 0.9926364
1311868251.616591 -0.4158515 -0.1763364 0.2198302 -0.0768942 0.0791401 0.0575055 0.9922284
1311868251.916574 -0.3602950 -0.1420865 0.1756318 -0.0777406 0.0725602 0.0471417 0.9932115
1311868252.180550 -0.2940894 -0.1181400 0.1279748 -0.0749479 0.0622184 0.0320997 0.9947267
1311868252.448807 -0.2280539 -0.0831664 0.0781846 -0.0775513 0.0538599 0.0032401 0.9955272
1311868252.948689 -0.1035412 -0.0078496 0.0204610 -0.0996226 0.0370208 0.0148031 0.9942262
1311868253.648742 0.0615692 0.0217686 0.0331881 -0.1081454 0.0425143 0.0215861 0.9929910
1311868254.816878 0.3626223 0.0848658 0.0133199 -0.1378597 -0.0580223 -0.0284720 0.9883407
1311868255.216885 0.4459765 0.1168446 -0.0114161 -0.1439767 -0.0771788 -0.0317588 0.9860556
1311868255.916866 0.5563936 0.1182449 0.0065333 -0.1446432 -0.0825566 -0.0331851 0.9854752
1311868256.348901 0.6612898 0.0721451 0.0586632 -0.1424009 -0.0950016 -0.0563800 0.9836249
1311868256.816832 0.7620134 0.0175734 0.1091839 -0.1223224 -0.1151826 -0.0558420 0.9842011
1311868257.317019 0.8621747 -0.0472135 0.1532020 -0.1237638 -0.1579273 -0.1042251 0.9741040
1311868257.816852 0.9498156 -0.1262372 0.1898535 -0.1186624 -0.2013470 -0.1458147 0.9613099
1311868258.384969 0.9640139 -0.2427763 0.2679106 -0.1474267 -0.2384140 -0.1757544 0.9436814
1311868258.917705 0.9548562 -0.3771856 0.3634897 -0.1288213 -0.2549478 -0.1756342 0.9421037
1311868259.449140 0.9879890 -0.4689128 0.4715535 -0.1034336 -0.2903315 -0.2134550 0.9270632
1311868260.017107 1.0554557 -0.4917499 0.5389089 -0.0853029 -0.3040209 -0.2250863 0.9217542
1311868261.350547 0.9884452 -0.4421169 0.5072218 -0.1028001 -0.3215561 -0.2301609 0.9127211
