1311868164.399026 0.0000078 -0.0000047 -0.0000154 0.0000034 -0.0000057 -0.0000003 1.0000000
1311868164.863058 0.0624183 -0.0016944 -0.0403922 0.0086751 -0.0043151 -0.0141356 0.9998531
1311868164.999037 0.0944486 0.0014014 -0.0470475 0.0129999 -0.0058451 -0.0183328 0.9997303
1311868165.331226 0.2111017 0.0171516 -0.0697053 0.0119346 -0.0431075 -0.0345448 0.9984017
1311868166.499195 0.3358174 0.1420516 -0.2127170 -0.0517479 0.0026319 -0.0221292 0.9984115
1311868167.699226 0.6470249 0.1373695 -0.2457455 -0.0332284 -0.0818665 -0.0629444 0.9940985
1311868168.963348 0.6891091 0.0075917 -0.0687965 -0.0202854 -0.1170667 -0.0721030 0.9902954
1311868170.031274 0.8212070 -0.1849992 0.0890492 0.0419660 -0.2486888 -0.1307449 0.9588006
1311868171.531471 1.1184977 -0.1499834 0.0265138 0.0228827 -0.2986238 -0.1613871 0.9403480
1311868171.799464 1.1944033 -0.1447400 0.0552077 0.0177253 -0.3118498 -0.1789445 0.9329600
1311868172.399483 1.3218915 -0.1279182 0.1348030 -0.0222688 -0.3180055 -0.2011054 0.9262469
1311868172.763469 1.3719722 -0.1123165 0.2061529 -0.0583942 -0.3000664 -0.2093708 0.9288241
1311868173.167457 1.3837299 -0.1365500 0.3165793 -0.0817998 -0.2940997 -0.2250316 0.9252972
1311868173.767623 1.4127847 -0.2113454 0.4285764 -0.0757341 -0.3184365 -0.2245011 0.9178572
1311868173.967631 1.4297101 -0.2466792 0.4605535 -0.0596082 -0.3479559 -0.2439161 0.9032599
1311868174.231617 1.4760619 -0.2938094 0.5120870 -0.0433518 -0.3796949 -0.2631126 0.8858466
1311868174.531708 1.5148331 -0.3222261 0.5591559 -0.0380860 -0.4041722 -0.2726822 0.8722607
1311868174.831815 1.5173708 -0.3628473 0.6010005 -0.0306061 -0.4212669 -0.2608534 0.8680743
1311868175.099631 1.4941087 -0.4081302 0.6293260 -0.0060614 -0.4221824 -0.2545036 0.8700306
1311868175.299978 1.4621115 -0.4541522 0.6461108 0.0393059 -0.4299406 -0.2421116 0.8689005
1311868175.867687 1.4378023 -0.5359393 0.7492942 0.0697858 -0.4784027 -0.1998581 0.8522426
1311868176.231937 1.4858478 -0.5904426 0.8415124 0.0778980 -0.5233872 -0.2313366 0.8163829
1311868176.431678 1.5212846 -0.6091988 0.9071252 0.0635048 -0.5329629 -0.2462697 0.8070124
1311868176.899837 1.5525889 -0.6384634 1.0128392 0.0369231 -0.5412208 -0.2565705 0.7999302
1311868177.399987 1.5068418 -0.6870205 1.1115574 0.0359283 -0.5336760 -0.2759710 0.7985857
1311868177.832005 1.4912398 -0.6962343 1.2061799 0.0162581 -0.5393271 -0.2891839 0.7907178
1311868178.231966 1.5385386 -0.7318058 1.3080753 0.0167086 -0.5858714 -0.3283246 0.7407284
1311868179.567958 1.8834779 -0.7217932 1.3566949 -0.0323192 -0.5928763 -0.3443838 0.7272228
1311868180.600047 2.0832057 -0.7793626 1.5265298 -0.0647261 -0.6220025 -0.3747275 0.6844726
1311868182.100226 1.9038230 -0.8648769 1.6572707 -0.0579796 -0.6035463 -0.3672107 0.7053556
1311868182.668039 1.7283695 -0.9117896 1.7090786 -0.0453176 -0.6169779 -0.3487178 0.7040458
1311868183.036254 1.5936208 -0.9756250 1.7721928 -0.0168772 -0.6655568 -0.3561531 0.6556708
1311868183.300363 1.4911861 -1.0319344 1.8059870 0.0082875 -0.6914784 -0.3767745 0.6163033
1311868183.500255 1.4336020 -1.0528566 1.8135076 0.0045628 -0.7121376 -0.3815146 0.5893097
1311868183.836230 1.3267468 -1.0820192 1.8333120 -0.0273034 -0.7257439 -0.3799025 0.5729087
1311868184.000440 1.2657323 -1.1073816 1.8341587 -0.0231066 -0.7248592 -0.3847241 0.5709926
1311868184.200464 1.2027564 -1.1246275 1.8326435 -0.0142390 -0.7270164 -0.3664900 0.5804563
1311868184.468412 1.1274698 -1.1410162 1.8496585 -0.0123954 -0.7292678 -0.3652279 0.5784665
1311868184.700710 1.0612614 -1.1554358 1.8724056 -0.0118735 -0.7513738 -0.3579942 0.5541991
1311868184.968436 0.9747858 -1.2050596 1.9006007 0.0078115 -0.7766246 -0.3586652 0.5178345
1311868185.200754 0.9139993 -1.2247962 1.9180813 -0.0150815 0.7881552 0.3634880 -0.4964478
1311868185.401199 0.8593986 -1.2374516 1.9319513 -0.0218534 0.7965598 0.3501741 -0.4923342
1311868185.600364 0.8174242 -1.2436175 1.9374342 0.0391219 -0.7931224 -0.3376666 0.5053786
1311868185.836824 0.7774282 -1.2492251 1.9474288 0.0417385 -0.7977829 -0.3159955 0.5118078
1311868186.200391 0.7160529 -1.2488703 1.9870343 -0.0310440 0.8156739 0.3360895 -0.4698471
1311868186.600576 0.6828706 -1.2535011 2.0517933 -0.0077282 0.8403463 0.3673030 -0.3985559
1311868187.101696 0.7553837 -1.2702173 2.1151416 0.0010597 0.8399404 0.3793636 -0.3880492
1311868187.368415 0.8136415 -1.2800077 2.1528826 0.0075153 0.8265709 0.4027402 -0.3930959
1311868187.736522 0.8503790 -1.3018490 2.2193666 0.0086392 0.8152845 0.4089820 -0.4098417
1311868188.036686 0.8448842 -1.3220222 2.2976999 0.0037085 0.8270922 0.4138893 -0.3802634
1311868188.268577 0.8217386 -1.3280486 2.3875384 0.0145826 0.8331441 0.4296619 -0.3479208
1311868188.502489 0.8139259 -1.3159736 2.4526532 0.0181298 0.8258768 0.4560594 -0.3310719
1311868188.868469 0.8778108 -1.3307240 2.5283871 0.0417632 0.8219802 0.4698157 -0.3191825
1311868189.238292 0.9875146 -1.3446306 2.6004727 0.0606860 0.8059868 0.4884989 -0.3287419
1311868189.668663 1.0670946 -1.3739195 2.6735258 0.0641286 0.7898375 0.5104383 -0.3339117
1311868190.268616 1.0476979 -1.4424838 2.8392859 0.0654384 0.7860906 0.5079046 -0.3461392
1311868191.036646 1.0196424 -1.5014839 2.9702215 0.0703039 0.7859097 0.5018520 -0.3543273
1311868192.604784 0.8780357 -1.5230365 2.9200444 0.0554843 0.7798917 0.4970047 -0.3763996
1311868193.238476 0.8171124 -1.5250385 2.8422420 0.0565484 0.8003325 0.4890420 -0.3422107
1311868193.738312 0.7513531 -1.5723562 2.8052351 0.0342507 0.8184150 0.4953891 -0.2891596
1311868194.538360 0.6961392 -1.6385041 2.7633262 0.0259405 0.8311362 0.4773193 -0.2840880
1311868195.409401 0.6508097 -1.6980655 2.8194685 0.0240170 0.8421196 0.4527154 -0.2920727
1311868195.837123 0.6340698 -1.7076128 2.9148507 0.0166523 0.8275406 0.4685197 -0.3088503
1311868196.537088 0.7204676 -1.7122810 3.0285006 0.0541656 0.7972304 0.4789881 -0.3634009
1311868197.269183 0.7070745 -1.7474025 3.1826987 0.0623201 0.7841315 0.4980790 -0.3649265
1311868197.805395 0.6442848 -1.7687418 3.3053057 0.0636783 0.7825436 0.5277099 -0.3241802
1311868198.905110 0.4921609 -1.7536711 3.3623884 0.0694025 0.7741517 0.5459208 -0.3127983
1311868199.969272 0.3317434 -1.7454491 3.3712664 0.0695595 0.7978570 0.5507554 -0.2350622
1311868200.537240 0.2094607 -1.7852569 3.4428959 0.0582179 0.8024296 0.5673524 -0.1755814
1311868201.873269 0.0648039 -1.7974591 3.5034447 0.0625440 0.8070334 0.5669426 -0.1528447
1311868202.805444 -0.0899454 -1.8003408 3.5168788 0.0323927 0.8013421 0.5844139 -0.1235390
1311868203.137538 -0.1243969 -1.8099800 3.5015063 0.0401094 0.8161206 0.5666533 -0.1060304
1311868203.573541 -0.1486142 -1.8565204 3.4212067 0.0378798 0.8333029 0.5491495 -0.0510519
1311868204.073619 -0.2323114 -1.9087076 3.3290238 0.0254153 0.8307485 0.5560408 -0.0054451
1311868204.437659 -0.3034449 -1.9535019 3.2684479 0.0284451 0.8277143 0.5598408 0.0256552
1311868204.837551 -0.3610525 -1.9978390 3.2248216 0.0186872 0.8258495 0.5624660 0.0354319
1311868205.137610 -0.4073718 -2.0435572 3.1832938 0.0186211 0.8302574 0.5560149 0.0342553
1311868205.473609 -0.4298453 -2.0799549 3.1535149 0.0174647 0.8430250 0.5361903 0.0387794
1311868205.905586 -0.4474187 -2.1120284 3.1282682 0.0243013 0.8646218 0.5009842 0.0292121
1311868206.273560 -0.4641392 -2.1361032 3.0885658 0.0214935 0.8778172 0.4783272 0.0133482
1311868206.737742 -0.4609391 -2.0842314 3.1047883 0.0003061 0.8711017 0.4907807 0.0177743
1311868207.673813 -0.6114308 -1.9882500 3.2057002 0.0039784 0.8563969 0.5112048 0.0723753
1311868207.973830 -0.6584751 -1.9567324 3.2389057 -0.0034397 0.8515903 0.5200729 0.0656232
1311868208.437928 -0.7174324 -1.9180954 3.3180175 -0.0116557 0.8426989 0.5338550 0.0687137
1311868208.937746 -0.7862117 -1.8648413 3.3733878 0.0014847 0.8272973 0.5576168 0.0681207
1311868209.674036 -0.8381990 -1.7319534 3.3666236 0.0160286 0.8130014 0.5782344 0.0664590
1311868211.142002 -0.9326777 -1.6429677 3.3250375 -0.0012296 0.8140715 0.5682876 0.1197300
1311868211.674030 -1.0786746 -1.6331363 3.3258519 -0.0095539 0.8092064 0.5688028 0.1468232
1311868212.406130 -1.2268109 -1.6241817 3.3375237 -0.0128641 0.8040892 0.5770103 0.1425976
1311868213.506347 -1.3282409 -1.5877154 3.2252200 -0.0179019 0.8109259 0.5638621 0.1553648
1311868214.306406 -1.3794489 -1.5555977 3.1412132 -0.0005474 0.8119261 0.5524074 0.1887374
1311868215.006391 -1.4434977 -1.5352343 3.0674720 -0.0134260 0.8042916 0.5321678 0.2640685
1311868215.842289 -1.4625297 -1.5695676 2.9421668 -0.0328407 0.7971919 0.5032822 0.3318335
1311868216.506418 -1.4597020 -1.6224438 2.8263650 -0.0190059 0.7956824 0.4976120 0.3448342
1311868216.806393 -1.4733737 -1.6442244 2.7777112 -0.0020143 0.7997428 0.4900906 0.3467256
1311868217.143747 -1.4824231 -1.6647391 2.7414885 -0.0081033 0.8049576 0.4860933 0.3401335
1311868217.442485 -1.4905492 -1.6886306 2.7200546 -0.0034811 0.8175228 0.4678663 0.3357758
1311868218.542375 -1.4771656 -1.6215235 2.7376540 0.0068761 0.8167445 0.4679135 0.3375471
1311868218.874697 -1.5132432 -1.5933459 2.7485468 0.0111873 0.8163589 0.4547243 0.3558916
1311868219.174460 -1.5510350 -1.5397949 2.7606294 -0.0020368 0.8136337 0.4526554 0.3648274
1311868219.510471 -1.5885154 -1.4530543 2.7980812 0.0120854 0.8005395 0.4660627 0.3765316
1311868219.842777 -1.6070974 -1.3872015 2.8280411 0.0256105 0.7846809 0.4759591 0.3963369
1311868220.174706 -1.6204690 -1.3400826 2.8720114 0.0329039 0.7704161 0.4851748 0.4122885
1311868220.574495 -1.6489434 -1.2905524 2.9214888 0.0141537 0.7513675 0.4993317 0.4311779
1311868221.274959 -1.7191198 -1.2435019 2.9500158 0.0024137 0.7369050 0.5151357 0.4377219
1311868222.643013 -1.7993054 -1.2083174 2.8862300 -0.0004093 0.7360861 0.5184380 0.4351999
1311868223.610846 -1.8422555 -1.1622528 2.7798369 -0.0049692 0.7176673 0.5130979 0.4708073
1311868224.342895 -1.9050658 -1.1300101 2.7184944 0.0095059 0.7096088 0.5031894 0.4931180
1311868224.611208 -1.9457684 -1.1140177 2.6800578 0.0029918 0.7056787 0.4948195 0.5071117
1311868224.912106 -1.9914563 -1.0894011 2.6315937 -0.0026439 0.7013428 0.4931603 0.5146885
1311868225.443381 -2.0561643 -1.0664414 2.5811222 -0.0040308 0.6969258 0.4853157 0.5279648
1311868225.880247 -2.0995815 -1.0470103 2.5547614 0.0002267 0.6851863 0.4824004 0.5457194
1311868226.247306 -2.1232152 -1.0293481 2.5283883 -0.0043680 0.6840098 0.4791930 0.5499869
1311868226.610909 -2.1417117 -1.0054212 2.4707365 0.0005445 0.6880777 0.4826104 0.5418819
1311868226.910863 -2.1401262 -0.9826999 2.3934357 0.0016414 0.6817296 0.4787897 0.5531750
1311868227.247413 -2.1304379 -0.9583054 2.3007128 0.0053069 0.6822138 0.4705935 0.5595515
1311868227.579073 -2.1239445 -0.9330582 2.2385046 0.0165307 0.6735286 0.4641928 0.5749878
1311868227.879151 -2.1286607 -0.9117058 2.1910796 0.0150849 0.6534052 0.4517962 0.6072185
1311868228.214746 -2.1531196 -0.8849552 2.1288886 0.0083433 0.6288335 0.4322741 0.6462492
1311868228.579592 -2.1979377 -0.8576753 2.0653577 0.0017651 0.6163916 0.4166127 0.6682007
1311868228.912667 -2.2341235 -0.8302922 2.0040307 -0.0092042 0.6094215 0.4073793 0.6801197
1311868229.249047 -2.2320552 -0.8145142 1.9466577 0.0025078 0.6154068 0.4093282 0.6735864
1311868229.647479 -2.1621382 -0.8333467 1.8830879 -0.0121898 0.6027119 0.4318659 0.6708812
1311868230.012490 -2.0724699 -0.8697739 1.8205732 -0.0090628 0.5995027 0.4346004 0.6720393
1311868230.382061 -1.9859005 -0.9069580 1.7521572 -0.0122961 0.6038722 0.4408578 0.6639515
1311868230.643420 -1.9290571 -0.9067194 1.6981111 0.0011763 0.6016254 0.4668997 0.6481127
1311868231.083967 -1.8626035 -0.9203660 1.6146796 -0.0107712 0.6138475 0.4341198 0.6592536
1311868231.643249 -1.7692971 -0.9608158 1.5372386 -0.0648894 0.6008204 0.4347661 0.6676696
1311868232.180728 -1.6703578 -1.0448472 1.5167606 -0.0861120 0.5943157 0.4376588 0.6691998
1311868232.811594 -1.5760590 -1.1288399 1.5124271 -0.0764869 0.6073428 0.4446364 0.6538983
1311868234.479529 -1.7778490 -0.9889618 1.4094404 -0.0467019 0.5870714 0.3687025 0.7191833
1311868234.879399 -1.8664752 -0.9226120 1.3700765 -0.0486775 0.5821334 0.3629632 0.7259538
1311868235.379762 -1.9506061 -0.8288177 1.3210256 -0.0443056 0.5746091 0.3726893 0.7272992
1311868235.943694 -1.9834609 -0.7228713 1.2749958 -0.0372836 0.5829851 0.3647521 0.7250477
1311868236.479602 -1.9713659 -0.6271783 1.2228446 -0.0384228 0.5562588 0.3582192 0.7488517
1311868237.011585 -1.9722292 -0.5422647 1.1925495 -0.0116232 0.5293972 0.3532035 0.7712657
1311868237.411750 -1.9810255 -0.4702532 1.1339620 0.0021723 0.5082920 0.3454304 0.7888678
1311868237.947730 -2.0112836 -0.3755720 1.0034739 -0.0156719 0.4731732 0.3139749 0.8229710
1311868238.747681 -1.9941120 -0.2594710 0.8859295 -0.0239289 0.4539755 0.3183115 0.8318722
1311868239.411681 -1.9170121 -0.1883946 0.8203917 -0.0146960 0.4181511 0.3158820 0.8515587
1311868240.379758 -1.8643557 -0.0655095 0.6710155 -0.0431132 0.3545824 0.2694516 0.8943201
1311868241.648036 -1.7462645 -0.1256779 0.5410839 -0.0589414 0.3440844 0.2884301 0.8915941
1311868242.047949 -1.6698261 -0.1858512 0.4909676 -0.0573302 0.3232529 0.2558623 0.9092609
1311868242.612269 -1.6133687 -0.1962844 0.4174002 -0.0536394 0.2747436 0.2204416 0.9343684
1311868243.280037 -1.5498662 -0.1620953 0.3816196 -0.0312302 0.2854711 0.2184034 0.9326472
1311868243.580031 -1.5185089 -0.1425520 0.3373019 -0.0321406 0.2686741 0.1927085 0.9432098
1311868243.811933 -1.4888086 -0.1019509 0.2882828 -0.0514518 0.2402459 0.1702745 0.9542753
1311868244.112211 -1.4536155 -0.0630678 0.2327547 -0.0542164 0.2022816 0.1581433 0.9649525
1311868244.380022 -1.4381419 -0.0062737 0.1981510 -0.0548926 0.1788043 0.1380192 0.9726081
1311868244.748285 -1.4056710 0.0649983 0.1615638 -0.0549421 0.1809551 0.1380076 0.9722091
1311868245.148152 -1.3391225 0.1134282 0.1515944 -0.0720578 0.2038899 0.1396011 0.9663064
1311868245.680250 -1.2243910 0.1567422 0.1220507 -0.0492480 0.1700306 0.1355735 0.9748251
1311868245.916227 -1.1743582 0.1905842 0.0986264 -0.0535977 0.1508802 0.1555332 0.9747676
1311868246.116229 -1.1448179 0.2175832 0.0677840 -0.0703398 0.1378771 0.1376412 0.9783134
1311868246.448298 -1.1143707 0.2657819 0.0010277 -0.0819254 0.1264638 0.1290376 0.9801247
1311868247.116311 -1.0725745 0.3328989 -0.0956917 -0.0951957 0.1507113 0.1409831 0.9738314
1311868248.048245 -0.8845263 0.2165947 -0.0249282 -0.0851817 0.1378524 0.1295032 0.9782483
1311868248.680356 -0.7278025 0.1412435 0.0275615 -0.1008731 0.0926559 0.0929331 0.9862064
1311868248.880380 -0.6655037 0.1030847 0.0344927 -0.1203393 0.0680811 0.0829095 0.9869192
1311868249.116343 -0.5980243 0.0715825 0.0428489 -0.1255743 0.0824873 0.0793544 0.9854592
1311868249.448316 -0.5390749 0.0415655 0.0678574 -0.1188125 0.0837909 0.0782742 0.9862737
1311868249.680685 -0.5118941 -0.0010415 0.0957629 -0.1105832 0.0892307 0.0753433 0.9869816
1311868250.016358 -0.4825887 -0.0655620 0.1533399 -0.1041819 0.0988718 0.0760641 0.9867040
1311868250.316452 -0.4688838 -0.1303399 0.2032001 -0.0957182 0.0959249 0.0781772 0.9876866
1311868250.716511 -0.4544891 -0.2040791 0.2434380 -0.0870233 0.0847727 0.0792367 0.9894251
1311868251.780606 -0.3802115 -0.1559543 0.1954149 -0.0708378 0.0740579 0.0485227 0.9935507
1311868252.116709 -0.3071489 -0.1259552 0.1427125 -0.0728136 0.0668638 0.0392885 0.9943258
1311868252.448807 -0.2217020 -0.0847727 0.0809285 -0.0754894 0.0530463 0.0044958 0.9957245
1311868252.780724 -0.1354077 -0.0289272 0.0351199 -0.0912242 0.0389118 0.0117665 0.9950003
1311868254.180791 0.1852852 0.0379970 0.0469734 -0.1036600 0.0174088 0.0150891 0.9943460
1311868254.481183 0.2716344 0.0539564 0.0381116 -0.1157817 -0.0222691 -0.0071353 0.9929994
1311868254.885176 0.3800481 0.0910228 0.0102298 -0.1375901 -0.0598752 -0.0295639 0.9882358
1311868255.316993 0.4631984 0.1167196 -0.0123550 -0.1432965 -0.0792424 -0.0315036 0.9859991
1311868256.017528 0.5817907 0.1062931 0.0211876 -0.1457015 -0.0862729 -0.0322233 0.9850329
1311868256.417708 0.6787004 0.0642119 0.0676779 -0.1353877 -0.0960313 -0.0581440 0.9844122
1311868256.885027 0.7772670 0.0091563 0.1183623 -0.1199106 -0.1231678 -0.0613148 0.9832048
1311868257.384936 0.8811510 -0.0592752 0.1631073 -0.1278613 -0.1623281 -0.1097085 0.9722475
1311868257.816852 0.9549972 -0.1289609 0.1928935 -0.1175344 -0.2014882 -0.1449696 0.9615467
1311868258.317231 0.9732926 -0.2310904 0.2557002 -0.1430103 -0.2378867 -0.1750599 0.9446227
1311868258.817013 0.9584005 -0.3577961 0.3481427 -0.1331883 -0.2545875 -0.1681125 0.9429657
1311868259.350162 0.9811305 -0.4461973 0.4527910 -0.1063187 -0.2859242 -0.2026894 0.9305164
1311868259.917493 1.0581176 -0.4993786 0.5380121 -0.0834519 -0.3006976 -0.2295851 0.9219042
