1403636579.763556 0.0000000 0.0000000 0.0000000 0.0000000 0.0000000 0.0000000 1.0000000
1403636580.313555 -0.0007260 0.0375047 0.0111195 -0.0338796 0.0046612 -0.0001378 0.9994150
1403636580.563555 -0.0014505 0.0454654 0.0119580 -0.0708577 0.0023325 -0.0021636 0.9974813
1403636586.313555 0.0010674 0.0167227 -0.0017494 -0.1562796 0.0430649 0.0091607 0.9867311
1403636586.963556 0.0056280 0.0152743 -0.0059200 -0.1869448 0.0313512 0.0105157 0.9818137
1403636588.963556 0.0346300 0.0139062 -0.0003922 -0.2017919 0.0491818 0.0291054 0.9777597
1403636589.313555 0.0105472 0.0131505 -0.0037533 -0.1923761 0.0304413 0.0197230 0.9806507
1403636589.863555 -0.0283779 0.0163546 -0.0069096 -0.1971761 0.0059573 0.0078929 0.9803182
1403636590.013556 -0.0357976 0.0177217 -0.0074433 -0.2014443 -0.0083159 0.0080855 0.9794313
1403636590.213556 -0.0409726 0.0177930 -0.0081317 -0.1902555 -0.0181982 0.0067744 0.9815425
1403636590.863555 -0.0130777 0.0156894 -0.0093487 -0.1941597 0.0128095 0.0067652 0.9808630
1403636591.463556 0.0232754 0.0164219 -0.0045469 -0.2015877 0.0243033 0.0184419 0.9789952
1403636592.063555 0.0333548 0.0164176 0.0045412 -0.1425581 0.0886606 0.0301596 0.9853461
1403636593.713556 -0.0226886 0.0234304 -0.0043807 -0.1928278 -0.0795370 0.0059573 0.9779856
1403636593.913555 -0.0118008 0.0273407 -0.0140537 -0.1912599 -0.0113955 0.0363104 0.9808014
1403636594.063555 0.0004674 0.0284168 -0.0174563 -0.1754712 0.0495976 0.0548011 0.9817060
1403636594.313555 0.0225414 0.0268516 -0.0139020 -0.1747694 0.1199467 0.0737058 0.9744927
1403636594.513556 0.0386288 0.0231301 -0.0021611 -0.1625813 0.1413118 0.0636422 0.9744475
1403636594.713556 0.0453695 0.0184689 0.0122413 -0.1458469 0.1361301 0.0634377 0.9778410
1403636594.913555 0.0358972 0.0160119 0.0240119 -0.1376647 0.0954529 0.0459445 0.9847976
1403636596.163555 0.0219831 0.0341444 -0.0116174 -0.1740091 0.0560139 0.0187341 0.9829712
1403636596.363555 0.0167500 0.0353416 -0.0222043 -0.1686013 0.0673319 0.0308409 0.9828982
1403636596.563555 0.0049757 0.0356990 -0.0338668 -0.1585807 0.0641817 0.0209546 0.9850349
1403636596.763556 -0.0025974 0.0363391 -0.0389783 -0.1607544 0.0615120 0.0151201 0.9849597
1403636598.263556 -0.0047555 0.0286887 -0.0005879 -0.1748240 -0.0705111 -0.0536520 0.9806050
1403636598.763556 0.0032791 0.0361884 0.0112895 -0.1444670 -0.0794873 -0.0569753 0.9846649
1403636599.913555 0.0084680 0.0475817 0.0393825 0.0173581 -0.0850014 -0.0282172 0.9958299
1403636611.113555 0.0088105 0.0477412 0.0393644 0.0192793 -0.0856244 -0.0193660 0.9959527
1403636624.613555 0.0117333 0.0481859 0.0377814 -0.0060091 -0.0720123 -0.0220338 0.9971423
1403636624.913555 0.0181681 0.0491920 0.0336303 -0.0133408 -0.0608585 -0.0541948 0.9965848
1403636625.063555 0.0213617 0.0469463 0.0295178 -0.0315129 -0.0560138 -0.0708214 0.9954163
1403636625.363555 0.0228375 0.0370458 0.0232134 -0.0285201 -0.0643008 -0.0553225 0.9959877
1403636627.113555 0.0245162 0.0006583 0.0269403 -0.0189004 -0.0810082 -0.0559425 0.9949628
1403636627.513556 0.0298261 -0.0072591 0.0207269 -0.0064385 -0.0815781 -0.0488449 0.9954485
1403636627.763556 0.0345464 -0.0080204 0.0176293 -0.0225829 -0.0600391 -0.0430233 0.9970127
1403636628.813555 0.0571589 -0.0259915 0.0260601 -0.0110780 -0.0193218 -0.0213087 0.9995248
1403636629.563555 0.0896418 -0.0374386 0.0412649 -0.0120859 0.0422631 0.0074994 0.9990053
1403636629.763556 0.1016731 -0.0340033 0.0489743 -0.0290455 0.0806574 0.0153421 0.9962004
1403636629.963556 0.1151507 -0.0304807 0.0588981 -0.0370526 0.1227750 0.0264899 0.9913888
1403636630.763556 0.1689550 -0.0549841 0.1001466 -0.0180756 0.1534701 0.0205091 0.9877751
1403636633.463556 0.2802325 -0.0864026 0.2773045 -0.0259997 0.0238881 -0.0151375 0.9992619
1403636633.663555 0.2862322 -0.0870366 0.2950768 -0.0329665 0.0262330 -0.0114414 0.9990466
1403636634.263556 0.3074477 -0.1062797 0.3550027 -0.0284216 0.0333741 -0.0002118 0.9990387
1403636634.513556 0.3196945 -0.1190256 0.3816200 -0.0102012 0.0333875 -0.0146151 0.9992836
1403636634.963556 0.3393027 -0.1334966 0.4281810 -0.0160826 0.0077932 -0.0292950 0.9994110
1403636635.163555 0.3462136 -0.1416211 0.4472025 -0.0202642 -0.0001858 -0.0344924 0.9991995
1403636635.413555 0.3537349 -0.1485023 0.4727512 -0.0272922 -0.0084383 -0.0258051 0.9992588
1403636636.113555 0.3807824 -0.1939840 0.5441400 -0.0320553 -0.0067083 -0.0145373 0.9993579
1403636636.563555 0.4054411 -0.2339762 0.5897546 0.0128189 0.0002368 -0.0376795 0.9992076
1403636636.813555 0.4173043 -0.2462175 0.6120751 0.0121870 0.0072980 -0.0596912 0.9981158
1403636637.313555 0.4249097 -0.2499386 0.6498749 -0.0153423 -0.0071848 -0.0341099 0.9992745
1403636637.563555 0.4264944 -0.2556095 0.6656058 -0.0220684 -0.0104274 -0.0346315 0.9991021
1403636637.813555 0.4266015 -0.2686728 0.6804441 -0.0193302 -0.0130585 -0.0346111 0.9991286
1403636638.063555 0.4264614 -0.2829140 0.6956367 -0.0094659 -0.0150539 -0.0342756 0.9992542
1403636638.663555 0.4284219 -0.2846370 0.7403321 -0.0473144 -0.0213013 -0.0212128 0.9984276
1403636638.913555 0.4328403 -0.2935331 0.7630550 -0.0259635 -0.0207398 -0.0268827 0.9990861
1403636639.213556 0.4393457 -0.3084444 0.7919228 -0.0235387 -0.0299218 -0.0011910 0.9992743
1403636639.863555 0.4703104 -0.3106245 0.8688664 -0.0045114 -0.0204658 -0.0357959 0.9991394
1403636640.913555 0.5065533 -0.3357421 0.9529131 -0.0092942 -0.0581302 -0.0529571 0.9968601
1403636641.963556 0.5313306 -0.3468975 1.0094697 -0.0039842 -0.0499501 -0.0458836 0.9976892
1403636643.613555 0.5688696 -0.3625079 1.0525416 -0.0299117 -0.0007477 -0.0222640 0.9993043
1403636644.163555 0.5847645 -0.3822897 1.0784459 -0.0479715 -0.0019137 -0.0292865 0.9984174
1403636644.463556 0.5936678 -0.3884784 1.1055030 -0.0090870 -0.0101887 -0.0020515 0.9999047
1403636645.013556 0.6261239 -0.3756007 1.1565453 -0.0135996 0.0026192 -0.0285042 0.9994977
1403636645.563555 0.6589869 -0.3790796 1.2101799 -0.0420455 0.0063317 -0.0261250 0.9987540
1403636646.363555 0.7061939 -0.4215047 1.3164498 -0.0014285 0.0709605 0.0253823 0.9971551
1403636646.913555 0.7488967 -0.4567447 1.3760216 0.0080689 0.1560129 0.0317952 0.9872102
1403636647.613555 0.8002982 -0.4885391 1.4257886 0.0135135 0.1467148 0.0396235 0.9882925
1403636647.963556 0.8285062 -0.4980554 1.4410049 0.0075009 0.1653583 0.0395678 0.9854110
1403636648.313555 0.8591985 -0.4949692 1.4517862 0.0074435 0.2425715 0.0663231 0.9678352
1403636649.013556 0.9163916 -0.4841647 1.4599694 -0.0264867 0.3489795 0.1065135 0.9306808
1403636650.863555 1.0238800 -0.5207540 1.4086645 -0.0012546 0.4918564 0.1471715 0.8581470
1403636651.563555 1.0336109 -0.5224113 1.3745089 0.0025069 0.4881907 0.1418290 0.8611319
1403636651.863555 1.0333323 -0.5179822 1.3595452 0.0224428 0.4899165 0.1488487 0.8586747
1403636652.463556 1.0287244 -0.4840830 1.3174198 -0.0063530 0.6221366 0.2070819 0.7549986
1403636652.613555 1.0270655 -0.4748522 1.3052880 -0.0142301 0.6398639 0.2230163 0.7352791
1403636652.713556 1.0273296 -0.4716049 1.2972625 -0.0224162 0.6469792 0.2279117 0.7273044
1403636653.763556 1.0536433 -0.4571832 1.2188025 0.0076762 0.6441970 0.1874223 0.7415013
1403636654.963556 1.0428219 -0.4400907 1.1477740 -0.0013918 0.7168790 0.2276914 0.6589683
1403636655.413555 1.0298473 -0.4259377 1.1280836 0.0224495 0.7333875 0.2191022 0.6431431
1403636655.563555 1.0220799 -0.4229579 1.1215107 0.0205466 0.7429003 0.2267617 0.6294888
1403636655.963556 0.9977077 -0.4038909 1.1053236 0.0101426 0.7718034 0.2682071 0.5764387
1403636656.113555 0.9889205 -0.3946034 1.0966352 0.0105919 0.7848076 0.2721375 0.5566921
1403636656.413555 0.9720195 -0.3869377 1.0760497 0.0011535 0.7945681 0.2770248 0.5402938
1403636656.663555 0.9604455 -0.3866025 1.0551198 0.0020128 0.7961568 0.2689227 0.5420433
1403636657.313555 0.9251714 -0.3673834 1.0098661 0.0248471 0.7944719 0.2498784 0.5529538
1403636657.513556 0.9088019 -0.3606093 0.9961522 0.0196937 0.7880192 0.2691883 0.5533313
1403636657.913555 0.8755597 -0.3390506 0.9675949 0.0230461 0.7874025 0.2835163 0.5468864
1403636658.313555 0.8431575 -0.3205176 0.9273901 -0.0007344 0.7961623 0.2751916 0.5388827
1403636658.463556 0.8321567 -0.3122447 0.9106876 -0.0082275 0.7978987 0.2726642 0.5375354
1403636658.613555 0.8226264 -0.3036474 0.8946148 -0.0178813 0.8005021 0.2663832 0.5365786
1403636658.713556 0.8167571 -0.2979349 0.8846503 -0.0201160 0.8017711 0.2634417 0.5360568
1403636659.163555 0.7982626 -0.2685826 0.8488327 0.0016936 0.8079745 0.2454054 0.5356777
1403636659.463556 0.7842624 -0.2493382 0.8330823 -0.0055595 0.8041248 0.2557441 0.5366072
1403636659.813555 0.7696854 -0.2343091 0.8171971 -0.0045702 0.8075065 0.2508108 0.5338598
1403636659.963556 0.7641116 -0.2257869 0.8130191 -0.0079212 0.8072489 0.2559039 0.5317891
1403636660.113555 0.7585430 -0.2162667 0.8110452 -0.0155220 0.8049469 0.2664510 0.5299277
1403636660.563555 0.7520949 -0.1903221 0.8059916 -0.0319958 0.7991858 0.2848605 0.5283302
1403636661.013556 0.7643964 -0.1648742 0.8061192 -0.0185971 0.8136008 0.2382588 0.5300384
1403636661.213556 0.7710736 -0.1526868 0.8130057 -0.0053396 0.8123373 0.2419877 0.5305861
1403636661.413555 0.7762376 -0.1432063 0.8221217 -0.0013134 0.8119031 0.2432048 0.5307195
1403636661.613555 0.7800986 -0.1392759 0.8318824 0.0004430 0.8094295 0.2497428 0.5314624
1403636662.613555 0.7721312 -0.1561897 0.8756359 -0.0099719 0.8046467 0.2656356 0.5309256
1403636662.863555 0.7686601 -0.1552463 0.8899568 0.0168495 0.8004829 0.2802692 0.5295209
1403636663.113555 0.7656364 -0.1500400 0.9010537 0.0162679 0.7948360 0.2984904 0.5280858
1403636663.763556 0.7738097 -0.1270192 0.9085264 -0.0501833 0.8007348 0.2816182 0.5263047
1403636663.963556 0.7881222 -0.1217700 0.9107336 -0.0569082 0.8076843 0.2536506 0.5292153
1403636664.913555 0.8840896 -0.1228039 0.9736025 -0.0025934 0.7936172 0.2412929 0.5585184
1403636665.213556 0.9095107 -0.1334675 0.9995982 -0.0079736 0.7833904 0.2608525 0.5640849
1403636665.563555 0.9391259 -0.1503008 1.0252247 -0.0102499 0.7872893 0.2504742 0.5633233
1403636666.563555 1.0106206 -0.1929704 1.1085243 0.0166738 0.7882700 0.2561916 0.5592122
1403636667.963556 1.0786431 -0.2230623 1.1903318 0.0010541 0.7773560 0.2720411 0.5671951
1403636668.363555 1.1030419 -0.2216290 1.2080815 -0.0145788 0.7854106 0.2649956 0.5591914
1403636668.713556 1.1279221 -0.2145468 1.2269773 -0.0170757 0.7925345 0.2584793 0.5520743
1403636669.063555 1.1556897 -0.2137706 1.2493473 -0.0119554 0.8006704 0.2383311 0.5495291
1403636669.413555 1.1816487 -0.2214024 1.2779171 0.0003563 0.8010449 0.2410914 0.5479069
1403636669.713556 1.1999831 -0.2248907 1.3089384 0.0149278 0.8061900 0.2206028 0.5487888
1403636670.063555 1.2065766 -0.2368940 1.3463312 0.0571054 0.7859672 0.2675652 0.5544397
1403636672.213556 0.9529447 -0.2290405 1.0784122 -0.0922508 0.5784855 0.1945576 0.7867602
1403636673.213556 0.9436060 -0.2079707 1.0040728 -0.0459297 0.5436560 0.1659759 0.8214503
1403636675.063555 1.0158458 -0.2042129 1.1098098 -0.0354067 0.4664473 0.1778425 0.8657628
1403636676.113555 1.1034538 -0.2251480 1.2157758 0.0011595 0.3762990 0.1226991 0.9183369
1403636676.613555 1.1306490 -0.2247440 1.2789211 -0.0276068 0.2816858 0.0502288 0.9577933
1403636676.963556 1.1436129 -0.2416569 1.3219554 -0.0133004 0.2378897 0.0672736 0.9688683
1403636679.013556 1.1743810 -0.2978392 1.4928423 -0.0116462 -0.0744745 -0.1009095 0.9920359
1403636680.013556 1.1497540 -0.3195959 1.5123054 0.0110084 -0.2450514 -0.1254769 0.9612930
1403636680.413555 1.1411109 -0.3361816 1.4977094 0.0200902 -0.2270871 -0.1565214 0.9610041
1403636680.763556 1.1214347 -0.3340593 1.4734070 0.0038454 -0.2228937 -0.1416669 0.9644865
1403636681.413555 1.0687717 -0.3114248 1.4257083 -0.0086355 -0.2294174 -0.1163120 0.9663150
1403636682.763556 0.9535360 -0.2826093 1.3225155 -0.0007153 -0.2375015 -0.1109300 0.9650322
1403636683.463556 0.8960626 -0.2624550 1.2579644 -0.0020129 -0.2390471 -0.1104596 0.9647026
1403636684.163555 0.8413237 -0.2323853 1.1894302 -0.0116972 -0.2491763 -0.1108551 0.9620216
1403636684.513556 0.8166490 -0.2293555 1.1533298 -0.0035936 -0.2568285 -0.1058908 0.9606317
1403636684.863555 0.7972816 -0.2156474 1.1210525 -0.0007803 -0.2598639 -0.1020593 0.9602365
1403636688.963556 0.6317265 -0.0295231 0.7849360 -0.0116516 -0.2570508 -0.1284222 0.9577562
1403636689.263556 0.6178244 -0.0185172 0.7624744 -0.0234730 -0.2784506 -0.1233064 0.9522131
1403636689.663555 0.5962358 -0.0211302 0.7343969 -0.0338626 -0.2893761 -0.1223568 0.9487590
1403636690.163555 0.5700617 -0.0283876 0.7190196 -0.0439983 -0.2874518 -0.1088149 0.9505761
1403636690.463556 0.5565023 -0.0369596 0.7226774 -0.0383386 -0.2817029 -0.1188070 0.9513456
1403636690.863555 0.5396615 -0.0463374 0.7396598 -0.0330367 -0.2995147 -0.0647862 0.9513161
1403636691.063555 0.5382184 -0.0466262 0.7549010 -0.0020138 -0.3067592 -0.0452765 0.9507075
1403636692.113555 0.6309893 -0.0952010 0.7995024 0.0003957 -0.2962728 -0.1171995 0.9478853
1403636692.513556 0.6732942 -0.1197680 0.8027590 -0.0036101 -0.2878127 -0.1303535 0.9487670
1403636693.463556 0.7398922 -0.1778786 0.7900714 -0.0396551 -0.2848219 -0.1355876 0.9481139
1403636694.013556 0.7468977 -0.1903630 0.8036909 -0.0169858 -0.2918803 -0.1258619 0.9479854
1403636694.813555 0.7478516 -0.2056087 0.8330288 -0.0120733 -0.2914060 -0.1247570 0.9483525
1403636695.463556 0.7537395 -0.2105590 0.8590039 -0.0112388 -0.2824700 -0.1228553 0.9513101
1403636697.013556 0.7589952 -0.2062349 0.8929920 0.0012696 -0.2672551 -0.1329236 0.9544131
1403636697.763556 0.7421118 -0.2126018 0.8635145 -0.0135553 -0.2360311 -0.1234708 0.9637741
1403636699.013556 0.6741392 -0.1752229 0.8164569 -0.0190190 -0.0011708 -0.0270592 0.9994522
1403636700.213556 0.6403443 -0.1532936 0.7926727 -0.0068636 0.2291773 0.0760961 0.9703814
1403636702.663555 0.7368831 -0.0754564 0.7615426 -0.0248342 0.3932000 0.1135570 0.9120755
1403636703.513556 0.7859725 -0.0447152 0.7835140 -0.0024367 0.3888020 0.1172666 0.9138247
1403636704.313555 0.8366556 -0.0404152 0.7919590 -0.0152465 0.3788200 0.1152807 0.9181358
1403636705.213556 0.9066694 -0.0376238 0.8248448 -0.0343133 0.3752062 0.1030686 0.9205540
1403636705.813555 0.9631867 -0.0454705 0.8800835 -0.0245159 0.3751087 0.1045739 0.9207371
1403636706.363555 1.0162555 -0.0580549 0.9334911 -0.0063933 0.3703829 0.1003123 0.9234247
1403636708.463556 1.1976610 -0.1404447 1.1705441 0.0082955 0.3650348 0.1285992 0.9220320
1403636709.513556 1.2773132 -0.1628819 1.2701616 -0.0111362 0.3975780 0.0902617 0.9130501
1403636710.013556 1.2881452 -0.1726583 1.3209089 -0.0136629 0.3916417 0.0893261 0.9156697
1403636710.963556 1.2825397 -0.1788030 1.4273328 -0.0000275 0.2962540 0.0704207 0.9525096
1403636713.213556 1.1305765 -0.2456134 1.4724928 0.0137068 0.2064310 0.0379297 0.9776296
1403636714.463556 1.0140796 -0.2596523 1.3752131 -0.0077058 0.2179540 0.0621846 0.9739454
1403636715.013556 0.9831650 -0.2485571 1.3337389 -0.0296433 0.1273183 0.0174247 0.9912657
1403636717.263556 0.9343373 -0.2269698 1.2076906 -0.0077107 -0.0011622 -0.0332315 0.9994172
1403636718.363555 0.8848734 -0.1968324 1.1232815 -0.0116616 -0.1023092 -0.0681674 0.9923457
1403636719.113555 0.8336911 -0.1553692 1.0777376 -0.0073658 -0.1668273 -0.0883659 0.9819908
1403636720.313555 0.7818901 -0.1135723 0.9975594 -0.0147971 -0.1527556 -0.0696638 0.9856945
1403636720.963556 0.7704673 -0.0950462 0.9632437 -0.0145649 -0.1359525 -0.0633982 0.9885775
1403636721.963556 0.7762707 -0.0751569 0.9207010 -0.0046738 -0.0364797 -0.0392004 0.9985543
1403636724.213556 0.7626261 -0.0359961 0.7944486 -0.0228751 0.0500228 -0.0067952 0.9984630
1403636728.413555 0.7034695 -0.1042309 0.6049682 -0.0006205 0.0965595 0.0034490 0.9953210
1403636729.663555 0.6500089 -0.0867745 0.5284673 -0.0000994 0.0286880 -0.0222807 0.9993401
1403636730.863555 0.5914575 -0.0670580 0.4493726 -0.0351306 0.0248284 -0.0160725 0.9989450
1403636732.513556 0.5756729 -0.0350423 0.4206557 0.0059487 0.0319539 -0.0354995 0.9988410
1403636733.713556 0.5386072 -0.0332596 0.3385257 -0.0127142 0.0199671 -0.0232761 0.9994488
1403636737.163555 0.3846360 -0.0295007 0.1701659 -0.0035740 -0.0358561 -0.0421889 0.9984596
1403636737.813555 0.3507463 -0.0234219 0.1493922 -0.0230721 -0.0516415 -0.0273465 0.9980245
1403636739.363555 0.3458538 -0.0336896 0.1460111 -0.0075539 0.1598922 0.0377060 0.9863852
1403636740.163555 0.3744248 -0.0175706 0.1541860 -0.0083976 0.2437216 0.0581513 0.9680639
1403636740.913555 0.3947084 0.0145163 0.1621407 -0.0048732 0.2272355 0.0569383 0.9721617
1403636741.763556 0.4087186 0.0667865 0.1662872 -0.0209303 0.2530240 0.0727668 0.9644925
1403636743.063555 0.4294766 0.0994548 0.1897861 -0.0064537 0.2360381 0.0632252 0.9696633
1403636744.013556 0.4671707 0.1265948 0.2378852 -0.0038969 0.2705455 0.0703877 0.9601226
1403636744.963556 0.5087477 0.2036869 0.3034493 0.0039705 0.2910848 0.0807434 0.9532756
1403636745.763556 0.5400485 0.2339980 0.3276109 0.0068766 0.2863869 0.0692453 0.9555838
1403636746.613555 0.5365915 0.2105452 0.3311680 -0.0024832 0.3121043 0.0756425 0.9470285
1403636747.763556 0.5149729 0.1783955 0.3535212 -0.0112585 0.3092043 0.0791139 0.9476323
1403636748.713556 0.5063183 0.1286221 0.3757409 -0.0007058 0.3158366 0.0928846 0.9442559
1403636749.813555 0.5215640 0.0860063 0.3798192 0.0077032 0.3330975 0.0772299 0.9396927
1403636751.163555 0.4922957 0.0252688 0.3399231 -0.0096683 0.3037757 0.0723686 0.9499419
1403636753.663555 0.4580902 -0.0710133 0.3007784 -0.0061021 0.0119314 -0.0322123 0.9993912
1403636756.063555 0.3032449 -0.0562190 0.2066163 -0.0061865 -0.0556034 -0.0524920 0.9970530
1403636756.913555 0.2246828 -0.0451596 0.1557184 0.0020329 -0.0626650 -0.0538568 0.9965783
1403636757.863555 0.1358557 -0.0260809 0.0801368 -0.0409274 -0.0870137 -0.0698215 0.9929141
1403636758.463556 0.0737301 -0.0298611 0.0450259 -0.0206369 -0.1058648 -0.0537150 0.9927142
1403636760.863555 0.0086940 0.0336674 0.0187031 -0.0126315 -0.1020576 -0.0735486 0.9919754
1403636761.363555 0.0011358 0.0451688 0.0147033 -0.0429455 -0.1049074 -0.0704841 0.9910510
1403636761.913555 -0.0125309 0.0426473 0.0176232 -0.0089414 -0.1119492 -0.0416214 0.9928016
1403636762.313555 -0.0169801 0.0392008 0.0166469 -0.0252244 -0.0939749 -0.0844039 0.9916695
1403636762.763556 -0.0287209 0.0481088 0.0236903 -0.0130655 -0.1126122 -0.0288937 0.9931329
