1403638127.395097 -0.6893880 1.9634047 2.2448485 -0.8372969 -0.0087421 0.0058053 0.5466479
1403638129.145097 -0.6860397 1.9427357 2.2517226 -0.8378474 -0.0116523 0.0002878 0.5457801
1403638132.095097 -0.6760615 1.9388211 2.3759260 -0.8238959 -0.0462241 0.0053734 0.5648274
1403638134.845097 -0.6973026 2.1230979 2.5189285 -0.8208709 0.0832198 0.0008395 0.5650175
1403638137.745097 -0.7189995 1.9693975 2.2896814 -0.8372687 0.0664785 -0.0431840 0.5410148
1403638138.045097 -0.7251672 1.9637048 2.2511153 -0.8531065 0.0545974 -0.0575731 0.5156682
1403638140.945097 -0.7257352 1.9630346 2.2476501 -0.8357981 0.0663078 -0.0534060 0.5423951
1403638141.945097 -0.7257784 1.9636152 2.2473993 -0.8356766 0.0663733 -0.0535316 0.5425622
1403638144.445097 -0.7258010 1.9628768 2.2477150 -0.8357984 0.0663057 -0.0534589 0.5423898
1403638146.945097 -0.7257794 1.9631715 2.2479119 -0.8359600 0.0669333 -0.0528264 0.5421258
1403638148.845097 -0.7160593 2.0742331 2.4610965 -0.8260452 0.0533560 -0.0492092 0.5589105
1403638151.495097 -1.3427250 2.8349280 2.6413765 -0.8144191 -0.1066117 0.0529408 0.5679373
1403638152.495097 -1.9728501 3.2250564 2.7949948 -0.8085982 -0.1574059 0.0728189 0.5622187
1403638152.945097 -2.3520703 3.3978879 2.8076551 -0.8028793 -0.1681103 0.1010900 0.5629428
1403638153.245097 -2.6203120 3.5151362 2.8741629 -0.8027179 -0.1989378 0.1210382 0.5490149
1403638153.495097 -2.8484828 3.6231346 2.9085722 -0.7967470 -0.2301926 0.1307100 0.5432501
1403638155.145097 -4.6382513 4.1163726 3.0192652 -0.7397277 -0.3374250 0.2049087 0.5449401
1403638155.495097 -5.0180650 4.0711746 3.0639348 -0.7179304 -0.3617704 0.2266391 0.5498480
1403638155.995097 -5.5066075 3.8715577 3.0242352 -0.6867897 -0.4264981 0.2984257 0.5073081
1403638156.145097 -5.6296983 3.7926178 3.0217309 -0.6777902 -0.4579180 0.3136432 0.4822234
1403638156.545097 -5.9570789 3.6057887 3.0526910 -0.6588192 -0.5031526 0.3405674 0.4436313
1403638156.795097 -6.1782222 3.5183372 3.0311604 -0.6565270 -0.5073105 0.3425401 0.4407661
1403638158.095097 -7.6154580 3.2914119 3.0815620 -0.5909515 -0.5679971 0.3886382 0.4208515
1403638158.395097 -7.9651756 3.2391958 3.1009908 -0.5797544 -0.5800152 0.4002359 0.4089970
1403638158.745097 -8.3600454 3.1853604 3.0794764 -0.5746155 -0.5813399 0.3981918 0.4162983
1403638159.195097 -8.8550253 3.1066077 3.1104002 -0.6018593 -0.5878052 0.3793614 0.3851435
1403638159.595097 -9.3513126 3.0722184 3.1554203 -0.5849007 -0.5473556 0.4318853 0.4144492
1403638159.995097 -9.7576599 3.1362872 3.2860518 -0.5719712 -0.5490020 0.4316405 0.4302699
1403638160.295097 -9.9589319 3.2306573 3.4652777 -0.5813149 -0.5731499 0.4035012 0.4132301
1403638160.595097 -10.1478796 3.3281164 3.6824188 -0.5877585 -0.5825166 0.3912655 0.4026485
1403638160.795097 -10.2884111 3.3913167 3.8085098 -0.5881448 -0.5754074 0.3996375 0.4040814
1403638161.595097 -10.7529325 3.7649548 4.1734457 -0.6683830 -0.4819309 0.3355085 0.4565533
1403638162.045097 -10.9636784 4.0291724 4.2720852 -0.6846181 -0.4485424 0.3262548 0.4729330
1403638162.345097 -11.0938225 4.2347312 4.3528471 -0.6975113 -0.4380804 0.3226146 0.4663511
1403638163.345097 -11.4246082 5.1586928 4.6363316 -0.7062210 -0.4015931 0.2999631 0.4999972
1403638166.145097 -10.4905548 8.0535669 4.9426794 -0.7429880 -0.3361062 0.2306110 0.5308673
1403638166.545097 -10.1576939 8.3615217 5.0840282 -0.7410210 -0.3479448 0.2270171 0.5275277
1403638166.945097 -9.8646202 8.6386700 5.2017107 -0.7610797 -0.3400889 0.2452934 0.4949025
1403638167.145097 -9.7300138 8.7985764 5.2289381 -0.7667744 -0.3479314 0.2347098 0.4857080
1403638169.495097 -8.8098640 11.9146004 5.5134192 -0.7840896 -0.1957074 0.1846774 0.5592821
1403638169.695097 -8.7322979 12.2150126 5.4853191 -0.7881940 -0.1691452 0.1581721 0.5701944
1403638169.895097 -8.6199532 12.5020657 5.4841080 -0.7941692 -0.1481842 0.1051377 0.5798990
1403638170.045097 -8.5312214 12.7030945 5.5048580 -0.7887342 -0.1241232 0.0725301 0.5976883
1403638170.845097 -8.0133009 13.4671268 5.5397015 -0.7950276 0.0625490 -0.0024401 0.6033348
1403638171.195097 -7.6898346 13.6464787 5.5574265 -0.7875916 0.1162760 -0.0435147 0.6035610
1403638171.645097 -7.2052951 13.7109995 5.5367050 -0.7756612 0.1500489 -0.0563660 0.6104573
1403638172.545097 -5.9598570 13.1087599 5.4732075 -0.7593457 0.1814648 -0.0839428 0.6192077
1403638172.745097 -5.6569023 12.8486300 5.3908892 -0.7583264 0.1803503 -0.0773199 0.6216401
1403638172.895097 -5.4227448 12.6201744 5.3163815 -0.7586854 0.1787720 -0.0724182 0.6222482
1403638174.095097 -3.3200490 10.2184772 4.3164816 -0.7877195 0.1514088 -0.0974325 0.5891352
1403638174.595097 -2.5157003 9.1313229 3.8768883 -0.8074204 0.1478055 -0.0972698 0.5628182
1403638174.795097 -2.2028332 8.7280912 3.7232323 -0.8161047 0.1454203 -0.0994196 0.5504015
1403638175.595097 -1.0321009 7.4788933 3.3810067 -0.8390396 0.1424630 -0.1139646 0.5125709
1403638175.895097 -0.6258237 7.2166958 3.3417215 -0.8522779 0.1406091 -0.1123459 0.4911516
1403638176.195097 -0.2289579 7.1086307 3.2581148 -0.8267689 0.1236512 -0.1303326 0.5330825
1403638177.095097 0.5801040 7.1290078 3.2560740 -0.8123556 0.1280410 -0.1294581 0.5540075
1403638177.545097 0.7869122 7.2358708 3.2082195 -0.8119951 0.1335839 -0.1256156 0.5541120
1403638179.595097 1.7807846 7.2675524 2.8851132 -0.7291956 0.3803725 -0.2574124 0.5072765
1403638179.995097 2.0873642 7.1905055 2.8033347 -0.6906182 0.4476204 -0.3020793 0.4810723
1403638180.345097 2.3676538 7.1125937 2.7765245 -0.6811665 0.4734756 -0.3097687 0.4646252
1403638180.795097 2.7771511 7.0140824 2.7018261 -0.6932157 0.4669713 -0.3127903 0.4511673
1403638181.095097 3.0946445 6.9730053 2.6928825 -0.6940894 0.4634385 -0.3042345 0.4592451
1403638182.445097 4.6291556 6.4540467 2.5958443 -0.5968033 0.5832706 -0.3711685 0.4072531
1403638182.645097 4.8594270 6.3297157 2.6305928 -0.6088698 0.5753942 -0.3789808 0.3931573
1403638182.795097 5.0440550 6.2390919 2.6731014 -0.6115503 0.5719154 -0.3785641 0.3944724
1403638183.195097 5.5780597 6.0129013 2.7416854 -0.6063194 0.5550290 -0.3924668 0.4126614
1403638183.695097 6.2684407 5.7786722 2.7263374 -0.6205937 0.5560762 -0.3872907 0.3945235
1403638184.145097 6.9167771 5.6547599 2.7859221 -0.6142535 0.5510211 -0.3968591 0.4019592
1403638184.545097 7.4816642 5.6071796 2.8341379 -0.6118569 0.5525466 -0.3979372 0.4024542
1403638184.945097 8.0442362 5.6134915 2.8640041 -0.6084120 0.5513941 -0.4018665 0.4053426
1403638185.145097 8.3169575 5.6341434 2.8863649 -0.6094682 0.5520357 -0.4008382 0.4038983
1403638185.345097 8.5851974 5.6665263 2.9107857 -0.6129609 0.5472819 -0.4065836 0.3993135
1403638185.745097 9.0919285 5.7998052 2.9696474 -0.6293109 0.5118707 -0.4017393 0.4249254
1403638186.145097 9.5459023 5.9817772 3.0078506 -0.6360610 0.5219707 -0.3593449 0.4402776
1403638186.345097 9.7719450 6.0598674 3.0167236 -0.6415431 0.5165107 -0.3656621 0.4335092
1403638186.595097 10.0491867 6.1580009 3.0567217 -0.6424270 0.5144927 -0.3707962 0.4302266
1403638186.795097 10.2681026 6.2440591 3.0724525 -0.6482316 0.5056796 -0.3799510 0.4239354
1403638189.645097 10.9659224 7.6918006 3.5326681 -0.7609012 0.3125949 -0.2250949 0.5221554
1403638190.545097 10.4838314 7.8975406 3.5893764 -0.7584561 0.2653337 -0.2488133 0.5407720
1403638190.745097 10.3511620 7.9659162 3.5644751 -0.7626932 0.2604292 -0.2364736 0.5427302
1403638191.445097 9.7597847 8.1553488 3.6347895 -0.7762445 0.2736420 -0.2054794 0.5294739
1403638191.645097 9.5892859 8.2075167 3.6611290 -0.7762256 0.2741700 -0.2081485 0.5281843
1403638192.095097 9.2192211 8.3709660 3.6566534 -0.7783598 0.2677560 -0.2194821 0.5237275
1403638192.395097 8.9689207 8.5280933 3.7220535 -0.7675793 0.2698027 -0.2151195 0.5401408
1403638192.595097 8.7967529 8.6378174 3.8010597 -0.7618070 0.2688558 -0.2161727 0.5483028
1403638192.895097 8.5208311 8.7840767 3.9126158 -0.7388524 0.2699980 -0.2158328 0.5784588
1403638193.195097 8.2077560 8.8465071 4.0000782 -0.7343065 0.2666081 -0.1944646 0.5932096
1403638193.345097 8.0405340 8.8307133 4.0620890 -0.7476927 0.2542353 -0.1935470 0.5821165
1403638194.045097 7.2091517 8.5688677 4.3178530 -0.7747906 0.2465239 -0.1835429 0.5524832
1403638194.245097 6.9723721 8.4776859 4.3427553 -0.7646262 0.2446091 -0.1898704 0.5652099
1403638194.445097 6.7326517 8.3738813 4.3526430 -0.7694809 0.2485191 -0.1858709 0.5582020
1403638196.245097 5.1896086 7.9042411 4.3376961 -0.7872907 0.2538053 -0.1807097 0.5320716
1403638197.045097 4.9286947 8.1088581 4.3427238 -0.7856460 0.2578024 -0.1791389 0.5331113
1403638198.295097 4.6287737 8.6157551 4.4901028 -0.7653389 0.2463694 -0.1923603 0.5626330
1403638198.645097 4.4725075 8.7097940 4.3434467 -0.7749175 0.2253022 -0.2204081 0.5478706
1403638199.045097 4.1686220 8.8316936 4.2254648 -0.7737818 0.2095942 -0.2401086 0.5474303
1403638199.395097 3.7378192 8.9749708 4.2560558 -0.7681641 0.2136310 -0.2369688 0.5550960
1403638199.845097 2.9797659 9.1880560 4.4138012 -0.7813806 0.2088950 -0.2046871 0.5512809
1403638200.045097 2.5975497 9.2902164 4.4747524 -0.7848856 0.2064942 -0.1841747 0.5544317
1403638200.245097 2.2079360 9.3909340 4.5227251 -0.7855651 0.1757910 -0.1792452 0.5655583
1403638200.445097 1.7994828 9.4885454 4.5905905 -0.7857468 0.1414768 -0.1673393 0.5784324
1403638200.595097 1.4787016 9.5568333 4.6575041 -0.7909231 0.1179219 -0.1647615 0.5773983
1403638200.795097 1.0231500 9.6438179 4.7634096 -0.7987319 0.0877590 -0.1589403 0.5736408
1403638200.995097 0.5332024 9.7313194 4.8571959 -0.8032407 0.0888406 -0.1350175 0.5733080
1403638201.395097 -0.4862165 9.9026918 4.9558506 -0.8021463 0.1013485 -0.1182779 0.5764547
1403638201.595097 -0.9978702 9.9827309 4.9593477 -0.7993217 0.1035387 -0.1225779 0.5790849
1403638201.795097 -1.5121148 10.0554428 4.9316559 -0.7975900 0.1061771 -0.1241870 0.5806499
1403638201.995097 -2.0319929 10.1156025 4.8829975 -0.7987217 0.1033955 -0.1185335 0.5807778
1403638202.395097 -3.0755844 10.1807079 4.8379641 -0.8112010 0.0986594 -0.0844747 0.5701607
1403638202.595097 -3.5720875 10.2168427 4.8149595 -0.8126850 0.0993566 -0.0777797 0.5688775
1403638203.045097 -4.6055307 10.3072538 4.6960640 -0.8103189 0.1010202 -0.0786938 0.5718264
1403638203.245097 -5.0315218 10.3458986 4.6662893 -0.8060287 0.0977058 -0.0844394 0.5776168
1403638203.645097 -5.8351960 10.3932991 4.6228724 -0.8047106 0.1019837 -0.0778278 0.5796406
1403638204.245097 -6.9045076 10.3831558 4.6708498 -0.8107291 0.1052463 -0.0658943 0.5721008
1403638204.445097 -7.2156229 10.3700066 4.7301121 -0.8176481 0.1206252 -0.0461786 0.5610427
1403638204.695097 -7.5463357 10.3613672 4.7807159 -0.8166557 0.1152689 -0.0430978 0.5638521
1403638204.895097 -7.7726922 10.3554115 4.7867174 -0.8179192 0.0712274 -0.0492030 0.5687829
1403638205.095097 -7.9896955 10.3495455 4.7690077 -0.8188940 0.0067665 -0.0281684 0.5732132
1403638205.295097 -8.2113705 10.3408470 4.7586679 -0.8136982 -0.0704546 0.0244355 0.5764844
1403638205.495097 -8.4328375 10.3313618 4.7801304 -0.7963593 -0.1497772 0.0708698 0.5816839
1403638205.695097 -8.6519833 10.3105259 4.8278637 -0.7753878 -0.2047542 0.0804994 0.5919201
1403638205.895097 -8.8905354 10.2561359 4.8991852 -0.7644454 -0.2383259 0.0983437 0.5908912
1403638206.295097 -9.4276190 10.0291204 5.0921574 -0.7423267 -0.3026288 0.1676387 0.5738155
1403638206.495097 -9.7004461 9.8732777 5.1729994 -0.7354942 -0.3115838 0.2021708 0.5666487
1403638206.745097 -10.0180378 9.6527138 5.2323933 -0.7289537 -0.3201230 0.2199773 0.5637002
1403638206.995097 -10.3020973 9.4072723 5.2502394 -0.7214275 -0.3300148 0.2352175 0.5615205
1403638207.195097 -10.5014858 9.1971130 5.2338791 -0.7167457 -0.3318363 0.2422680 0.5634418
1403638207.595097 -10.8059711 8.7129049 5.1473141 -0.6929793 -0.3754509 0.2762019 0.5500262
1403638207.995097 -10.9747257 8.1878920 5.1470547 -0.7023922 -0.4061665 0.2911739 0.5068451
1403638208.195097 -11.0319214 7.9441414 5.1643553 -0.6981518 -0.4026148 0.2967437 0.5122778
1403638208.595097 -11.0950842 7.4804373 5.1304827 -0.6992669 -0.4130144 0.2942531 0.5038454
1403638208.995097 -11.1058502 7.0503116 5.1443920 -0.6809194 -0.4375240 0.3153104 0.4954804
1403638209.195097 -11.0928955 6.8509378 5.1266212 -0.6783983 -0.4418854 0.3188605 0.4927891
1403638209.645097 -11.0282135 6.4429302 4.9818249 -0.6775420 -0.4381016 0.3259388 0.4927147
1403638210.095097 -10.9125824 6.0855651 4.5745811 -0.6671224 -0.4357669 0.3248715 0.5094247
1403638210.345097 -10.8028717 5.8890257 4.3533468 -0.6636242 -0.4330404 0.3281189 0.5142149
1403638210.695097 -10.5709763 5.6041331 4.0350037 -0.6646938 -0.4289512 0.3317159 0.5139530
1403638211.045097 -10.2472639 5.3143263 3.7394705 -0.6727827 -0.4316291 0.3287822 0.5029533
1403638211.245097 -10.0339546 5.1559715 3.6141977 -0.6776014 -0.4339105 0.3269660 0.4956524
1403638211.445097 -9.8142347 5.0134025 3.5087481 -0.6844828 -0.4260075 0.3197723 0.4977414
1403638211.695097 -9.5222416 4.8525476 3.3529272 -0.7049009 -0.3893608 0.3024268 0.5099519
1403638211.895097 -9.2748499 4.7414083 3.2150440 -0.7306673 -0.3439958 0.2808953 0.5185461
1403638212.095097 -9.0113602 4.6515455 3.1002598 -0.7504926 -0.3016064 0.2513956 0.5315966
1403638212.345097 -8.6586800 4.5617051 3.0037670 -0.7685437 -0.2541188 0.2090397 0.5486955
1403638212.595097 -8.2839670 4.4835925 2.9588103 -0.7835324 -0.2031898 0.1703787 0.5619270
1403638213.045097 -7.5565958 4.3504677 2.9816837 -0.8073606 -0.0982432 0.0963136 0.5737951
1403638213.245097 -7.2156405 4.2973208 3.0141702 -0.8200249 -0.0410063 0.0675980 0.5668406
1403638213.495097 -6.7699575 4.2488484 3.0226765 -0.8339563 0.0378933 0.0436756 0.5487927
1403638213.695097 -6.3803754 4.2351618 3.0106931 -0.8215479 0.0647287 0.0019566 0.5664499
1403638213.895097 -5.9771695 4.2289400 3.0166261 -0.8112479 0.0658780 -0.0290016 0.5802549
1403638214.145097 -5.4794970 4.2148075 3.0555742 -0.8209403 0.0627341 -0.0352338 0.5664629
1403638214.445097 -4.9008894 4.2189817 3.1066113 -0.8342637 0.0521995 -0.0301594 0.5480599
1403638217.245097 -0.9560744 4.2245159 2.6587548 -0.8061074 0.0912301 -0.0768101 0.5796275
1403638220.145097 -0.5830743 3.3777041 2.6659760 -0.8006447 0.1477778 -0.0770497 0.5754938
1403638220.445097 -0.5793335 3.2089858 2.6637900 -0.8055099 0.1271834 -0.1076504 0.5686736
1403638220.745097 -0.5900273 3.0417590 2.6979249 -0.8045661 0.1285373 -0.1111242 0.5690368
1403638221.245097 -0.6414472 2.7823088 2.6561944 -0.8074898 0.1346845 -0.1101074 0.5636460
1403638221.745097 -0.7080020 2.5571256 2.6351323 -0.8055087 0.1437987 -0.1014260 0.5658539
1403638222.245097 -0.7502698 2.3572581 2.6529922 -0.8104441 0.1370184 -0.1091062 0.5590189
1403638222.745097 -0.7891825 2.2167277 2.6180263 -0.8068960 0.1382334 -0.1078121 0.5640805
1403638223.045097 -0.8113119 2.1585841 2.5720782 -0.7963713 0.1368250 -0.1086285 0.5790263
1403638223.345097 -0.8444799 2.0821700 2.5547476 -0.8143940 0.1442772 -0.0990647 0.5532926
1403638223.645097 -0.8559405 2.0229838 2.5323930 -0.8051080 0.1502682 -0.0916513 0.5664104
1403638223.895097 -0.8445600 1.9746692 2.4989033 -0.8072518 0.1355959 -0.1127590 0.5632440
1403638224.195097 -0.8436757 1.9261858 2.4498820 -0.8180943 0.1349041 -0.1128187 0.5475349
1403638224.445097 -0.8528582 1.9131863 2.4191458 -0.8079411 0.1399721 -0.1065396 0.5623950
1403638224.795097 -0.8715788 1.9041390 2.3755352 -0.8166292 0.1394414 -0.1069385 0.5497610
1403638225.145097 -0.8864800 1.9173398 2.3775728 -0.8016102 0.1434041 -0.0979967 0.5720603
1403638225.445097 -0.8840369 1.9263759 2.3864465 -0.8080859 0.1355674 -0.1065943 0.5632553
1403638225.695097 -0.8840164 1.9398786 2.3622441 -0.7872453 0.1312275 -0.1130361 0.5918168
1403638225.995097 -0.9024123 1.9260941 2.2610273 -0.8155005 0.1353896 -0.1058621 0.5526499
1403638226.445097 -0.9214680 1.9523165 2.2640738 -0.8208279 0.1325214 -0.1047584 0.5456238
1403638226.945097 -0.9071525 1.9594049 2.2912502 -0.8209244 0.1323330 -0.1044687 0.5455800
1403638227.445097 -0.8969198 1.9658887 2.3107476 -0.8213221 0.1325433 -0.1038776 0.5450429
1403638227.945097 -0.8905851 1.9763892 2.3229446 -0.8216215 0.1325197 -0.1036636 0.5446381
1403638228.445097 -0.8868279 1.9940939 2.3265195 -0.8218191 0.1326534 -0.1034541 0.5443471
