1403637130.538319 -0.0921416 -0.0575492 -0.1237404 0.0093704 -0.0075538 -0.0021691 0.9999252
1403637135.288319 -0.0596647 -0.1242291 -0.1597060 -0.0855660 0.0557293 0.0015459 0.9947715
1403637135.438319 -0.0611344 -0.2072124 -0.1789968 -0.0734709 0.0614510 -0.0045071 0.9953921
1403637136.138319 -0.0709717 -0.4306215 -0.2121370 -0.0074593 0.0766799 -0.0073295 0.9970009
1403637136.638319 -0.0599036 -0.1449913 -0.1499814 -0.1011410 0.0666513 0.0089895 0.9925962
1403637137.138319 -0.0717560 -0.5075689 -0.2403987 -0.0186621 0.0874604 0.0045450 0.9959828
1403637137.538319 -0.0642567 -0.4289388 -0.2094052 -0.0039267 0.0810195 -0.0003959 0.9967047
1403637137.988319 -0.0569810 -0.1365099 -0.1525166 -0.1022309 0.0730135 -0.0018140 0.9920759
1403637138.038319 -0.0555439 -0.1414037 -0.1557588 -0.1099155 0.0721825 -0.0003983 0.9913164
1403637138.088319 -0.0557337 -0.1583367 -0.1613732 -0.1130736 0.0715441 0.0005584 0.9910073
1403637138.188319 -0.0549316 -0.2225220 -0.1763718 -0.1033315 0.0671607 -0.0047560 0.9923656
1403637138.538319 -0.0627637 -0.5128622 -0.2417354 0.0014343 0.0959788 -0.0231829 0.9951124
1403637138.588319 -0.0625519 -0.5247331 -0.2419894 0.0090661 0.0975418 -0.0224158 0.9949377
1403637139.038319 -0.0462265 -0.2920503 -0.1572746 -0.0292887 0.0811247 -0.0008808 0.9962732
1403637150.188319 0.0014042 -0.0937178 -0.1023608 -0.0725859 0.0453988 -0.0242924 0.9960322
1403637150.288319 0.0187067 -0.1216934 -0.0947331 -0.0674044 0.0508714 -0.0257475 0.9960953
1403637150.438319 0.0431755 -0.1753697 -0.0735209 -0.0478590 0.0561101 -0.0213519 0.9970483
1403637150.488319 0.0516110 -0.1932040 -0.0647792 -0.0431964 0.0580593 -0.0208555 0.9971601
1403637150.538319 0.0599136 -0.2109700 -0.0555309 -0.0399686 0.0598705 -0.0201580 0.9972019
1403637150.638319 0.0769811 -0.2449337 -0.0352404 -0.0373755 0.0625927 -0.0190770 0.9971566
1403637150.738319 0.0943038 -0.2768211 -0.0130754 -0.0367451 0.0647096 -0.0194692 0.9970373
1403637150.888319 0.1185333 -0.3231289 0.0209838 -0.0305437 0.0673795 -0.0216160 0.9970255
1403637151.488319 0.1893075 -0.4787777 0.1233077 -0.0293750 0.0570545 -0.0106879 0.9978816
1403637151.838319 0.2369734 -0.5829362 0.1528577 -0.0317053 0.0569835 -0.0198495 0.9976741
1403637152.038319 0.2671691 -0.6212356 0.1772781 -0.0322258 0.0565286 -0.0210896 0.9976579
1403637152.188319 0.2878141 -0.6604065 0.1913380 -0.0348295 0.0555594 -0.0186807 0.9976729
1403637152.338319 0.3116769 -0.6931680 0.2084845 -0.0376904 0.0542382 -0.0155009 0.9976960
1403637152.488319 0.3364462 -0.7110795 0.2333422 -0.0380422 0.0544793 -0.0170559 0.9976442
1403637152.688319 0.3735817 -0.7180297 0.2778358 -0.0365741 0.0546873 -0.0180289 0.9976706
1403637152.788319 0.3935978 -0.7219017 0.3040918 -0.0317526 0.0532945 -0.0148090 0.9979640
1403637152.888319 0.4139692 -0.7318695 0.3256709 -0.0267468 0.0527886 -0.0141582 0.9981470
1403637153.038319 0.4470114 -0.7602177 0.3484268 -0.0245096 0.0527666 -0.0170735 0.9981601
1403637153.238319 0.4937913 -0.7896217 0.3824743 -0.0287464 0.0547550 -0.0209221 0.9978666
1403637153.788319 0.6087211 -0.8731528 0.4726007 -0.0323855 0.0569980 -0.0253378 0.9975271
1403637154.038319 0.6485352 -0.9162994 0.5143872 -0.0280998 0.0569983 -0.0239018 0.9976925
1403637154.438319 0.7315739 -0.9038097 0.6069676 -0.0455873 0.0503900 0.0015945 0.9976874
1403637154.688319 0.8128133 -0.8832223 0.6899554 -0.0424031 0.0629565 -0.0215431 0.9968823
1403637154.938319 0.8983302 -0.8884993 0.7780766 -0.0578872 0.0892500 -0.0188788 0.9941464
1403637155.138319 0.9601544 -0.9200618 0.8620656 -0.0470890 0.1125210 -0.0065735 0.9925112
1403637155.188319 0.9759387 -0.9344404 0.8845421 -0.0428488 0.1181760 -0.0028993 0.9920635
1403637155.338319 1.0183474 -0.9864196 0.9520357 -0.0312172 0.1295988 -0.0003974 0.9910749
1403637155.438319 1.0452535 -1.0204574 1.0010095 -0.0249569 0.1404228 0.0045823 0.9897664
1403637155.588319 1.0863595 -1.0549718 1.0730753 -0.0190500 0.1602190 0.0164532 0.9867605
1403637155.738319 1.1329496 -1.0717527 1.1392498 -0.0177491 0.1743507 0.0325835 0.9839843
1403637155.938319 1.2047557 -1.0727084 1.2201421 -0.0214407 0.2084912 0.0513515 0.9764398
1403637156.138319 1.2927687 -1.0621693 1.3054012 -0.0139640 0.2526989 0.0713413 0.9648102
1403637157.288319 2.0610776 -0.8343837 1.4634980 -0.0227933 0.4413950 0.1294414 0.8876350
1403637157.888319 2.5993917 -0.8247806 1.3790696 -0.0062018 0.4243438 0.1346544 0.8954117
1403637159.138319 3.8807580 -0.7329003 0.7712405 -0.0068923 0.5356944 0.1562124 0.8298082
1403637159.438319 4.1812415 -0.6733801 0.5605090 0.0010670 0.5298765 0.1669611 0.8314768
1403637159.588319 4.3356647 -0.6180479 0.4497777 -0.0053893 0.5288886 0.1594991 0.8335513
1403637159.688319 4.4435606 -0.5821127 0.3758740 -0.0112375 0.5291286 0.1530069 0.8345571
1403637159.788319 4.5486512 -0.5619630 0.3038825 -0.0147161 0.5301620 0.1475785 0.8348247
1403637159.988319 4.7657871 -0.5173297 0.1380689 -0.0161946 0.5442425 0.1503985 0.8251776
1403637160.088319 4.8781648 -0.5037837 0.0589621 -0.0093660 0.5596990 0.1559435 0.8138372
1403637160.288319 5.1054230 -0.4593162 -0.1060227 0.0013594 0.5988202 0.1690059 0.7828470
1403637160.338319 5.1594315 -0.4346224 -0.1408125 0.0026511 0.6107610 0.1714230 0.7730318
1403637160.438319 5.2613411 -0.3907039 -0.2214855 0.0035008 0.6348211 0.1790022 0.7516304
1403637160.488319 5.3190603 -0.3686759 -0.2561528 0.0015846 0.6479707 0.1817833 0.7396528
1403637160.538319 5.3771319 -0.3508580 -0.3045012 -0.0022834 0.6598654 0.1856436 0.7280858
1403637160.588319 5.4321127 -0.3397830 -0.3308289 -0.0045507 0.6728818 0.1891782 0.7151370
1403637160.738319 5.5902801 -0.2641437 -0.4298987 -0.0113953 0.7015383 0.2006430 0.6837079
1403637160.938319 5.7953420 -0.1944633 -0.5599353 -0.0169326 0.7183887 0.2114125 0.6625222
1403637161.238319 6.1127124 -0.1860726 -0.7767617 0.0140643 0.7161409 0.2348598 0.6571038
1403637161.338319 6.2284369 -0.2133690 -0.8521104 0.0267578 0.7136271 0.2413110 0.6571069
1403637161.438319 6.3271036 -0.2115990 -0.9666544 0.0242411 0.7142251 0.2362919 0.6583776
1403637161.638319 6.5409489 -0.2453327 -1.1586460 0.0162625 0.7292585 0.2336590 0.6429005
1403637161.688319 6.5930486 -0.2512864 -1.2130059 0.0170130 0.7338708 0.2316101 0.6383580
1403637161.988319 6.8925657 -0.2517182 -1.5470569 0.0398364 0.7646670 0.1877709 0.6151744
1403637162.088319 6.9781446 -0.2479322 -1.6616071 0.0445920 0.7694768 0.1797391 0.6112371
1403637162.638319 7.2274280 -0.0821609 -2.2055335 0.0349304 0.7567583 0.2210251 0.6142024
1403637163.138319 7.2303982 0.0981924 -2.7990184 0.0484927 0.8231190 0.2016389 0.5286449
1403637163.288319 7.1775908 0.1874489 -2.9543781 0.0438974 0.8523785 0.2043566 0.4793352
1403637163.338319 7.1609068 0.2166467 -3.0116334 0.0452337 0.8601173 0.2076387 0.4637223
1403637163.538319 7.0537529 0.3336618 -3.1982608 0.0550514 0.8794972 0.2329774 0.4113096
1403637163.788319 6.8777819 0.4384963 -3.4171751 0.0600536 0.8798867 0.2790888 0.3798714
1403637164.138319 6.5604315 0.5135724 -3.7795670 0.0753677 0.8819244 0.2798797 0.3717479
1403637164.338319 6.3277049 0.5396947 -4.0311852 0.0570265 0.8848503 0.2673380 0.3772509
1403637164.588319 6.0084739 0.5881134 -4.3434758 0.0579403 0.8776481 0.2767559 0.3870178
1403637164.738319 5.7993240 0.6417993 -4.5435553 0.0527018 0.8758932 0.2754046 0.3926651
1403637164.888319 5.5697131 0.7112755 -4.7531824 0.0367887 0.8838347 0.2585477 0.3881184
1403637164.938319 5.4957957 0.7333643 -4.8228579 0.0339696 0.8863340 0.2566034 0.3839437
1403637165.038319 5.3463445 0.7896344 -4.9584436 0.0310453 0.8920653 0.2547350 0.3719755
1403637165.388319 4.8207726 0.9781038 -5.3950171 0.0255685 0.9162517 0.2653095 0.2990652
1403637165.488319 4.6709981 1.0169225 -5.5198851 0.0228638 0.9177338 0.2777857 0.2829788
1403637165.788319 4.2422156 1.1020203 -5.8695903 -0.0118639 0.9262095 0.2793503 0.2529004
1403637165.888319 4.1129904 1.1357497 -5.9774036 -0.0253729 0.9276856 0.2758866 0.2502845
1403637166.288319 3.7026114 1.3327570 -6.3265533 -0.0453780 0.9232469 0.2574286 0.2815786
1403637166.838319 3.3891156 1.5184919 -6.5268221 -0.0513697 0.9118798 0.2499775 0.3214772
1403637167.088319 3.3293145 1.5670297 -6.5067620 -0.0879069 0.9156435 0.2159993 0.3274351
1403637167.288319 3.3571320 1.5463463 -6.4224715 -0.0996020 0.9192591 0.1925001 0.3286119
1403637167.438319 3.4172168 1.5054878 -6.3041797 -0.0882434 0.9167122 0.2111196 0.3275369
1403637167.538319 3.4800222 1.4770675 -6.1989603 -0.0566203 0.9125106 0.2353173 0.3297640
1403637167.588319 3.5125244 1.4580317 -6.1483269 -0.0398032 0.9100233 0.2462854 0.3310842
1403637167.638319 3.5455058 1.4401928 -6.0904360 -0.0235912 0.9077546 0.2547359 0.3324676
1403637167.888319 3.7364681 1.3869331 -5.7932415 -0.0048057 0.8932794 0.2776361 0.3534784
1403637167.988319 3.8109453 1.3652802 -5.6837420 -0.0147842 0.8887450 0.2785478 0.3637649
1403637169.188319 4.9264522 1.3449391 -4.3310490 -0.0271482 0.8873654 0.2454712 0.3893450
1403637169.588319 5.3597465 1.2017133 -3.8266313 -0.0228029 0.8524418 0.2115760 0.4775548
1403637169.788319 5.4875422 1.0896316 -3.5376616 -0.0222888 0.8206629 0.1873911 0.5393516
1403637169.888319 5.4538121 1.0760466 -3.5690811 -0.0125254 0.7933649 0.1805827 0.5812101
1403637170.038319 5.7549849 0.9753204 -3.1149476 -0.0294851 0.7851660 0.1633868 0.5966152
1403637170.088319 5.8139863 0.9546375 -3.0459151 -0.0314258 0.7757773 0.1607191 0.6093860
1403637170.188319 5.9103322 0.9260843 -2.8516524 -0.0300722 0.7610698 0.1510789 0.6301140
1403637170.238319 5.9489608 0.9223351 -2.7542660 -0.0288321 0.7535685 0.1454666 0.6404238
1403637170.288319 5.9898386 0.9048710 -2.6460605 -0.0298756 0.7464410 0.1397095 0.6499342
1403637170.338319 6.0461526 0.8906661 -2.5576038 -0.0273129 0.7366877 0.1358127 0.6618913
1403637170.388319 6.0839667 0.8754734 -2.4552460 -0.0198507 0.7260237 0.1341688 0.6741619
1403637170.438319 6.1298223 0.8656968 -2.3542340 -0.0095032 0.7146254 0.1327429 0.6867310
1403637170.488319 6.1705928 0.8592188 -2.2523017 0.0027206 0.7023858 0.1311311 0.6996080
1403637170.538319 6.2076483 0.8533432 -2.1412745 0.0145266 0.6905206 0.1268539 0.7119539
1403637173.038319 4.3343616 0.1181053 1.1819506 -0.0261585 0.4951858 0.2000142 0.8450450
1403637173.288319 4.0912395 0.1373380 1.2786930 -0.0297208 0.5306220 0.2251743 0.8166110
1403637173.788319 3.8906183 0.2635159 1.3252419 0.0136021 0.6194329 0.2694010 0.7372523
1403637173.988319 3.8927009 0.3480295 1.2830988 -0.0078626 0.6435684 0.2871680 0.7094311
1403637174.138319 3.9244692 0.3973343 1.1877254 -0.0081937 0.6713863 0.2389411 0.7014844
1403637174.438319 4.0410943 0.3968345 0.9548606 0.0387701 0.6841782 0.2067376 0.6983241
1403637174.738319 4.1764359 0.4249361 0.6096108 0.0611576 0.7042909 0.2136178 0.6742414
1403637174.938319 4.1991119 0.4317109 0.4309780 0.0456433 0.7451677 0.2196224 0.6280189
1403637175.188319 4.1945734 0.4696211 0.1511478 0.0512402 0.7815862 0.2253745 0.5793995
1403637175.238319 4.1775327 0.4726979 0.0746847 0.0578605 0.7860358 0.2219334 0.5740605
1403637175.338319 4.1669211 0.5011041 -0.0455762 0.0679085 0.7956040 0.2108806 0.5638547
1403637175.488319 4.1275434 0.5586386 -0.2291790 0.0742046 0.7991130 0.2126532 0.5573964
1403637175.638319 4.0622392 0.6276548 -0.4149676 0.0693199 0.7925386 0.2360409 0.5579982
1403637175.788319 3.9779050 0.6928100 -0.6124247 0.0610682 0.7883022 0.2469582 0.5602339
1403637175.888319 3.9055169 0.7238994 -0.7560617 0.0504804 0.7898580 0.2410707 0.5616592
1403637175.938319 3.8761868 0.7434490 -0.8309662 0.0453962 0.7918714 0.2342505 0.5621438
1403637176.088319 3.7702289 0.7825049 -1.0616376 0.0498274 0.7951106 0.2157605 0.5645917
1403637176.138319 3.7238305 0.7913553 -1.1399208 0.0503907 0.7960052 0.2094081 0.5656718
1403637176.288319 3.5872626 0.8322695 -1.3747929 0.0535502 0.7982202 0.1989267 0.5660434
1403637176.488319 3.3868573 0.9093383 -1.6690224 0.0458566 0.8024371 0.2032513 0.5591788
1403637176.638319 3.2086217 0.9662436 -1.8945749 0.0389631 0.8080474 0.2172212 0.5462200
1403637177.188319 2.5442808 1.2665095 -2.6360719 -0.0032079 0.8058930 0.2883106 0.5171105
1403637177.338319 2.3872473 1.3758031 -2.8367615 -0.0130531 0.8019702 0.3022641 0.5150822
1403637177.438319 2.3021259 1.4589523 -2.9861934 -0.0222668 0.8020779 0.3017551 0.5148971
1403637177.538319 2.2273803 1.5423526 -3.1375084 -0.0351663 0.8057020 0.2967185 0.5114351
1403637177.688319 2.1472745 1.6563269 -3.3700566 -0.0533224 0.8150604 0.2763891 0.5064013
1403637178.038319 2.0996823 1.8598322 -3.8951435 -0.0542330 0.8428329 0.2621677 0.4668615
1403637178.188319 2.1180253 1.9524925 -4.0996642 -0.0725819 0.8601599 0.2536558 0.4364809
1403637178.388319 2.1991069 2.0423381 -4.3429422 -0.0874429 0.8773932 0.2306776 0.4114885
1403637178.438319 2.2307415 2.0553958 -4.3941021 -0.0900788 0.8802569 0.2255196 0.4076452
1403637178.488319 2.2662868 2.0643137 -4.4430370 -0.0918316 0.8817552 0.2246512 0.4044832
1403637178.638319 2.3927941 2.0786738 -4.5600471 -0.0798698 0.8842254 0.2266110 0.4005167
1403637178.838319 2.6022627 2.0930367 -4.6680737 -0.0341973 0.8867429 0.2232871 0.4033118
1403637178.888319 2.6560245 2.0977535 -4.6859837 -0.0223809 0.8865200 0.2239655 0.4042535
1403637178.988319 2.7677460 2.1100416 -4.7145352 -0.0055772 0.8861623 0.2235491 0.4058460
1403637179.788319 3.6026416 2.0801840 -4.7139359 -0.0211227 0.8822993 0.2302895 0.4099616
1403637180.288319 4.1671023 2.2222269 -4.4173326 -0.0067669 0.8803436 0.2371869 0.4107209
1403637180.888319 4.8619881 2.1366768 -3.9774382 -0.0285954 0.8822851 0.2374383 0.4054359
1403637181.438319 5.5695672 1.7724471 -3.5001245 -0.0038911 0.8908005 0.2284679 0.3927616
1403637182.338319 6.6666746 0.9343584 -2.4526117 0.0384819 0.8924732 0.2303674 0.3859294
1403637182.888319 7.0536485 0.4648857 -1.7016652 0.0497968 0.8933374 0.2157525 0.3910493
1403637183.088319 7.1119494 0.3276057 -1.3939748 0.0712253 0.8908274 0.2218343 0.3900551
1403637183.138319 7.1184769 0.3013204 -1.3173789 0.0763337 0.8895795 0.2245501 0.3903828
1403637183.238319 7.1274610 0.2637786 -1.1505132 0.0821412 0.8884334 0.2277967 0.3899328
1403637184.488319 5.8728104 0.1001504 0.4232714 0.0455047 0.8781561 0.2775293 0.3869738
1403637184.538319 5.7850604 0.1111881 0.4605869 0.0389528 0.8771700 0.2814896 0.3870648
1403637184.638319 5.6112113 0.1349807 0.5327109 0.0279674 0.8739082 0.2916846 0.3878432
1403637184.788319 5.3533316 0.1731881 0.6252298 0.0193474 0.8690936 0.3050489 0.3889050
1403637184.988319 5.0258913 0.2058446 0.7109103 0.0133453 0.8661157 0.3126070 0.3897977
1403637185.338319 4.5207572 0.2052692 0.7383913 0.0004449 0.8631687 0.3223113 0.3886579
1403637185.838319 4.0007019 0.1156170 0.5347415 -0.0039147 0.8780090 0.2846412 0.3847913
1403637186.438319 3.5885556 0.0407971 0.2110714 0.0095493 0.8857243 0.2611770 0.3836506
1403637186.738319 3.4016764 -0.0627751 0.0528570 0.0241871 0.8840699 0.2688062 0.3815475
1403637186.938319 3.2769363 -0.0970691 -0.0493996 0.0478027 0.8765695 0.2895963 0.3814116
1403637187.088319 3.1758046 -0.1028196 -0.1339965 0.0609927 0.8751634 0.2917224 0.3811390
1403637187.338319 2.9865160 -0.0562581 -0.2966729 0.0356658 0.8803980 0.2937055 0.3706271
1403637187.438319 2.9071927 -0.0265653 -0.3679850 0.0190244 0.8815491 0.2986233 0.3651485
1403637188.738319 2.3197544 0.6197178 -1.6639690 0.0318581 0.9056878 0.2701171 0.3251944
1403637189.038319 2.2223508 0.8247582 -1.9608079 0.0410003 0.9131485 0.2878800 0.2856641
1403637189.738319 1.9373913 1.2948295 -2.7120352 0.0256793 0.9201888 0.2761035 0.2763332
1403637190.688319 1.4941883 1.4557743 -3.7400863 0.0122007 0.9249244 0.2616870 0.2754737
1403637191.488319 1.0938650 1.6405790 -4.2996163 0.0202968 0.9122375 0.2521254 0.3222478
1403637191.688319 0.9829260 1.6784654 -4.3985977 0.0057214 0.9114734 0.2603117 0.3184672
1403637191.988319 0.8337249 1.6764127 -4.5339990 -0.0240660 0.9115429 0.2662629 0.3124332
1403637192.088319 0.7985856 1.6559250 -4.5752954 -0.0262216 0.9094830 0.2751612 0.3105472
1403637192.238319 0.7599453 1.6126543 -4.6355038 -0.0312797 0.9068081 0.2850395 0.3089873
1403637192.338319 0.7472160 1.5773903 -4.6756706 -0.0415700 0.9078272 0.2816810 0.3078597
1403637192.388319 0.7463585 1.5585388 -4.6951017 -0.0428797 0.9088416 0.2787504 0.3073542
1403637192.538319 0.7559134 1.5104048 -4.7466259 -0.0276037 0.9057230 0.2906671 0.3072725
1403637192.638319 0.7760115 1.4846977 -4.7785640 -0.0170040 0.9025346 0.3010284 0.3074477
1403637192.788319 0.8166026 1.4613805 -4.8288321 -0.0113802 0.9011371 0.3048511 0.3080394
1403637192.888319 0.8524029 1.4471195 -4.8642635 -0.0101996 0.9031923 0.2979948 0.3087698
1403637192.988319 0.8941646 1.4263206 -4.9078546 -0.0073662 0.9050436 0.2912379 0.3098745
1403637193.188319 0.9894024 1.3674173 -5.0058875 0.0209138 0.8979635 0.3095746 0.3120702
1403637193.288319 1.0386127 1.3389764 -5.0587902 0.0311985 0.8943640 0.3188898 0.3121682
1403637193.388319 1.0849140 1.3322991 -5.1165071 0.0195692 0.8984488 0.3090343 0.3112950
1403637193.688319 1.2423654 1.3231913 -5.3125081 -0.0089191 0.9060870 0.2868078 0.3109149
1403637193.738319 1.2715311 1.3162370 -5.3486223 -0.0116938 0.9063460 0.2856965 0.3110912
1403637193.888319 1.3660587 1.2877182 -5.4551768 -0.0149669 0.9065046 0.2849028 0.3112167
1403637193.938319 1.3993185 1.2769222 -5.4893527 -0.0134404 0.9070132 0.2832367 0.3113252
1403637194.038319 1.4706305 1.2692238 -5.5582142 -0.0096699 0.9095272 0.2752397 0.3113036
1403637194.088319 1.5060420 1.2714258 -5.5877118 -0.0076638 0.9104216 0.2725747 0.3110899
1403637194.188319 1.5841199 1.2795771 -5.6436639 -0.0065779 0.9111425 0.2709183 0.3104501
1403637194.288319 1.6649994 1.2922256 -5.6974483 -0.0054108 0.9101177 0.2746392 0.3102093
1403637194.438319 1.7898542 1.3026686 -5.7778101 -0.0079816 0.9088052 0.2792857 0.3098530
1403637194.538319 1.8773903 1.2987847 -5.8310623 -0.0067557 0.9082903 0.2812253 0.3096374
1403637194.738319 2.0543020 1.2738050 -5.9405007 -0.0094131 0.9061669 0.2893390 0.3083112
1403637194.788319 2.1034019 1.2659627 -5.9669657 -0.0098089 0.9056005 0.2918595 0.3075866
1403637194.888319 2.1951118 1.2549975 -6.0241718 -0.0096231 0.9046159 0.2953723 0.3071362
1403637194.988319 2.3004456 1.2484323 -6.0793395 -0.0042148 0.9067251 0.2898407 0.3063073
1403637195.088319 2.4072771 1.2468213 -6.1344099 -0.0010917 0.9101664 0.2797096 0.3055463
1403637195.188319 2.5124648 1.2502531 -6.1847782 0.0020144 0.9131181 0.2705929 0.3049439
1403637195.288319 2.6205695 1.2593988 -6.2343168 0.0038558 0.9149734 0.2644883 0.3047206
1403637195.338319 2.6760406 1.2646192 -6.2571821 0.0056661 0.9155454 0.2624542 0.3047332
1403637195.438319 2.7809377 1.2746998 -6.2986746 0.0063596 0.9154626 0.2605197 0.3066226
1403637195.538319 2.8883028 1.2795287 -6.3340840 0.0070552 0.9124326 0.2621694 0.3141405
1403637195.588319 2.9418085 1.2782557 -6.3551455 0.0064958 0.9110616 0.2619714 0.3182696
1403637195.788319 3.1457474 1.2567476 -6.4224052 0.0041365 0.9078894 0.2580994 0.3303097
1403637195.888319 3.2507246 1.2405024 -6.4527769 -0.0069175 0.9086436 0.2519339 0.3329388
1403637196.088319 3.4530201 1.2124698 -6.4904351 -0.0327290 0.9122536 0.2343777 0.3343489
1403637196.288319 3.6693156 1.1871947 -6.4899964 -0.0446290 0.9205515 0.1995733 0.3328117
1403637196.538319 3.9637289 1.1532251 -6.3878050 -0.0455500 0.9248097 0.1855808 0.3289559
1403637196.688319 4.1573858 1.1322546 -6.2692533 -0.0355068 0.9242817 0.1928049 0.3275194
1403637196.838319 4.3466840 1.1148499 -6.1131182 -0.0269658 0.9236740 0.1989523 0.3263695
1403637196.888319 4.4099879 1.1061063 -6.0519490 -0.0273645 0.9244624 0.1968729 0.3253636
1403637196.988319 4.5305471 1.0932622 -5.9218917 -0.0162596 0.9241189 0.1987530 0.3259404
1403637197.038319 4.5948305 1.0866804 -5.8512697 -0.0088009 0.9223791 0.2030004 0.3285275
1403637197.138319 4.7217803 1.0637408 -5.7074180 0.0004938 0.9172683 0.2103556 0.3381850
1403637197.188319 4.7785625 1.0442203 -5.6169639 0.0040480 0.9133019 0.2152873 0.3457090
1403637197.288319 4.9210215 1.0877144 -5.5381389 0.0109333 0.9039520 0.2185547 0.3674031
1403637197.438319 5.0703006 1.0135314 -5.2841415 0.0150396 0.8822727 0.2251824 0.4131120
1403637197.488319 5.1613359 0.9768155 -5.1013083 0.0184635 0.8747864 0.2218133 0.4303566
1403637197.588319 5.2498469 0.9151174 -4.9478636 0.0097432 0.8560606 0.2184791 0.4683291
1403637197.688319 5.3475733 0.8309268 -4.7709093 0.0039061 0.8350719 0.2104105 0.5082983
1403637199.738319 5.8625059 -0.9792959 -0.1533808 0.0329446 0.5444670 0.0834083 0.8339745
1403637199.888319 5.7244148 -1.0588633 0.2390530 0.0557709 0.4965450 0.0889015 0.8616433
1403637200.238319 5.3416276 -1.0251507 1.0207777 0.1015769 0.3671429 0.0614882 0.9225548
1403637210.938319 2.9745197 -0.6974984 1.6076556 -0.0673862 0.3313331 0.1050579 0.9352221
1403637211.138319 3.1773472 -0.7220860 1.9286038 -0.0382351 0.3317889 0.1084788 0.9363154
1403637211.338319 3.3983269 -0.7314147 2.2518077 -0.0242223 0.3432840 0.0877882 0.9348062
1403637211.488319 3.5691369 -0.7315010 2.4886398 -0.0167045 0.3477966 0.0828523 0.9337527
1403637211.638319 3.7446649 -0.7234889 2.7181876 -0.0230301 0.3467885 0.0881406 0.9335088
1403637211.788319 3.9064639 -0.7338955 2.9365964 -0.0328030 0.3427308 0.1015150 0.9333565
1403637211.888319 4.0229607 -0.7531081 3.0721831 -0.0385162 0.3394853 0.1116033 0.9331725
1403637212.088319 4.2774968 -0.8093437 3.3374493 -0.0301134 0.3457846 0.0960333 0.9329007
1403637212.388319 4.6540904 -0.9410384 3.7103651 -0.0048810 0.3539694 0.0781388 0.9319744
1403637212.638319 4.9568992 -1.0782109 3.9827604 -0.0205801 0.3567389 0.0828853 0.9302923
1403637212.838319 5.1773529 -1.1942451 4.1833944 -0.0339955 0.3585842 0.0822365 0.9292464
1403637212.988319 5.3555532 -1.2851977 4.3341928 -0.0371267 0.3592557 0.0758214 0.9294127
1403637213.138319 5.5179596 -1.3776485 4.4892769 -0.0371432 0.3561235 0.0788529 0.9303648
1403637213.538319 5.9770956 -1.5674584 4.9135952 -0.0278641 0.3532536 0.0762180 0.9320012
1403637213.788319 6.2456694 -1.6418829 5.1920304 -0.0377260 0.3608344 0.0511946 0.9304593
1403637214.238319 6.6443381 -1.7735225 5.7496743 -0.0171980 0.3356530 0.0482354 0.9405927
1403637214.538319 6.8275919 -1.9176065 6.1026158 -0.0056259 0.2799438 0.0010580 0.9599993
1403637214.838319 6.9030681 -2.1052861 6.4120688 -0.0013452 0.2397130 -0.0498876 0.9695603
1403637215.288319 6.7477970 -2.3293409 6.8397851 0.0152931 0.2242165 -0.0445824 0.9733989
1403637215.588319 6.4712658 -2.4064209 7.0675254 0.0447287 0.1739701 -0.0319227 0.9832165
1403637215.938319 6.0255833 -2.4887559 7.1948786 0.0066602 0.0807979 -0.0433018 0.9957672
1403637216.288319 5.5281377 -2.5749345 7.1879935 -0.0032032 0.0140796 -0.0365858 0.9992262
1403637216.338319 5.4666052 -2.5755413 7.1801805 -0.0007497 0.0095369 -0.0361053 0.9993022
1403637216.688319 5.0207043 -2.5777543 7.1066613 0.0259271 0.0009367 -0.0277955 0.9992769
1403637216.888319 4.7925110 -2.5503285 7.0118613 0.0443894 0.0060719 -0.0273056 0.9986226
1403637217.188319 4.4790316 -2.5083416 6.7642360 0.0263386 0.0086510 -0.0046413 0.9996049
1403637217.338319 4.3440943 -2.4687269 6.6107688 0.0210274 0.0081563 0.0119718 0.9996740
1403637217.488319 4.2333179 -2.4055746 6.4428182 0.0190780 0.0095287 0.0206155 0.9995601
1403637217.588319 4.1737723 -2.3561368 6.3199120 0.0227759 0.0071250 0.0153086 0.9995980
1403637217.688319 4.1210799 -2.3032799 6.1952596 0.0297643 0.0018498 -0.0053778 0.9995407
1403637217.938319 4.0154467 -2.1627750 5.8209376 0.0330113 -0.0423853 -0.0622831 0.9966115
1403637218.188319 3.9056237 -2.0387764 5.3789082 0.0170998 -0.0818646 -0.0730788 0.9938135
1403637218.338319 3.8416901 -1.9489679 5.1012473 0.0138842 -0.0909074 -0.0781060 0.9926946
1403637218.488319 3.7828646 -1.8424882 4.8127470 0.0151448 -0.0943718 -0.0780140 0.9923600
1403637218.688319 3.7048662 -1.7068429 4.4131322 0.0097003 -0.0915921 -0.0803557 0.9925017
1403637218.838319 3.6482213 -1.6104335 4.0952883 0.0014174 -0.0878541 -0.0814686 0.9927953
1403637218.938319 3.6099911 -1.5288787 3.8862622 0.0002178 -0.0831737 -0.0893531 0.9925211
1403637219.038319 3.5670402 -1.4303130 3.6745446 -0.0007600 -0.0788174 -0.0973950 0.9921197
1403637219.088319 3.5449595 -1.3815141 3.5700302 -0.0010258 -0.0779546 -0.0988849 0.9920402
1403637219.138319 3.5208178 -1.3302227 3.4645543 -0.0005579 -0.0775237 -0.0996730 0.9919955
1403637219.238319 3.4670699 -1.2283579 3.2542284 -0.0014846 -0.0769562 -0.0979748 0.9922079
1403637219.288319 3.4370816 -1.1834093 3.1441243 -0.0033263 -0.0768422 -0.0968782 0.9923199
1403637219.338319 3.4078267 -1.1381686 3.0362000 -0.0037459 -0.0770251 -0.0945601 0.9925278
1403637219.388319 3.3760386 -1.0937831 2.9266562 -0.0063829 -0.0764918 -0.0940429 0.9926047
1403637219.488319 3.3110554 -1.0106858 2.7042139 -0.0172226 -0.0768934 -0.0901395 0.9928070
1403637219.588319 3.2457595 -0.9285090 2.4774318 -0.0325529 -0.0765068 -0.0869855 0.9927339
1403637219.688319 3.1714647 -0.8602942 2.2554739 -0.0448537 -0.0755049 -0.0850405 0.9924995
1403637219.788319 3.0923686 -0.8023320 2.0368223 -0.0507534 -0.0747748 -0.0829551 0.9924471
1403637219.838319 3.0529282 -0.7770054 1.9312679 -0.0533958 -0.0741867 -0.0837455 0.9922862
1403637219.888319 3.0125101 -0.7505173 1.8261125 -0.0564962 -0.0744081 -0.0828565 0.9921726
1403637220.038319 2.8840547 -0.6906119 1.5202386 -0.0575608 -0.0746433 -0.0818022 0.9921812
1403637220.088319 2.8399932 -0.6755691 1.4237437 -0.0584049 -0.0745529 -0.0810463 0.9922007
1403637220.138319 2.7953813 -0.6610090 1.3291849 -0.0582237 -0.0736574 -0.0828199 0.9921318
1403637220.238319 2.7016799 -0.6425960 1.1399139 -0.0588461 -0.0751169 -0.0785563 0.9923323
1403637220.288319 2.6557271 -0.6366558 1.0504358 -0.0571510 -0.0764190 -0.0738817 0.9926910
1403637220.488319 2.4705627 -0.6284410 0.6984272 -0.0490343 -0.0808374 -0.0546061 0.9940217
1403637220.838319 2.1758652 -0.5890650 0.1654489 -0.0471253 -0.0795731 -0.0503036 0.9944430
1403637221.088319 2.0067353 -0.5276041 -0.1786189 -0.0544129 -0.0705902 -0.0499901 0.9947649
1403637221.238319 1.9181026 -0.4814855 -0.3534838 -0.0602166 -0.0504567 -0.0472863 0.9957871
1403637221.388319 1.8374209 -0.4289210 -0.5128176 -0.0611303 -0.0284909 -0.0414075 0.9968635
1403637221.538319 1.7615423 -0.3714480 -0.6544721 -0.0610277 -0.0148804 -0.0343007 0.9974356
1403637221.588319 1.7392323 -0.3508541 -0.6976639 -0.0617295 -0.0114142 -0.0327789 0.9974892
1403637221.688319 1.6925535 -0.3051832 -0.7753739 -0.0630058 -0.0051765 -0.0305310 0.9975326
1403637221.788319 1.6508960 -0.2608492 -0.8480521 -0.0633122 -0.0009401 -0.0281229 0.9975970
1403637221.838319 1.6294819 -0.2363297 -0.8794417 -0.0640801 0.0019325 -0.0264183 0.9975932
1403637221.988319 1.5769861 -0.1632646 -0.9625750 -0.0654959 0.0185120 -0.0184646 0.9975102
1403637222.038319 1.5627357 -0.1397451 -0.9887923 -0.0651996 0.0277455 -0.0152506 0.9973698
1403637222.138319 1.5356373 -0.0880416 -1.0247853 -0.0656654 0.0499157 -0.0083067 0.9965578
1403637222.188319 1.5256294 -0.0617625 -1.0442500 -0.0651151 0.0620606 -0.0046302 0.9959353
1403637222.488319 1.4733334 0.0860606 -1.1132579 -0.0334009 0.1115146 0.0057495 0.9931847
1403637222.638319 1.4530333 0.1405168 -1.1432656 -0.0271235 0.1218599 0.0081488 0.9921432
1403637222.788319 1.4358369 0.1812301 -1.1790466 -0.0325555 0.1258785 0.0083926 0.9914758
1403637222.938319 1.4215157 0.2025805 -1.2199751 -0.0488886 0.1249850 0.0103285 0.9908996
1403637223.088319 1.4108061 0.2030784 -1.2529742 -0.0597519 0.1227215 0.0104733 0.9905854
1403637223.288319 1.4060794 0.1664833 -1.2848890 -0.0542920 0.1190083 0.0059135 0.9913902
1403637223.788319 1.4086769 -0.0132746 -1.3094481 -0.0293249 0.1124370 -0.0056093 0.9932102
1403637223.988319 1.4118414 -0.0518844 -1.3055054 -0.0270760 0.1126487 -0.0076440 0.9932365
1403637225.388319 1.3680732 0.1087160 -1.2117066 -0.0171083 0.1136256 -0.0141388 0.9932757
1403637225.888319 1.2817550 0.1226245 -1.2604483 -0.0349735 0.1108031 -0.0147969 0.9931166
1403637225.988319 1.2574126 0.0998425 -1.2781924 -0.0287850 0.1102183 -0.0151871 0.9933744
1403637226.088319 1.2307166 0.0752374 -1.2946039 -0.0214313 0.1098255 -0.0158223 0.9935938
1403637226.238319 1.1882648 0.0472876 -1.3177106 -0.0155957 0.1098021 -0.0163832 0.9936961
1403637226.338319 1.1580932 0.0372883 -1.3338655 -0.0206059 0.1102389 -0.0171113 0.9935442
1403637226.588319 1.0782292 0.0322730 -1.3728402 -0.0461697 0.1111114 -0.0179315 0.9925730
1403637226.688319 1.0431508 0.0359916 -1.3797551 -0.0487916 0.1110269 -0.0172903 0.9924684
1403637226.838319 0.9888058 0.0455499 -1.3822967 -0.0495007 0.1100986 -0.0154394 0.9925672
1403637226.988319 0.9337741 0.0583857 -1.3733793 -0.0457851 0.1074114 -0.0041199 0.9931513
1403637227.088319 0.8990111 0.0666987 -1.3639987 -0.0399678 0.1033007 0.0111964 0.9937838
1403637227.238319 0.8549267 0.0682756 -1.3485833 -0.0347100 0.1017853 0.0211342 0.9939760
1403637227.538319 0.8020142 0.0424015 -1.3245775 -0.0385711 0.1115105 0.0031525 0.9930094
1403637228.138319 0.7701004 0.0767641 -1.2184025 -0.0146071 0.1149518 -0.0048840 0.9932517
1403637228.688319 0.7381022 0.0727345 -1.1998645 -0.0110359 0.1139180 -0.0184713 0.9932571
1403637229.088319 0.6765159 0.0608579 -1.2458576 -0.0227067 0.1139922 -0.0128434 0.9931391
1403637229.438319 0.6087139 0.1069661 -1.2786191 -0.0271660 0.1296718 -0.0047511 0.9911734
1403637229.488319 0.5979519 0.1180574 -1.2838590 -0.0326623 0.1356601 0.0071270 0.9901913
1403637229.688319 0.5675326 0.1620112 -1.2976520 -0.0474371 0.1751178 0.0561720 0.9817984
1403637231.438319 0.7113063 0.2810181 -1.3086926 -0.0093904 0.5920153 0.1924736 0.7825494
1403637232.988319 1.3138063 0.8570387 -2.1821063 0.0384833 0.8635686 0.3309157 0.3785011
1403637233.538319 1.4676813 0.9985448 -3.0460420 -0.0246294 0.8615308 0.3446776 0.3719615
1403637234.538319 2.7128828 1.6504828 -4.1852841 -0.0704230 0.8981761 0.1914525 0.3894435
1403637234.638319 2.9107816 1.6971412 -4.1750107 -0.0489987 0.8934740 0.1919251 0.4030732
1403637236.688319 5.9433432 1.1045678 -2.1600859 -0.0284605 0.6886948 0.1161935 0.7151144
1403637236.738319 5.9731145 1.0537395 -2.0418999 -0.0208014 0.6879667 0.1108805 0.7169203
1403637236.838319 6.0815802 0.9631982 -1.8673431 -0.0087053 0.6768807 0.1018484 0.7289606
1403637237.038319 6.1669402 0.7159141 -1.3442378 0.0325684 0.6657586 0.0773695 0.7414302
1403637238.538319 4.7132168 -0.8972216 0.6745538 0.0995051 0.6630086 0.2719129 0.6903490
1403637238.788319 4.2970166 -0.9541805 0.6718624 0.0817470 0.6900821 0.3398154 0.6337426
1403637238.838319 4.2155447 -0.9592205 0.6495353 0.0724888 0.6900643 0.3559087 0.6260077
1403637238.988319 3.9264910 -0.9107399 0.4754695 0.0445167 0.6835876 0.3943435 0.6125517
1403637239.038319 3.8627200 -0.9074510 0.4236624 0.0332779 0.6860880 0.3970079 0.6087369
1403637239.138319 3.8033900 -0.9374024 0.3443638 0.0122403 0.7004855 0.3863572 0.5999154
1403637239.238319 3.7090852 -0.9322385 0.1832981 0.0029545 0.7207010 0.3576919 0.5938331
1403637239.288319 3.6214767 -0.8850614 0.0333132 0.0039778 0.7273045 0.3444744 0.5935906
1403637239.388319 3.5545657 -0.8651049 -0.1572842 0.0063010 0.7431554 0.3323702 0.5806984
1403637239.438319 3.5274940 -0.8465495 -0.2604740 0.0092142 0.7506965 0.3306809 0.5718567
1403637239.538319 3.4846215 -0.8028913 -0.4671310 0.0136706 0.7675288 0.3274146 0.5509195
1403637239.588319 3.4701917 -0.7536086 -0.6121442 0.0161900 0.7752238 0.3258416 0.5409189
1403637239.688319 3.4111223 -0.7566864 -0.8059340 0.0171107 0.7929963 0.3237689 0.5157886
1403637239.738319 3.4078805 -0.6999665 -0.9046901 0.0203218 0.8055922 0.3161140 0.5006797
1403637239.838319 3.4284365 -0.6101534 -0.6670960 0.0229706 0.8411523 0.2855320 0.4587012
1403637240.838319 3.2202768 0.6008524 -3.3094676 -0.0128393 0.9115128 0.2948429 0.2864388
1403637241.488319 3.2996035 1.1730428 -4.6227479 -0.0332211 0.9164608 0.2571068 0.3047822
1403637241.588319 3.3295836 1.2568958 -4.7893291 -0.0411789 0.9182256 0.2470037 0.3068470
1403637241.788319 3.4254413 1.3852348 -5.0954800 -0.0379885 0.9229782 0.2247400 0.3100968
1403637241.988319 3.5461445 1.4700135 -5.3500361 -0.0032816 0.9257185 0.2113310 0.3136460
1403637243.388319 4.3921094 1.3256180 -5.2834358 -0.0140382 0.9000381 0.2116240 0.3807227
1403637243.688319 4.5128708 1.2593713 -5.0084076 -0.0022438 0.8904239 0.2353126 0.3895744
1403637243.888319 4.6095581 1.1424257 -4.7409983 0.0179514 0.8826607 0.2652221 0.3876147
1403637244.088319 4.6999173 0.9886357 -4.5046020 0.0251436 0.8812455 0.2749314 0.3836495
1403637244.388319 4.8111906 0.7305166 -4.2054305 0.0230537 0.8825141 0.2779405 0.3786643
1403637244.538319 4.8528476 0.5911695 -4.0762219 0.0113749 0.8787089 0.2780843 0.3878280
1403637244.588319 4.8696914 0.5480006 -4.0353465 0.0043767 0.8770708 0.2762579 0.3929495
1403637244.688319 4.9012718 0.4612542 -3.9565153 -0.0088479 0.8723448 0.2725232 0.4057925
1403637244.938319 4.9976983 0.2740989 -3.7707479 -0.0188102 0.8596182 0.2695747 0.4336270
1403637245.188319 5.1341257 0.1152479 -3.5827250 -0.0020521 0.8435180 0.3030001 0.4434685
1403637245.788319 5.6478238 -0.1032956 -3.2518919 -0.0216207 0.8351551 0.2636057 0.4822456
1403637249.838319 4.8571930 -0.4136051 0.3698735 -0.0034724 0.4061498 0.0636628 0.9115795
1403637249.988319 4.6768475 -0.4260384 0.5183794 -0.0025609 0.3905746 0.0628683 0.9184185
1403637250.038319 4.6127424 -0.4337742 0.5636057 -0.0044029 0.3834985 0.0664588 0.9211367
1403637250.138319 4.4857349 -0.4580145 0.6527718 -0.0087017 0.3693235 0.0743577 0.9262804
1403637250.338319 4.2360520 -0.4949576 0.8247960 -0.0077529 0.3418498 0.0818899 0.9361478
1403637250.488319 4.0557241 -0.5041268 0.9490162 -0.0078905 0.3281568 0.0904946 0.9402455
1403637250.988319 3.5650754 -0.5799297 1.2691621 -0.0152572 0.3085741 0.0922494 0.9465935
1403637251.388319 3.2881866 -0.7420970 1.4240024 -0.0171021 0.2815951 0.0873086 0.9553999
1403637251.688319 3.1511822 -0.8797814 1.4969569 -0.0125235 0.2483922 0.0595953 0.9667434
1403637252.738319 2.7844043 -0.9489061 1.5927796 -0.0206476 0.2244188 0.0567942 0.9726172
1403637255.888319 1.9347399 -0.8032432 0.7541527 -0.0260661 0.0829690 -0.0249303 0.9958991
1403637256.188319 1.7829556 -0.8093573 0.6118042 -0.0271295 0.0422989 -0.0403003 0.9979231
1403637257.238319 1.2078902 -0.6398936 0.2108187 -0.0245789 0.0156932 -0.0380877 0.9988487
1403637257.388319 1.1277665 -0.6374195 0.1486607 -0.0287463 0.0078788 -0.0454569 0.9985215
1403637257.538319 1.0479918 -0.6344714 0.0891894 -0.0307111 0.0035612 -0.0517417 0.9981818
1403637257.688319 0.9660860 -0.6174977 0.0335325 -0.0397514 -0.0004252 -0.0488399 0.9980152
1403637257.838319 0.8805765 -0.5930448 -0.0142651 -0.0488395 -0.0086777 -0.0481317 0.9976085
1403637257.938319 0.8224667 -0.5711551 -0.0388220 -0.0534997 -0.0185411 -0.0483285 0.9972253
1403637257.988319 0.7923849 -0.5584203 -0.0485537 -0.0543021 -0.0246283 -0.0496301 0.9969862
1403637258.088319 0.7325004 -0.5369076 -0.0658533 -0.0553754 -0.0409836 -0.0517992 0.9962785
1403637258.238319 0.6429085 -0.5180375 -0.0833531 -0.0440736 -0.0687331 -0.0649409 0.9945431
1403637258.388319 0.5567634 -0.5039193 -0.0978657 -0.0325764 -0.0898213 -0.0740517 0.9926667
1403637258.538319 0.4693232 -0.4785928 -0.1041319 -0.0370411 -0.1063861 -0.0666393 0.9913976
1403637258.688319 0.3884974 -0.4469876 -0.1062611 -0.0338501 -0.1127195 -0.0647369 0.9909377
1403637258.838319 0.3138498 -0.4126560 -0.1065295 -0.0284027 -0.1143391 -0.0649285 0.9909108
1403637258.888319 0.2904678 -0.4010783 -0.1054299 -0.0268145 -0.1146015 -0.0638021 0.9909979
1403637259.088319 0.2023492 -0.3757396 -0.1077423 -0.0273481 -0.1133870 -0.0596507 0.9913815
1403637259.488319 0.0623887 -0.4124115 -0.1410517 -0.0253523 -0.1127166 -0.0450772 0.9922803
1403637260.238319 0.0063819 -0.3622336 -0.1752198 -0.0261104 -0.1050183 -0.0647639 0.9920156
1403637260.538319 0.0221642 -0.2947072 -0.1844493 -0.0308982 -0.0991454 -0.0879396 0.9906977
1403637260.638319 0.0216548 -0.2693430 -0.1883856 -0.0423646 -0.1000490 -0.0850073 0.9904389
1403637260.788319 0.0139965 -0.2342034 -0.1899559 -0.0402005 -0.1015766 -0.0812555 0.9906884
1403637260.888319 0.0058937 -0.2113745 -0.1889757 -0.0317778 -0.1036708 -0.0783935 0.9910080
1403637261.038319 -0.0088329 -0.1763428 -0.1874287 -0.0235680 -0.1050211 -0.0771947 0.9911892
1403637261.138319 -0.0194289 -0.1510654 -0.1879203 -0.0326187 -0.1052155 -0.0765223 0.9909642
1403637261.188319 -0.0248112 -0.1390334 -0.1892402 -0.0390815 -0.1046561 -0.0777063 0.9906974
1403637261.288319 -0.0376463 -0.1177290 -0.1901275 -0.0488602 -0.1037443 -0.0794802 0.9902185
1403637261.338319 -0.0446797 -0.1105518 -0.1901762 -0.0472949 -0.1036849 -0.0795650 0.9902939
1403637261.538319 -0.0766716 -0.0941560 -0.1879760 -0.0369365 -0.1068124 -0.0695682 0.9911544
1403637261.788319 -0.1147538 -0.0933283 -0.1792175 -0.0495696 -0.1039098 -0.0754179 0.9904836
1403637261.888319 -0.1315016 -0.1028213 -0.1710830 -0.0366718 -0.1041365 -0.0740830 0.9911218
1403637261.938319 -0.1402174 -0.1052489 -0.1653113 -0.0316432 -0.1041384 -0.0731279 0.9913658
1403637262.338319 -0.2092532 -0.0482281 -0.1006249 -0.0131779 -0.1014787 -0.0579844 0.9930590
1403637262.388319 -0.2050239 -0.0443232 -0.1047864 -0.0129600 -0.0913691 -0.0896218 0.9916913
