1311868165.231193 0.0000247 0.0000270 -0.0000283 -0.0000026 -0.0000238 0.0000025 1.0000000
1311868165.731234 0.1289485 0.0429935 -0.0352996 -0.0183977 -0.0223909 -0.0043298 0.9995706
1311868165.763100 0.1336923 0.0457852 -0.0417411 -0.0187073 -0.0202462 -0.0044870 0.9996099
1311868166.099206 0.1342701 0.0735829 -0.1008368 -0.0356066 0.0107627 0.0072006 0.9992820
1311868166.499195 0.1403686 0.1376671 -0.1628153 -0.0706429 0.0304998 0.0103405 0.9969817
1311868167.331145 0.3644108 0.1516773 -0.2147924 -0.0486598 -0.0340563 -0.0258898 0.9978989
1311868168.431214 0.4949982 0.0941820 -0.1267291 -0.0539975 -0.0647224 -0.0331794 0.9958888
1311868169.031214 0.5103272 0.0214318 -0.0251332 -0.0323611 -0.0962941 -0.0440635 0.9938504
1311868169.331297 0.5416501 -0.0348594 0.0270580 -0.0130239 -0.1451736 -0.0679429 0.9869847
1311868169.899390 0.6347657 -0.1322495 0.1104284 0.0268694 -0.2203689 -0.1104696 0.9687683
1311868170.131345 0.6751568 -0.1559584 0.1149242 0.0306560 -0.2266833 -0.0906028 0.9692606
1311868171.831419 1.0332351 -0.0828579 0.0632831 0.0034053 -0.2855010 -0.1479403 0.9468850
1311868172.099529 1.0962291 -0.0700853 0.0973946 -0.0138551 -0.2919859 -0.1558780 0.9435329
1311868172.399483 1.1545136 -0.0575029 0.1315861 -0.0351142 -0.2932498 -0.1665168 0.9407676
1311868172.899539 1.2161866 -0.0319291 0.2367211 -0.0865369 -0.2730975 -0.1781559 0.9413764
1311868173.299659 1.2283255 -0.0760132 0.3322428 -0.0885776 -0.2702555 -0.1938953 0.9388933
1311868173.767623 1.2655802 -0.1240623 0.4163878 -0.0890047 -0.2949353 -0.1885134 0.9324988
1311868174.331790 1.3585389 -0.2097233 0.5156747 -0.0512035 -0.3648266 -0.2320914 0.9002296
1311868174.567585 1.3863398 -0.2263970 0.5496159 -0.0496398 -0.3852533 -0.2370966 0.8904499
1311868174.799810 1.3903842 -0.2569973 0.5832636 -0.0434222 -0.3974532 -0.2273581 0.8879492
1311868175.199578 1.3538408 -0.3403104 0.6285061 0.0003468 -0.4019864 -0.2207001 0.8886497
1311868175.531778 1.3282009 -0.3896914 0.6838712 0.0431010 -0.4248532 -0.1779087 0.8865611
1311868175.831761 1.3308749 -0.4284056 0.7395321 0.0618777 -0.4485216 -0.1673802 0.8757759
1311868176.099801 1.3663384 -0.4685049 0.7997518 0.0705835 -0.4844842 -0.1844338 0.8522190
1311868176.367752 1.4188104 -0.4986875 0.8792948 0.0640736 -0.5074576 -0.2104057 0.8331331
1311868176.631719 1.4583410 -0.5045570 0.9535055 0.0411535 -0.5142998 -0.2236075 0.8269231
1311868177.099730 1.4659911 -0.5347721 1.0406053 0.0270939 -0.5170012 -0.2307526 0.8238501
1311868177.531751 1.4314959 -0.5677842 1.1360352 0.0276317 -0.5087746 -0.2404197 0.8261860
1311868177.832005 1.4272292 -0.5782722 1.2024816 0.0094233 -0.5189226 -0.2558500 0.8155803
1311868178.131987 1.4636621 -0.5947366 1.2720685 0.0054094 -0.5596057 -0.2858408 0.7778864
1311868178.432167 1.5118501 -0.6037301 1.3347427 0.0073573 -0.5781053 -0.3022326 0.7578889
1311868178.767938 1.5738372 -0.5993775 1.3541172 -0.0087550 -0.5973281 -0.3001769 0.7436507
1311868179.167985 1.6987957 -0.5836393 1.3285866 -0.0190405 -0.5962774 -0.3005601 0.7441468
1311868179.632001 1.8423102 -0.5639126 1.3352878 -0.0401279 -0.5739836 -0.3116839 0.7561651
1311868180.131924 1.9581296 -0.5897893 1.4036076 -0.0462361 -0.5866156 -0.3262446 0.7398033
1311868180.531936 2.0326905 -0.6024805 1.4758232 -0.0671927 -0.6066486 -0.3369993 0.7168641
1311868181.532183 2.0374651 -0.6506007 1.5874159 -0.0684732 -0.5924757 -0.3354595 0.7292125
1311868182.000232 1.9086670 -0.6850817 1.6247729 -0.0634025 -0.5863986 -0.3343579 0.7350657
1311868182.368183 1.7996020 -0.7091243 1.6607972 -0.0638976 -0.5853313 -0.3244534 0.7402934
1311868182.700341 1.6948830 -0.7611567 1.7005148 -0.0448388 -0.6051130 -0.3125186 0.7308624
1311868183.100611 1.5560961 -0.8434384 1.7799364 -0.0133388 -0.6577178 -0.3258337 0.6790153
1311868183.500255 1.4296464 -0.9119872 1.8219552 0.0046454 -0.6988859 -0.3507734 0.6232936
1311868183.900249 1.3039496 -0.9542692 1.8542715 -0.0303637 -0.7148607 -0.3506238 0.6042475
1311868184.300643 1.1788965 -1.0025377 1.8705308 -0.0123192 -0.7120464 -0.3318184 0.6186555
1311868184.636350 1.0880580 -1.0261204 1.9016812 -0.0115641 -0.7303694 -0.3262559 0.5999866
1311868185.036432 0.9689471 -1.0981762 1.9540713 0.0161908 -0.7686682 -0.3321776 0.5463928
1311868185.401199 0.8756222 -1.1265317 1.9855764 0.0265254 -0.7855821 -0.3214299 0.5280530
1311868185.736700 0.8111395 -1.1444273 2.0021133 0.0507458 -0.7825113 -0.2972248 0.5447553
1311868186.068672 0.7572573 -1.1433454 2.0307229 0.0405099 -0.7959166 -0.2983848 0.5252069
1311868186.400544 0.7156777 -1.1490533 2.0851727 -0.0312016 0.8245496 0.3287904 -0.4593925
1311868186.900515 0.7441575 -1.1504622 2.1551447 -0.0090792 0.8372077 0.3509395 -0.4193355
1311868187.300515 0.8378301 -1.1584513 2.2001970 -0.0003304 0.8233392 0.3669240 -0.4329886
1311868187.636477 0.8781729 -1.1771610 2.2576051 -0.0001265 0.8085728 0.3813761 -0.4480650
1311868188.000735 0.8906764 -1.1963837 2.3421743 -0.0021008 0.8196796 0.3857225 -0.4234845
1311868188.336811 0.8653064 -1.1952307 2.4729612 0.0039545 0.8273343 0.4142568 -0.3793331
1311868188.736639 0.9005874 -1.1918681 2.5558066 0.0309605 0.8257942 0.4354208 -0.3570913
1311868189.136620 1.0122378 -1.1993974 2.6291273 0.0619905 0.8114961 0.4562276 -0.3598438
1311868189.601920 1.1253135 -1.2172322 2.7019744 0.0582180 0.7898082 0.4826560 -0.3739745
1311868190.302512 1.1284568 -1.2900226 2.8919246 0.0639086 0.7846893 0.4803431 -0.3865862
1311868191.505579 1.0974745 -1.3603666 3.0412273 0.0625463 0.7864160 0.4735077 -0.3916992
1311868193.004778 0.9254608 -1.3699291 2.9246132 0.0514864 0.7894052 0.4615709 -0.4014237
1311868193.640297 0.8522205 -1.4214902 2.8792114 0.0342238 0.8137961 0.4734401 -0.3352896
1311868194.172673 0.8115651 -1.4692053 2.8596060 0.0235412 0.8249159 0.4630066 -0.3233952
1311868194.868966 0.7761488 -1.5261227 2.8293583 0.0274577 0.8388560 0.4403818 -0.3187955
1311868195.469182 0.7460845 -1.5701342 2.9121511 0.0144136 0.8393934 0.4286453 -0.3338775
1311868195.869116 0.7408281 -1.5709913 3.0013275 0.0102735 0.8243884 0.4423269 -0.3530227
1311868196.410126 0.8109472 -1.5687242 3.0846286 0.0405452 0.8019819 0.4485235 -0.3924383
1311868197.169013 0.8418457 -1.5927682 3.2367008 0.0633251 0.7816567 0.4614720 -0.4147846
1311868197.805395 0.7766575 -1.6177619 3.3871877 0.0629773 0.7831735 0.5009178 -0.3629800
1311868198.737178 0.6542538 -1.6105912 3.4556034 0.0752766 0.7726503 0.5141581 -0.3646731
1311868199.905169 0.4796348 -1.6057837 3.4671638 0.0715681 0.7986657 0.5268240 -0.2818999
1311868200.437327 0.3685054 -1.6484909 3.5379155 0.0552370 0.8088204 0.5402660 -0.2255461
1311868201.905252 0.2055911 -1.6716546 3.6256931 0.0581346 0.8135800 0.5461506 -0.1908597
1311868202.773447 0.0623660 -1.6821549 3.6461596 0.0327793 0.8071326 0.5663300 -0.1635016
1311868203.405460 0.0059375 -1.7265016 3.5818996 0.0329231 0.8379511 0.5317030 -0.1185158
1311868203.837454 -0.0401828 -1.7790711 3.5226734 0.0308519 0.8413278 0.5354984 -0.0667622
1311868204.205500 -0.1159336 -1.8283515 3.4448478 0.0212221 0.8428670 0.5364186 -0.0371461
1311868204.605660 -0.1909157 -1.8762323 3.3924093 0.0127871 0.8369412 0.5470333 -0.0109809
1311868205.037739 -0.2557240 -1.9411246 3.3485551 0.0123077 0.8375939 0.5461544 0.0005749
1311868205.405669 -0.2826232 -1.9847506 3.3228133 0.0059714 0.8507764 0.5254294 -0.0082423
1311868205.905586 -0.3032194 -2.0266054 3.2908628 0.0147147 0.8744897 0.4846540 -0.0127208
1311868206.237864 -0.3202390 -2.0538924 3.2542386 0.0138735 0.8857263 0.4633319 -0.0249001
1311868207.105726 -0.3594835 -1.9564292 3.3024895 -0.0170648 0.8748135 0.4841552 0.0019521
1311868207.473631 -0.4274939 -1.9283462 3.3452702 -0.0056226 0.8689908 0.4938061 0.0312863
1311868207.837900 -0.4961586 -1.8909707 3.3931179 -0.0089260 0.8642054 0.5022690 0.0281983
1311868208.237842 -0.5442969 -1.8566490 3.4524226 -0.0246036 0.8572085 0.5139124 0.0219595
1311868208.637812 -0.6009494 -1.8274873 3.5167093 -0.0144126 0.8513851 0.5236428 0.0270921
1311868209.037800 -0.6435860 -1.7774541 3.5476341 -0.0076765 0.8356083 0.5488013 0.0227379
1311868209.705861 -0.7009606 -1.6602497 3.5317998 0.0094301 0.8237004 0.5663094 0.0268792
1311868211.041878 -0.7824445 -1.5843875 3.4969997 -0.0053525 0.8265073 0.5580168 0.0739886
1311868211.674030 -0.9437187 -1.5794797 3.5074506 -0.0180678 0.8223870 0.5591035 0.1037138
1311868212.242313 -1.0675470 -1.5766380 3.5299695 -0.0204394 0.8163872 0.5679466 0.1026194
1311868212.942123 -1.1443943 -1.5725336 3.4951947 -0.0236198 0.8223763 0.5623741 0.0829147
1311868213.742210 -1.2178478 -1.5391866 3.3921289 -0.0359381 0.8240188 0.5520933 0.1220426
1311868214.442184 -1.2678893 -1.5227406 3.3317211 -0.0071100 0.8261423 0.5429429 0.1505038
1311868215.006391 -1.3301219 -1.5113522 3.2704997 -0.0250018 0.8205413 0.5257841 0.2227955
1311868215.442338 -1.3614373 -1.5216256 3.2121415 -0.0422979 0.8158926 0.5154902 0.2584567
1311868215.842289 -1.3523390 -1.5513551 3.1516881 -0.0467310 0.8149551 0.4991396 0.2907304
1311868216.742454 -1.3664382 -1.6253371 2.9998357 -0.0198195 0.8156933 0.4896395 0.3074162
1311868217.174613 -1.3820348 -1.6566918 2.9523344 -0.0221880 0.8246435 0.4798043 0.2987619
1311868217.642399 -1.3886315 -1.6718701 2.9332576 -0.0177791 0.8340502 0.4656853 0.2952648
1311868218.274613 -1.3609085 -1.6406137 2.9459033 -0.0152967 0.8386684 0.4563869 0.2968372
1311868218.710423 -1.3916101 -1.5991429 2.9570408 -0.0024185 0.8360003 0.4569058 0.3038664
1311868219.674450 -1.5088284 -1.4099350 3.0220678 0.0058731 0.8103029 0.4736398 0.3450218
1311868220.210459 -1.5328102 -1.3323009 3.0859590 0.0182025 0.7898123 0.4850861 0.3749087
1311868220.710604 -1.5718167 -1.2722907 3.1431100 -0.0062793 0.7682652 0.5061455 0.3918493
1311868222.077068 -1.6734251 -1.2441974 3.1613531 -0.0089187 0.7645978 0.5177827 0.3836817
1311868223.210868 -1.7450527 -1.1948978 3.0332365 -0.0221315 0.7413293 0.5178196 0.4263847
1311868224.277363 -1.8210163 -1.1549952 2.9464822 -0.0042994 0.7333415 0.5110291 0.4483760
1311868224.710776 -1.8929626 -1.1349385 2.8861926 -0.0111935 0.7271950 0.4977422 0.4725620
1311868225.111236 -1.9505684 -1.1138775 2.8320665 -0.0173657 0.7254202 0.4903501 0.4827223
1311868225.612078 -2.0130959 -1.0971231 2.7998660 -0.0193941 0.7189343 0.4867431 0.4958210
1311868226.310950 -2.0739353 -1.0689204 2.7582655 -0.0211208 0.7117168 0.4793912 0.5130274
1311868226.778492 -2.0930309 -1.0423944 2.6636050 -0.0150247 0.7099810 0.4903654 0.5052158
1311868227.247413 -2.0921781 -1.0116966 2.5309026 -0.0112491 0.7069263 0.4755510 0.5234309
1311868227.711001 -2.0950749 -0.9786347 2.4470310 -0.0008206 0.6921462 0.4639008 0.5529276
1311868228.178968 -2.1258092 -0.9459409 2.3675132 -0.0085302 0.6577449 0.4424876 0.6095109
1311868228.545801 -2.1747389 -0.9218930 2.3009686 -0.0130126 0.6431578 0.4282192 0.6346707
1311868228.979108 -2.2276232 -0.8941162 2.2282934 -0.0259548 0.6372847 0.4189245 0.6462947
1311868229.413148 -2.2092624 -0.8996130 2.1595767 -0.0223386 0.6321582 0.4392551 0.6379122
1311868229.883361 -2.0994682 -0.9221359 2.0714514 -0.0265427 0.6274339 0.4450831 0.6383755
1311868230.180570 -2.0294588 -0.9459708 2.0193114 -0.0279250 0.6309481 0.4474469 0.6331792
1311868230.443234 -1.9771636 -0.9743000 1.9675955 -0.0295658 0.6240949 0.4603411 0.6306484
1311868230.682847 -1.9302008 -0.9738804 1.9164927 -0.0111122 0.6322024 0.4721426 0.6142297
1311868230.943429 -1.8943349 -0.9825965 1.8650805 -0.0212831 0.6355702 0.4555851 0.6229284
1311868231.215427 -1.8642894 -0.9920924 1.8117553 -0.0451757 0.6404067 0.4375613 0.6295860
1311868231.743341 -1.7614303 -1.0372472 1.7472559 -0.0885789 0.6307235 0.4444502 0.6299251
1311868232.211380 -1.6743529 -1.1051707 1.7305725 -0.1036562 0.6199294 0.4500938 0.6343173
1311868232.683408 -1.5947859 -1.1649406 1.7198745 -0.0976249 0.6305695 0.4600962 0.6173840
1311868234.043413 -1.6925635 -1.0968925 1.6739843 -0.0644413 0.6160008 0.4227592 0.6615626
1311868234.511642 -1.8075151 -1.0512424 1.6233854 -0.0668332 0.6134405 0.3792918 0.6894649
1311868235.011644 -1.9239577 -0.9736785 1.5786712 -0.0697054 0.6059368 0.3756434 0.6977634
1311868235.511713 -2.0055263 -0.8844525 1.5323646 -0.0599263 0.6053801 0.3844009 0.6943772
1311868236.111800 -2.0268321 -0.7789347 1.4770951 -0.0503558 0.6007916 0.3763582 0.7034687
1311868236.679569 -2.0194817 -0.6841092 1.4215137 -0.0440229 0.5736766 0.3692394 0.7298077
1311868237.179506 -2.0360303 -0.6020488 1.3890157 -0.0211999 0.5508350 0.3684537 0.7485808
1311868237.647688 -2.0638087 -0.5227183 1.2864087 -0.0321702 0.5262067 0.3407656 0.7784281
1311868238.047724 -2.0987024 -0.4546647 1.1917536 -0.0366982 0.4976962 0.3332930 0.7999172
1311868238.611939 -2.0951748 -0.3830776 1.1087000 -0.0339489 0.4797800 0.3372072 0.8092898
1311868239.047859 -2.0486770 -0.3261418 1.0545136 -0.0432052 0.4771279 0.3493852 0.8052405
1311868239.647799 -1.9967763 -0.2719416 1.0061920 -0.0426801 0.4353910 0.3267869 0.8377490
1311868240.079916 -1.9870816 -0.2202063 0.9448193 -0.0518473 0.3972813 0.3084458 0.8627518
1311868240.412142 -1.9890168 -0.1718452 0.8559194 -0.0659174 0.3862065 0.2895372 0.8733084
1311868240.811863 -2.0091240 -0.1195134 0.7998893 -0.0730718 0.3745687 0.2839190 0.8796299
1311868241.411927 -1.9236015 -0.1876265 0.7452917 -0.0870795 0.3786074 0.3025109 0.8703797
1311868241.712640 -1.8587515 -0.2424804 0.7239059 -0.0767735 0.3728670 0.3130257 0.8701097
1311868242.080011 -1.7932317 -0.2867707 0.6725141 -0.0778053 0.3505710 0.2767272 0.8913295
1311868242.580083 -1.7454103 -0.2952840 0.6069183 -0.0747046 0.3118312 0.2434352 0.9153796
1311868243.180098 -1.6948860 -0.2617497 0.5733057 -0.0536364 0.3177686 0.2456752 0.9142154
1311868243.548097 -1.6622410 -0.2434265 0.5232822 -0.0521330 0.3068027 0.2203681 0.9244416
1311868243.880069 -1.6271813 -0.1935878 0.4458729 -0.0756793 0.2677234 0.1986007 0.9397631
1311868244.248025 -1.6026599 -0.1325349 0.3797374 -0.0665014 0.2277984 0.1730749 0.9558925
1311868244.648157 -1.5836200 -0.0608443 0.3253506 -0.0735885 0.2160663 0.1649958 0.9595189
1311868245.080152 -1.5215220 0.0136718 0.3080182 -0.0914522 0.2303089 0.1687688 0.9539976
1311868245.480081 -1.4383334 0.0425480 0.2880002 -0.0717473 0.2117794 0.1615164 0.9612046
1311868245.848193 -1.3677725 0.0903908 0.2487332 -0.0682169 0.1901846 0.1848521 0.9617723
1311868246.216086 -1.3216310 0.1498320 0.1895248 -0.0934477 0.1620555 0.1636694 0.9686165
1311868246.580161 -1.3065623 0.2040937 0.1104636 -0.1051898 0.1602684 0.1594185 0.9684188
1311868247.048425 -1.2848377 0.2500651 0.0384834 -0.1121969 0.1785577 0.1683997 0.9628969
1311868247.816205 -1.1369877 0.1772344 0.0689929 -0.1066800 0.1702431 0.1627133 0.9660026
1311868248.180377 -1.0507195 0.1284471 0.1087579 -0.1017418 0.1576100 0.1581027 0.9694386
1311868248.548298 -0.9496408 0.0922307 0.1349019 -0.1145391 0.1289859 0.1468702 0.9739982
1311868248.948257 -0.8291480 0.0426411 0.1470141 -0.1384740 0.0997102 0.1155084 0.9785401
1311868249.316586 -0.7320513 0.0106239 0.1616496 -0.1430402 0.1132840 0.1103504 0.9770000
1311868249.716340 -0.6753157 -0.0549278 0.2054408 -0.1321653 0.1164348 0.1073204 0.9784976
1311868250.116495 -0.6344825 -0.1280551 0.2748437 -0.1198485 0.1319963 0.1038216 0.9784858
1311868250.548715 -0.6111546 -0.2108670 0.3368168 -0.1096812 0.1201851 0.1042951 0.9811463
1311868251.016390 -0.6019239 -0.2705192 0.3608964 -0.0881153 0.1145151 0.0943594 0.9849966
1311868251.748667 -0.5382042 -0.1985971 0.3017955 -0.0923500 0.1026257 0.0822155 0.9870056
1311868252.148733 -0.4535324 -0.1553835 0.2304438 -0.0928326 0.0922752 0.0677246 0.9890808
1311868252.516633 -0.3625435 -0.0987754 0.1571532 -0.0985571 0.0726003 0.0389006 0.9917169
1311868252.916592 -0.2739913 -0.0339439 0.1031539 -0.1151888 0.0639427 0.0477261 0.9901339
1311868254.016718 -0.0253844 0.0241230 0.1094131 -0.1228514 0.0539794 0.0603383 0.9891173
1311868254.885176 0.2015149 0.0964146 0.0595224 -0.1550142 -0.0352586 0.0058109 0.9872658
1311868255.316993 0.2819152 0.1282332 0.0298961 -0.1595146 -0.0551003 0.0039581 0.9856487
1311868256.117284 0.4260777 0.1201104 0.0672573 -0.1610074 -0.0653361 -0.0055435 0.9847726
1311868256.816832 0.5910378 0.0522758 0.1382077 -0.1359950 -0.0891291 -0.0193586 0.9865022
1311868257.516816 0.7409802 -0.0336804 0.1944413 -0.1415904 -0.1525488 -0.0812296 0.9747219
1311868258.251845 0.8171490 -0.1605105 0.2603695 -0.1539633 -0.2213385 -0.1338916 0.9536129
1311868258.917705 0.8237712 -0.3183121 0.3907378 -0.1407696 -0.2322107 -0.1375854 0.9525400
1311868259.717139 0.9081876 -0.4153597 0.5417960 -0.1046221 -0.2682691 -0.1919263 0.9382165
