1311868164.363181 0.0000711 0.0000232 -0.0000399 -0.0000055 -0.0000436 0.0000530 1.0000000
1311868164.863058 0.0596876 -0.0016407 -0.0435143 0.0065788 -0.0045994 -0.0150836 0.9998540
1311868165.063108 0.1123566 0.0009569 -0.0548913 0.0105769 -0.0150351 -0.0199699 0.9996316
1311868166.199211 0.3155756 0.0908217 -0.1758850 -0.0277434 -0.0143346 -0.0263366 0.9991652
1311868167.163230 0.5012403 0.1445703 -0.2512807 -0.0392706 -0.0402525 -0.0450784 0.9973994
1311868168.431214 0.6830468 0.0732877 -0.1593409 -0.0390219 -0.0927647 -0.0665944 0.9926919
1311868169.399437 0.7196635 -0.0797454 0.0061180 0.0072942 -0.1863926 -0.1111725 0.9761379
1311868170.631485 0.9323199 -0.1654193 0.0306009 0.0341000 -0.2616203 -0.1340773 0.9552043
1311868171.363479 1.0707791 -0.1526132 0.0115846 0.0215003 -0.2848435 -0.1473341 0.9469396
1311868172.031533 1.2447383 -0.1397735 0.0870958 0.0010527 -0.3154880 -0.1909696 0.9295143
1311868172.663612 1.3558476 -0.1166836 0.1804498 -0.0450500 -0.3058526 -0.2114507 0.9272072
1311868173.199628 1.3766438 -0.1415063 0.3217126 -0.0824692 -0.2940961 -0.2286732 0.9243457
1311868174.131747 1.4543860 -0.2755526 0.4884084 -0.0512695 -0.3721507 -0.2590582 0.8898113
1311868174.799810 1.5111754 -0.3561856 0.5948452 -0.0347651 -0.4194534 -0.2629130 0.8681745
1311868175.131719 1.4800992 -0.4147144 0.6284709 -0.0052250 -0.4222871 -0.2543820 0.8700207
1311868175.467702 1.4377933 -0.4799927 0.6745864 0.0409550 -0.4473225 -0.2187960 0.8662295
1311868175.699784 1.4268657 -0.5113666 0.7177129 0.0579050 -0.4633135 -0.2019069 0.8609420
1311868175.899663 1.4350348 -0.5406480 0.7530873 0.0695001 -0.4820281 -0.2008350 0.8499905
1311868176.099801 1.4585564 -0.5713897 0.8004166 0.0746342 -0.5090149 -0.2169007 0.8296310
1311868176.367752 1.5049226 -0.6070842 0.8813660 0.0681280 -0.5306942 -0.2429904 0.8091217
1311868176.667782 1.5388852 -0.6198929 0.9658987 0.0417431 -0.5373269 -0.2566912 0.8022761
1311868177.231903 1.5238869 -0.6660125 1.0739657 0.0369427 -0.5324078 -0.2716287 0.8008714
1311868177.731996 1.4875104 -0.6927953 1.1848481 0.0206452 -0.5297203 -0.2867645 0.7979575
1311868178.031988 1.5085278 -0.7065344 1.2512705 0.0125545 -0.5634089 -0.3047760 0.7678049
1311868178.299815 1.5454278 -0.7323664 1.3171167 0.0203217 -0.5844531 -0.3304624 0.7408078
1311868178.799974 1.6338701 -0.7327884 1.3624299 -0.0065432 -0.6150143 -0.3328084 0.7148099
1311868179.300467 1.8036338 -0.7172204 1.3454682 -0.0175902 -0.6051256 -0.3360951 0.7214941
1311868179.867839 1.9508975 -0.7305263 1.3891386 -0.0408743 -0.5869974 -0.3504347 0.7286692
1311868180.368101 2.0508671 -0.7698953 1.4861686 -0.0561440 -0.6138372 -0.3652297 0.6976095
1311868181.332051 2.0954509 -0.8178256 1.6070268 -0.0636033 -0.6104151 -0.3674465 0.6988069
1311868182.032194 1.9253107 -0.8523916 1.6538632 -0.0591746 -0.6019161 -0.3677464 0.7063695
1311868182.468090 1.7921683 -0.8777136 1.6909232 -0.0603510 -0.6008936 -0.3591481 0.7115457
1311868182.668039 1.7267421 -0.9055579 1.7075652 -0.0460365 -0.6164299 -0.3476403 0.7050113
1311868182.868215 1.6584036 -0.9336562 1.7405201 -0.0309460 -0.6442378 -0.3444342 0.6821767
1311868183.036254 1.5907488 -0.9718935 1.7722085 -0.0180005 -0.6652949 -0.3556830 0.6561618
1311868183.236295 1.5119741 -1.0178771 1.8013037 0.0027142 -0.6867341 -0.3704774 0.6254082
1311868183.468217 1.4385250 -1.0484182 1.8142940 0.0086399 -0.7077306 -0.3818242 0.5943509
1311868183.700230 1.3607352 -1.0701193 1.8323833 -0.0301571 -0.7285660 -0.3751244 0.5723319
1311868183.936316 1.2884777 -1.0899767 1.8353866 -0.0328095 -0.7254593 -0.3832971 0.5707151
1311868184.136827 1.2181985 -1.1165106 1.8293996 -0.0176516 -0.7241715 -0.3715448 0.5807052
1311868184.300643 1.1734946 -1.1254698 1.8419833 -0.0142951 -0.7244750 -0.3627422 0.5859606
1311868184.500438 1.1128105 -1.1405063 1.8537667 -0.0128953 -0.7311268 -0.3618795 0.5782133
1311868184.700710 1.0560104 -1.1516783 1.8734204 -0.0139513 -0.7510932 -0.3571675 0.5550637
1311868184.968436 0.9701322 -1.2019281 1.9024096 0.0059893 -0.7764314 -0.3580118 0.5185999
1311868185.168559 0.9177223 -1.2186816 1.9188378 -0.0142275 0.7860586 0.3635156 -0.4997658
1311868185.401199 0.8542304 -1.2348045 1.9346478 -0.0195508 0.7965668 0.3493486 -0.4930058
1311868185.500443 0.8293650 -1.2391238 1.9401779 0.0253695 -0.7943578 -0.3435478 0.5003269
1311868185.736700 0.7867348 -1.2471026 1.9471712 0.0435198 -0.7952571 -0.3247477 0.5101089
1311868185.868447 0.7690454 -1.2445384 1.9538497 0.0358472 -0.7993450 -0.3142165 0.5109114
1311868186.300401 0.6966794 -1.2485868 2.0053246 -0.0253151 0.8247053 0.3455231 -0.4470280
1311868186.600576 0.6778113 -1.2497108 2.0556264 -0.0060966 0.8405356 0.3665586 -0.3988703
1311868187.068458 0.7435574 -1.2645798 2.1162975 0.0005291 0.8414702 0.3773907 -0.3866572
1311868187.268822 0.7932483 -1.2697214 2.1433592 0.0058413 0.8318544 0.3883210 -0.3964731
1311868187.537564 0.8314991 -1.2874784 2.1866784 0.0064580 0.8171383 0.4062290 -0.4089271
1311868188.068520 0.8375574 -1.3197750 2.3128285 0.0066019 0.8287225 0.4140956 -0.3764309
1311868188.236529 0.8193572 -1.3242989 2.3773818 0.0181281 0.8337902 0.4247901 -0.3521629
1311868188.437067 0.8055493 -1.3101339 2.4460990 0.0110881 0.8263915 0.4518694 -0.3358098
1311868188.768663 0.8459651 -1.3205229 2.5110750 0.0402766 0.8265502 0.4625822 -0.3181356
1311868188.968696 0.9025559 -1.3245690 2.5522370 0.0595987 0.8198730 0.4726773 -0.3175411
1311868189.400547 1.0187994 -1.3510654 2.6312704 0.0621687 0.7973754 0.4997765 -0.3324920
1311868190.002005 1.0540494 -1.3966976 2.7688076 0.0697104 0.7853848 0.5099692 -0.3438642
1311868190.936594 1.0133870 -1.4959271 2.9637129 0.0706165 0.7895804 0.4972253 -0.3526232
1311868192.940507 0.8313759 -1.5060709 2.8774257 0.0561117 0.7906335 0.4880811 -0.3654134
1311868194.645036 0.6853082 -1.6372161 2.7624223 0.0247227 0.8331757 0.4721155 -0.2869044
1311868195.837123 0.6258591 -1.6978067 2.9215803 0.0194593 0.8283458 0.4670165 -0.3088045
1311868196.610073 0.7191442 -1.7017254 3.0475960 0.0661507 0.7943229 0.4793176 -0.3673279
1311868197.505155 0.6693707 -1.7523228 3.2534969 0.0588190 0.7886238 0.5114808 -0.3361549
1311868198.569178 0.5363826 -1.7481434 3.3800352 0.0802543 0.7729373 0.5342324 -0.3327504
1311868200.205451 0.2702698 -1.7509636 3.4037015 0.0630878 0.8042714 0.5539091 -0.2057964
1311868202.373252 -0.0151937 -1.7749228 3.5235949 0.0563053 0.7991754 0.5849257 -0.1265315
1311868203.837454 -0.1980442 -1.8726535 3.3901877 0.0398252 0.8325335 0.5520301 -0.0237631
1311868204.637637 -0.3500155 -1.9602116 3.2445018 0.0201441 0.8275232 0.5602555 0.0302216
1311868206.373776 -0.4720987 -2.1170523 3.0971761 0.0218158 0.8802580 0.4739254 0.0080385
1311868208.337811 -0.7044832 -1.9041113 3.3072598 -0.0147392 0.8463183 0.5285092 0.0648540
1311868210.441961 -0.8731345 -1.6432235 3.3424304 0.0052487 0.8138414 0.5749557 0.0840271
1311868212.942123 -1.2766925 -1.5979178 3.3040202 -0.0155674 0.8105441 0.5718863 0.1253875
1311868214.906326 -1.4370153 -1.5199752 3.0877626 -0.0051115 0.8087369 0.5329670 0.2487259
1311868216.442339 -1.4567459 -1.6012037 2.8564606 -0.0173550 0.7968956 0.4946963 0.3463117
1311868217.475102 -1.4930162 -1.6691954 2.7371011 -0.0047740 0.8208268 0.4629290 0.3345403
1311868219.242632 -1.5598698 -1.5032254 2.7798049 0.0010725 0.8160400 0.4496486 0.3631718
1311868219.942611 -1.6100044 -1.3580954 2.8543158 0.0291427 0.7855271 0.4718706 0.3992944
1311868220.542610 -1.6482671 -1.2759018 2.9304214 0.0160642 0.7561057 0.4934123 0.4296399
1311868222.643013 -1.8004839 -1.1902201 2.8984482 -0.0012000 0.7386761 0.5150144 0.4348751
1311868224.545292 -1.9333267 -1.1020582 2.7020581 0.0053656 0.7078095 0.4947667 0.5041655
1311868225.612078 -2.0720179 -1.0450261 2.5816844 -0.0050903 0.6973029 0.4804535 0.5318902
1311868226.844284 -2.1352413 -0.9758844 2.4220581 -0.0001899 0.6840305 0.4829848 0.5466515
1311868227.347893 -2.1234512 -0.9396172 2.2911296 0.0087681 0.6817160 0.4685528 0.5618227
1311868227.879151 -2.1217046 -0.9046346 2.2007217 0.0121130 0.6551900 0.4510079 0.6059465
1311868228.479553 -2.1798503 -0.8596278 2.0931642 0.0052723 0.6197079 0.4237589 0.6605775
1311868229.044504 -2.2343926 -0.8104478 1.9914496 -0.0076966 0.6117287 0.4117425 0.6754235
1311868229.712459 -2.1427302 -0.8312005 1.8823878 -0.0172050 0.6030221 0.4309524 0.6710801
1311868230.012490 -2.0670462 -0.8626268 1.8305274 -0.0113627 0.6012834 0.4342058 0.6706672
1311868230.245363 -2.0136592 -0.8822208 1.7909220 -0.0141518 0.6112929 0.4346713 0.6611971
1311868230.543330 -1.9486918 -0.9008653 1.7353784 -0.0044060 0.5945450 0.4653979 0.6556689
1311868230.743239 -1.9108199 -0.9105356 1.6924964 0.0101209 0.6078939 0.4560653 0.6498978
1311868231.043362 -1.8689383 -0.9175254 1.6384518 -0.0131392 0.6145296 0.4363579 0.6570940
1311868231.343237 -1.8255737 -0.9377413 1.5834820 -0.0550679 0.6079974 0.4346865 0.6620833
1311868231.711268 -1.7540133 -0.9698863 1.5511786 -0.0737545 0.6063094 0.4322082 0.6634344
1311868232.111198 -1.6822511 -1.0316477 1.5350035 -0.0876194 0.5984739 0.4363409 0.6661520
1311868232.583131 -1.6004606 -1.0933515 1.5268292 -0.0865266 0.6066501 0.4476581 0.6512227
1311868234.243581 -1.7201138 -1.0177298 1.4456474 -0.0490420 0.5927156 0.3913406 0.7022362
1311868234.943562 -1.8827163 -0.9109811 1.3779904 -0.0525241 0.5828013 0.3621218 0.7255698
1311868235.511713 -1.9695727 -0.8022945 1.3237381 -0.0437367 0.5799324 0.3709278 0.7240015
1311868236.179561 -1.9809408 -0.6813741 1.2618425 -0.0318070 0.5703623 0.3642599 0.7355202
1311868236.647654 -1.9673243 -0.6001512 1.2215049 -0.0300003 0.5487506 0.3558380 0.7558784
1311868237.279719 -1.9800501 -0.4954472 1.1697817 0.0011926 0.5168853 0.3494509 0.7814808
1311868237.811811 -2.0028963 -0.3993011 1.0415039 -0.0202154 0.4842141 0.3134352 0.8166311
1311868238.279669 -2.0202603 -0.3166944 0.9513654 -0.0230063 0.4568858 0.3169936 0.8308076
1311868238.879655 -1.9809109 -0.2455950 0.8774269 -0.0295276 0.4555066 0.3281690 0.8270109
1311868239.311701 -1.9296968 -0.2079531 0.8341925 -0.0230857 0.4307474 0.3147658 0.8454857
1311868239.879821 -1.8851452 -0.1479301 0.7954071 -0.0328654 0.3871870 0.2971638 0.8721811
1311868240.247823 -1.8739514 -0.0934099 0.7098632 -0.0379778 0.3602957 0.2804421 0.8888740
1311868240.848064 -1.8822525 -0.0105804 0.6064349 -0.0577837 0.3453250 0.2617068 0.8994005
1311868241.979902 -1.6833991 -0.1835008 0.5105138 -0.0622461 0.3331890 0.2589072 0.9044764
1311868242.679930 -1.6118336 -0.1944210 0.4235431 -0.0564537 0.2659796 0.2173552 0.9374564
1311868243.480135 -1.5372552 -0.1495839 0.3623747 -0.0335255 0.2788591 0.2000542 0.9386650
1311868243.811933 -1.4945351 -0.1077994 0.2918060 -0.0558222 0.2418717 0.1702884 0.9536161
1311868244.080141 -1.4657575 -0.0679957 0.2408198 -0.0599061 0.2069591 0.1586450 0.9635409
1311868244.312192 -1.4531260 -0.0264011 0.1978440 -0.0546493 0.1853522 0.1381465 0.9713771
1311868244.612250 -1.4267877 0.0313283 0.1694111 -0.0573598 0.1888244 0.1370741 0.9707038
1311868244.780046 -1.4067619 0.0665383 0.1599456 -0.0579610 0.1858605 0.1414432 0.9706134
1311868245.080152 -1.3568149 0.1077134 0.1510996 -0.0742752 0.1998484 0.1401185 0.9669078
1311868245.512280 -1.2639445 0.1303848 0.1316412 -0.0524313 0.1757388 0.1339477 0.9738711
1311868245.880182 -1.1866512 0.1817776 0.1008379 -0.0550485 0.1541147 0.1563948 0.9740426
1311868246.148198 -1.1478746 0.2205033 0.0616986 -0.0752980 0.1353630 0.1369069 0.9783985
1311868246.548357 -1.1157033 0.2804633 -0.0197991 -0.0889795 0.1294069 0.1297306 0.9790334
1311868247.048425 -1.0859069 0.3326283 -0.0957362 -0.0975075 0.1480364 0.1382053 0.9744110
1311868248.016215 -0.9003565 0.2126494 -0.0314344 -0.0906772 0.1414277 0.1289083 0.9773221
1311868248.580330 -0.7601448 0.1512818 0.0201198 -0.0997854 0.0954247 0.1116526 0.9841091
1311868248.816469 -0.6909809 0.1070082 0.0272351 -0.1191632 0.0800557 0.0805422 0.9863591
1311868248.980371 -0.6457329 0.0966724 0.0337664 -0.1223006 0.0749836 0.0814360 0.9863002
1311868249.248249 -0.5744507 0.0656159 0.0487595 -0.1285215 0.0859172 0.0778873 0.9849030
1311868249.548294 -0.5339514 0.0268026 0.0770941 -0.1154273 0.0898360 0.0736876 0.9864969
1311868250.048559 -0.4876570 -0.0759846 0.1584835 -0.1063289 0.1020854 0.0754749 0.9861928
1311868250.516364 -0.4689100 -0.1688805 0.2258058 -0.0929274 0.0951744 0.0724869 0.9884594
1311868251.080543 -0.4679160 -0.2324896 0.2518378 -0.0714567 0.0798708 0.0596495 0.9924498
1311868251.816706 -0.3829056 -0.1554339 0.1893862 -0.0753772 0.0767611 0.0471797 0.9930761
1311868252.048722 -0.3279818 -0.1346870 0.1536520 -0.0767611 0.0699789 0.0417400 0.9937145
1311868252.416673 -0.2357784 -0.0907009 0.0835505 -0.0764464 0.0567567 0.0032909 0.9954516
1311868252.880663 -0.1158911 -0.0196019 0.0246534 -0.0991660 0.0370328 0.0131732 0.9942943
1311868253.316664 -0.0237744 0.0148950 0.0166156 -0.1081052 0.0439521 0.0197581 0.9929708
1311868253.381067 -0.0074526 0.0158736 0.0177259 -0.1096701 0.0458549 0.0208602 0.9926906
1311868253.916916 0.1199671 0.0237125 0.0395618 -0.1063180 0.0305874 0.0292970 0.9934297
1311868254.348771 0.2264784 0.0475598 0.0405007 -0.1118246 -0.0065288 0.0100721 0.9936554
1311868254.716785 0.3346435 0.0717518 0.0170102 -0.1328119 -0.0481789 -0.0265158 0.9896144
1311868255.016920 0.4084305 0.1005038 0.0011485 -0.1443741 -0.0667415 -0.0290626 0.9868420
1311868255.548944 0.4928440 0.1208086 -0.0166270 -0.1406695 -0.0840093 -0.0287314 0.9860675
1311868256.284837 0.6427431 0.0739171 0.0496304 -0.1481612 -0.0941645 -0.0515405 0.9831200
1311868256.616929 0.7185966 0.0390273 0.0855675 -0.1284485 -0.1054438 -0.0531081 0.9846635
1311868257.116964 0.8177942 -0.0175934 0.1398453 -0.1169690 -0.1439698 -0.0824365 0.9791809
1311868257.549492 0.9109831 -0.0867193 0.1736717 -0.1272448 -0.1803013 -0.1213551 0.9677671
1311868257.985217 0.9616606 -0.1588471 0.1988574 -0.1210997 -0.2096271 -0.1567553 0.9575067
1311868258.416975 0.9628668 -0.2518080 0.2726237 -0.1474720 -0.2391709 -0.1798966 0.9427017
1311868258.785039 0.9522691 -0.3473729 0.3405131 -0.1351242 -0.2514200 -0.1675155 0.9436461
1311868259.216979 0.9611139 -0.4269117 0.4253268 -0.1131578 -0.2755345 -0.1951727 0.9344429
1311868259.685014 1.0219718 -0.4826500 0.5117550 -0.0907771 -0.2892295 -0.2306539 0.9246105
