1403638523.527829409 0.03084 -0.02482 0.15587 0.86342 0.05888 0.47611 -0.15607
1403638523.627829552 0.01902 -0.04041 0.10535 0.87964 0.05787 0.45104 -0.13945
1403638523.727829456 0.00764 -0.04519 0.06965 0.88914 0.05802 0.43553 -0.12798
1403638523.827829599 -0.01363 -0.06349 0.01484 0.89113 0.06142 0.43158 -0.12588
1403638523.927829504 -0.02107 -0.05159 0.00394 0.89176 0.06391 0.43323 -0.11397
1403638524.027829409 -0.03745 -0.05609 -0.02690 0.89188 0.07061 0.43522 -0.10076
1403638524.127829552 -0.04215 -0.05829 -0.03502 0.89416 0.07742 0.43109 -0.09301
1403638524.227829456 -0.03619 -0.06007 -0.00552 0.89642 0.07908 0.42538 -0.09610
1403638524.327829599 -0.02359 -0.05772 0.04852 0.89613 0.07558 0.42542 -0.10133
1403638524.427829504 -0.00520 -0.05883 0.10864 0.89228 0.07114 0.43236 -0.10884
1403638524.527829409 0.01518 -0.06005 0.17209 0.88517 0.06883 0.44580 -0.11405
1403638524.627829552 0.03420 -0.06631 0.23996 0.87868 0.06453 0.45896 -0.11454
1403638524.727829456 0.05195 -0.04129 0.29373 0.87540 0.05964 0.46822 -0.10432
1403638524.827829599 0.06159 -0.05783 0.32109 0.87370 0.05619 0.47437 -0.09205
1403638525.027829409 0.06687 -0.05335 0.34371 0.87006 0.05802 0.47903 -0.10077
1403638525.327829599 0.03594 -0.04965 0.22794 0.87262 0.07222 0.47325 -0.09668
1403638525.427829504 0.01779 -0.04284 0.17099 0.88127 0.07617 0.45533 -0.10117
1403638525.527829409 0.00348 -0.04029 0.11510 0.89048 0.07623 0.43540 -0.10802
1403638525.627829552 -0.01059 -0.03566 0.06701 0.89474 0.07452 0.42631 -0.11023
1403638525.727829456 -0.02268 -0.03527 0.03074 0.89516 0.07069 0.42660 -0.10818
1403638525.827829599 -0.03177 -0.03475 0.00301 0.89268 0.06526 0.43382 -0.10328
1403638525.927829504 -0.03873 -0.03822 -0.01614 0.88993 0.06351 0.44173 -0.09412
1403638526.027829409 -0.04396 -0.05376 -0.02294 0.89004 0.06415 0.44266 -0.08816
1403638526.127829552 -0.04537 -0.08131 -0.02165 0.89213 0.05880 0.43979 -0.08500
1403638526.227829456 -0.04467 -0.11792 -0.01298 0.89290 0.05032 0.43977 -0.08247
1403638526.327829599 -0.04433 -0.16092 -0.00041 0.89021 0.04255 0.44649 -0.07980
1403638526.427829504 -0.04571 -0.20865 0.01153 0.88588 0.03348 0.45611 -0.07783
1403638526.527829409 -0.04883 -0.26046 0.01962 0.88179 0.02172 0.46491 -0.07639
1403638526.627829552 -0.05157 -0.31777 0.02253 0.87659 0.01278 0.47515 -0.07521
1403638526.727829456 -0.05603 -0.38110 0.02259 0.87302 0.00635 0.48251 -0.07051
1403638526.827829599 -0.06284 -0.44771 0.02089 0.87117 0.00380 0.48726 -0.06026
1403638526.927829504 -0.06852 -0.51080 0.01656 0.87182 0.00102 0.48655 -0.05653
1403638527.027829409 -0.07345 -0.56787 0.01168 0.87569 -0.00719 0.48022 -0.05008
1403638527.127829552 -0.07540 -0.62002 0.00775 0.87901 -0.02028 0.47459 -0.04121
1403638527.227829456 -0.07182 -0.66172 0.00620 0.87888 -0.03332 0.47476 -0.03247
1403638527.327829599 -0.07227 -0.69825 0.00857 0.87497 -0.04420 0.48189 -0.01604
1403638527.427829504 -0.05970 -0.70160 0.01103 0.87140 -0.04857 0.48815 -0.00357
1403638527.827829599 0.02167 -0.49877 0.00850 0.86989 -0.03823 0.49159 -0.01265
1403638527.927829504 0.03060 -0.45477 0.01637 0.86955 -0.03402 0.49190 -0.02766
1403638528.027829409 0.02081 -0.40148 0.01582 0.86769 -0.03202 0.49529 -0.02796
1403638528.127829552 0.02877 -0.33736 0.01668 0.86525 -0.02453 0.49933 -0.03765
1403638528.227829456 0.05732 -0.26642 0.01799 0.86472 -0.01373 0.49930 -0.05268
1403638528.327829599 0.08375 -0.19371 0.00716 0.86441 -0.00566 0.49890 -0.06212
1403638528.427829504 0.12208 -0.13751 -0.01171 0.86167 0.00133 0.50299 -0.06725
1403638528.727829456 0.25205 -0.01654 -0.03524 0.86380 -0.01117 0.49989 -0.06192
1403638528.927829504 0.28989 0.00553 -0.01189 0.86092 -0.02482 0.50389 -0.06550
1403638529.127829552 0.26591 0.03979 0.03444 0.86122 -0.02535 0.50412 -0.05934
1403638529.227829456 0.22675 0.04243 0.03769 0.86136 -0.01699 0.50582 -0.04366
1403638529.327829599 0.17036 0.02943 0.04373 0.86299 -0.01091 0.50384 -0.03563
1403638529.427829504 0.11327 -0.00285 0.03175 0.86823 -0.00564 0.49496 -0.03393
1403638529.527829409 0.06731 -0.02942 0.01610 0.87685 -0.00191 0.47927 -0.03784
1403638529.627829552 0.02603 -0.05807 0.00223 0.88212 0.00348 0.46951 -0.03749
1403638529.727829456 0.00351 -0.04792 -0.01163 0.88202 0.00501 0.46971 -0.03720
1403638529.827829599 -0.01326 -0.03529 -0.03838 0.87646 0.00263 0.47998 -0.03792
1403638529.927829504 -0.02248 -0.02196 -0.05444 0.87205 0.00138 0.48793 -0.03797
1403638530.127829552 -0.00985 -0.01368 -0.07887 0.87372 -0.00084 0.48502 -0.03708
1403638530.227829456 0.00233 -0.00391 -0.08701 0.87447 -0.00642 0.48382 -0.03437
1403638530.327829599 0.01659 -0.00357 -0.09397 0.87411 -0.01242 0.48446 -0.03278
1403638530.427829504 0.03197 -0.01323 -0.10166 0.87401 -0.01608 0.48476 -0.02912
1403638530.627829552 0.04444 -0.01987 -0.12646 0.87474 -0.02285 0.48318 -0.02910
1403638530.727829456 0.04867 -0.02251 -0.13290 0.87865 -0.02374 0.47596 -0.02953
1403638530.827829599 0.05050 -0.02682 -0.14169 0.87968 -0.02491 0.47407 -0.02828
1403638531.127829552 0.05263 -0.02828 -0.15249 0.87248 -0.02354 0.48710 -0.03090
1403638538.927829504 0.05581 -0.02729 -0.15649 0.86551 -0.02209 0.49968 -0.02680
1403638539.027829409 0.06062 -0.02931 -0.15689 0.86142 -0.02276 0.50673 -0.02565
1403638539.127829552 0.06789 -0.03139 -0.15571 0.85543 -0.02449 0.51667 -0.02606
1403638539.227829456 0.07768 -0.03364 -0.14872 0.85101 -0.02411 0.52392 -0.02655
1403638539.327829599 0.09220 -0.03385 -0.13377 0.85013 -0.02382 0.52534 -0.02698
1403638539.427829504 0.10111 -0.03909 -0.11319 0.85157 -0.02253 0.52306 -0.02697
1403638539.527829409 0.11551 -0.04288 -0.08722 0.85323 -0.02113 0.52038 -0.02748
1403638539.627829552 0.12892 -0.04865 -0.06051 0.85365 -0.02013 0.51968 -0.02851
1403638539.827829599 0.14932 -0.05187 -0.03934 0.85525 -0.01764 0.51707 -0.02960
1403638540.027829409 0.19068 -0.04889 -0.02052 0.86330 -0.01651 0.50341 -0.03187
1403638540.127829552 0.21721 -0.05048 -0.01551 0.86857 -0.01573 0.49430 -0.03182
1403638540.227829456 0.24973 -0.04890 -0.01175 0.86844 -0.01441 0.49459 -0.03147
1403638540.327829599 0.28787 -0.04994 -0.00620 0.86278 -0.01394 0.50441 -0.03131
1403638540.427829504 0.33280 -0.04128 -0.00657 0.85842 -0.01064 0.51180 -0.03251
1403638540.527829409 0.38211 -0.05383 0.01415 0.85740 -0.00257 0.51321 -0.03842
1403638540.627829552 0.41923 -0.04020 0.00847 0.85655 0.01077 0.51372 -0.04795
1403638540.727829456 0.46710 -0.03405 0.00661 0.85435 0.03148 0.51568 -0.05622
1403638540.827829599 0.51435 -0.02386 0.00882 0.85182 0.05711 0.51646 -0.06649
1403638540.927829504 0.55852 -0.00836 0.00720 0.84857 0.08437 0.51623 -0.07941
1403638541.027829409 0.60155 0.01175 0.00239 0.84477 0.10586 0.51586 -0.09513
1403638541.127829552 0.64443 0.03160 -0.00598 0.84079 0.12131 0.51645 -0.10786
1403638541.227829456 0.68516 0.05958 -0.01486 0.83840 0.13204 0.51603 -0.11561
1403638541.427829504 0.76486 0.11576 -0.01939 0.83576 0.13949 0.51690 -0.12192
1403638541.627829552 0.83586 0.19031 0.00273 0.83108 0.14311 0.52363 -0.12100
1403638541.727829456 0.87163 0.24711 0.02448 0.82760 0.14688 0.52680 -0.12642
1403638541.827829599 0.90319 0.29889 0.05205 0.82474 0.15227 0.52707 -0.13713
1403638541.927829504 0.93762 0.35479 0.08339 0.82180 0.16237 0.52596 -0.14717
1403638542.027829409 0.96992 0.40288 0.10545 0.81809 0.17633 0.52385 -0.15882
1403638542.127829552 1.00461 0.47340 0.12082 0.81319 0.19341 0.52178 -0.17046
1403638542.227829456 1.04899 0.53961 0.14894 0.80720 0.21182 0.51934 -0.18397
1403638542.327829599 1.08953 0.59696 0.15617 0.80036 0.23261 0.51682 -0.19546
1403638542.427829504 1.13212 0.66467 0.16555 0.78822 0.25013 0.52441 -0.20281
1403638542.527829409 1.17124 0.73116 0.17311 0.77446 0.26665 0.53727 -0.20112
1403638542.627829552 1.20667 0.79744 0.18189 0.76623 0.27903 0.54485 -0.19539
1403638542.727829456 1.23663 0.86652 0.19507 0.76700 0.28113 0.54264 -0.19548
1403638542.827829599 1.26275 0.94099 0.21689 0.77223 0.27578 0.53616 -0.20034
1403638542.927829504 1.27881 1.01536 0.24559 0.77807 0.27062 0.52934 -0.20293
1403638543.127829552 1.29894 1.15370 0.31100 0.78501 0.26199 0.52320 -0.20342
1403638543.427829504 1.32888 1.37595 0.37456 0.78752 0.25575 0.52446 -0.19838
1403638543.527829409 1.36169 1.47320 0.38170 0.78685 0.26018 0.52335 -0.19818
1403638543.627829552 1.38580 1.56342 0.38537 0.78299 0.27371 0.52129 -0.20066
1403638543.727829456 1.40714 1.65306 0.38690 0.77667 0.29127 0.51848 -0.20769
1403638543.827829599 1.42570 1.74369 0.39373 0.76743 0.31257 0.51658 -0.21562
1403638543.927829504 1.44401 1.83745 0.40884 0.75855 0.33153 0.51257 -0.22795
1403638544.027829409 1.46065 1.93251 0.43158 0.75252 0.34459 0.50687 -0.24093
1403638544.127829552 1.47695 2.02803 0.45698 0.74951 0.35263 0.50090 -0.25098
1403638544.227829456 1.49078 2.11879 0.47798 0.74704 0.35599 0.49798 -0.25926
1403638544.327829599 1.50600 2.21147 0.49367 0.74568 0.35843 0.49655 -0.26253
1403638544.627829552 1.56093 2.47266 0.52353 0.74111 0.35792 0.50258 -0.26469
1403638544.727829456 1.58316 2.57274 0.53914 0.73722 0.35717 0.50779 -0.26663
1403638544.927829504 1.62253 2.74745 0.56902 0.74244 0.35985 0.50006 -0.26312
1403638545.127829552 1.66238 2.92206 0.57869 0.74136 0.35950 0.50152 -0.26386
1403638545.427829504 1.73016 3.18424 0.55450 0.73958 0.35946 0.50470 -0.26285
1403638545.627829552 1.77260 3.35852 0.53073 0.73551 0.37105 0.49737 -0.27198
1403638545.727829456 1.79596 3.45349 0.52717 0.72991 0.38465 0.49103 -0.27959
1403638545.827829599 1.81810 3.54682 0.53283 0.72014 0.40276 0.48519 -0.28945
1403638545.927829504 1.83971 3.64168 0.54545 0.70916 0.42381 0.47716 -0.29966
1403638546.027829409 1.86041 3.73518 0.56333 0.69755 0.44440 0.47008 -0.30816
1403638546.127829552 1.87941 3.82647 0.58056 0.68749 0.46041 0.46544 -0.31423
1403638546.227829456 1.89728 3.91960 0.59152 0.68146 0.46967 0.46030 -0.32117
1403638546.327829599 1.91339 4.01258 0.59622 0.67851 0.47428 0.45584 -0.32695
1403638546.527829409 1.94296 4.18619 0.59101 0.67730 0.47707 0.45058 -0.33264
1403638546.727829456 1.97084 4.36575 0.59507 0.66914 0.48793 0.44703 -0.33814
1403638546.927829504 1.99974 4.55694 0.63056 0.66234 0.49815 0.44546 -0.33870
1403638547.127829552 2.02035 4.74873 0.65140 0.65727 0.50602 0.44836 -0.33304
1403638547.427829504 2.03015 5.03877 0.65034 0.65892 0.50482 0.44633 -0.33432
1403638547.627829552 2.02041 5.23578 0.62792 0.66454 0.49772 0.44097 -0.34088
1403638547.827829599 2.01000 5.43736 0.59112 0.66312 0.49968 0.44553 -0.33481
1403638548.027829409 1.99524 5.64959 0.55370 0.66253 0.50067 0.44471 -0.33559
1403638548.127829552 1.98481 5.76219 0.54367 0.66001 0.50451 0.44156 -0.33896
1403638548.227829456 1.97082 5.87775 0.54088 0.65493 0.51120 0.43664 -0.34510
1403638548.327829599 1.95570 5.99585 0.54621 0.64730 0.52113 0.43002 -0.35285
1403638548.427829504 1.93944 6.11627 0.56181 0.63812 0.53365 0.42225 -0.36017
1403638548.527829409 1.92249 6.24095 0.58022 0.63003 0.54240 0.41641 -0.36805
1403638548.627829552 1.90576 6.36911 0.59313 0.62317 0.54955 0.41274 -0.37324
1403638548.727829456 1.88826 6.49249 0.60210 0.61890 0.55424 0.40957 -0.37686
1403638548.927829504 1.85666 6.74400 0.63004 0.61473 0.55874 0.40602 -0.38087
1403638549.127829552 1.82390 6.99941 0.68450 0.61489 0.55897 0.40472 -0.38166
1403638549.327829599 1.79045 7.26881 0.75969 0.61649 0.55633 0.40461 -0.38304
1403638549.527829409 1.75954 7.54550 0.83988 0.61928 0.55210 0.40352 -0.38581
1403638549.627829552 1.74522 7.69376 0.86884 0.61871 0.55000 0.40578 -0.38735
1403638549.827829599 1.72201 7.96098 0.92870 0.61982 0.54959 0.40576 -0.38618
1403638550.027829409 1.70587 8.23820 1.01273 0.62162 0.54974 0.40393 -0.38498
1403638550.227829456 1.69569 8.53113 1.12667 0.62245 0.54990 0.40150 -0.38594
1403638550.427829504 1.69179 8.82309 1.25911 0.62127 0.54999 0.40197 -0.38725
1403638550.627829552 1.69310 9.11148 1.36526 0.62175 0.54539 0.40070 -0.39423
1403638550.727829456 1.69922 9.26470 1.40886 0.62055 0.54248 0.40243 -0.39835
1403638550.827829599 1.70609 9.41051 1.44689 0.61838 0.53988 0.40627 -0.40135
1403638550.927829504 1.71561 9.55436 1.48231 0.61389 0.53527 0.41351 -0.40699
1403638551.027829409 1.72732 9.69415 1.51415 0.61087 0.53160 0.41811 -0.41162
1403638551.127829552 1.74220 9.83456 1.54623 0.61011 0.52915 0.41958 -0.41440
1403638551.327829599 1.78598 10.07317 1.62335 0.61499 0.52592 0.41564 -0.41525
1403638551.427829504 1.81483 10.19205 1.66218 0.62537 0.51881 0.41512 -0.40917
1403638551.527829409 1.84822 10.29386 1.69489 0.63955 0.50532 0.41751 -0.40164
1403638551.627829552 1.88954 10.39352 1.72215 0.65527 0.48659 0.42153 -0.39518
1403638551.727829456 1.93850 10.48605 1.74393 0.66969 0.46753 0.42814 -0.38683
1403638551.827829599 1.99680 10.57601 1.76155 0.68228 0.44922 0.43675 -0.37675
1403638551.927829504 2.06352 10.66007 1.77984 0.68859 0.43823 0.44850 -0.36420
1403638552.027829409 2.13547 10.73498 1.80402 0.69012 0.43206 0.46091 -0.35301
1403638552.127829552 2.21124 10.80228 1.83516 0.69295 0.42814 0.46635 -0.34501
1403638552.227829456 2.29159 10.86288 1.87194 0.69762 0.42591 0.46475 -0.34048
1403638552.427829504 2.46329 10.96566 1.94836 0.69832 0.41975 0.46659 -0.34417
1403638552.527829409 2.55126 11.00423 1.97694 0.69445 0.41527 0.47129 -0.35097
1403638552.627829552 2.64149 11.03429 2.00047 0.69076 0.41421 0.47501 -0.35447
1403638552.827829599 2.82994 11.07311 2.03014 0.68900 0.41932 0.47422 -0.35293
1403638553.027829409 3.02470 11.08227 2.04127 0.68576 0.43134 0.47468 -0.34404
1403638553.227829456 3.22122 11.06916 2.03745 0.67774 0.43053 0.48087 -0.35224
1403638553.327829599 3.31688 11.05333 2.03727 0.67193 0.42937 0.48673 -0.35671
1403638553.427829504 3.41529 11.02843 2.04368 0.66688 0.43252 0.49259 -0.35434
1403638553.527829409 3.51321 10.99441 2.05629 0.66256 0.43626 0.49749 -0.35100
1403638553.627829552 3.60412 10.94798 2.07386 0.65976 0.43902 0.50100 -0.34782
1403638553.827829599 3.77324 10.81897 2.13229 0.66088 0.44278 0.49885 -0.34399
1403638554.027829409 3.92508 10.66347 2.20388 0.66739 0.44340 0.49075 -0.34227
1403638554.227829456 4.07130 10.48085 2.25336 0.67435 0.45107 0.48113 -0.33211
1403638554.327829599 4.13896 10.38895 2.26884 0.67902 0.45629 0.47425 -0.32530
1403638554.427829504 4.19020 10.29718 2.28209 0.68159 0.45916 0.47028 -0.32164
1403638554.627829552 4.31722 10.11862 2.30098 0.68417 0.45900 0.46575 -0.32295
1403638554.827829599 4.43760 9.93767 2.33496 0.68565 0.45253 0.46274 -0.33311
1403638555.027829409 4.54880 9.76808 2.37789 0.68744 0.44568 0.46423 -0.33659
1403638555.127829552 4.61268 9.67977 2.39082 0.69176 0.44078 0.46700 -0.33028
1403638555.227829456 4.68148 9.58552 2.39700 0.69811 0.43241 0.46959 -0.32427
1403638555.327829599 4.74730 9.49393 2.39778 0.70302 0.42540 0.47277 -0.31824
1403638555.427829504 4.80985 9.40596 2.39638 0.70509 0.42257 0.47747 -0.31034
1403638555.527829409 4.87494 9.31793 2.38907 0.70700 0.41899 0.47972 -0.30736
1403638555.627829552 4.93841 9.23216 2.38384 0.70798 0.41758 0.48100 -0.30502
1403638555.827829599 5.06656 9.05283 2.40231 0.70993 0.41744 0.47903 -0.30378
1403638556.027829409 5.19493 8.87527 2.44980 0.70859 0.42059 0.47974 -0.30142
1403638556.227829456 5.32816 8.70773 2.49179 0.71513 0.42260 0.46996 -0.29856
1403638556.427829504 5.46619 8.55393 2.51202 0.71958 0.42372 0.46311 -0.29698
1403638556.527829409 5.53848 8.48577 2.51825 0.72300 0.42495 0.45816 -0.29458
1403638556.727829456 5.69422 8.36345 2.54405 0.72518 0.41502 0.45598 -0.30652
1403638556.827829599 5.77642 8.31037 2.56399 0.72220 0.41069 0.46047 -0.31262
1403638556.927829504 5.86360 8.25630 2.59196 0.72075 0.40723 0.46264 -0.31725
1403638557.027829409 5.95880 8.20383 2.61799 0.71945 0.40675 0.46431 -0.31839
1403638557.127829552 6.05454 8.15180 2.63806 0.71783 0.40918 0.46640 -0.31585
1403638557.227829456 6.16084 8.09641 2.64877 0.71650 0.41049 0.46794 -0.31490
1403638557.427829504 6.36605 7.98605 2.66883 0.71379 0.41505 0.47109 -0.31033
1403638557.527829409 6.48501 7.93931 2.66919 0.71113 0.41978 0.47465 -0.30462
1403638557.627829552 6.59568 7.88401 2.68781 0.70893 0.42253 0.47752 -0.30142
1403638557.827829599 6.82358 7.77265 2.72812 0.70790 0.42408 0.47939 -0.29869
1403638557.927829504 6.92900 7.72379 2.73862 0.70811 0.42578 0.47921 -0.29605
1403638558.027829409 7.03226 7.67354 2.74374 0.71074 0.42663 0.47541 -0.29466
1403638558.127829552 7.13367 7.62626 2.74402 0.71584 0.42720 0.46827 -0.29292
1403638558.227829456 7.23542 7.58350 2.74527 0.72205 0.42815 0.45941 -0.29031
1403638558.427829504 7.44958 7.51389 2.77132 0.72641 0.43391 0.45330 -0.28030
1403638558.527829409 7.55904 7.48906 2.80010 0.72964 0.43539 0.44863 -0.27712
1403638558.627829552 7.67344 7.47653 2.83546 0.73084 0.43132 0.44755 -0.28202
1403638558.827829599 7.90943 7.47784 2.90410 0.73044 0.41912 0.44949 -0.29791
1403638558.927829504 8.03420 7.48454 2.92959 0.72728 0.41876 0.45451 -0.29854
1403638559.027829409 8.15985 7.49534 2.94782 0.72215 0.41893 0.46221 -0.29894
1403638559.127829552 8.28938 7.50830 2.95840 0.71830 0.41891 0.46757 -0.29990
1403638559.227829456 8.41603 7.52529 2.95902 0.71503 0.42064 0.47168 -0.29884
1403638559.327829599 8.54150 7.54096 2.95912 0.71277 0.42269 0.47442 -0.29700
1403638559.427829504 8.66758 7.55687 2.95148 0.71029 0.42638 0.47739 -0.29290
1403638559.627829552 8.90558 7.59545 2.91675 0.70681 0.42834 0.48143 -0.29184
1403638559.727829456 9.02473 7.62769 2.90022 0.70590 0.42897 0.48195 -0.29226
1403638559.927829504 9.24179 7.66508 2.88008 0.70741 0.42644 0.48108 -0.29373
1403638560.027829409 9.35006 7.69066 2.86845 0.71296 0.41676 0.48341 -0.29036
1403638560.127829552 9.45309 7.71558 2.85160 0.72147 0.40065 0.48901 -0.28254
1403638560.227829456 9.55518 7.74043 2.82813 0.73146 0.38070 0.49693 -0.27036
1403638560.327829599 9.65781 7.76422 2.80030 0.73980 0.35762 0.50824 -0.25787
1403638560.427829504 9.76253 7.78376 2.77264 0.74714 0.33285 0.52034 -0.24543
1403638560.527829409 9.86292 7.80137 2.74506 0.75450 0.30722 0.53138 -0.23235
1403638560.627829552 9.95672 7.81712 2.70316 0.76391 0.27899 0.53798 -0.22178
1403638560.727829456 10.04819 7.82770 2.66536 0.77320 0.25119 0.54145 -0.21426
1403638560.827829599 10.13603 7.83162 2.63374 0.77974 0.22805 0.54642 -0.20353
1403638560.927829504 10.22087 7.82600 2.61033 0.78459 0.20528 0.55235 -0.19284
1403638561.027829409 10.30341 7.81356 2.59358 0.78628 0.18558 0.56137 -0.17942
1403638561.127829552 10.38082 7.79305 2.58546 0.78797 0.16636 0.56869 -0.16739
1403638561.227829456 10.45237 7.77437 2.58243 0.78852 0.15080 0.57494 -0.15793
1403638561.327829599 10.52044 7.71921 2.59845 0.78974 0.14074 0.57750 -0.15162
1403638561.427829504 10.58013 7.68228 2.59464 0.79585 0.14078 0.57204 -0.13987
1403638561.527829409 10.63357 7.63425 2.59383 0.80057 0.14545 0.56714 -0.12759
1403638561.627829552 10.68335 7.58527 2.58597 0.80352 0.14897 0.56350 -0.12097
1403638561.827829599 10.77776 7.48781 2.55532 0.80409 0.15326 0.56213 -0.11813
1403638561.927829504 10.82040 7.43595 2.52974 0.80401 0.15219 0.56342 -0.11391
1403638562.027829409 10.85997 7.38305 2.50312 0.80511 0.14479 0.56486 -0.10842
1403638562.127829552 10.89692 7.32893 2.48372 0.80674 0.13508 0.56634 -0.10092
1403638562.227829456 10.93227 7.27421 2.46838 0.80771 0.12700 0.56802 -0.09394
1403638562.327829599 10.96744 7.21908 2.45858 0.80843 0.11734 0.57003 -0.08796
1403638562.427829504 10.99566 7.16552 2.45337 0.80924 0.10355 0.57259 -0.08094
1403638562.527829409 11.02392 7.11157 2.45496 0.81150 0.08565 0.57356 -0.07177
1403638562.627829552 11.05033 7.05834 2.46347 0.81269 0.06310 0.57586 -0.06282
1403638562.727829456 11.07439 7.00156 2.47427 0.81419 0.03805 0.57686 -0.05361
1403638562.827829599 11.09406 6.94358 2.48423 0.81487 0.01237 0.57799 -0.04197
1403638562.927829504 11.10712 6.88016 2.48784 0.81521 -0.01175 0.57838 -0.02791
1403638563.027829409 11.11388 6.81594 2.48674 0.81435 -0.03474 0.57913 -0.01542
1403638563.127829552 11.11347 6.75030 2.47964 0.81353 -0.05913 0.57845 -0.00792
1403638563.227829456 11.10763 6.68263 2.46844 0.81101 -0.07509 0.58016 0.00589
1403638563.327829599 11.09777 6.61368 2.45197 0.80590 -0.08594 0.58556 0.01629
1403638563.427829504 11.08530 6.54140 2.43219 0.79698 -0.09379 0.59632 0.02062
1403638563.527829409 11.06712 6.46700 2.40802 0.79467 -0.09633 0.59886 0.02418
1403638563.627829552 11.04232 6.38856 2.38805 0.79737 -0.09557 0.59525 0.02742
1403638563.827829599 10.97476 6.22049 2.37292 0.80161 -0.09627 0.58968 0.02066
1403638564.127829552 10.83202 5.93454 2.38687 0.80098 -0.08926 0.59192 0.00972
1403638564.327829599 10.70731 5.71998 2.38303 0.79975 -0.07713 0.59525 0.01101
1403638564.527829409 10.55784 5.48843 2.40238 0.79811 -0.07052 0.59830 0.00921
1403638564.727829456 10.38243 5.24982 2.42662 0.80143 -0.07460 0.59341 -0.00033
1403638564.827829599 10.28592 5.11987 2.42851 0.80152 -0.07758 0.59291 -0.00337
1403638564.927829504 10.18434 4.98753 2.41756 0.80058 -0.07989 0.59384 -0.00568
1403638565.027829409 10.07530 4.84953 2.38851 0.80050 -0.08068 0.59383 -0.00716
1403638565.127829552 9.96383 4.70662 2.34513 0.80111 -0.08114 0.59293 -0.00830
1403638565.227829456 9.84982 4.55634 2.29131 0.80196 -0.08056 0.59187 -0.00822
1403638565.327829599 9.73600 4.40700 2.23529 0.80293 -0.07972 0.59068 -0.00605
1403638565.427829504 9.61674 4.25226 2.17810 0.80389 -0.07837 0.58957 -0.00387
1403638565.527829409 9.49369 4.09275 2.12538 0.80200 -0.07643 0.59242 0.00167
1403638565.627829552 9.36747 3.93138 2.08107 0.80062 -0.07269 0.59467 0.01023
1403638565.727829456 9.23121 3.76377 2.04449 0.80198 -0.06602 0.59328 0.02205
1403638565.827829599 9.08630 3.59522 2.01411 0.80501 -0.06317 0.58923 0.02786
1403638565.927829504 8.93977 3.42475 1.98836 0.80750 -0.06091 0.58575 0.03345
1403638566.027829409 8.79038 3.27138 1.96487 0.80868 -0.06181 0.58400 0.03403
1403638566.127829552 8.63697 3.12258 1.92719 0.80888 -0.06219 0.58366 0.03436
1403638566.227829456 8.49249 2.98128 1.88586 0.80870 -0.06214 0.58389 0.03473
1403638566.327829599 8.34527 2.84212 1.83640 0.80974 -0.06214 0.58249 0.03417
1403638566.427829504 8.19718 2.70612 1.77942 0.80967 -0.06082 0.58275 0.03379
1403638566.527829409 8.05305 2.57664 1.71753 0.81004 -0.06014 0.58242 0.03185
1403638566.627829552 7.91334 2.44874 1.64941 0.81673 -0.05911 0.57323 0.02947
1403638566.727829456 7.77410 2.32196 1.57439 0.82893 -0.05826 0.55563 0.02754
1403638566.827829599 7.64068 2.19300 1.49670 0.83861 -0.05525 0.54125 0.02710
1403638566.927829504 7.50990 2.06464 1.41533 0.84475 -0.05265 0.53192 0.02621
1403638567.027829409 7.38353 1.93273 1.33002 0.84454 -0.05097 0.53250 0.02468
1403638567.127829552 7.26833 1.80460 1.24885 0.83219 -0.04769 0.55178 0.02673
1403638567.227829456 7.15624 1.67833 1.16308 0.82108 -0.04542 0.56828 0.02864
1403638567.327829599 7.04624 1.55538 1.07199 0.81557 -0.04366 0.57613 0.03182
1403638567.427829504 6.93486 1.43268 0.97920 0.81518 -0.04358 0.57657 0.03389
1403638567.527829409 6.81946 1.31526 0.89159 0.81765 -0.04451 0.57289 0.03539
1403638567.627829552 6.70415 1.20247 0.81344 0.82143 -0.04545 0.56728 0.03714
1403638567.727829456 6.59607 1.09600 0.74540 0.82456 -0.04591 0.56253 0.03934
1403638567.827829599 6.49178 0.99469 0.68538 0.82848 -0.04624 0.55661 0.04084
1403638567.927829504 6.39113 0.89483 0.63074 0.82987 -0.04882 0.55451 0.03813
1403638568.027829409 6.29531 0.79846 0.58193 0.83041 -0.04880 0.55364 0.03901
1403638568.127829552 6.20275 0.70443 0.54021 0.82956 -0.04713 0.55487 0.04157
1403638568.227829456 6.11545 0.61647 0.50731 0.82886 -0.04600 0.55586 0.04348
1403638568.427829504 5.95399 0.45751 0.44732 0.83006 -0.04654 0.55395 0.04429
1403638568.627829552 5.80562 0.31347 0.37116 0.83224 -0.04563 0.55068 0.04532
1403638568.827829599 5.67373 0.18570 0.29723 0.83337 -0.04499 0.54907 0.04461
1403638569.027829409 5.56123 0.07738 0.25013 0.83233 -0.04429 0.55063 0.04542
1403638569.227829456 5.46994 -0.01462 0.23097 0.83394 -0.04209 0.54810 0.04864
1403638569.527829409 5.38354 -0.10807 0.18726 0.83252 -0.04089 0.55017 0.05058
1403638570.227829456 5.33208 -0.15234 0.14685 0.82623 -0.04672 0.55995 0.04011
1403638570.427829504 5.34082 -0.12384 0.11122 0.82504 -0.06325 0.56085 0.02747
1403638570.527829409 5.33655 -0.12330 0.08646 0.82309 -0.08498 0.56113 0.02109
1403638570.627829552 5.34419 -0.12332 0.04354 0.81855 -0.11387 0.56278 0.01697
1403638570.727829456 5.34738 -0.13159 0.01319 0.80990 -0.14102 0.56891 0.02265
1403638570.927829504 5.33572 -0.17985 -0.06211 0.78647 -0.18998 0.58583 0.04656
1403638571.027829409 5.31874 -0.21928 -0.10423 0.77926 -0.21069 0.58699 0.06165
1403638571.127829552 5.29320 -0.26579 -0.14988 0.78005 -0.22624 0.57765 0.08160
1403638571.227829456 5.25596 -0.31987 -0.18689 0.78234 -0.23458 0.56777 0.10272
1403638571.327829599 5.21173 -0.38003 -0.21173 0.78274 -0.23919 0.56172 0.12071
1403638571.427829504 5.16763 -0.44104 -0.22909 0.78050 -0.24507 0.56062 0.12832
1403638571.527829409 5.11239 -0.51342 -0.24023 0.77742 -0.24828 0.56213 0.13409
1403638571.627829552 5.05530 -0.58424 -0.25038 0.77597 -0.25523 0.55946 0.14044
1403638571.727829456 4.99448 -0.65739 -0.26669 0.77558 -0.26708 0.55270 0.14719
1403638571.927829504 4.86569 -0.80961 -0.30881 0.76843 -0.30179 0.54036 0.16265
1403638572.027829409 4.79648 -0.89265 -0.32494 0.76141 -0.32122 0.53635 0.17150
1403638572.127829552 4.72460 -0.97957 -0.33137 0.75360 -0.33903 0.53280 0.18240
1403638572.227829456 4.64885 -1.06847 -0.33050 0.74767 -0.35372 0.52568 0.19884
1403638572.327829599 4.56976 -1.16232 -0.33069 0.74291 -0.37145 0.51503 0.21179
1403638572.427829504 4.49094 -1.25973 -0.33509 0.73767 -0.38807 0.50456 0.22508
1403638572.527829409 4.41321 -1.36071 -0.34232 0.73397 -0.39859 0.49605 0.23738
1403638572.627829552 4.33611 -1.46620 -0.35002 0.73063 -0.40505 0.49171 0.24565
1403638572.727829456 4.26041 -1.57553 -0.35309 0.73027 -0.40755 0.48669 0.25247
1403638572.827829599 4.18665 -1.68986 -0.34779 0.73246 -0.40665 0.48126 0.25792
1403638572.927829504 4.11678 -1.80870 -0.33545 0.73440 -0.40600 0.47827 0.25899
1403638573.027829409 4.05126 -1.92880 -0.32210 0.73689 -0.40481 0.47539 0.25910
1403638573.227829456 3.92945 -2.17919 -0.30798 0.74018 -0.40121 0.47514 0.25574
1403638573.427829504 3.82739 -2.43811 -0.29479 0.74234 -0.39939 0.47369 0.25501
1403638573.527829409 3.78418 -2.57267 -0.28273 0.74221 -0.39927 0.47244 0.25791
1403638573.627829552 3.74879 -2.70942 -0.26090 0.74189 -0.39958 0.47202 0.25911
1403638573.727829456 3.72112 -2.84666 -0.23378 0.74126 -0.40139 0.46907 0.26342
1403638573.827829599 3.70039 -2.98840 -0.20334 0.73422 -0.40522 0.47060 0.27433
1403638573.927829504 3.68616 -3.12977 -0.17825 0.72169 -0.41352 0.47418 0.28866
1403638574.027829409 3.67503 -3.27282 -0.16049 0.70313 -0.43130 0.48128 0.29656
1403638574.127829552 3.66413 -3.41289 -0.14865 0.68118 -0.45373 0.48849 0.30249
1403638574.227829456 3.65077 -3.55006 -0.14227 0.65960 -0.47687 0.49139 0.30992
1403638574.327829599 3.63146 -3.68310 -0.13928 0.64353 -0.49772 0.48517 0.32056
1403638574.427829504 3.60557 -3.80970 -0.14103 0.63128 -0.51581 0.47302 0.33418
1403638574.527829409 3.57426 -3.93215 -0.14364 0.61970 -0.53256 0.46142 0.34562
1403638574.627829552 3.53833 -4.05412 -0.13850 0.60998 -0.54295 0.45427 0.35605
1403638574.727829456 3.49910 -4.17180 -0.12729 0.60700 -0.54702 0.44384 0.36786
1403638574.827829599 3.45944 -4.28625 -0.11072 0.60906 -0.54990 0.43217 0.37401
1403638574.927829504 3.42106 -4.39721 -0.09533 0.61122 -0.55464 0.42446 0.37233
1403638575.127829552 3.34510 -4.62060 -0.08114 0.60948 -0.56283 0.42614 0.36077
1403638575.327829599 3.26164 -4.84118 -0.08894 0.60790 -0.56499 0.43217 0.35279
1403638575.427829504 3.21416 -4.95397 -0.10244 0.61290 -0.56466 0.42846 0.34919
1403638575.527829409 3.16727 -5.06544 -0.11712 0.61753 -0.56263 0.42567 0.34771
1403638575.627829552 3.11576 -5.18623 -0.12711 0.62439 -0.55822 0.41982 0.34969
1403638575.727829456 3.06152 -5.31411 -0.12861 0.63082 -0.55371 0.41440 0.35177
1403638575.827829599 3.01004 -5.44127 -0.12220 0.63679 -0.55118 0.40816 0.35228
1403638575.927829504 2.96263 -5.57462 -0.10477 0.63874 -0.55005 0.40756 0.35120
1403638576.027829409 2.91797 -5.71421 -0.07928 0.63925 -0.54876 0.40853 0.35117
1403638576.127829552 2.87723 -5.85724 -0.04847 0.63906 -0.54807 0.40918 0.35185
1403638576.227829456 2.83736 -6.00879 -0.01527 0.63830 -0.54638 0.41067 0.35411
1403638576.327829599 2.80117 -6.16472 0.01182 0.63944 -0.54324 0.40904 0.35874
1403638576.427829504 2.76890 -6.32346 0.03338 0.64154 -0.54120 0.40558 0.36200
1403638576.527829409 2.74270 -6.48396 0.04955 0.64537 -0.53761 0.39954 0.36721
1403638576.627829552 2.72448 -6.64517 0.06102 0.64811 -0.53542 0.39480 0.37068
1403638576.727829456 2.71324 -6.81344 0.06923 0.64742 -0.53302 0.39620 0.37385
1403638576.827829599 2.71121 -6.98015 0.07275 0.64338 -0.52955 0.40261 0.37887
1403638576.927829504 2.71697 -7.14495 0.07036 0.63767 -0.52974 0.41103 0.37921
1403638577.027829409 2.72953 -7.30735 0.06476 0.63271 -0.53267 0.41835 0.37540
1403638577.127829552 2.74613 -7.46927 0.06379 0.62886 -0.53525 0.42352 0.37239
1403638577.227829456 2.76454 -7.63098 0.07004 0.62719 -0.53700 0.42575 0.37013
1403638577.327829599 2.78608 -7.79040 0.08339 0.62962 -0.53425 0.42233 0.37389
1403638577.427829504 2.81210 -7.94669 0.10494 0.63437 -0.52946 0.41579 0.37996
1403638577.527829409 2.84307 -8.10218 0.12817 0.63497 -0.52897 0.41515 0.38033
1403638577.627829552 2.88002 -8.24960 0.14589 0.63393 -0.53103 0.41662 0.37758
1403638577.827829599 2.96611 -8.54377 0.16266 0.63332 -0.53380 0.41832 0.37279
1403638578.027829409 3.06711 -8.83997 0.16440 0.63379 -0.53174 0.41950 0.37361
1403638578.127829552 3.12404 -8.98285 0.17157 0.63219 -0.53252 0.42298 0.37126
1403638578.227829456 3.18324 -9.12471 0.18578 0.62679 -0.53759 0.43120 0.36359
1403638578.327829599 3.24139 -9.26765 0.20282 0.62319 -0.54149 0.43635 0.35780
1403638578.527829409 3.35477 -9.55942 0.22714 0.62200 -0.54248 0.43691 0.35769
1403638578.727829456 3.45582 -9.83484 0.23189 0.62275 -0.54005 0.43477 0.36263
1403638578.927829504 3.55575 -10.09545 0.22255 0.62779 -0.53374 0.42741 0.37191
1403638579.127829552 3.66434 -10.35096 0.22824 0.62923 -0.53074 0.42706 0.37418
1403638579.327829599 3.78592 -10.59678 0.26307 0.62754 -0.53205 0.43063 0.37103
1403638579.427829504 3.84759 -10.71698 0.27795 0.62279 -0.53714 0.43747 0.36365
1403638579.527829409 3.90869 -10.83552 0.28685 0.61957 -0.53926 0.44334 0.35886
1403638579.627829552 3.96984 -10.95668 0.29220 0.61741 -0.53108 0.45430 0.36106
1403638579.727829456 4.02836 -11.07310 0.29279 0.62354 -0.51502 0.46323 0.36245
1403638579.827829599 4.08624 -11.18256 0.28691 0.63940 -0.49521 0.46820 0.35598
1403638579.927829504 4.14307 -11.28879 0.27417 0.66072 -0.47241 0.47295 0.34147
1403638580.027829409 4.20126 -11.38358 0.26027 0.67886 -0.44297 0.48689 0.32538
1403638580.127829552 4.25767 -11.46994 0.24394 0.69260 -0.40685 0.50929 0.30887
1403638580.227829456 4.31553 -11.54575 0.22491 0.70907 -0.37065 0.52742 0.28577
1403638580.327829599 4.36811 -11.61117 0.19796 0.72716 -0.33941 0.53855 0.25691
1403638580.427829504 4.41510 -11.66946 0.16642 0.74122 -0.31909 0.54532 0.22671
1403638580.527829409 4.45654 -11.72438 0.13330 0.75001 -0.30485 0.54982 0.20555
1403638580.627829552 4.49401 -11.77701 0.09942 0.75842 -0.29134 0.55137 0.18951
1403638580.727829456 4.52796 -11.82653 0.06944 0.76953 -0.27603 0.54832 0.17598
1403638580.827829599 4.55887 -11.87667 0.04812 0.77788 -0.26351 0.54489 0.16899
1403638580.927829504 4.58666 -11.92439 0.03780 0.78235 -0.25567 0.54343 0.16508
1403638581.027829409 4.61467 -11.97262 0.03733 0.78358 -0.25400 0.54364 0.16106
1403638581.227829456 4.66701 -12.06489 0.06010 0.78435 -0.25191 0.54230 0.16506
1403638581.427829504 4.71920 -12.15003 0.08788 0.78218 -0.25379 0.54213 0.17288
1403638581.527829409 4.74915 -12.18856 0.10724 0.78082 -0.25639 0.54183 0.17605
1403638581.627829552 4.78219 -12.22644 0.12953 0.77844 -0.25780 0.54310 0.18058
1403638581.727829456 4.81447 -12.26351 0.14756 0.77378 -0.25788 0.54801 0.18560
1403638581.827829599 4.84812 -12.30113 0.15755 0.77202 -0.25960 0.54901 0.18755
1403638581.927829504 4.88070 -12.33776 0.16270 0.76532 -0.25907 0.55737 0.19108
1403638582.027829409 4.90975 -12.36966 0.16485 0.76190 -0.25828 0.56158 0.19348
1403638582.127829552 4.93502 -12.39684 0.16989 0.76819 -0.26066 0.55265 0.19113
1403638582.227829456 4.95845 -12.41783 0.18648 0.77418 -0.26321 0.54405 0.18807
1403638582.327829599 4.98158 -12.43742 0.21570 0.77281 -0.26137 0.54613 0.19023
1403638582.527829409 5.02869 -12.46692 0.30517 0.76943 -0.25871 0.55116 0.19304
1403638582.927829504 5.11546 -12.47358 0.57947 0.77460 -0.26112 0.54320 0.19170
1403638583.027829409 5.14149 -12.46618 0.63706 0.77731 -0.26279 0.53879 0.19085
1403638583.727829456 5.30858 -12.34004 0.95054 0.78118 -0.26394 0.53257 0.19093
1403638583.827829599 5.33824 -12.30637 0.98005 0.78094 -0.26377 0.53277 0.19160
1403638584.127829552 5.42341 -12.20426 1.06545 0.77257 -0.25984 0.54475 0.19715
1403638584.227829456 5.44307 -12.16134 1.06984 0.76300 -0.25624 0.55811 0.20169
1403638584.327829599 5.45957 -12.11809 1.06773 0.75721 -0.25503 0.56601 0.20306
1403638584.627829552 5.48019 -11.95720 1.06198 0.75714 -0.25477 0.56683 0.20134
1403638584.827829599 5.47612 -11.81954 1.07857 0.76871 -0.25930 0.55165 0.19372
1403638584.927829504 5.47800 -11.74389 1.08060 0.77462 -0.26355 0.54317 0.18835
1403638585.127829552 5.48061 -11.59321 1.09256 0.77737 -0.26621 0.53899 0.18525
1403638585.327829599 5.48378 -11.44400 1.08525 0.77400 -0.26524 0.54387 0.18652
1403638585.527829409 5.48890 -11.29271 1.06840 0.77445 -0.26501 0.54328 0.18666
1403638585.727829456 5.49878 -11.13348 1.08125 0.78037 -0.26611 0.53498 0.18438
1403638585.827829599 5.50431 -11.05183 1.09665 0.78472 -0.26858 0.52832 0.18156
1403638586.027829409 5.52960 -10.88933 1.15749 0.78391 -0.27198 0.52859 0.17916
1403638586.227829456 5.55654 -10.72647 1.21075 0.77754 -0.27084 0.53683 0.18408
1403638586.427829504 5.58867 -10.56599 1.24184 0.77180 -0.26425 0.54419 0.19585
1403638586.727829456 5.63225 -10.32420 1.24783 0.77125 -0.26455 0.54453 0.19665
1403638586.927829504 5.66121 -10.15454 1.21665 0.76971 -0.26604 0.54702 0.19371
1403638587.127829552 5.68246 -9.98329 1.17308 0.76963 -0.26689 0.54731 0.19208
1403638587.327829599 5.69932 -9.80789 1.15426 0.77342 -0.26699 0.54220 0.19121
1403638587.527829409 5.71829 -9.61801 1.15500 0.77370 -0.26895 0.54174 0.18858
1403638587.727829456 5.73845 -9.43019 1.14139 0.77348 -0.27017 0.54167 0.18795
1403638587.927829504 5.76138 -9.24810 1.10731 0.77267 -0.27179 0.54239 0.18688
1403638588.127829552 5.77898 -9.07873 1.05713 0.77258 -0.26959 0.54258 0.18986
1403638588.327829599 5.79319 -8.90622 1.00675 0.77442 -0.26404 0.54024 0.19668
1403638588.527829409 5.81459 -8.71839 0.98329 0.77408 -0.26541 0.54095 0.19425
1403638588.727829456 5.83158 -8.52161 0.99407 0.77169 -0.26842 0.54461 0.18933
1403638588.927829504 5.84528 -8.32039 1.00487 0.77070 -0.27052 0.54571 0.18719
1403638589.127829552 5.85671 -8.11202 0.98820 0.77081 -0.27076 0.54497 0.18853
1403638589.327829599 5.86240 -7.91262 0.95397 0.76975 -0.27086 0.54636 0.18869
1403638589.527829409 5.86289 -7.71509 0.92869 0.77013 -0.27109 0.54606 0.18768
1403638589.727829456 5.85790 -7.51528 0.92978 0.77164 -0.27159 0.54388 0.18712
1403638589.927829504 5.85336 -7.30720 0.94266 0.77287 -0.27266 0.54134 0.18781
1403638590.127829552 5.84859 -7.10156 0.93334 0.77187 -0.27427 0.54204 0.18756
1403638590.327829599 5.84595 -6.89418 0.90465 0.77064 -0.27489 0.54327 0.18818
1403638590.527829409 5.82992 -6.71364 0.86756 0.77169 -0.27596 0.54155 0.18726
1403638590.727829456 5.81498 -6.53245 0.84812 0.77468 -0.27791 0.53739 0.18398
1403638590.927829504 5.80170 -6.35525 0.85905 0.77623 -0.27844 0.53515 0.18316
1403638591.127829552 5.79115 -6.16219 0.88588 0.77961 -0.28046 0.52983 0.18121
1403638591.227829456 5.78656 -6.07491 0.89192 0.78459 -0.28215 0.52218 0.17928
1403638591.327829599 5.78620 -5.99131 0.89266 0.79019 -0.28492 0.51342 0.17556
1403638591.427829504 5.79063 -5.92379 0.88910 0.79336 -0.28717 0.50819 0.17279
1403638591.527829409 5.80116 -5.85882 0.87991 0.79588 -0.28962 0.50392 0.16962
1403638591.727829456 5.83896 -5.75461 0.85065 0.79676 -0.29177 0.50209 0.16716
1403638591.927829504 5.90068 -5.68390 0.82437 0.79181 -0.28914 0.51036 0.17019
1403638592.127829552 5.98262 -5.63050 0.82650 0.78764 -0.28699 0.51766 0.17113
1403638592.227829456 6.03252 -5.61208 0.84173 0.78311 -0.28347 0.52753 0.16762
1403638592.327829599 6.08131 -5.60201 0.86792 0.77857 -0.27663 0.53977 0.16110
1403638592.427829504 6.12874 -5.59322 0.90091 0.77847 -0.26491 0.54882 0.15038
1403638592.527829409 6.17386 -5.58657 0.94065 0.78411 -0.25054 0.55029 0.13997
1403638592.627829552 6.21597 -5.58455 0.98751 0.79189 -0.23765 0.54655 0.13310
1403638592.727829456 6.25704 -5.58662 1.03758 0.79938 -0.22839 0.54097 0.12723
1403638592.827829599 6.29709 -5.59287 1.08276 0.80580 -0.22317 0.53482 0.12186
1403638593.127829552 6.42999 -5.63835 1.19195 0.81091 -0.21542 0.53103 0.11841
1403638593.227829456 6.48114 -5.66354 1.22765 0.80753 -0.21345 0.53622 0.12167
1403638593.327829599 6.53572 -5.69390 1.26936 0.80509 -0.20870 0.53982 0.12988
1403638593.427829504 6.59162 -5.72558 1.31411 0.80070 -0.20306 0.54588 0.14020
1403638593.527829409 6.64659 -5.75598 1.35249 0.79696 -0.20100 0.55067 0.14566
1403638593.727829456 6.75948 -5.80556 1.41120 0.79304 -0.20032 0.55519 0.15075
1403638593.827829599 6.81471 -5.82618 1.43228 0.78659 -0.20109 0.56423 0.14997
1403638593.927829504 6.86698 -5.84080 1.45721 0.77734 -0.19865 0.57905 0.14482
1403638594.027829409 6.91369 -5.85019 1.48486 0.77977 -0.19588 0.57864 0.13697
1403638594.227829456 6.98659 -5.85451 1.55377 0.79060 -0.18823 0.56775 0.13110
1403638594.427829504 7.04264 -5.84817 1.61914 0.78963 -0.17755 0.57136 0.13607
1403638594.627829552 7.08688 -5.82439 1.70286 0.78965 -0.17888 0.57253 0.12905
1403638594.927829504 7.13225 -5.76949 1.82729 0.79112 -0.18486 0.56977 0.12377
1403638595.527829409 7.16676 -5.63269 1.90303 0.79454 -0.18948 0.56345 0.12382
1403638596.127829552 7.15335 -5.47143 1.88023 0.79814 -0.17412 0.55781 0.14664
1403638596.327829599 7.15432 -5.38817 1.85502 0.80213 -0.15753 0.55058 0.16922
1403638596.627829552 7.18260 -5.18685 1.88135 0.80310 -0.14064 0.54706 0.18969
1403638596.827829599 7.22830 -4.98116 1.93535 0.80357 -0.13229 0.54475 0.20005
1403638596.927829504 7.25938 -4.85501 1.97064 0.80259 -0.13037 0.54575 0.20248
1403638597.027829409 7.29501 -4.71357 2.00392 0.80149 -0.13037 0.54673 0.20423
1403638597.127829552 7.33397 -4.55849 2.03009 0.79985 -0.12929 0.54837 0.20691
1403638597.227829456 7.37851 -4.38744 2.05183 0.79769 -0.13041 0.55108 0.20736
1403638597.327829599 7.43036 -4.20000 2.06810 0.79564 -0.13400 0.55448 0.20383
1403638597.427829504 7.48484 -3.99707 2.08124 0.79343 -0.13979 0.55835 0.19792
1403638597.527829409 7.53846 -3.78130 2.08780 0.78864 -0.14860 0.56683 0.18618
1403638597.627829552 7.59032 -3.55390 2.08912 0.78494 -0.15595 0.57286 0.17712
1403638597.727829456 7.64089 -3.31874 2.08476 0.78408 -0.15651 0.57401 0.17673
1403638597.827829599 7.69099 -3.07665 2.07595 0.78706 -0.14673 0.57093 0.18178
1403638597.927829504 7.73993 -2.82582 2.06435 0.79020 -0.13543 0.56812 0.18572
1403638598.027829409 7.78863 -2.56392 2.05455 0.79146 -0.12884 0.56865 0.18338
1403638598.127829552 7.83740 -2.28934 2.05239 0.79182 -0.13272 0.57201 0.16795
1403638598.227829456 7.88176 -2.00633 2.05609 0.79247 -0.14230 0.57454 0.14714
1403638598.327829599 7.92220 -1.72153 2.06116 0.79477 -0.14949 0.57309 0.13256
1403638598.427829504 7.96132 -1.43733 2.06031 0.79673 -0.15299 0.57108 0.12524
1403638598.527829409 7.99597 -1.15344 2.05327 0.79849 -0.15267 0.56958 0.12119
1403638598.627829552 8.02798 -0.87073 2.03712 0.80193 -0.14757 0.56713 0.11617
1403638598.727829456 8.05880 -0.59080 2.01897 0.80410 -0.13728 0.56790 0.10985
1403638598.827829599 8.08654 -0.31351 2.00425 0.80558 -0.12462 0.57038 0.10090
1403638598.927829504 8.11363 -0.03681 1.99460 0.80848 -0.10916 0.57101 0.09159
1403638599.027829409 8.13811 0.23788 1.98922 0.81069 -0.09359 0.57252 0.07902
1403638599.127829552 8.16182 0.51137 1.99172 0.81240 -0.07542 0.57415 0.06829
1403638599.227829456 8.18089 0.78464 1.99894 0.81448 -0.05681 0.57459 0.05686
1403638599.327829599 8.19800 1.05845 2.01290 0.81701 -0.03875 0.57365 0.04368
1403638599.427829504 8.21162 1.32931 2.03305 0.82027 -0.02246 0.57051 0.03431
1403638599.527829409 8.22316 1.59657 2.05421 0.82269 -0.01144 0.56772 0.02731
1403638599.627829552 8.23585 1.86440 2.06889 0.82442 -0.00632 0.56553 0.02152
1403638599.727829456 8.24958 2.13087 2.07436 0.82570 -0.00326 0.56377 0.01950
1403638599.827829599 8.26557 2.39388 2.07256 0.82624 -0.00416 0.56300 0.01850
1403638599.927829504 8.28336 2.65542 2.06431 0.82727 -0.00803 0.56153 0.01577
1403638600.027829409 8.30597 2.91543 2.05216 0.82643 -0.01468 0.56274 0.01096
1403638600.127829552 8.32960 3.17005 2.03538 0.82825 -0.02428 0.55982 0.00260
1403638600.227829456 8.36171 3.42114 2.02270 0.83074 -0.03622 0.55540 -0.00934
1403638600.327829599 8.39748 3.65247 2.00214 0.83220 -0.04601 0.55227 -0.01821
1403638600.427829504 8.43436 3.87539 1.98339 0.83321 -0.05443 0.54965 -0.02612
1403638600.527829409 8.47484 4.08617 1.97170 0.83387 -0.05740 0.54830 -0.02721
1403638600.627829552 8.51999 4.28242 1.96898 0.83517 -0.05895 0.54617 -0.02673
1403638600.727829456 8.57002 4.46434 1.97407 0.83734 -0.06034 0.54266 -0.02728
1403638600.827829599 8.62625 4.63361 1.98474 0.84147 -0.05742 0.53671 -0.02380
1403638600.927829504 8.68520 4.77855 1.99840 0.84514 -0.04496 0.53258 -0.00853
1403638601.027829409 8.75314 4.91311 2.00613 0.84646 -0.03362 0.53136 0.00475
1403638601.127829552 8.82657 5.04222 2.00969 0.84554 -0.02772 0.53308 0.01124
1403638601.227829456 8.90818 5.17229 2.00827 0.84284 -0.02025 0.53741 0.02011
1403638601.327829599 8.99624 5.30449 2.00483 0.83578 -0.01337 0.54825 0.02673
1403638601.427829504 9.09034 5.44050 2.00417 0.83148 -0.01072 0.55521 0.01651
1403638601.527829409 9.18817 5.57459 2.00856 0.82748 -0.00110 0.56147 0.00495
1403638601.627829552 9.28473 5.70779 2.01911 0.82454 0.01605 0.56555 -0.00609
1403638601.727829456 9.38080 5.83968 2.03570 0.82253 0.03927 0.56708 -0.01829
1403638601.827829599 9.47196 5.97157 2.06017 0.81881 0.06728 0.56921 -0.03190
1403638601.927829504 9.55747 6.10348 2.08923 0.81486 0.09519 0.56993 -0.04611
1403638602.027829409 9.64151 6.23776 2.11538 0.81290 0.11549 0.56776 -0.05923
1403638602.127829552 9.72272 6.37303 2.13540 0.81015 0.13104 0.56739 -0.06750
1403638602.227829456 9.80146 6.51232 2.15035 0.80426 0.14801 0.57091 -0.07294
1403638602.327829599 9.87419 6.65653 2.16023 0.79604 0.16434 0.57609 -0.08620
1403638602.427829504 9.94119 6.80496 2.17840 0.78041 0.17241 0.58936 -0.11787
1403638602.527829409 9.99862 6.95004 2.20676 0.75691 0.17814 0.60994 -0.15272
1403638602.627829552 10.04325 7.07781 2.24497 0.74007 0.18661 0.62010 -0.18154
1403638602.727829456 10.06855 7.21093 2.27191 0.73425 0.20371 0.61701 -0.19668
1403638602.827829599 10.07843 7.30765 2.32337 0.73108 0.22506 0.61065 -0.20489
1403638602.927829504 10.07337 7.39943 2.37197 0.72991 0.24313 0.60005 -0.21920
1403638603.027829409 10.05526 7.47816 2.41855 0.72881 0.25665 0.58715 -0.24128
1403638603.127829552 10.02644 7.54367 2.45816 0.72128 0.27072 0.58295 -0.25814
1403638603.227829456 9.99037 7.59316 2.49083 0.72105 0.28654 0.57349 -0.26286
1403638603.327829599 9.94700 7.62420 2.51690 0.73338 0.30275 0.55159 -0.25737
1403638603.427829504 9.89826 7.65639 2.52684 0.74466 0.31328 0.53276 -0.25201
1403638603.527829409 9.84906 7.68614 2.52928 0.74861 0.31802 0.52532 -0.24995
1403638603.627829552 9.80349 7.70026 2.54796 0.74290 0.31997 0.53037 -0.25383
1403638603.727829456 9.75599 7.70995 2.55160 0.73488 0.32486 0.54011 -0.25039
1403638603.927829504 9.64707 7.72902 2.53148 0.72036 0.33520 0.55936 -0.23630
1403638604.127829552 9.50715 7.73143 2.49309 0.71251 0.33987 0.57038 -0.22689
1403638604.227829456 9.42253 7.72948 2.48351 0.71397 0.33834 0.56825 -0.22992
1403638604.327829599 9.32086 7.71457 2.47833 0.72040 0.33405 0.55983 -0.23669
1403638604.427829504 9.21920 7.71443 2.48224 0.72848 0.33240 0.54920 -0.23918
1403638604.527829409 9.10924 7.70373 2.49090 0.73581 0.33403 0.53957 -0.23637
1403638604.627829552 8.99575 7.69140 2.49913 0.73901 0.33455 0.53530 -0.23536
1403638604.727829456 8.87918 7.67733 2.50330 0.74167 0.33149 0.53173 -0.23941
1403638604.827829599 8.76330 7.66278 2.50474 0.74401 0.32884 0.52862 -0.24264
1403638604.927829504 8.64791 7.64287 2.51106 0.74821 0.32967 0.52280 -0.24120
1403638605.027829409 8.53075 7.62338 2.51685 0.75548 0.33153 0.51220 -0.23873
1403638605.127829552 8.41526 7.60256 2.53424 0.76101 0.33326 0.50405 -0.23610
1403638605.327829599 8.20140 7.57616 2.57776 0.76212 0.33883 0.50228 -0.22823
1403638605.427829504 8.10532 7.56989 2.59409 0.75476 0.34442 0.51270 -0.22102
1403638605.527829409 8.01128 7.56815 2.60490 0.74476 0.34958 0.52643 -0.21446
1403638605.627829552 7.91584 7.57030 2.61102 0.73752 0.35454 0.53584 -0.20792
1403638605.827829599 7.70296 7.58568 2.62732 0.73490 0.35792 0.53886 -0.20358
1403638606.027829409 7.46780 7.63135 2.66701 0.73382 0.36137 0.54066 -0.19650
1403638606.227829456 7.21380 7.70107 2.69307 0.73422 0.36378 0.54066 -0.19044
1403638606.327829599 7.07572 7.74517 2.69390 0.73810 0.36165 0.53630 -0.19184
1403638606.427829504 6.93034 7.79713 2.68702 0.74811 0.35547 0.52372 -0.19922
1403638606.527829409 6.78274 7.85254 2.67672 0.75834 0.34818 0.51019 -0.20831
1403638606.627829552 6.65014 7.91911 2.64852 0.76431 0.34657 0.49982 -0.21425
1403638606.727829456 6.50453 7.98541 2.63435 0.76600 0.35294 0.49076 -0.21869
1403638606.827829599 6.37087 8.06009 2.61011 0.76386 0.36405 0.48275 -0.22568
1403638606.927829504 6.24822 8.14143 2.58462 0.75835 0.37851 0.47544 -0.23576
1403638607.027829409 6.12443 8.23351 2.56829 0.75069 0.39361 0.46839 -0.24929
1403638607.127829552 6.01193 8.33166 2.56280 0.74360 0.40321 0.46218 -0.26621
1403638607.227829456 5.90726 8.43594 2.56159 0.73131 0.40974 0.46767 -0.28033
1403638607.327829599 5.80996 8.54197 2.55675 0.71972 0.41218 0.47579 -0.29279
1403638607.427829504 5.71858 8.64740 2.54019 0.71317 0.41314 0.47911 -0.30193
1403638607.527829409 5.62819 8.75059 2.51777 0.71226 0.41380 0.47714 -0.30627
1403638607.627829552 5.54347 8.85347 2.48834 0.71108 0.41509 0.47711 -0.30731
1403638607.727829456 5.46303 8.95373 2.45695 0.70870 0.41559 0.48051 -0.30682
1403638607.827829599 5.38470 9.05258 2.42173 0.70926 0.41524 0.48045 -0.30612
1403638608.027829409 5.24836 9.23552 2.33672 0.71490 0.40800 0.47528 -0.31075
1403638608.227829456 5.13170 9.40574 2.23641 0.70841 0.40786 0.48863 -0.30504
1403638608.427829504 5.02683 9.56135 2.11698 0.69998 0.40582 0.50236 -0.30492
1403638608.527829409 4.97148 9.63551 2.04794 0.70188 0.40651 0.50022 -0.30315
1403638608.727829456 4.86749 9.76127 1.91115 0.69821 0.40211 0.50534 -0.30894
1403638608.827829599 4.81633 9.81546 1.84990 0.70084 0.40356 0.50146 -0.30741
1403638608.927829504 4.76682 9.86415 1.79419 0.70471 0.40494 0.49573 -0.30604
1403638609.027829409 4.71057 9.91180 1.74631 0.70842 0.40494 0.49019 -0.30639
1403638609.227829456 4.61768 9.98850 1.66751 0.70987 0.40069 0.48791 -0.31221
1403638609.427829504 4.53361 10.04878 1.57447 0.71022 0.39955 0.48789 -0.31291
1403638609.627829552 4.46079 10.09350 1.45647 0.71045 0.40263 0.48863 -0.30722
1403638609.827829599 4.39801 10.12510 1.33132 0.71040 0.40457 0.48878 -0.30454
1403638610.227829456 4.30789 10.14927 1.15582 0.70313 0.39962 0.49922 -0.31094
1403638610.827829599 4.16088 10.02739 0.83907 0.69975 0.39701 0.50332 -0.31528
1403638610.927829504 4.13683 9.98529 0.79778 0.70280 0.39941 0.49813 -0.31371
1403638611.227829456 4.06618 9.82573 0.66817 0.69860 0.39773 0.50242 -0.31834
1403638611.427829504 4.02220 9.68911 0.58435 0.69367 0.40732 0.50991 -0.30481
1403638611.527829409 3.99611 9.61406 0.55671 0.69104 0.41442 0.51412 -0.29394
1403638611.627829552 3.96535 9.53582 0.53758 0.69307 0.41698 0.51235 -0.28859
1403638611.827829599 3.89095 9.37795 0.49131 0.70278 0.40978 0.49984 -0.29722
1403638611.927829504 3.84645 9.29531 0.45714 0.70740 0.40592 0.49420 -0.30097
1403638612.127829552 3.77084 9.13294 0.39659 0.71188 0.40254 0.48860 -0.30408
1403638612.327829599 3.70536 8.96828 0.36221 0.71216 0.40296 0.48880 -0.30254
1403638612.527829409 3.64896 8.80248 0.33261 0.70914 0.40284 0.49519 -0.29936
1403638612.727829456 3.59534 8.63376 0.27818 0.70586 0.40607 0.50279 -0.28994
1403638612.927829504 3.53452 8.46572 0.21416 0.70438 0.40223 0.50813 -0.28958
1403638613.127829552 3.46379 8.29705 0.17392 0.70820 0.40048 0.50405 -0.28983
1403638613.327829599 3.38518 8.12861 0.16190 0.71043 0.40070 0.50126 -0.28891
1403638613.627829552 3.26110 7.87788 0.14656 0.71081 0.39169 0.50665 -0.29094
1403638613.827829599 3.17546 7.71014 0.10407 0.70988 0.37768 0.51656 -0.29427
1403638613.927829504 3.13232 7.62074 0.07094 0.71369 0.36864 0.52091 -0.28880
1403638614.027829409 3.08595 7.52189 0.03335 0.72024 0.35777 0.52527 -0.27812
1403638614.227829456 2.99203 7.31639 -0.04169 0.73863 0.33086 0.53078 -0.25144
1403638614.327829599 2.94259 7.20656 -0.07235 0.74600 0.31947 0.53197 -0.24171
1403638614.427829504 2.89287 7.10039 -0.09524 0.75138 0.30969 0.53247 -0.23663
1403638614.627829552 2.79683 6.88564 -0.11010 0.75955 0.29168 0.53368 -0.23061
1403638614.727829456 2.75618 6.78311 -0.10236 0.76657 0.27728 0.53225 -0.22847
1403638614.927829504 2.67776 6.56255 -0.06451 0.78643 0.24205 0.52681 -0.21309
1403638615.027829409 2.64982 6.44946 -0.03538 0.79482 0.22135 0.52896 -0.19867
1403638615.127829552 2.62978 6.33488 -0.00143 0.80059 0.20010 0.53601 -0.17808
1403638615.227829456 2.61215 6.21427 0.03694 0.80198 0.17931 0.54872 -0.15356
1403638615.327829599 2.59727 6.09384 0.07466 0.80428 0.15532 0.55838 -0.13120
1403638615.427829504 2.58204 5.97148 0.10700 0.80695 0.12954 0.56559 -0.11029
1403638615.527829409 2.56652 5.84955 0.13191 0.81008 0.10407 0.56982 -0.09082
1403638615.627829552 2.55077 5.73076 0.15267 0.81188 0.08300 0.57291 -0.07566
1403638615.727829456 2.53281 5.61386 0.17381 0.81328 0.06813 0.57413 -0.06561
1403638615.827829599 2.51319 5.49825 0.20159 0.81420 0.05720 0.57475 -0.05885
1403638615.927829504 2.49070 5.38233 0.23182 0.81479 0.04452 0.57554 -0.05374
1403638616.027829409 2.46645 5.26277 0.25648 0.81599 0.03269 0.57532 -0.04585
1403638616.127829552 2.44144 5.14551 0.27303 0.81650 0.02004 0.57585 -0.03622
1403638616.227829456 2.41622 5.03036 0.27476 0.81743 0.00358 0.57540 -0.02652
1403638616.327829599 2.39036 4.91524 0.26020 0.81781 -0.01547 0.57511 -0.01412
1403638616.427829504 2.36383 4.79690 0.23485 0.81785 -0.03428 0.57441 -0.00148
1403638616.527829409 2.33754 4.67991 0.20390 0.81815 -0.04975 0.57279 0.00763
1403638616.627829552 2.31165 4.56232 0.17049 0.82078 -0.06055 0.56782 0.01500
1403638616.727829456 2.28583 4.44530 0.13292 0.82767 -0.07031 0.55656 0.01605
1403638616.827829599 2.26219 4.32542 0.09206 0.83491 -0.07973 0.54449 0.01057
1403638616.927829504 2.24471 4.20317 0.05517 0.83687 -0.08271 0.54103 0.00990
1403638617.027829409 2.23365 4.07297 0.02777 0.83377 -0.07767 0.54636 0.01680
1403638617.127829552 2.22793 3.93880 0.00843 0.83013 -0.07064 0.55256 0.02372
1403638617.227829456 2.22645 3.80379 -0.00459 0.83013 -0.06479 0.55314 0.02696
1403638617.327829599 2.22944 3.67293 -0.01204 0.83335 -0.06202 0.54864 0.02606
1403638617.427829504 2.23812 3.54340 -0.01227 0.83756 -0.05834 0.54257 0.02644
1403638617.627829552 2.27611 3.29820 0.01340 0.83907 -0.05216 0.54089 0.02612
1403638617.727829456 2.30829 3.17887 0.03878 0.83748 -0.04782 0.54366 0.02777
1403638617.827829599 2.34580 3.06302 0.07101 0.83743 -0.04501 0.54397 0.02793
1403638617.927829504 2.38723 2.94758 0.11003 0.83626 -0.04378 0.54594 0.02636
1403638618.127829552 2.48161 2.72646 0.18000 0.83593 -0.04213 0.54672 0.02316
1403638618.327829599 2.59190 2.51677 0.22662 0.83514 -0.03943 0.54814 0.02288
1403638618.527829409 2.71582 2.31761 0.25963 0.83458 -0.03710 0.54919 0.02207
1403638618.627829552 2.78346 2.22502 0.27435 0.83421 -0.03882 0.54952 0.02481
1403638618.727829456 2.85466 2.13433 0.28972 0.83392 -0.04086 0.54961 0.02901
1403638618.827829599 2.93070 2.04705 0.31000 0.83263 -0.04457 0.55120 0.03033
1403638618.927829504 3.01080 1.95965 0.33590 0.82984 -0.04951 0.55469 0.03503
1403638619.027829409 3.09181 1.87628 0.35853 0.82510 -0.06050 0.56003 0.04378
1403638619.127829552 3.17415 1.79472 0.37423 0.82111 -0.07611 0.56271 0.05787
1403638619.227829456 3.25700 1.71615 0.38290 0.81692 -0.09765 0.56389 0.07166
1403638619.327829599 3.33994 1.63988 0.38374 0.81265 -0.12235 0.56306 0.08717
1403638619.427829504 3.42209 1.56458 0.37640 0.80747 -0.14544 0.56281 0.10040
1403638619.527829409 3.50280 1.49522 0.36732 0.80300 -0.16358 0.56269 0.10868
1403638619.627829552 3.58360 1.42775 0.35592 0.79965 -0.17885 0.56230 0.11134
1403638619.727829456 3.66208 1.36046 0.34260 0.79665 -0.19348 0.56281 0.10563
1403638619.927829504 3.80634 1.22747 0.30494 0.79194 -0.20721 0.56491 0.10378
1403638620.127829552 3.92788 1.08371 0.26734 0.78803 -0.20884 0.56865 0.10966
1403638620.327829599 4.02887 0.92881 0.25413 0.78779 -0.20553 0.56890 0.11620
1403638620.627829552 4.14127 0.69390 0.27672 0.79269 -0.20066 0.56388 0.11581
1403638620.927829504 4.22172 0.45513 0.24652 0.80115 -0.19369 0.55444 0.11509
1403638621.127829552 4.27137 0.29611 0.22016 0.79965 -0.18441 0.55865 0.12029
1403638621.327829599 4.31681 0.13258 0.20588 0.79870 -0.17905 0.56149 0.12148
1403638621.527829409 4.36484 -0.00427 0.20865 0.79565 -0.17423 0.56708 0.12249
1403638621.827829599 4.41651 -0.19016 0.15781 0.79101 -0.16987 0.57446 0.12425
1403638622.027829409 4.42750 -0.28891 0.10684 0.78616 -0.16816 0.58137 0.12525
1403638622.327829599 4.41429 -0.41850 0.02407 0.78701 -0.17398 0.58001 0.11806
1403638622.527829409 4.38103 -0.47807 0.01524 0.78806 -0.17205 0.57804 0.12341
1403638622.727829456 4.33406 -0.52215 0.00938 0.77878 -0.16749 0.58999 0.13178
1403638622.827829599 4.29182 -0.53735 0.03960 0.76928 -0.16668 0.60208 0.13388
1403638623.027829409 4.19663 -0.55260 0.07573 0.77528 -0.17118 0.59383 0.13039
1403638623.127829552 4.13693 -0.54603 0.08650 0.78093 -0.17499 0.58619 0.12615
1403638623.327829599 4.00705 -0.52574 0.08795 0.78727 -0.18001 0.57754 0.11936
1403638623.527829409 3.85247 -0.51823 0.08389 0.79053 -0.18092 0.57309 0.11784
1403638623.827829599 3.60494 -0.48936 0.10712 0.79163 -0.17883 0.57096 0.12384
1403638624.027829409 3.42667 -0.46081 0.13768 0.79406 -0.18055 0.56669 0.12542
1403638624.327829599 3.15348 -0.41081 0.14936 0.79352 -0.18817 0.56623 0.11956
1403638624.627829552 2.87359 -0.36643 0.12288 0.78044 -0.19385 0.58297 0.11613
1403638624.827829599 2.68310 -0.33823 0.10269 0.79031 -0.17776 0.57328 0.12315
1403638624.927829504 2.58482 -0.31912 0.10446 0.79498 -0.17255 0.56900 0.12034
1403638625.127829552 2.38008 -0.27951 0.11641 0.79755 -0.17157 0.56877 0.10478
1403638625.327829599 2.17149 -0.24456 0.11277 0.79905 -0.16932 0.56832 0.09930
1403638625.627829552 1.85694 -0.20201 0.12603 0.80018 -0.16745 0.56729 0.09925
1403638625.827829599 1.64623 -0.17236 0.15650 0.80737 -0.16942 0.55680 0.09711
1403638626.027829409 1.44309 -0.16076 0.17729 0.80912 -0.17026 0.55382 0.09815
1403638626.327829599 1.15939 -0.14988 0.16409 0.80762 -0.16762 0.55565 0.10445
1403638626.627829552 0.89014 -0.14336 0.12353 0.80906 -0.16279 0.55388 0.11013
1403638626.827829599 0.72474 -0.13786 0.10647 0.81508 -0.16450 0.54524 0.10635
1403638627.127829552 0.51645 -0.13435 0.11608 0.81734 -0.16343 0.54248 0.10468
1403638627.627829552 0.27168 -0.13671 0.07480 0.81507 -0.15834 0.54618 0.11076
1403638627.827829599 0.20915 -0.12747 0.04909 0.81075 -0.15770 0.55230 0.11305
1403638628.027829409 0.15632 -0.12224 0.02389 0.81349 -0.15767 0.54786 0.11499
1403638628.127829552 0.13564 -0.11534 0.01504 0.81443 -0.15832 0.54614 0.11564
1403638628.527829409 0.08200 -0.08490 -0.01217 0.80863 -0.16848 0.55380 0.10502
1403638628.627829552 0.07214 -0.07281 -0.01168 0.80166 -0.17303 0.56357 0.09898
1403638628.927829504 0.04374 -0.05991 -0.02837 0.80263 -0.17024 0.56201 0.10464
1403638629.127829552 0.02382 -0.05487 -0.04497 0.80501 -0.16398 0.55883 0.11304
1403638629.327829599 0.00655 -0.04860 -0.05340 0.80679 -0.16177 0.55632 0.11587
1403638629.427829504 0.00264 -0.04086 -0.05004 0.81092 -0.16266 0.55016 0.11518
1403638629.527829409 -0.00102 -0.03972 -0.04654 0.81554 -0.16529 0.54314 0.11218
1403638629.627829552 0.00125 -0.02895 -0.04588 0.81568 -0.17075 0.54265 0.10507
1403638629.727829456 0.00792 -0.02192 -0.03297 0.81138 -0.17845 0.54842 0.09512
1403638629.827829599 0.01731 -0.02175 -0.04964 0.80524 -0.18159 0.55700 0.09147
1403638629.927829504 0.02152 -0.02317 -0.03908 0.79920 -0.17880 0.56562 0.09689
1403638630.027829409 0.02622 -0.03299 -0.04284 0.79362 -0.17153 0.57368 0.10786
1403638630.127829552 0.02378 -0.03551 -0.07842 0.79415 -0.16677 0.57311 0.11423
1403638630.227829456 0.02204 -0.03653 -0.10995 0.79831 -0.16470 0.56742 0.11666
1403638630.327829599 0.01935 -0.03637 -0.14722 0.80495 -0.16428 0.55764 0.11874
1403638630.427829504 0.02912 -0.03357 -0.14877 0.81094 -0.17075 0.54993 0.10386
1403638630.527829409 0.04105 -0.03368 -0.13996 0.80164 -0.16307 0.56389 0.11321
1403638630.627829552 0.05160 -0.03285 -0.15136 0.80085 -0.16332 0.56477 0.11400
1403638630.727829456 0.05998 -0.03965 -0.16702 0.82724 -0.15685 0.52954 0.10324
1403638630.827829599 0.05411 -0.03507 -0.17337 0.82458 -0.15892 0.53202 0.10848
