1311868164.363181 0.0000113 0.0000022 -0.0000031 0.0000009 -0.0000106 -0.0000015 1.0000000
1311868165.031122 0.1014841 -0.0004391 -0.0486197 0.0101616 -0.0102871 -0.0191851 0.9997114
1311868165.063108 0.1116462 0.0004612 -0.0519833 0.0102750 -0.0145778 -0.0206397 0.9996279
1311868165.163146 0.1465729 0.0002440 -0.0586529 0.0142310 -0.0246610 -0.0281820 0.9991972
1311868166.331189 0.3151016 0.1184871 -0.1930879 -0.0432877 -0.0037541 -0.0188332 0.9988781
1311868167.263251 0.5338500 0.1408536 -0.2485117 -0.0352744 -0.0546826 -0.0548025 0.9963745
1311868168.363180 0.6813263 0.0871240 -0.1705715 -0.0426069 -0.0888680 -0.0632180 0.9931216
1311868168.963348 0.6782284 0.0059253 -0.0672565 -0.0226349 -0.1152084 -0.0735575 0.9903555
1311868169.599378 0.7417474 -0.1300999 0.0447985 0.0256647 -0.2152212 -0.1355956 0.9667652
1311868169.763417 0.7680092 -0.1552151 0.0677241 0.0351935 -0.2391801 -0.1457347 0.9593309
1311868169.963415 0.7996203 -0.1801039 0.0860136 0.0368831 -0.2468867 -0.1417782 0.9579069
1311868171.099448 1.0098212 -0.1569217 0.0069061 0.0227963 -0.2685808 -0.1353742 0.9534246
1311868172.163558 1.2658376 -0.1366809 0.1022462 -0.0097476 -0.3165394 -0.1915829 0.9289799
1311868172.563601 1.3325400 -0.1234633 0.1592719 -0.0369089 -0.3062974 -0.2105612 0.9276226
1311868172.863483 1.3635088 -0.1118401 0.2305094 -0.0727150 -0.2927214 -0.2140837 0.9290828
1311868173.831620 1.4034873 -0.2231374 0.4320660 -0.0749073 -0.3235024 -0.2271985 0.9154867
1311868174.031740 1.4285463 -0.2586313 0.4644844 -0.0549649 -0.3555917 -0.2540096 0.8977820
1311868174.231617 1.4613558 -0.2944412 0.5035380 -0.0462607 -0.3758937 -0.2643698 0.8869456
1311868174.467566 1.4946306 -0.3194024 0.5434889 -0.0420952 -0.3936441 -0.2717226 0.8771768
1311868174.731625 1.5044050 -0.3463685 0.5805500 -0.0412478 -0.4128742 -0.2652710 0.8703246
1311868174.931819 1.4992349 -0.3824757 0.6037319 -0.0250875 -0.4193215 -0.2589942 0.8697483
1311868175.331887 1.4458625 -0.4540263 0.6433545 0.0377002 -0.4309126 -0.2368128 0.8699498
1311868175.567800 1.4239590 -0.4877058 0.6865569 0.0498725 -0.4492721 -0.2071938 0.8676048
1311868175.799815 1.4210184 -0.5233793 0.7303392 0.0651130 -0.4673619 -0.2007548 0.8585049
1311868176.231937 1.4734626 -0.5884697 0.8353937 0.0750078 -0.5205011 -0.2317063 0.8183915
1311868176.731819 1.5378509 -0.6247506 0.9754089 0.0354542 -0.5363357 -0.2567483 0.8032231
1311868177.168091 1.5279917 -0.6603162 1.0566630 0.0318826 -0.5330704 -0.2685019 0.8017020
1311868177.531751 1.4946392 -0.6846154 1.1334624 0.0312239 -0.5276325 -0.2736122 0.8035953
1311868177.867810 1.4866468 -0.6994566 1.2076404 0.0121865 -0.5409321 -0.2919841 0.7886629
1311868178.131987 1.5165343 -0.7160741 1.2697245 0.0080438 -0.5753989 -0.3187607 0.7531554
1311868178.400074 1.5583487 -0.7289574 1.3304777 0.0133425 -0.5900217 -0.3343616 0.7347780
1311868178.699917 1.6082172 -0.7325091 1.3574561 -0.0062966 -0.6102000 -0.3327747 0.7189418
1311868179.300467 1.8018599 -0.7179513 1.3387829 -0.0189804 -0.6022967 -0.3364921 0.7236376
1311868179.632001 1.8936012 -0.7177796 1.3535552 -0.0384121 -0.5873516 -0.3463476 0.7304697
1311868179.968012 1.9675333 -0.7382626 1.3950814 -0.0413406 -0.5884205 -0.3545259 0.7255092
1311868180.299978 2.0357959 -0.7651693 1.4644029 -0.0539761 -0.6073407 -0.3626652 0.7047679
1311868180.632105 2.0844135 -0.7741705 1.5200251 -0.0673677 -0.6193142 -0.3739297 0.6870866
1311868181.532183 2.0685699 -0.8256541 1.6160908 -0.0675320 -0.6043407 -0.3700791 0.7023199
1311868182.100226 1.9020569 -0.8573758 1.6483828 -0.0597105 -0.6006091 -0.3660428 0.7083191
1311868182.436053 1.8018306 -0.8725818 1.6806952 -0.0627629 -0.5975026 -0.3591980 0.7141626
1311868182.736220 1.7032808 -0.9167929 1.7104734 -0.0407090 -0.6223665 -0.3440630 0.7018713
1311868183.100611 1.5658157 -0.9880866 1.7764785 -0.0150498 -0.6700934 -0.3574547 0.6503649
1311868183.468217 1.4407221 -1.0472172 1.8120365 0.0069983 -0.7059252 -0.3813806 0.5967994
1311868183.836230 1.3252497 -1.0789957 1.8319925 -0.0309690 -0.7236936 -0.3787216 0.5760889
1311868184.236434 1.1926877 -1.1241794 1.8365188 -0.0178656 -0.7246067 -0.3638899 0.5849873
1311868184.600381 1.0909731 -1.1422653 1.8630347 -0.0148975 -0.7365441 -0.3568074 0.5744295
1311868184.936308 0.9850490 -1.1956393 1.9003063 0.0020345 -0.7727792 -0.3568892 0.5248221
1311868185.268543 0.8920682 -1.2273109 1.9249582 -0.0125861 0.7897386 0.3606740 -0.4960533
1311868185.600364 0.8167312 -1.2376150 1.9409730 0.0360200 -0.7913285 -0.3368123 0.5089787
1311868185.936471 0.7590027 -1.2424539 1.9618640 0.0305920 -0.8003551 -0.3179863 0.5073269
1311868186.237659 0.7105351 -1.2444551 1.9978387 -0.0257803 0.8169737 0.3390493 -0.4657627
1311868186.800524 0.7041049 -1.2501723 2.0844216 -0.0057221 0.8418409 0.3717003 -0.3912928
1311868187.236433 0.7882298 -1.2678654 2.1397905 0.0061952 0.8330358 0.3840232 -0.3981697
1311868187.568523 0.8400785 -1.2864211 2.1938708 0.0075708 0.8151987 0.4069413 -0.4120589
1311868187.968459 0.8500711 -1.3102043 2.2798984 0.0073364 0.8220663 0.4108000 -0.3942036
1311868188.300900 0.8208604 -1.3185183 2.4064054 0.0152867 0.8313882 0.4335659 -0.3472472
1311868188.601444 0.8244444 -1.3136884 2.4774785 0.0338608 0.8285307 0.4556278 -0.3237185
1311868188.968696 0.9146413 -1.3254814 2.5517302 0.0617539 0.8185536 0.4722086 -0.3212095
1311868189.302276 1.0069544 -1.3453999 2.6103098 0.0679324 0.7999380 0.4941500 -0.3336169
1311868189.868685 1.0715064 -1.3826284 2.7289462 0.0711504 0.7854670 0.5093768 -0.3442595
1311868190.568647 1.0386815 -1.4699564 2.9140327 0.0702291 0.7844452 0.5025190 -0.3566346
1311868192.105561 0.9530422 -1.5199323 2.9917402 0.0665872 0.7811732 0.5011000 -0.3663786
1311868193.004778 0.8414279 -1.5064470 2.8692141 0.0583184 0.7907792 0.4872244 -0.3658956
1311868193.670172 0.7625189 -1.5559748 2.8161683 0.0409750 0.8153451 0.4960708 -0.2957146
1311868194.538360 0.7011375 -1.6294540 2.7693553 0.0301456 0.8307052 0.4759470 -0.2872187
1311868195.409401 0.6561835 -1.6888371 2.8266826 0.0281750 0.8416267 0.4513145 -0.2952724
1311868195.808835 0.6412072 -1.6974398 2.9152880 0.0222681 0.8284540 0.4670785 -0.3082300
1311868196.369056 0.7016446 -1.7005794 3.0122309 0.0447263 0.8051918 0.4735121 -0.3541921
1311868197.069116 0.7358138 -1.7252524 3.1446843 0.0720293 0.7830516 0.4810950 -0.3875431
1311868197.605169 0.6732298 -1.7543528 3.2745533 0.0652589 0.7853584 0.5163796 -0.3351201
1311868198.405114 0.5863043 -1.7511070 3.3784084 0.0861758 0.7719822 0.5316117 -0.3376482
1311868199.705305 0.3875313 -1.7244219 3.3714609 0.0833972 0.7892748 0.5451829 -0.2699366
1311868200.305197 0.2640996 -1.7571855 3.4227426 0.0648753 0.8043045 0.5566641 -0.1975106
1311868201.173508 0.1349595 -1.7919692 3.5217948 0.0693935 0.8080888 0.5621472 -0.1617638
1311868202.573395 -0.0375796 -1.7752595 3.5311508 0.0472171 0.7978207 0.5879502 -0.1247690
1311868203.137538 -0.1168971 -1.7927549 3.5177531 0.0440683 0.8174002 0.5642188 -0.1075738
1311868203.573541 -0.1421466 -1.8409104 3.4384646 0.0419042 0.8346602 0.5466450 -0.0525892
1311868204.005472 -0.2113718 -1.8806536 3.3557463 0.0306248 0.8297299 0.5572016 -0.0116947
1311868204.337676 -0.2800187 -1.9294133 3.2992420 0.0301565 0.8330989 0.5521612 0.0124405
1311868204.837551 -0.3577529 -1.9802233 3.2425432 0.0225105 0.8275183 0.5599551 0.0340152
1311868205.337790 -0.4232088 -2.0515847 3.1832628 0.0166502 0.8384649 0.5438019 0.0312865
1311868206.037992 -0.4494579 -2.1050081 3.1317449 0.0244819 0.8697932 0.4921448 0.0255733
1311868206.305562 -0.4613115 -2.1207213 3.1046989 0.0236029 0.8796045 0.4750529 0.0079756
1311868207.137747 -0.5030957 -2.0211401 3.1646643 -0.0043756 0.8667453 0.4966395 0.0456352
1311868207.473631 -0.5654432 -1.9906034 3.1995451 0.0078120 0.8600323 0.5050977 0.0718312
1311868207.773705 -0.6212384 -1.9561474 3.2375207 0.0037142 0.8565478 0.5112965 0.0699141
1311868208.137703 -0.6710783 -1.9209030 3.2872245 -0.0059119 0.8512040 0.5209029 0.0638512
1311868208.473867 -0.7127803 -1.8960931 3.3409510 -0.0080283 0.8434083 0.5330769 0.0665348
1311868208.837756 -0.7703277 -1.8612705 3.3832965 0.0023396 0.8328091 0.5494612 0.0672005
1311868209.305793 -0.7977275 -1.7822680 3.4044135 0.0011558 0.8181499 0.5715442 0.0629817
1311868210.305977 -0.8568537 -1.6501439 3.3629189 0.0073172 0.8198268 0.5673543 0.0770686
1311868211.274088 -0.9574519 -1.6210048 3.3418598 0.0040601 0.8136506 0.5673952 0.1265662
1311868211.842132 -1.1060019 -1.6108677 3.3498724 -0.0099432 0.8087168 0.5697604 0.1457781
1311868212.606112 -1.2408864 -1.6013093 3.3499792 -0.0077710 0.8088955 0.5727279 0.1327043
1311868213.342368 -1.3038561 -1.5779808 3.2704484 -0.0138951 0.8154485 0.5603540 0.1444093
1311868214.006317 -1.3523511 -1.5440967 3.1848924 -0.0165522 0.8160057 0.5523046 0.1697656
1311868214.674410 -1.3998098 -1.5245179 3.1324718 0.0000399 0.8120174 0.5430760 0.2137667
1311868215.042220 -1.4372582 -1.5167277 3.0866165 -0.0161148 0.8068876 0.5277958 0.2647721
1311868215.374240 -1.4650046 -1.5194869 3.0399697 -0.0282559 0.8029552 0.5179880 0.2935184
1311868215.674534 -1.4604462 -1.5405796 2.9858165 -0.0282988 0.8009561 0.5088900 0.3141646
1311868216.006524 -1.4487855 -1.5676787 2.9344854 -0.0270338 0.7969615 0.4998160 0.3380910
1311868216.842459 -1.4693358 -1.6288463 2.7971280 -0.0004684 0.8032334 0.4846110 0.3463640
1311868217.307288 -1.4813755 -1.6623473 2.7478671 -0.0020592 0.8156808 0.4721014 0.3343365
1311868218.942390 -1.5212228 -1.5684794 2.7752504 0.0054731 0.8172683 0.4527525 0.3564516
1311868219.342858 -1.5658330 -1.4802105 2.8021970 0.0060090 0.8148612 0.4524978 0.3622304
1311868219.742593 -1.5962274 -1.3859282 2.8406253 0.0253163 0.7890665 0.4757841 0.3877662
1311868220.110558 -1.6115088 -1.3329215 2.8861284 0.0341166 0.7762575 0.4786833 0.4088064
1311868220.442609 -1.6308947 -1.2869918 2.9297583 0.0222588 0.7622144 0.4885891 0.4240455
1311868220.874779 -1.6758208 -1.2445691 2.9635158 0.0093072 0.7411240 0.5134212 0.4324895
1311868222.110687 -1.7570879 -1.2208860 2.9699726 0.0053730 0.7464846 0.5156460 0.4205248
1311868223.143721 -1.8154507 -1.1653529 2.8482902 -0.0079765 0.7242963 0.5140028 0.4594914
1311868224.075595 -1.8649334 -1.1298907 2.7776685 0.0134585 0.7158858 0.5123547 0.4741509
1311868224.442907 -1.9105811 -1.1123288 2.7316225 0.0097287 0.7119057 0.4978575 0.4952106
1311868224.775598 -1.9669940 -1.0851289 2.6803665 0.0017698 0.7064246 0.4911298 0.5096593
1311868225.111236 -2.0080643 -1.0658932 2.6290376 -0.0021408 0.7048775 0.4842039 0.5183529
1311868225.443381 -2.0505862 -1.0504925 2.6057386 -0.0046030 0.7003079 0.4818439 0.5266632
1311868225.943096 -2.1004012 -1.0277097 2.5778818 -0.0007179 0.6882104 0.4784907 0.5453556
1311868226.381607 -2.1280107 -1.0094535 2.5413125 -0.0048738 0.6926093 0.4742119 0.5434995
1311868226.745829 -2.1361113 -0.9836131 2.4652185 -0.0019628 0.6910591 0.4811509 0.5393768
1311868227.077103 -2.1319540 -0.9570152 2.3695436 0.0022564 0.6861110 0.4728384 0.5528747
1311868227.446682 -2.1203911 -0.9311882 2.2811637 0.0120184 0.6817195 0.4648248 0.5648469
1311868227.813722 -2.1241744 -0.9080868 2.2232692 0.0150525 0.6620302 0.4526768 0.5971375
1311868228.214746 -2.1486654 -0.8726565 2.1493182 0.0072476 0.6318159 0.4298307 0.6449820
1311868228.612450 -2.1990061 -0.8415259 2.0781636 -0.0015982 0.6195565 0.4127835 0.6676503
1311868229.012685 -2.2358522 -0.8112118 2.0060496 -0.0083668 0.6123527 0.4087686 0.6766553
1311868229.381047 -2.2146862 -0.8149642 1.9460664 -0.0063965 0.6125618 0.4215002 0.6686289
1311868229.782489 -2.1283870 -0.8319865 1.8771746 -0.0151620 0.6031266 0.4298073 0.6717694
1311868230.147393 -2.0369673 -0.8664873 1.8176847 -0.0129903 0.6023254 0.4368875 0.6679556
1311868230.443234 -1.9743233 -0.8996123 1.7580997 -0.0142238 0.5986727 0.4486646 0.6633918
1311868230.643420 -1.9267728 -0.8965756 1.7157365 0.0007385 0.6044762 0.4651880 0.6466902
1311868230.943429 -1.8834817 -0.9093077 1.6608346 -0.0059171 0.6102136 0.4445706 0.6557144
1311868231.284432 -1.8412504 -0.9265195 1.5969197 -0.0392503 0.6133528 0.4316062 0.6602832
1311868231.782700 -1.7426212 -0.9739698 1.5469208 -0.0742672 0.6080159 0.4313915 0.6623461
1311868232.211380 -1.6654649 -1.0402014 1.5345969 -0.0869375 0.5970587 0.4363584 0.6674984
1311868232.683408 -1.5881215 -1.1046777 1.5255094 -0.0815735 0.6074990 0.4472696 0.6513376
1311868234.179448 -1.7028933 -1.0166018 1.4531767 -0.0482413 0.5936469 0.3965309 0.6985838
1311868234.579412 -1.8008776 -0.9665474 1.4141787 -0.0493670 0.5876004 0.3626784 0.7216322
1311868235.043680 -1.9011309 -0.8855381 1.3704596 -0.0523689 0.5801239 0.3615098 0.7280278
1311868235.479571 -1.9616170 -0.8022617 1.3252561 -0.0429356 0.5790589 0.3708692 0.7247781
1311868235.879619 -1.9803581 -0.7273164 1.2943534 -0.0408747 0.5876629 0.3617659 0.7225697
1311868236.343770 -1.9718535 -0.6423731 1.2473750 -0.0352682 0.5584280 0.3608600 0.7461196
1311868236.811656 -1.9635062 -0.5656828 1.2119060 -0.0178610 0.5442408 0.3477041 0.7632724
1311868237.211747 -1.9726086 -0.4955589 1.1828427 0.0001202 0.5205191 0.3511700 0.7782926
1311868237.579714 -1.9863684 -0.4292004 1.1041453 -0.0074788 0.4988072 0.3303225 0.8012630
1311868238.011682 -2.0095627 -0.3517044 1.0002528 -0.0178478 0.4710761 0.3124577 0.8247054
1311868238.447579 -2.0058210 -0.2911876 0.9343516 -0.0219470 0.4575411 0.3126767 0.8321104
1311868238.947727 -1.9618096 -0.2293427 0.8768988 -0.0275409 0.4529367 0.3308473 0.8274237
1311868239.611936 -1.8925259 -0.1672948 0.8250899 -0.0243639 0.4095418 0.3080193 0.8583741
1311868240.012203 -1.8732738 -0.1224589 0.7780263 -0.0296510 0.3702243 0.2919850 0.8813623
1311868240.447900 -1.8642265 -0.0541790 0.6691016 -0.0519718 0.3557785 0.2620982 0.8955585
1311868241.379991 -1.8001032 -0.0715060 0.5734193 -0.0720803 0.3511470 0.2778310 0.8912408
1311868241.979902 -1.6795052 -0.1750762 0.5207349 -0.0610237 0.3342848 0.2571584 0.9046543
1311868242.511969 -1.6162806 -0.1953780 0.4445140 -0.0594167 0.2862846 0.2180501 0.9311095
1311868243.180098 -1.5597167 -0.1653307 0.4077163 -0.0377716 0.2880700 0.2198736 0.9312597
1311868243.548097 -1.5254930 -0.1454903 0.3593874 -0.0350091 0.2772444 0.1939763 0.9403633
1311868243.848171 -1.4875027 -0.0989653 0.2958297 -0.0572092 0.2422467 0.1712816 0.9532608
1311868244.180196 -1.4522626 -0.0477850 0.2363821 -0.0526928 0.2022145 0.1495403 0.9664215
1311868244.512251 -1.4326251 0.0181243 0.1930697 -0.0574343 0.1915742 0.1366215 0.9702243
1311868244.812104 -1.4018383 0.0693906 0.1661421 -0.0603676 0.1909999 0.1457307 0.9688330
1311868245.212180 -1.3282932 0.1172523 0.1604322 -0.0704928 0.2102169 0.1380718 0.9652854
1311868245.548216 -1.2551525 0.1330662 0.1403563 -0.0517730 0.1715707 0.1321976 0.9748881
1311868245.880182 -1.1877470 0.1825872 0.1122345 -0.0548689 0.1562704 0.1555890 0.9738383
1311868246.116229 -1.1519787 0.2159631 0.0791662 -0.0734289 0.1413344 0.1370361 0.9776778
1311868246.416139 -1.1223227 0.2588315 0.0178385 -0.0833831 0.1304995 0.1286935 0.9795178
1311868246.748855 -1.1105119 0.3132903 -0.0460318 -0.0964718 0.1368472 0.1341421 0.9767148
1311868247.580231 -1.0042220 0.2883823 -0.0684444 -0.0971848 0.1489755 0.1352272 0.9747179
1311868248.080326 -0.8871366 0.2104214 -0.0162707 -0.0860443 0.1380227 0.1280822 0.9783359
1311868248.348315 -0.8292120 0.1752496 0.0071435 -0.0914192 0.1197374 0.1223762 0.9809840
1311868248.616364 -0.7521802 0.1470808 0.0299015 -0.1008317 0.0941959 0.1062456 0.9847192
1311868248.948257 -0.6596076 0.1013600 0.0433774 -0.1224483 0.0736068 0.0812987 0.9863970
1311868249.248249 -0.5778552 0.0658446 0.0578993 -0.1286552 0.0880758 0.0771556 0.9847525
1311868249.516272 -0.5431864 0.0335992 0.0812518 -0.1178638 0.0898035 0.0747516 0.9861317
1311868249.880507 -0.5005763 -0.0337291 0.1366180 -0.1127433 0.0945797 0.0737581 0.9863586
1311868250.280374 -0.4771911 -0.1223549 0.2031044 -0.0998026 0.0990739 0.0746219 0.9872463
1311868250.848395 -0.4631070 -0.2231061 0.2560670 -0.0826659 0.0857748 0.0731067 0.9901841
1311868251.881180 -0.3716388 -0.1468544 0.1870590 -0.0773482 0.0759884 0.0469300 0.9929957
1311868252.216665 -0.2884307 -0.1177400 0.1274452 -0.0755511 0.0628876 0.0267610 0.9947970
1311868252.550037 -0.2008282 -0.0668848 0.0686686 -0.0823605 0.0440758 0.0068180 0.9956042
1311868252.848740 -0.1290823 -0.0213940 0.0317392 -0.0975352 0.0392596 0.0106193 0.9944007
1311868253.480853 0.0162861 0.0199900 0.0232120 -0.1117734 0.0480375 0.0220684 0.9923266
1311868254.316692 0.2174704 0.0495907 0.0459661 -0.1091847 -0.0019995 0.0101208 0.9939680
1311868255.016920 0.4065051 0.0977727 0.0052809 -0.1451327 -0.0658040 -0.0299920 0.9867659
1311868255.916866 0.5527696 0.1147381 0.0084287 -0.1454576 -0.0806846 -0.0335931 0.9854966
1311868256.517192 0.6907026 0.0503817 0.0782373 -0.1337854 -0.0996049 -0.0553610 0.9844366
1311868257.149165 0.8191443 -0.0238681 0.1433813 -0.1170499 -0.1452231 -0.0867778 0.9786109
1311868257.816852 0.9431014 -0.1283049 0.1899357 -0.1195320 -0.1986560 -0.1456214 0.9617912
1311868258.517262 0.9511614 -0.2833094 0.2901500 -0.1414669 -0.2321371 -0.1906073 0.9432753
1311868259.149197 0.9527808 -0.4159552 0.4126413 -0.1193533 -0.2650348 -0.1912786 0.9375094
1311868259.818043 1.0299964 -0.4938246 0.5281779 -0.0921837 -0.2965177 -0.2281761 0.9227757
