1311868164.399026 -0.0000060 0.0000268 -0.0000028 -0.0000057 -0.0000098 -0.0000191 1.0000000
1311868164.899132 0.0687530 -0.0025727 -0.0414010 0.0118475 -0.0026015 -0.0145614 0.9998204
1311868165.131014 0.1379306 -0.0010715 -0.0564287 0.0138257 -0.0215085 -0.0240153 0.9993846
1311868165.299103 0.1978886 0.0154809 -0.0671054 0.0152609 -0.0374471 -0.0331431 0.9986323
1311868165.631159 0.2930859 0.0371973 -0.0780221 -0.0054901 -0.0567066 -0.0333275 0.9978194
1311868166.099206 0.3203239 0.0766518 -0.1519483 -0.0170994 -0.0177215 -0.0243786 0.9993994
1311868166.531252 0.3343167 0.1459408 -0.2124315 -0.0518302 0.0054145 -0.0217383 0.9984046
1311868167.431237 0.5887857 0.1447893 -0.2460570 -0.0316882 -0.0673850 -0.0603330 0.9953969
1311868168.731207 0.6816703 0.0345112 -0.1034736 -0.0219891 -0.1009252 -0.0659251 0.9924638
1311868170.631485 0.9317185 -0.1625961 0.0308086 0.0365704 -0.2599278 -0.1334639 0.9556608
1311868170.963440 0.9950430 -0.1606414 0.0108137 0.0257107 -0.2611657 -0.1324526 0.9558178
1311868171.463459 1.0942423 -0.1454746 0.0189191 0.0248208 -0.2907578 -0.1548422 0.9438579
1311868171.963415 1.2271823 -0.1352251 0.0781806 0.0067967 -0.3135399 -0.1873037 0.9308941
1311868172.499467 1.3284174 -0.1207057 0.1499702 -0.0284688 -0.3098410 -0.2089487 0.9271076
1311868172.831632 1.3682883 -0.1085604 0.2235484 -0.0663552 -0.2946837 -0.2127801 0.9292380
1311868173.199628 1.3718750 -0.1383149 0.3213904 -0.0802031 -0.2915968 -0.2282022 0.9254526
1311868173.699670 1.3998940 -0.1983786 0.4091108 -0.0761987 -0.3073819 -0.2215694 0.9222891
1311868174.031740 1.4340543 -0.2540501 0.4652530 -0.0517016 -0.3561619 -0.2532562 0.8979627
1311868174.267791 1.4731873 -0.2939517 0.5109290 -0.0408228 -0.3791432 -0.2652693 0.8855598
1311868174.667800 1.5133481 -0.3320466 0.5720009 -0.0387763 -0.4101259 -0.2677712 0.8709717
1311868174.967694 1.5015099 -0.3822466 0.6085482 -0.0180322 -0.4189343 -0.2561151 0.8709615
1311868175.167807 1.4727533 -0.4229093 0.6259990 0.0023692 -0.4212244 -0.2549593 0.8703793
1311868175.499770 1.4354062 -0.4815761 0.6750525 0.0487295 -0.4458610 -0.2156818 0.8673608
1311868175.967871 1.4390607 -0.5476092 0.7645522 0.0747820 -0.4876175 -0.2033308 0.8457502
1311868176.331871 1.4985710 -0.6014063 0.8658780 0.0719426 -0.5275564 -0.2403169 0.8116381
1311868176.767814 1.5446714 -0.6291429 0.9781492 0.0383916 -0.5369777 -0.2572645 0.8024936
1311868177.431827 1.5013599 -0.6881127 1.1093798 0.0395031 -0.5298946 -0.2771789 0.8005143
1311868177.832005 1.4916136 -0.6960832 1.1954627 0.0164091 -0.5367125 -0.2893655 0.7924254
1311868178.100039 1.5193155 -0.7127402 1.2576423 0.0110097 -0.5711098 -0.3137249 0.7584781
1311868178.299815 1.5484881 -0.7329713 1.3098636 0.0221404 -0.5820459 -0.3306772 0.7425530
1311868178.668047 1.6084918 -0.7346563 1.3527068 -0.0012826 -0.6086090 -0.3328497 0.7202808
1311868179.032182 1.7101359 -0.7295350 1.3462124 -0.0081904 -0.6105397 -0.3313014 0.7193146
1311868179.268108 1.7954630 -0.7184414 1.3381350 -0.0100303 -0.6058582 -0.3383592 0.7199641
1311868179.500080 1.8625947 -0.7169360 1.3436896 -0.0279955 -0.5943036 -0.3434490 0.7266789
1311868179.832089 1.9459333 -0.7251611 1.3736870 -0.0385187 -0.5831996 -0.3491682 0.7324453
1311868180.299978 2.0398607 -0.7644455 1.4611256 -0.0509360 -0.6073698 -0.3630547 0.7047685
1311868180.568027 2.0798726 -0.7714369 1.5100427 -0.0637898 -0.6193495 -0.3728922 0.6879597
1311868181.532183 2.0717018 -0.8240277 1.6148566 -0.0642728 -0.6047387 -0.3702377 0.7021995
1311868182.068176 1.9170017 -0.8563810 1.6445901 -0.0569232 -0.6005566 -0.3675238 0.7078261
1311868182.368183 1.8281119 -0.8696511 1.6712719 -0.0595639 -0.5981232 -0.3591314 0.7139506
1311868182.668039 1.7312945 -0.9093882 1.6972100 -0.0446468 -0.6141462 -0.3483837 0.7067248
1311868182.968092 1.6249331 -0.9567594 1.7477279 -0.0214020 -0.6559614 -0.3529617 0.6668393
1311868183.236295 1.5193311 -1.0204923 1.7890900 0.0046324 -0.6838867 -0.3717597 0.6277517
1311868183.568369 1.4156196 -1.0609101 1.8091938 -0.0125792 -0.7190353 -0.3818637 0.5805257
1311868183.900249 1.3087188 -1.0890946 1.8263719 -0.0308490 -0.7237053 -0.3828511 0.5733446
1311868184.200464 1.2061758 -1.1262753 1.8253628 -0.0147879 -0.7245721 -0.3668534 0.5832626
1311868184.468412 1.1311498 -1.1425140 1.8420087 -0.0127845 -0.7267317 -0.3656384 0.5813830
1311868184.736501 1.0525947 -1.1614771 1.8710654 -0.0096369 -0.7531357 -0.3594565 0.5508944
1311868185.036432 0.9606470 -1.2146778 1.9016342 0.0125663 -0.7775136 -0.3621809 0.5139453
1311868185.268543 0.8961315 -1.2333059 1.9161912 -0.0158211 0.7892165 0.3625419 -0.4954295
1311868185.536414 0.8346677 -1.2435188 1.9350356 0.0320957 -0.7912087 -0.3430875 0.5052223
1311868185.836824 0.7815262 -1.2519552 1.9439940 0.0410232 -0.7956235 -0.3167560 0.5147485
1311868186.068672 0.7411774 -1.2500634 1.9644165 -0.0344381 0.8054385 0.3276909 -0.4926474
1311868186.368410 0.7013012 -1.2545328 2.0096679 -0.0252838 0.8288279 0.3535467 -0.4329086
1311868186.836721 0.7143083 -1.2595259 2.0802035 -0.0058864 0.8416800 0.3754848 -0.3880094
1311868187.236433 0.7932134 -1.2770747 2.1299133 0.0033286 0.8323231 0.3862459 -0.3975440
1311868187.600502 0.8460695 -1.2981746 2.1900210 0.0044147 0.8136780 0.4098741 -0.4122038
1311868188.000735 0.8540970 -1.3219581 2.2802253 0.0036059 0.8234804 0.4135613 -0.3883738
1311868188.236529 0.8317314 -1.3313950 2.3675754 0.0167959 0.8317273 0.4264837 -0.3550483
1311868188.502489 0.8200155 -1.3168617 2.4464025 0.0186780 0.8241905 0.4569542 -0.3339970
1311868188.936521 0.9072073 -1.3321861 2.5353360 0.0507887 0.8191466 0.4724039 -0.3213313
1311868189.302276 1.0105817 -1.3529243 2.6016681 0.0641821 0.7992387 0.4958820 -0.3334654
1311868189.802939 1.0760121 -1.3851085 2.7031946 0.0682571 0.7864174 0.5117293 -0.3391486
1311868190.369230 1.0533750 -1.4608520 2.8536448 0.0661508 0.7831296 0.5076548 -0.3530137
1311868191.236855 1.0207616 -1.5116849 2.9745922 0.0711523 0.7829767 0.5053822 -0.3556314
1311868192.504708 0.8988953 -1.5269344 2.9356751 0.0572627 0.7776349 0.4995466 -0.3774363
1311868193.205121 0.8283944 -1.5280929 2.8387041 0.0528757 0.7970899 0.4884609 -0.3510808
1311868193.838095 0.7504695 -1.5852360 2.7944369 0.0288082 0.8210600 0.4914564 -0.2889658
1311868194.909237 0.6909948 -1.6648583 2.7520132 0.0338683 0.8387712 0.4646007 -0.2818900
1311868195.607032 0.6540986 -1.7108457 2.8577456 0.0191503 0.8354579 0.4567819 -0.3049485
1311868196.168888 0.6752027 -1.7127836 2.9725111 0.0305672 0.8131533 0.4759936 -0.3335827
1311868196.837005 0.7474135 -1.7238579 3.0804265 0.0724656 0.7805554 0.4848943 -0.3877623
1311868197.369073 0.7075834 -1.7599297 3.2051296 0.0586542 0.7851820 0.5060782 -0.3520422
1311868197.937196 0.6434055 -1.7732852 3.3292742 0.0774116 0.7792053 0.5298791 -0.3256912
1311868199.237228 0.4475438 -1.7526708 3.3611312 0.0744970 0.7781201 0.5454593 -0.3024127
1311868200.237169 0.2807706 -1.7716379 3.4004469 0.0620766 0.8024881 0.5566951 -0.2055480
1311868200.873224 0.1672530 -1.8053391 3.4891503 0.0624011 0.8031805 0.5682123 -0.1677558
1311868202.305308 0.0175263 -1.7930298 3.5145423 0.0534705 0.7985551 0.5850127 -0.1311900
1311868203.073357 -0.1137647 -1.8152096 3.5083678 0.0330734 0.8134964 0.5695676 -0.1127945
1311868203.573541 -0.1397452 -1.8617165 3.4238257 0.0401213 0.8329554 0.5493434 -0.0528909
1311868204.105511 -0.2294419 -1.9179904 3.3219066 0.0267899 0.8308679 0.5558017 -0.0050289
1311868204.605660 -0.3249986 -1.9739034 3.2436078 0.0214769 0.8257359 0.5628688 0.0296260
1311868204.973649 -0.3804293 -2.0234494 3.2001071 0.0251697 0.8224694 0.5658926 0.0517327
1311868205.273577 -0.4138277 -2.0623937 3.1726620 0.0184439 0.8339174 0.5506432 0.0321490
1311868205.773626 -0.4383897 -2.1075790 3.1411114 0.0266489 0.8618230 0.5053909 0.0336301
1311868206.105664 -0.4448367 -2.1259871 3.1060429 0.0244252 0.8705807 0.4909518 0.0214251
1311868207.205787 -0.5094260 -2.0345683 3.1551824 -0.0072348 0.8640536 0.5005939 0.0525810
1311868207.637684 -0.5938902 -1.9920563 3.2056415 0.0058287 0.8574446 0.5099177 0.0688375
1311868207.905716 -0.6410488 -1.9650164 3.2324409 0.0003500 0.8521107 0.5191989 0.0658766
1311868208.337811 -0.6900855 -1.9246676 3.3036957 -0.0140395 0.8451021 0.5306643 0.0632520
1311868208.737756 -0.7538724 -1.8932670 3.3558648 0.0006601 0.8354135 0.5453096 0.0687117
1311868209.341866 -0.7949246 -1.7978237 3.3829529 0.0005995 0.8149711 0.5762736 0.0610779
1311868210.573923 -0.8610516 -1.6544032 3.3443627 0.0108411 0.8129093 0.5763028 0.0832827
1311868211.706002 -1.0777147 -1.6358368 3.3305962 -0.0078161 0.8081746 0.5703109 0.1467588
1311868212.674200 -1.2458663 -1.6229033 3.3281622 -0.0078241 0.8072123 0.5759418 0.1289890
1311868213.874145 -1.3459190 -1.5681168 3.1834040 -0.0163109 0.8109776 0.5608006 0.1659881
1311868214.806468 -1.4130473 -1.5402050 3.1006908 -0.0027930 0.8092049 0.5398230 0.2318854
1311868215.506308 -1.4649751 -1.5448157 3.0008638 -0.0312764 0.7996221 0.5172153 0.3035038
1311868216.006524 -1.4494665 -1.5859910 2.9205422 -0.0260258 0.7953944 0.5024451 0.3379636
1311868216.406671 -1.4484663 -1.6197180 2.8549705 -0.0154119 0.7945783 0.4978023 0.3472762
1311868216.942380 -1.4725509 -1.6533275 2.7715778 -0.0020947 0.8044202 0.4833016 0.3454320
1311868218.942390 -1.5186439 -1.5846851 2.7609875 0.0060788 0.8159195 0.4555128 0.3560148
1311868219.374565 -1.5688872 -1.4876196 2.7946336 0.0066317 0.8123963 0.4561951 0.3631174
1311868219.710785 -1.5939901 -1.4087349 2.8236878 0.0255082 0.7891106 0.4786612 0.3841057
1311868220.142630 -1.6113684 -1.3478429 2.8754790 0.0345634 0.7725605 0.4840292 0.4094770
1311868220.510865 -1.6356474 -1.2997237 2.9234955 0.0196620 0.7568153 0.4944999 0.4269824
1311868221.074778 -1.6965071 -1.2537819 2.9531925 0.0056092 0.7375381 0.5162014 0.4353645
1311868222.510786 -1.7834009 -1.2189579 2.9112742 0.0066501 0.7407045 0.5237671 0.4206906
1311868223.479074 -1.8287723 -1.1661861 2.8014092 -0.0061597 0.7163085 0.5132756 0.4726653
1311868224.374897 -1.8979636 -1.1327231 2.7256474 0.0108343 0.7112733 0.5017112 0.4921980
1311868224.775598 -1.9655364 -1.1023748 2.6669605 0.0034669 0.7042527 0.4944587 0.5094376
1311868225.242896 -2.0246906 -1.0785923 2.6069050 -0.0003673 0.7018707 0.4858444 0.5208960
1311868225.910765 -2.0934243 -1.0491296 2.5663435 0.0008021 0.6861666 0.4825664 0.5443385
1311868226.381607 -2.1253457 -1.0265014 2.5307131 -0.0031780 0.6907984 0.4774421 0.5429886
1311868226.644260 -2.1344178 -1.0059875 2.4788568 -0.0000977 0.6906689 0.4814783 0.5395879
1311868226.910863 -2.1323500 -0.9858670 2.4061043 0.0023803 0.6831949 0.4791107 0.5510826
1311868227.210865 -2.1263649 -0.9640927 2.3211129 0.0021359 0.6853098 0.4696332 0.5565884
1311868227.510861 -2.1187527 -0.9412924 2.2608113 0.0159733 0.6770901 0.4670593 0.5684624
1311868227.879151 -2.1213603 -0.9151731 2.2006717 0.0155539 0.6543947 0.4525409 0.6055843
1311868228.146187 -2.1404974 -0.8923970 2.1533697 0.0098835 0.6332164 0.4374804 0.6383965
1311868228.444527 -2.1751375 -0.8715952 2.0992708 0.0090652 0.6204543 0.4255230 0.6586991
1311868228.746541 -2.2081304 -0.8488038 2.0415154 -0.0047583 0.6130839 0.4133691 0.6732247
1311868229.012685 -2.2350941 -0.8246595 1.9971209 -0.0058899 0.6108264 0.4117520 0.6762520
1311868229.281198 -2.2294734 -0.8162708 1.9553187 0.0039646 0.6180233 0.4100292 0.6707515
1311868229.613429 -2.1686895 -0.8303067 1.9009066 -0.0099915 0.6046332 0.4305027 0.6700644
1311868229.944417 -2.0841351 -0.8609558 1.8401846 -0.0077902 0.6003802 0.4352676 0.6708390
1311868230.283031 -2.0036728 -0.8963635 1.7818604 -0.0116163 0.6114979 0.4354641 0.6605349
1311868230.613609 -1.9383919 -0.9090523 1.7197299 -0.0007666 0.6011745 0.4684093 0.6474422
1311868230.943429 -1.8823297 -0.9200054 1.6523867 -0.0039379 0.6087312 0.4473386 0.6552245
1311868231.284432 -1.8385954 -0.9371237 1.5889970 -0.0376086 0.6118670 0.4346390 0.6597676
1311868231.743341 -1.7470760 -0.9787753 1.5415282 -0.0703974 0.6062492 0.4341453 0.6625888
1311868232.243208 -1.6572387 -1.0539823 1.5230516 -0.0846906 0.5942534 0.4405438 0.6675414
1311868232.879421 -1.5710566 -1.1363845 1.5199591 -0.0757256 0.6115403 0.4397694 0.6533659
1311868234.079556 -1.6817644 -1.0348151 1.4616461 -0.0457481 0.5894752 0.4098578 0.6945810
1311868234.711442 -1.8303052 -0.9522710 1.3936189 -0.0483965 0.5856086 0.3644706 0.7224137
1311868235.143595 -1.9194365 -0.8753018 1.3551908 -0.0514823 0.5776003 0.3664754 0.7276148
1311868235.579657 -1.9660506 -0.7912349 1.3102124 -0.0397072 0.5807334 0.3719881 0.7230470
1311868236.043684 -1.9806887 -0.7066909 1.2750406 -0.0311320 0.5805695 0.3666914 0.7262969
1311868236.543672 -1.9687352 -0.6186216 1.2273105 -0.0345284 0.5548576 0.3599665 0.7492429
1311868237.147698 -1.9749939 -0.5215333 1.1883473 -0.0028673 0.5248498 0.3549879 0.7736330
1311868237.779615 -1.9993882 -0.4053117 1.0520073 -0.0170690 0.4882717 0.3149106 0.8137141
1311868238.111670 -2.0164599 -0.3420366 0.9782728 -0.0174171 0.4651251 0.3177586 0.8260658
1311868238.779734 -1.9885147 -0.2602584 0.8942221 -0.0255321 0.4561336 0.3215387 0.8293992
1311868239.279647 -1.9296306 -0.2102268 0.8400083 -0.0200420 0.4346129 0.3153672 0.8433585
1311868239.779802 -1.8851508 -0.1593131 0.8099685 -0.0285619 0.3950341 0.3039427 0.8664590
1311868240.311899 -1.8694117 -0.0805809 0.6959629 -0.0387188 0.3559699 0.2746510 0.8923862
1311868240.811863 -1.8833388 -0.0093001 0.6171559 -0.0525254 0.3453740 0.2611876 0.8998550
1311868241.611956 -1.7578163 -0.1221700 0.5559335 -0.0599817 0.3471814 0.2881912 0.8904005
1311868242.011931 -1.6791557 -0.1835628 0.5111511 -0.0569556 0.3307658 0.2578904 0.9060036
1311868242.612269 -1.6177325 -0.2025805 0.4280816 -0.0543963 0.2775761 0.2213110 0.9332813
1311868243.379992 -1.5486060 -0.1633555 0.3833856 -0.0298973 0.2802399 0.2139177 0.9353133
1311868243.779970 -1.5010111 -0.1156738 0.3070160 -0.0504234 0.2438143 0.1699501 0.9534826
1311868244.212047 -1.4542278 -0.0470081 0.2271962 -0.0482437 0.2012265 0.1479794 0.9671001
1311868244.612250 -1.4284073 0.0329905 0.1759274 -0.0539014 0.1904005 0.1374528 0.9705406
1311868245.012295 -1.3730702 0.0919447 0.1553253 -0.0693860 0.2015457 0.1454641 0.9661289
1311868245.412242 -1.2873751 0.1248225 0.1456862 -0.0563347 0.1876761 0.1333745 0.9715016
1311868245.648241 -1.2413981 0.1488482 0.1297854 -0.0481736 0.1699025 0.1327695 0.9752870
1311868245.948179 -1.1763799 0.1921055 0.1031251 -0.0554220 0.1530458 0.1546501 0.9744684
1311868246.180201 -1.1434799 0.2215775 0.0635237 -0.0759997 0.1332351 0.1362587 0.9787267
1311868246.716264 -1.1150172 0.3060613 -0.0416486 -0.0936288 0.1357578 0.1341143 0.9771473
1311868247.780427 -0.9559957 0.2560850 -0.0548082 -0.0888353 0.1403630 0.1368881 0.9765593
1311868248.180377 -0.8677097 0.1931793 -0.0068967 -0.0850185 0.1285321 0.1285743 0.9796530
1311868248.616364 -0.7501852 0.1434516 0.0276494 -0.0988187 0.0935433 0.1082634 0.9847657
1311868248.816469 -0.6902246 0.1081821 0.0350694 -0.1161678 0.0811358 0.0814544 0.9865532
1311868249.080657 -0.6118681 0.0741480 0.0438516 -0.1233948 0.0836435 0.0796390 0.9856141
1311868249.380649 -0.5536942 0.0470779 0.0654839 -0.1225600 0.0864759 0.0782514 0.9855849
1311868249.616312 -0.5258424 0.0112310 0.0896432 -0.1100480 0.0936559 0.0736725 0.9867575
1311868250.016358 -0.4879889 -0.0678340 0.1575843 -0.1047239 0.1010492 0.0765742 0.9863865
1311868250.316452 -0.4729286 -0.1313408 0.2058908 -0.0959710 0.0976878 0.0783382 0.9874765
1311868250.580440 -0.4672248 -0.1807289 0.2380242 -0.0910455 0.0889022 0.0778049 0.9888142
1311868251.116502 -0.4607868 -0.2303581 0.2536151 -0.0690300 0.0772120 0.0608051 0.9927617
1311868251.780606 -0.3851752 -0.1599214 0.1983391 -0.0722294 0.0759912 0.0483410 0.9933134
1311868252.081141 -0.3177498 -0.1311755 0.1513230 -0.0738611 0.0696971 0.0402167 0.9940168
1311868252.348634 -0.2526031 -0.1030997 0.0982729 -0.0724546 0.0611374 0.0076032 0.9954671
1311868252.649109 -0.1717892 -0.0506407 0.0522471 -0.0850614 0.0404895 0.0101940 0.9955005
1311868253.016742 -0.0885163 -0.0050141 0.0207644 -0.0985913 0.0374332 0.0180342 0.9942602
1311868253.616743 0.0551052 0.0202311 0.0353843 -0.1093297 0.0445770 0.0217663 0.9927669
1311868254.716785 0.3380394 0.0731508 0.0220407 -0.1303297 -0.0481509 -0.0260266 0.9899587
1311868255.285013 0.4562328 0.1178322 -0.0090386 -0.1424412 -0.0778162 -0.0314592 0.9862381
1311868256.084847 0.5954823 0.1023818 0.0306609 -0.1457807 -0.0886960 -0.0374685 0.9846203
1311868256.649078 0.7261125 0.0387021 0.0928257 -0.1234837 -0.1043577 -0.0510922 0.9855206
1311868257.248914 0.8455843 -0.0355980 0.1488941 -0.1172953 -0.1530025 -0.0939564 0.9767314
1311868257.816852 0.9496598 -0.1256522 0.1918590 -0.1168234 -0.1999622 -0.1445369 0.9620169
1311868258.484910 0.9603467 -0.2671852 0.2844579 -0.1405250 -0.2352626 -0.1868512 0.9433933
1311868259.116919 0.9601398 -0.4077374 0.4046835 -0.1175598 -0.2635173 -0.1890519 0.9386148
1311868259.749049 1.0280489 -0.4796653 0.5209360 -0.0889371 -0.2915227 -0.2255165 0.9253362
