1311868164.399026 -0.0000043 -0.0000069 0.0000078 0.0000193 0.0000082 -0.0000008 1.0000000
1311868164.930933 0.0772723 0.0004505 -0.0436246 0.0153882 -0.0026052 -0.0163909 0.9997438
1311868165.031122 0.1034367 0.0010470 -0.0482809 0.0129174 -0.0100064 -0.0178405 0.9997073
1311868165.199145 0.1628381 0.0045787 -0.0623164 0.0183723 -0.0276145 -0.0298010 0.9990054
1311868165.763100 0.3138971 0.0458504 -0.0955494 -0.0009976 -0.0491335 -0.0365395 0.9981231
1311868166.163189 0.3157618 0.0864132 -0.1663461 -0.0215200 -0.0154474 -0.0262263 0.9993050
1311868166.999289 0.4372435 0.1507143 -0.2472428 -0.0364556 -0.0164269 -0.0308232 0.9987247
1311868167.431237 0.5890524 0.1430244 -0.2497090 -0.0319578 -0.0676191 -0.0604655 0.9953644
1311868168.699557 0.6812779 0.0349556 -0.1130066 -0.0225518 -0.1011581 -0.0678314 0.9922990
1311868169.199452 0.6985033 -0.0333982 -0.0329539 -0.0052447 -0.1475377 -0.0873554 0.9851772
1311868169.831415 0.7850224 -0.1607991 0.0711501 0.0410037 -0.2440356 -0.1436411 0.9581923
1311868170.899435 0.9841946 -0.1590007 0.0104302 0.0228585 -0.2642825 -0.1299062 0.9553829
1311868171.831419 1.1990631 -0.1437865 0.0549990 0.0160545 -0.3109656 -0.1821875 0.9326577
1311868172.431393 1.3252413 -0.1277439 0.1377875 -0.0246400 -0.3157804 -0.2035200 0.9264207
1311868172.763469 1.3688663 -0.1112188 0.2026810 -0.0578802 -0.2993206 -0.2098517 0.9289883
1311868173.099605 1.3783963 -0.1271794 0.2955937 -0.0784317 -0.2924666 -0.2221248 0.9268076
1311868173.631603 1.4005561 -0.1954599 0.3959034 -0.0763486 -0.3049805 -0.2221123 0.9229431
1311868174.099508 1.4504305 -0.2700431 0.4785633 -0.0495145 -0.3674796 -0.2562794 0.8926522
1311868174.299749 1.4846702 -0.3025043 0.5186474 -0.0395215 -0.3836223 -0.2668387 0.8832152
1311868174.599662 1.5158445 -0.3279958 0.5640800 -0.0383328 -0.4086599 -0.2720450 0.8703558
1311868175.099631 1.4890404 -0.4091424 0.6228218 -0.0061593 -0.4208147 -0.2552848 0.8704636
1311868175.431994 1.4445491 -0.4761745 0.6641695 0.0398133 -0.4448085 -0.2234613 0.8663864
1311868175.699784 1.4313121 -0.5149182 0.7139406 0.0595539 -0.4626637 -0.2021542 0.8611209
1311868175.931644 1.4392514 -0.5475292 0.7601705 0.0729056 -0.4854117 -0.2017418 0.8475615
1311868176.631719 1.5420436 -0.6206763 0.9566687 0.0468063 -0.5360491 -0.2565448 0.8028981
1311868177.031966 1.5489029 -0.6482871 1.0296834 0.0359767 -0.5378056 -0.2602204 0.8010969
1311868177.367900 1.5092063 -0.6819744 1.0995972 0.0339181 -0.5333228 -0.2747556 0.7993283
1311868177.731996 1.4920793 -0.6981543 1.1820383 0.0221335 -0.5293275 -0.2870508 0.7980754
1311868178.031988 1.5122057 -0.7111926 1.2483478 0.0145375 -0.5629647 -0.3054264 0.7678373
1311868178.367989 1.5601587 -0.7344621 1.3257794 0.0203302 -0.5887184 -0.3330642 0.7362511
1311868178.799974 1.6369121 -0.7366134 1.3596543 -0.0048036 -0.6144730 -0.3332144 0.7151000
1311868179.132026 1.7458594 -0.7273157 1.3445520 -0.0161368 -0.6117432 -0.3306985 0.7184346
1311868179.467999 1.8546946 -0.7206228 1.3483751 -0.0283189 -0.5996913 -0.3433176 0.7222891
1311868179.832089 1.9467219 -0.7275372 1.3794801 -0.0382423 -0.5849524 -0.3490195 0.7311318
1311868180.268004 2.0336652 -0.7645629 1.4604372 -0.0488073 -0.6073216 -0.3624668 0.7052632
1311868180.700174 2.0931940 -0.7804654 1.5330273 -0.0669596 -0.6212136 -0.3739837 0.6853804
1311868181.900215 1.9750211 -0.8459153 1.6456652 -0.0609594 -0.6024463 -0.3688252 0.7052024
1311868182.300234 1.8458377 -0.8700051 1.6688679 -0.0569378 -0.6014753 -0.3608894 0.7104537
1311868182.736220 1.7056919 -0.9223549 1.7115896 -0.0380361 -0.6243086 -0.3444798 0.7000898
1311868183.136176 1.5546813 -1.0015761 1.7816707 -0.0079232 -0.6758946 -0.3615461 0.6421746
1311868183.536275 1.4274163 -1.0547528 1.8107260 -0.0031803 -0.7163722 -0.3804166 0.5848795
1311868183.968498 1.2788441 -1.1032655 1.8310653 -0.0296566 -0.7245323 -0.3843850 0.5713332
1311868184.368210 1.1616919 -1.1344497 1.8383380 -0.0115688 -0.7238526 -0.3663345 0.5845534
1311868184.736501 1.0501499 -1.1628689 1.8758998 -0.0102336 -0.7547843 -0.3584633 0.5492723
1311868185.068440 0.9495658 -1.2175829 1.9069027 0.0159776 -0.7805284 -0.3620458 0.5093554
1311868185.468575 0.8446012 -1.2400162 1.9352348 -0.0223130 0.7945313 0.3452311 -0.4990367
1311868185.836824 0.7785097 -1.2500936 1.9464886 0.0411211 -0.7970204 -0.3155629 0.5133104
1311868186.168524 0.7241225 -1.2508410 1.9808540 -0.0336412 0.8124358 0.3334436 -0.4771076
1311868186.800524 0.7051840 -1.2575020 2.0773487 -0.0082260 0.8423838 0.3724585 -0.3893540
1311868187.201269 0.7815242 -1.2745957 2.1267180 0.0022251 0.8356392 0.3820086 -0.3946790
1311868187.537564 0.8387871 -1.2916926 2.1803596 0.0048451 0.8162668 0.4066405 -0.4102787
1311868187.868577 0.8530557 -1.3116505 2.2450783 0.0087313 0.8177907 0.4103598 -0.4034191
1311868188.200610 0.8315960 -1.3302745 2.3584473 0.0173332 0.8328124 0.4217866 -0.3580770
1311868188.568686 0.8217727 -1.3196957 2.4638374 0.0268077 0.8280268 0.4566333 -0.3242515
1311868188.936521 0.9031433 -1.3315847 2.5390520 0.0504705 0.8201411 0.4716924 -0.3198867
1311868189.302276 1.0062551 -1.3508259 2.6054943 0.0635738 0.8004007 0.4950367 -0.3320479
1311868189.836562 1.0688179 -1.3873718 2.7146454 0.0670391 0.7864627 0.5112446 -0.3400164
1311868190.436649 1.0442640 -1.4655148 2.8745842 0.0673641 0.7852809 0.5054204 -0.3512068
1311868191.536752 1.0046320 -1.5236418 2.9914017 0.0640626 0.7874287 0.5002210 -0.3544446
1311868192.670331 0.8739980 -1.5194674 2.9079936 0.0554471 0.7820758 0.4957922 -0.3734612
1311868193.238476 0.8221226 -1.5267065 2.8405261 0.0570428 0.8000301 0.4885144 -0.3435865
1311868193.738312 0.7586058 -1.5725235 2.8031693 0.0339817 0.8181525 0.4947588 -0.2910075
1311868194.339184 0.7141188 -1.6210685 2.7715406 0.0299892 0.8264025 0.4876591 -0.2799073
1311868194.968884 0.6824861 -1.6678298 2.7568774 0.0313755 0.8404889 0.4608683 -0.2831863
1311868195.508972 0.6498882 -1.7059295 2.8386946 0.0183408 0.8396237 0.4534473 -0.2984648
1311868195.906456 0.6431934 -1.7085230 2.9261618 0.0150714 0.8247575 0.4660265 -0.3199488
1311868196.410126 0.7067626 -1.7132996 3.0066698 0.0436980 0.8036693 0.4751015 -0.3556469
1311868196.969198 0.7411377 -1.7296505 3.1107273 0.0705512 0.7802507 0.4820540 -0.3922439
1311868197.569185 0.6767703 -1.7677724 3.2580807 0.0592208 0.7858898 0.5162349 -0.3352188
1311868198.305141 0.5998281 -1.7699928 3.3614349 0.0767389 0.7730390 0.5310330 -0.3384165
1311868199.637203 0.3947471 -1.7405093 3.3594289 0.0803045 0.7862802 0.5449500 -0.2799004
1311868200.337233 0.2554847 -1.7763721 3.4143021 0.0599652 0.8035855 0.5594924 -0.1939659
1311868201.305293 0.1209369 -1.8112148 3.5122924 0.0663269 0.8079374 0.5632290 -0.1600344
1311868202.437436 -0.0101388 -1.7898928 3.5167856 0.0528236 0.7978157 0.5869231 -0.1273617
1311868203.105553 -0.1179669 -1.8132663 3.5065746 0.0347978 0.8148447 0.5680321 -0.1102574
1311868203.473498 -0.1365657 -1.8495613 3.4431508 0.0359632 0.8325135 0.5484446 -0.0695451
1311868203.905612 -0.1901669 -1.8852177 3.3656530 0.0311504 0.8260751 0.5625294 -0.0137889
1311868204.273553 -0.2672006 -1.9388213 3.2902946 0.0281069 0.8334014 0.5519170 0.0063023
1311868204.873553 -0.3615099 -2.0026367 3.2205291 0.0238657 0.8241242 0.5644097 0.0411266
1311868205.205555 -0.4093481 -2.0537395 3.1770000 0.0190596 0.8323064 0.5529784 0.0334313
1311868205.805674 -0.4412637 -2.1097617 3.1391394 0.0246631 0.8627150 0.5040073 0.0330337
1311868206.273560 -0.4585516 -2.1394176 3.0887842 0.0220439 0.8777263 0.4785131 0.0116569
1311868207.373739 -0.5401735 -2.0192935 3.1733735 -0.0022102 0.8612896 0.5036910 0.0668632
1311868207.773705 -0.6220627 -1.9774117 3.2200019 0.0013054 0.8550482 0.5137581 0.0703104
1311868208.237842 -0.6835885 -1.9361700 3.2837543 -0.0151374 0.8471064 0.5274212 0.0633118
1311868208.573867 -0.7280487 -1.9094148 3.3335400 -0.0094054 0.8413090 0.5363336 0.0667612
1311868209.037800 -0.7861728 -1.8538289 3.3762553 0.0003029 0.8244502 0.5622323 0.0646275
1311868209.805796 -0.8406143 -1.7253618 3.3442454 0.0105841 0.8108047 0.5809140 0.0708711
1311868211.342241 -0.9769493 -1.6439414 3.3195744 -0.0036529 0.8102499 0.5710787 0.1317230
1311868212.005902 -1.1529810 -1.6319072 3.3346598 -0.0111918 0.8040493 0.5756456 0.1483629
1311868212.942123 -1.2706345 -1.6178694 3.3006015 -0.0152360 0.8094285 0.5736226 0.1247017
1311868213.806247 -1.3432633 -1.5722312 3.1876383 -0.0202986 0.8106937 0.5614958 0.1645787
1311868214.606407 -1.3974310 -1.5496448 3.1194100 -0.0013818 0.8108050 0.5481005 0.2053758
1311868215.342475 -1.4704652 -1.5395454 3.0230699 -0.0274381 0.8017026 0.5207264 0.2921714
1311868215.906403 -1.4568083 -1.5774409 2.9355924 -0.0294510 0.7968032 0.5026937 0.3339706
1311868216.306682 -1.4511775 -1.6159953 2.8648448 -0.0178642 0.7966456 0.4980997 0.3419550
1311868216.742454 -1.4680400 -1.6398898 2.7904079 -0.0050525 0.7972258 0.4938221 0.3471963
1311868217.143747 -1.4825723 -1.6672364 2.7440820 -0.0070656 0.8051488 0.4859497 0.3399094
1311868217.506647 -1.4921613 -1.6898323 2.7200723 -0.0031970 0.8184329 0.4666416 0.3352655
1311868218.710423 -1.4903016 -1.6120912 2.7465162 0.0139161 0.8174641 0.4624336 0.3430946
1311868219.174460 -1.5496697 -1.5423851 2.7626104 -0.0011536 0.8137462 0.4527746 0.3644323
1311868219.610673 -1.5930595 -1.4294958 2.8095899 0.0155505 0.7942249 0.4722449 0.3820337
1311868220.074683 -1.6153311 -1.3603358 2.8608196 0.0350143 0.7759625 0.4799760 0.4077735
1311868220.510865 -1.6414137 -1.3006976 2.9165850 0.0187673 0.7560552 0.4946016 0.4282493
1311868221.110563 -1.7056288 -1.2526774 2.9496145 0.0042337 0.7365735 0.5160533 0.4371848
1311868222.442701 -1.7843304 -1.2225673 2.9141552 0.0076236 0.7414280 0.5245866 0.4183723
1311868223.444149 -1.8333827 -1.1654898 2.7977014 -0.0070943 0.7160659 0.5132703 0.4730254
1311868224.211401 -1.8876393 -1.1389951 2.7429097 0.0124823 0.7113413 0.5109426 0.4824680
1311868224.574703 -1.9368521 -1.1162392 2.6882203 0.0044837 0.7057577 0.4952305 0.5065894
1311868224.978324 -1.9971479 -1.0867887 2.6284540 -0.0033795 0.7021122 0.4901130 0.5165426
1311868225.479273 -2.0562716 -1.0651956 2.5819905 -0.0038993 0.6964897 0.4848652 0.5289543
1311868226.079850 -2.1110401 -1.0395215 2.5478096 -0.0005677 0.6828766 0.4794163 0.5512161
1311868226.444052 -2.1316781 -1.0194916 2.5085635 -0.0010259 0.6890506 0.4808837 0.5421800
1311868226.844284 -2.1356168 -0.9894468 2.4145238 0.0016974 0.6819102 0.4848723 0.5476262
1311868227.247413 -2.1266627 -0.9594617 2.3042178 0.0053695 0.6824616 0.4703657 0.5594403
1311868227.610890 -2.1212597 -0.9323867 2.2384520 0.0166607 0.6724177 0.4628021 0.5774003
1311868228.044938 -2.1344657 -0.9019458 2.1655586 0.0106741 0.6401289 0.4421802 0.6281702
1311868228.479553 -2.1811562 -0.8661256 2.0851746 0.0083530 0.6178122 0.4243003 0.6619724
1311868228.844666 -2.2247181 -0.8355732 2.0200620 -0.0065360 0.6100589 0.4089266 0.6786489
1311868229.350313 -2.2225134 -0.8192536 1.9404491 -0.0033716 0.6134355 0.4169526 0.6706981
1311868229.748721 -2.1353755 -0.8405710 1.8685216 -0.0138639 0.6005765 0.4322850 0.6724919
1311868230.214879 -2.0224407 -0.8863661 1.7924747 -0.0102635 0.6079059 0.4357145 0.6637002
1311868230.543330 -1.9503227 -0.9066609 1.7301087 -0.0014227 0.5930529 0.4656193 0.6568751
1311868230.743239 -1.9112287 -0.9172989 1.6847064 0.0129039 0.6062302 0.4574076 0.6504588
1311868231.083967 -1.8611425 -0.9234022 1.6197338 -0.0106894 0.6146884 0.4337881 0.6586895
1311868231.514222 -1.7920561 -0.9514393 1.5518243 -0.0642861 0.6020740 0.4411409 0.6623964
1311868232.043334 -1.6916106 -1.0285294 1.5250177 -0.0811536 0.5988479 0.4392621 0.6647136
1311868232.583131 -1.6000738 -1.1004639 1.5159401 -0.0836686 0.6048263 0.4489398 0.6524093
1311868234.243581 -1.7187018 -1.0234429 1.4372410 -0.0464542 0.5914238 0.3920711 0.7030932
1311868234.643547 -1.8169041 -0.9661915 1.3963484 -0.0487941 0.5858157 0.3636704 0.7226223
1311868235.111629 -1.9126006 -0.8805478 1.3516651 -0.0520613 0.5768318 0.3648776 0.7289850
1311868235.579657 -1.9681146 -0.7906455 1.3048577 -0.0401973 0.5797884 0.3706422 0.7244681
1311868236.111800 -1.9803190 -0.6934601 1.2603621 -0.0299960 0.5729654 0.3636321 0.7338819
1311868236.579656 -1.9680147 -0.6122326 1.2170528 -0.0324042 0.5516548 0.3585785 0.7523619
1311868237.047783 -1.9722413 -0.5349072 1.1915698 -0.0084174 0.5284808 0.3531566 0.7719570
1311868237.547675 -1.9865880 -0.4472682 1.1028666 -0.0023657 0.5002399 0.3366955 0.7977409
1311868237.911846 -2.0050120 -0.3815771 1.0135190 -0.0155989 0.4753468 0.3122967 0.8223581
1311868238.311749 -2.0156446 -0.3106696 0.9416609 -0.0194717 0.4551793 0.3174507 0.8316596
1311868238.779734 -1.9863245 -0.2567787 0.8862807 -0.0255776 0.4545950 0.3207500 0.8305472
1311868239.179952 -1.9356990 -0.2163211 0.8421174 -0.0250052 0.4465214 0.3120679 0.8382165
1311868239.711814 -1.8885185 -0.1629093 0.8103300 -0.0243236 0.3996772 0.3067644 0.8634594
1311868240.079916 -1.8743333 -0.1158132 0.7537937 -0.0321241 0.3665219 0.2864513 0.8846329
1311868240.412142 -1.8662263 -0.0622968 0.6653129 -0.0454378 0.3553001 0.2664729 0.8948125
1311868240.748004 -1.8757707 -0.0161597 0.6164876 -0.0535825 0.3442716 0.2607203 0.9003504
1311868241.411927 -1.7957716 -0.0823157 0.5593578 -0.0680527 0.3487218 0.2790481 0.8921289
1311868242.011931 -1.6744095 -0.1830903 0.5038395 -0.0574207 0.3288698 0.2574965 0.9067762
1311868242.612269 -1.6123224 -0.1967848 0.4208387 -0.0536411 0.2754387 0.2200934 0.9342457
1311868243.348087 -1.5462803 -0.1588060 0.3775124 -0.0293647 0.2801756 0.2160236 0.9348653
1311868243.712048 -1.5040731 -0.1220155 0.3137387 -0.0421843 0.2439790 0.1774357 0.9524764
1311868244.080141 -1.4610646 -0.0670262 0.2420960 -0.0566484 0.2068724 0.1589519 0.9637059
1311868244.448220 -1.4345474 0.0070032 0.1942379 -0.0556952 0.1844957 0.1373422 0.9715948
1311868244.812104 -1.3991692 0.0662155 0.1586545 -0.0579688 0.1895606 0.1471671 0.9690450
1311868245.280237 -1.3137696 0.1168956 0.1481254 -0.0647832 0.1996729 0.1407734 0.9675313
1311868245.680250 -1.2291306 0.1553734 0.1241082 -0.0492917 0.1720589 0.1361164 0.9743913
1311868246.280157 -1.1302720 0.2391310 0.0410410 -0.0778951 0.1329493 0.1343660 0.9788783
1311868247.180293 -1.0718638 0.3281651 -0.0925282 -0.0954287 0.1528667 0.1437627 0.9730660
1311868248.316226 -0.8322597 0.1783854 0.0002534 -0.0867332 0.1193713 0.1257248 0.9810306
1311868248.816469 -0.6870229 0.1108779 0.0302984 -0.1153369 0.0800024 0.0804368 0.9868267
1311868249.116343 -0.6036107 0.0736157 0.0432797 -0.1246494 0.0844749 0.0791419 0.9854254
1311868249.448316 -0.5427387 0.0414160 0.0680803 -0.1186951 0.0851871 0.0780231 0.9861881
1311868249.780683 -0.5058681 -0.0183892 0.1131104 -0.1136831 0.0889774 0.0766246 0.9865535
1311868250.148589 -0.4774323 -0.0968865 0.1753800 -0.0995265 0.1047440 0.0717484 0.9869019
1311868250.480450 -0.4646061 -0.1624076 0.2214932 -0.0902173 0.0956651 0.0753359 0.9884501
1311868250.880463 -0.4552262 -0.2245192 0.2496440 -0.0774635 0.0834979 0.0741137 0.9907243
1311868251.748667 -0.3899073 -0.1640289 0.1996055 -0.0723220 0.0742902 0.0508902 0.9933079
1311868252.116709 -0.3077618 -0.1266251 0.1414771 -0.0727463 0.0669726 0.0385415 0.9943526
1311868252.448807 -0.2225469 -0.0825420 0.0799896 -0.0745933 0.0533086 0.0036345 0.9957815
1311868253.648742 0.0644700 0.0224164 0.0371073 -0.1055728 0.0425627 0.0223154 0.9932497
1311868254.516676 0.2800169 0.0582120 0.0345806 -0.1167209 -0.0270084 -0.0104855 0.9927421
1311868254.648657 0.3173910 0.0690332 0.0242947 -0.1264330 -0.0440056 -0.0234249 0.9907217
1311868255.349004 0.4661892 0.1202521 -0.0138315 -0.1430015 -0.0798647 -0.0320975 0.9859726
1311868256.117284 0.6034077 0.0981859 0.0324502 -0.1448004 -0.0892276 -0.0415606 0.9845527
1311868256.749056 0.7473999 0.0271249 0.1014587 -0.1207135 -0.1077076 -0.0522506 0.9854426
1311868257.348967 0.8692883 -0.0538235 0.1544830 -0.1248664 -0.1581311 -0.1075870 0.9735646
1311868258.016837 0.9619605 -0.1661442 0.2049166 -0.1250510 -0.2145801 -0.1575382 0.9557716
1311868258.716929 0.9547942 -0.3345318 0.3275909 -0.1310684 -0.2430608 -0.1749092 0.9450657
1311868259.385116 0.9784716 -0.4532632 0.4558415 -0.1062228 -0.2875217 -0.2063967 0.9292192
1311868260.085277 1.0642320 -0.4952714 0.5402329 -0.0847269 -0.3072230 -0.2257075 0.9205930
1311868261.817195 0.9887863 -0.4452071 0.5078818 -0.1054882 -0.3234858 -0.2332764 0.9109398
