1311868164.363181 -0.0000011 -0.0000110 0.0000018 0.0000030 0.0000004 0.0000045 1.0000000
1311868164.899132 0.0674829 -0.0015715 -0.0443173 0.0101171 -0.0035426 -0.0158423 0.9998170
1311868164.930933 0.0755156 0.0008464 -0.0476114 0.0133501 -0.0030759 -0.0176248 0.9997508
1311868165.163146 0.1487001 0.0021380 -0.0623502 0.0148582 -0.0254960 -0.0275901 0.9991837
1311868165.763100 0.3152160 0.0470059 -0.0989909 -0.0027354 -0.0503428 -0.0366747 0.9980547
1311868166.263177 0.3200361 0.1084457 -0.1859238 -0.0329355 -0.0108696 -0.0243493 0.9991017
1311868167.131299 0.4903944 0.1504904 -0.2516423 -0.0382153 -0.0360028 -0.0422346 0.9977272
1311868167.899376 0.6692477 0.1290080 -0.2354103 -0.0404211 -0.0836510 -0.0627700 0.9936944
1311868170.999483 1.0028064 -0.1593257 0.0088301 0.0272736 -0.2626974 -0.1326999 0.9553204
1311868171.731499 1.1714878 -0.1462574 0.0445737 0.0185014 -0.3096249 -0.1748326 0.9344644
1311868172.363479 1.3145157 -0.1260435 0.1291468 -0.0206517 -0.3194481 -0.1994700 0.9261416
1311868172.731555 1.3676637 -0.1106569 0.1966624 -0.0534501 -0.3030898 -0.2100820 0.9279791
1311868173.067546 1.3789763 -0.1233199 0.2900996 -0.0794081 -0.2952162 -0.2221696 0.9258415
1311868173.567616 1.3987516 -0.1877789 0.3867328 -0.0759926 -0.3045439 -0.2219585 0.9231536
1311868173.831620 1.4138877 -0.2198257 0.4370892 -0.0732876 -0.3273111 -0.2264903 0.9144389
1311868174.299749 1.4854404 -0.3023468 0.5220972 -0.0413724 -0.3852935 -0.2667621 0.8824257
1311868174.567585 1.5159806 -0.3234193 0.5642042 -0.0395729 -0.4082271 -0.2722218 0.8704481
1311868174.931819 1.5111229 -0.3808542 0.6108826 -0.0236436 -0.4236292 -0.2579631 0.8680059
1311868175.267750 1.4639899 -0.4508075 0.6395997 0.0321993 -0.4279523 -0.2493757 0.8681197
1311868175.567800 1.4364088 -0.4875948 0.6916687 0.0510879 -0.4534401 -0.2062027 0.8655995
1311868175.799815 1.4320366 -0.5229659 0.7355226 0.0666219 -0.4712668 -0.2001545 0.8563920
1311868175.967871 1.4436610 -0.5498710 0.7720354 0.0725471 -0.4911911 -0.2023123 0.8441196
1311868176.167963 1.4730433 -0.5814726 0.8208112 0.0778041 -0.5178581 -0.2254928 0.8215367
1311868176.331871 1.5016768 -0.6028152 0.8745309 0.0703290 -0.5310121 -0.2396391 0.8097240
1311868176.567758 1.5338609 -0.6158462 0.9473677 0.0490236 -0.5357689 -0.2535018 0.8039187
1311868177.031966 1.5472653 -0.6435359 1.0367947 0.0349081 -0.5394158 -0.2595390 0.8002822
1311868177.632083 1.4920509 -0.6917295 1.1669549 0.0222552 -0.5318923 -0.2814940 0.7983460
1311868177.867810 1.4925278 -0.6981230 1.2173424 0.0139228 -0.5453499 -0.2906446 0.7860823
1311868178.131987 1.5217063 -0.7156221 1.2801288 0.0097514 -0.5797771 -0.3175161 0.7502979
1311868178.332180 1.5520129 -0.7289878 1.3280363 0.0215573 -0.5874947 -0.3306546 0.7382768
1311868178.500102 1.5760127 -0.7310324 1.3538092 0.0044747 -0.6033741 -0.3344283 0.7239319
1311868178.831967 1.6451399 -0.7296755 1.3676407 -0.0064748 -0.6167874 -0.3316646 0.7138137
1311868179.167985 1.7538159 -0.7228060 1.3505445 -0.0159543 -0.6141517 -0.3332432 0.7152007
1311868179.467999 1.8536806 -0.7151616 1.3555530 -0.0291669 -0.6013074 -0.3425504 0.7212752
1311868179.832089 1.9459800 -0.7233897 1.3885913 -0.0394355 -0.5868977 -0.3481787 0.7299093
1311868180.331912 2.0441206 -0.7636843 1.4829077 -0.0535817 -0.6125655 -0.3634596 0.6998497
1311868181.168020 2.1039686 -0.8106646 1.5975697 -0.0625990 -0.6148100 -0.3632725 0.6972253
1311868182.100226 1.9021099 -0.8569427 1.6596630 -0.0580529 -0.6042114 -0.3656978 0.7055662
1311868182.536127 1.7697333 -0.8826720 1.6993573 -0.0562079 -0.6045489 -0.3544095 0.7111647
1311868182.836155 1.6693802 -0.9292515 1.7368152 -0.0317631 -0.6403006 -0.3440861 0.6860110
1311868183.100611 1.5651686 -0.9868250 1.7840919 -0.0128225 -0.6732810 -0.3569510 0.6473904
1311868183.400232 1.4556673 -1.0416751 1.8147504 0.0148392 -0.7026948 -0.3822790 0.5998855
1311868183.700230 1.3616886 -1.0708685 1.8367536 -0.0300359 -0.7297001 -0.3745388 0.5712761
1311868183.968498 1.2756608 -1.0975043 1.8379080 -0.0300639 -0.7260033 -0.3836907 0.5699095
1311868184.268504 1.1816847 -1.1248713 1.8434273 -0.0147023 -0.7265019 -0.3621386 0.5838103
1311868184.568437 1.0963331 -1.1396539 1.8642768 -0.0114822 -0.7366309 -0.3570833 0.5742253
1311868184.836324 1.0103343 -1.1765611 1.8917857 -0.0008046 -0.7665855 -0.3563889 0.5341657
1311868185.168559 0.9186331 -1.2168274 1.9210619 -0.0147255 0.7868606 0.3627559 -0.4990408
1311868185.436438 0.8480107 -1.2324678 1.9394730 -0.0204341 0.7969791 0.3458980 -0.4947337
1311868185.701972 0.7931416 -1.2440356 1.9469100 0.0447166 -0.7956089 -0.3281633 0.5072631
1311868185.936471 0.7552849 -1.2425590 1.9616809 0.0326402 -0.8028187 -0.3175530 0.5035641
1311868186.168524 0.7166966 -1.2433312 1.9872499 -0.0327717 0.8140351 0.3321950 -0.4753098
1311868186.537052 0.6796415 -1.2462478 2.0478377 -0.0140801 0.8389279 0.3622868 -0.4058940
1311868186.968636 0.7216820 -1.2562257 2.1051190 -0.0017952 0.8438862 0.3776229 -0.3811217
1311868187.268822 0.7928565 -1.2663420 2.1437230 0.0045761 0.8324483 0.3879206 -0.3956342
1311868187.600502 0.8359685 -1.2897836 2.2012072 0.0050974 0.8165625 0.4074049 -0.4089267
1311868188.000735 0.8425893 -1.3115902 2.2904589 0.0039239 0.8262587 0.4111412 -0.3850247
1311868188.300900 0.8128356 -1.3181046 2.4056056 0.0123453 0.8331221 0.4334607 -0.3433175
1311868188.637504 0.8211268 -1.3140543 2.4838324 0.0322640 0.8299717 0.4563431 -0.3191504
1311868189.000574 0.9144865 -1.3239460 2.5578268 0.0663398 0.8187051 0.4743083 -0.3167848
1311868189.468797 1.0341403 -1.3511515 2.6411507 0.0611496 0.7940529 0.5027714 -0.3360976
1311868190.104099 1.0532569 -1.4084294 2.7941880 0.0660676 0.7852258 0.5087524 -0.3467369
1311868191.036646 1.0159595 -1.4914651 2.9728112 0.0707089 0.7865046 0.5007688 -0.3544594
1311868193.004778 0.8311018 -1.5049723 2.8687894 0.0539179 0.7925069 0.4874054 -0.3625764
1311868193.838095 0.7347031 -1.5727581 2.8039403 0.0283677 0.8234447 0.4896338 -0.2852945
1311868195.009219 0.6718057 -1.6596000 2.7666092 0.0313941 0.8424159 0.4579180 -0.2822425
1311868195.540776 0.6376250 -1.6972445 2.8530772 0.0172301 0.8399125 0.4526970 -0.2988570
1311868196.107842 0.6528901 -1.6984534 2.9712057 0.0285108 0.8193886 0.4714881 -0.3247898
1311868196.769084 0.7322390 -1.7050626 3.0786302 0.0716371 0.7866513 0.4813898 -0.3798838
1311868197.437047 0.6828596 -1.7465298 3.2318158 0.0557715 0.7880017 0.5077702 -0.3436746
1311868198.069220 0.6129467 -1.7541447 3.3519402 0.0737247 0.7778455 0.5312198 -0.3276073
1311868199.505308 0.3978446 -1.7294600 3.3666420 0.0804576 0.7836347 0.5425798 -0.2916338
1311868200.437327 0.2210672 -1.7684598 3.4375663 0.0585413 0.8050806 0.5607762 -0.1842505
1311868202.573395 -0.0540197 -1.7781835 3.5217791 0.0435869 0.7981051 0.5883652 -0.1222897
1311868203.605369 -0.1641144 -1.8462859 3.4198403 0.0372548 0.8345315 0.5478267 -0.0453332
1311868204.237660 -0.2757383 -1.9194703 3.2997942 0.0283768 0.8343963 0.5503876 0.0071511
1311868204.905660 -0.3822405 -1.9898815 3.2202067 0.0266263 0.8243755 0.5632082 0.0499267
1311868205.473609 -0.4400450 -2.0638552 3.1593614 0.0183417 0.8442395 0.5341890 0.0395638
1311868206.337745 -0.4715227 -2.1199903 3.0943375 0.0201455 0.8804926 0.4735456 0.0090240
1311868207.337883 -0.5477453 -2.0034544 3.1751776 -0.0045776 0.8631187 0.5005907 0.0664389
1311868207.637684 -0.6104488 -1.9738033 3.2084134 0.0041075 0.8587196 0.5074205 0.0714709
1311868208.037660 -0.6747347 -1.9329093 3.2538562 -0.0032951 0.8520846 0.5193211 0.0651655
1311868208.573867 -0.7432560 -1.8913215 3.3352835 -0.0092036 0.8421832 0.5346811 0.0689845
1311868209.137783 -0.8031696 -1.8166785 3.3862731 -0.0004080 0.8229395 0.5648355 0.0610837
1311868210.605964 -0.8786843 -1.6352746 3.3396289 0.0110965 0.8132302 0.5752780 0.0871137
1311868211.742056 -1.0991151 -1.6179192 3.3256774 -0.0116044 0.8081171 0.5695493 0.1497520
1311868212.742196 -1.2670505 -1.6038435 3.3212547 -0.0097876 0.8095527 0.5725405 0.1293286
1311868213.974085 -1.3611271 -1.5487242 3.1691153 -0.0198272 0.8138999 0.5554590 0.1692312
1311868214.842297 -1.4278934 -1.5228033 3.0941219 -0.0066323 0.8103658 0.5351416 0.2385092
1311868215.506308 -1.4751961 -1.5292459 2.9981725 -0.0332676 0.8004342 0.5152890 0.3044268
1311868216.506418 -1.4633904 -1.6072185 2.8348498 -0.0193643 0.7974175 0.4950977 0.3444249
1311868217.006426 -1.4839257 -1.6426718 2.7665472 -0.0043973 0.8064761 0.4806763 0.3442780
1311868217.442485 -1.4944413 -1.6747627 2.7296076 -0.0038303 0.8191199 0.4654291 0.3352666
1311868218.710423 -1.4937545 -1.5969241 2.7496784 0.0123273 0.8183889 0.4609015 0.3430124
1311868219.010718 -1.5351453 -1.5602051 2.7591958 -0.0037719 0.8155187 0.4532210 0.3598689
1311868219.242632 -1.5630667 -1.5099574 2.7717245 0.0001703 0.8147241 0.4511758 0.3642320
1311868219.442491 -1.5833066 -1.4583683 2.7953019 0.0077783 0.8081294 0.4595133 0.3683937
1311868219.674450 -1.6026382 -1.4021721 2.8160753 0.0198773 0.7914747 0.4754310 0.3835858
1311868220.042788 -1.6175470 -1.3489453 2.8581202 0.0337181 0.7795456 0.4757511 0.4059958
1311868220.342794 -1.6325083 -1.3028796 2.8991692 0.0283247 0.7642853 0.4891827 0.4192446
1311868220.710604 -1.6645821 -1.2633145 2.9397891 0.0068326 0.7482975 0.5053390 0.4296938
1311868221.674631 -1.7467673 -1.2290075 2.9627810 -0.0003920 0.7412233 0.5111924 0.4350520
1311868222.742784 -1.8035979 -1.1931314 2.8780048 -0.0032877 0.7318799 0.5208359 0.4393983
1311868223.842828 -1.8558345 -1.1451513 2.7749465 0.0013486 0.7174297 0.5112572 0.4731901
1311868224.374897 -1.9097581 -1.1193228 2.7196119 0.0087410 0.7116358 0.4995880 0.4938724
1311868224.710776 -1.9624884 -1.0964787 2.6670496 0.0025843 0.7047609 0.4934260 0.5097413
1311868225.076066 -2.0110106 -1.0727861 2.6142170 -0.0040812 0.7031391 0.4867222 0.5183438
1311868225.542923 -2.0693207 -1.0492816 2.5785968 -0.0053101 0.6968304 0.4820865 0.5310290
1311868226.247306 -2.1219769 -1.0200348 2.5340588 -0.0062002 0.6855087 0.4778969 0.5492304
1311868226.610909 -2.1415865 -0.9968149 2.4765792 -0.0012147 0.6896523 0.4811523 0.5411754
1311868226.910863 -2.1404519 -0.9728849 2.3993855 0.0000557 0.6833162 0.4770766 0.5526996
1311868227.179137 -2.1365676 -0.9545611 2.3251786 -0.0023901 0.6871804 0.4665279 0.5568924
1311868227.479018 -2.1260214 -0.9337766 2.2601700 0.0124278 0.6788321 0.4655663 0.5676976
1311868227.779154 -2.1260710 -0.9142910 2.2130182 0.0141027 0.6634055 0.4550583 0.5938149
1311868228.079022 -2.1413956 -0.8927765 2.1611197 0.0078556 0.6380733 0.4398930 0.6318978
1311868228.378967 -2.1744862 -0.8685880 2.1053808 0.0052963 0.6217752 0.4229003 0.6591836
1311868228.714922 -2.2120891 -0.8444307 2.0419037 -0.0079780 0.6147672 0.4124339 0.6722320
1311868228.979108 -2.2394345 -0.8196595 1.9960095 -0.0104226 0.6107726 0.4082339 0.6783755
1311868229.281198 -2.2350888 -0.8088989 1.9482863 0.0006706 0.6177725 0.4083118 0.6720403
1311868229.647479 -2.1636791 -0.8270474 1.8851296 -0.0140268 0.6034762 0.4310369 0.6706914
1311868229.982424 -2.0762789 -0.8585801 1.8237917 -0.0114229 0.5997308 0.4337685 0.6723372
1311868230.312518 -2.0061309 -0.8920348 1.7686582 -0.0153986 0.6102856 0.4331700 0.6630822
1311868230.613609 -1.9435406 -0.9001824 1.7139262 -0.0034693 0.6008570 0.4663969 0.6491786
1311868230.943429 -1.8883641 -0.9130015 1.6469140 -0.0065920 0.6082734 0.4456961 0.6567458
1311868231.284432 -1.8447210 -0.9312815 1.5858992 -0.0405574 0.6119337 0.4322458 0.6611020
1311868231.683851 -1.7675798 -0.9632086 1.5414786 -0.0706818 0.6033618 0.4310189 0.6672190
1311868232.011255 -1.7044301 -1.0142523 1.5276563 -0.0808544 0.6001796 0.4386302 0.6639658
1311868232.380596 -1.6364014 -1.0657301 1.5181290 -0.0894393 0.5934215 0.4421487 0.6666004
1311868232.811594 -1.5799484 -1.1248143 1.5157280 -0.0784032 0.6082085 0.4431330 0.6538872
1311868234.279402 -1.7314949 -1.0100566 1.4342098 -0.0478011 0.5903912 0.3867739 0.7067951
1311868234.611718 -1.8135262 -0.9648471 1.3985349 -0.0508098 0.5859895 0.3620647 0.7231486
1311868234.979489 -1.8919666 -0.9015322 1.3631949 -0.0514323 0.5800736 0.3618813 0.7279501
1311868235.343699 -1.9522216 -0.8320624 1.3266337 -0.0488441 0.5743818 0.3711318 0.7279842
1311868235.711568 -1.9806597 -0.7643675 1.2933292 -0.0416866 0.5931186 0.3641826 0.7168288
1311868236.043684 -1.9871416 -0.7029490 1.2673430 -0.0341133 0.5799837 0.3643885 0.7277886
1311868236.443514 -1.9768326 -0.6317492 1.2278566 -0.0410012 0.5580714 0.3557214 0.7485570
1311868236.879498 -1.9757254 -0.5624093 1.1992317 -0.0171571 0.5393508 0.3470630 0.7670421
1311868237.311685 -1.9824495 -0.4830148 1.1555748 0.0033205 0.5141333 0.3474050 0.7841974
1311868237.679616 -1.9966800 -0.4198321 1.0682335 -0.0179470 0.4969076 0.3193034 0.8067255
1311868238.411808 -2.0201116 -0.2980432 0.9223118 -0.0219285 0.4569859 0.3142505 0.8318231
1311868239.147701 -1.9402020 -0.2167853 0.8427555 -0.0291565 0.4479720 0.3132179 0.8368784
1311868240.079916 -1.8771486 -0.1149000 0.7496264 -0.0348285 0.3667100 0.2861818 0.8845398
1311868240.848064 -1.8814116 -0.0027165 0.5991026 -0.0553674 0.3438747 0.2613905 0.9001998
1311868241.648036 -1.7489586 -0.1245855 0.5403057 -0.0612001 0.3450961 0.2882401 0.8911121
1311868242.180028 -1.6545221 -0.1914535 0.4734887 -0.0652251 0.3121727 0.2419497 0.9163811
1311868242.747909 -1.5994627 -0.1852104 0.4203499 -0.0519341 0.2668426 0.2102679 0.9390875
1311868243.648052 -1.5199137 -0.1306278 0.3223501 -0.0380606 0.2549616 0.1843340 0.9484550
1311868243.979984 -1.4729886 -0.0842104 0.2508549 -0.0612196 0.2189742 0.1638259 0.9599289
1311868244.312192 -1.4522256 -0.0213428 0.1966299 -0.0531541 0.1852028 0.1374893 0.9715818
1311868244.580149 -1.4299959 0.0311505 0.1711755 -0.0553375 0.1907106 0.1355228 0.9706703
1311868244.848096 -1.3950340 0.0794549 0.1560849 -0.0598350 0.1918845 0.1482176 0.9683138
1311868245.248256 -1.3264269 0.1214266 0.1430566 -0.0672003 0.2054207 0.1391583 0.9663961
1311868245.548216 -1.2574385 0.1395219 0.1270355 -0.0495951 0.1698686 0.1319028 0.9753392
1311868246.048196 -1.1571558 0.2136755 0.0738082 -0.0659181 0.1445008 0.1421148 0.9770249
1311868246.448298 -1.1197028 0.2679946 -0.0028626 -0.0836790 0.1272871 0.1286300 0.9799235
1311868247.048425 -1.0836939 0.3352846 -0.0982382 -0.0967945 0.1474574 0.1381885 0.9745722
1311868248.080326 -0.8842912 0.2109041 -0.0277011 -0.0858009 0.1357418 0.1285278 0.9786179
1311868248.716495 -0.7194012 0.1342765 0.0201108 -0.1058841 0.0920561 0.0871193 0.9862679
1311868248.980371 -0.6444626 0.0983354 0.0318450 -0.1217219 0.0745908 0.0814683 0.9863989
1311868249.148549 -0.5948274 0.0728990 0.0388692 -0.1276916 0.0831942 0.0786472 0.9851844
1311868249.448316 -0.5409196 0.0437903 0.0632656 -0.1205609 0.0834148 0.0776213 0.9861450
1311868249.816620 -0.5022887 -0.0187880 0.1149267 -0.1144991 0.0885314 0.0748143 0.9866382
1311868250.080466 -0.4834885 -0.0768067 0.1598305 -0.1030235 0.1024232 0.0739709 0.9866225
1311868250.380598 -0.4701486 -0.1392907 0.2062163 -0.0944281 0.0951124 0.0772721 0.9879605
1311868250.616408 -0.4649808 -0.1819189 0.2334049 -0.0920952 0.0839556 0.0795623 0.9890095
1311868251.180611 -0.4559283 -0.2220124 0.2439095 -0.0702413 0.0766164 0.0607817 0.9927244
1311868251.816706 -0.3801146 -0.1495825 0.1865382 -0.0732049 0.0756663 0.0469581 0.9933331
1311868252.116709 -0.3096751 -0.1239684 0.1389645 -0.0743745 0.0664027 0.0381187 0.9942867
1311868252.448807 -0.2255631 -0.0825222 0.0764880 -0.0769876 0.0529942 0.0031290 0.9956177
1311868254.080850 0.1591823 0.0358578 0.0439305 -0.1046002 0.0248744 0.0202300 0.9939974
1311868254.548867 0.2893511 0.0585392 0.0296559 -0.1218721 -0.0333275 -0.0132365 0.9918978
1311868255.084997 0.4257098 0.1084486 -0.0025278 -0.1438910 -0.0711202 -0.0305884 0.9865605
1311868255.916866 0.5579682 0.1172350 0.0057438 -0.1446751 -0.0827883 -0.0332632 0.9854485
1311868256.385489 0.6684036 0.0695897 0.0606571 -0.1391651 -0.0954581 -0.0589661 0.9838922
1311868256.949184 0.7895858 0.0039150 0.1238418 -0.1203115 -0.1286502 -0.0690572 0.9819396
1311868257.485023 0.8969098 -0.0753345 0.1694975 -0.1297181 -0.1745542 -0.1172444 0.9689984
1311868258.048909 0.9620895 -0.1716568 0.2114874 -0.1307947 -0.2230054 -0.1579045 0.9530097
1311868258.648890 0.9571252 -0.3177991 0.3191259 -0.1345414 -0.2369145 -0.1833347 0.9445415
1311868259.248996 0.9672126 -0.4324878 0.4329087 -0.1101501 -0.2799938 -0.1958616 0.9333320
1311868259.917493 1.0531727 -0.4980397 0.5358568 -0.0849754 -0.3009753 -0.2302554 0.9215072
