1311868164.363181 -0.0000083 0.0000048 -0.0000024 -0.0000062 0.0000001 -0.0000090 1.0000000
1311868164.663105 0.0189537 0.0044061 -0.0265736 -0.0040851 0.0029346 -0.0148514 0.9998770
1311868164.698987 0.0229542 0.0050755 -0.0291977 -0.0040527 0.0008667 -0.0148349 0.9998814
1311868165.663251 0.2992013 0.0368214 -0.0852514 -0.0067871 -0.0560856 -0.0359466 0.9977556
1311868166.163189 0.3160448 0.0837033 -0.1701973 -0.0243274 -0.0163327 -0.0268435 0.9992101
1311868166.999289 0.4364348 0.1460492 -0.2512235 -0.0393605 -0.0170604 -0.0318940 0.9985702
1311868167.663360 0.6372222 0.1321509 -0.2507923 -0.0349552 -0.0805184 -0.0638290 0.9940929
1311868168.899300 0.6834728 0.0147260 -0.0817887 -0.0264191 -0.1130111 -0.0688458 0.9908535
1311868169.363470 0.7157320 -0.0743750 -0.0019066 0.0030446 -0.1798229 -0.1069707 0.9778608
1311868169.631327 0.7504863 -0.1354094 0.0458639 0.0295094 -0.2211480 -0.1390370 0.9648272
1311868171.199444 1.0373710 -0.1575764 0.0062000 0.0219259 -0.2745951 -0.1381828 0.9513266
1311868171.699419 1.1573347 -0.1496419 0.0378875 0.0185114 -0.3071472 -0.1734679 0.9355356
1311868172.099529 1.2571336 -0.1367672 0.0931293 -0.0033870 -0.3172475 -0.1911789 0.9288666
1311868172.563601 1.3379853 -0.1218545 0.1596314 -0.0358341 -0.3085806 -0.2109526 0.9268187
1311868172.863483 1.3687687 -0.1112861 0.2313407 -0.0717747 -0.2950578 -0.2148280 0.9282447
1311868173.567616 1.3896869 -0.1892741 0.3800925 -0.0765928 -0.3021351 -0.2231407 0.9236104
1311868173.867507 1.4106070 -0.2288937 0.4367348 -0.0722950 -0.3319333 -0.2306799 0.9118007
1311868174.167874 1.4539766 -0.2821556 0.4920630 -0.0493119 -0.3739693 -0.2616488 0.8884003
1311868174.567585 1.5087559 -0.3240949 0.5576860 -0.0400798 -0.4065321 -0.2734079 0.8708464
1311868174.967694 1.5015693 -0.3871123 0.6092988 -0.0207560 -0.4214010 -0.2565287 0.8695881
1311868175.199578 1.4656976 -0.4411728 0.6304178 0.0083125 -0.4253148 -0.2553687 0.8682310
1311868175.931644 1.4352567 -0.5488883 0.7601272 0.0704211 -0.4862723 -0.2022275 0.8471624
1311868176.299834 1.4906746 -0.6039135 0.8570960 0.0702252 -0.5286780 -0.2373779 0.8119234
1311868176.567758 1.5292453 -0.6198729 0.9424821 0.0475997 -0.5349869 -0.2544914 0.8042123
1311868177.099730 1.5371897 -0.6530273 1.0440640 0.0307229 -0.5387568 -0.2644807 0.7992792
1311868177.531751 1.4959455 -0.6869771 1.1364222 0.0313891 -0.5306264 -0.2734090 0.8016844
1311868177.967919 1.4957552 -0.7068210 1.2328720 0.0133139 -0.5541532 -0.3007132 0.7760854
1311868178.367989 1.5529320 -0.7301359 1.3260574 0.0184710 -0.5891286 -0.3330327 0.7359861
1311868178.668047 1.6003001 -0.7353771 1.3587359 -0.0037125 -0.6110539 -0.3327917 0.7182263
1311868179.232011 1.7753881 -0.7252643 1.3439445 -0.0111972 -0.6114716 -0.3386103 0.7150666
1311868179.700151 1.9088186 -0.7202476 1.3662528 -0.0378630 -0.5866891 -0.3474078 0.7305273
1311868180.468133 2.0623922 -0.7730213 1.5018709 -0.0625668 -0.6187144 -0.3685887 0.6909560
1311868182.000232 1.9327865 -0.8531145 1.6493248 -0.0613808 -0.6011583 -0.3688794 0.7062358
1311868182.636312 1.7343682 -0.9032720 1.7017554 -0.0509148 -0.6127977 -0.3493190 0.7070098
1311868182.936274 1.6311691 -0.9492822 1.7485514 -0.0275956 -0.6541073 -0.3492478 0.6703790
1311868183.168211 1.5333821 -1.0084563 1.7868707 -0.0060521 -0.6804055 -0.3646884 0.6356210
1311868183.536275 1.4210329 -1.0510068 1.8113451 -0.0053856 -0.7172217 -0.3799122 0.5841495
1311868183.800370 1.3317475 -1.0784061 1.8329873 -0.0292299 -0.7261240 -0.3768595 0.5743400
1311868184.000440 1.2603736 -1.1058307 1.8328745 -0.0262137 -0.7249017 -0.3835744 0.5715777
1311868184.200464 1.1978878 -1.1235112 1.8316041 -0.0174687 -0.7268934 -0.3654445 0.5811809
1311868184.368210 1.1543165 -1.1296225 1.8410956 -0.0140683 -0.7247240 -0.3656936 0.5838197
1311868184.636350 1.0773325 -1.1452883 1.8642033 -0.0161540 -0.7423223 -0.3563980 0.5671660
1311868184.868735 1.0005445 -1.1862541 1.8902538 -0.0005340 -0.7690904 -0.3559452 0.5308509
1311868185.036432 0.9516467 -1.2104347 1.9079065 0.0099098 -0.7798833 -0.3602921 0.5117357
1311868185.236390 0.8981168 -1.2250742 1.9212098 -0.0122819 0.7900712 0.3622693 -0.4943658
1311868185.468575 0.8373967 -1.2348976 1.9373717 -0.0200139 0.7953938 0.3444885 -0.4982727
1311868185.600364 0.8125465 -1.2406147 1.9380574 0.0360351 -0.7932195 -0.3366130 0.5061581
1311868185.768630 0.7796216 -1.2476900 1.9450177 0.0427859 -0.7957377 -0.3208288 0.5118983
1311868186.000413 0.7426854 -1.2446077 1.9622903 -0.0305503 0.8046605 0.3210822 -0.4984921
1311868186.168524 0.7159682 -1.2451813 1.9835141 -0.0309289 0.8133655 0.3325492 -0.4763308
1311868186.436523 0.6826475 -1.2488277 2.0290773 -0.0200794 0.8353175 0.3571485 -0.4174762
1311868186.900515 0.7122118 -1.2537408 2.0926900 0.0007067 0.8438777 0.3762333 -0.3825161
1311868187.300515 0.8014789 -1.2682415 2.1432326 0.0081213 0.8299698 0.3927127 -0.3960567
1311868187.636477 0.8377531 -1.2923911 2.2028623 0.0073524 0.8154008 0.4075033 -0.4111064
1311868188.068520 0.8370034 -1.3192662 2.3105011 0.0080296 0.8288862 0.4134897 -0.3767089
1311868188.300900 0.8124183 -1.3190297 2.4024076 0.0143554 0.8327634 0.4333988 -0.3441868
1311868188.468574 0.8059593 -1.3077178 2.4481864 0.0162689 0.8257793 0.4537750 -0.3345329
1311868188.800670 0.8558779 -1.3201798 2.5164328 0.0414728 0.8257443 0.4638626 -0.3182103
1311868189.100649 0.9364882 -1.3329197 2.5741284 0.0738002 0.8132718 0.4813679 -0.3184768
1311868189.601920 1.0519098 -1.3636189 2.6584876 0.0637378 0.7905688 0.5087858 -0.3347766
1311868190.302512 1.0441213 -1.4395185 2.8462825 0.0680020 0.7857690 0.5062638 -0.3487689
1311868191.872176 0.9673721 -1.5237701 3.0004315 0.0652134 0.7864925 0.4993182 -0.3575727
1311868193.172573 0.8144256 -1.5164876 2.8500140 0.0524428 0.7981525 0.4872060 -0.3504749
1311868193.838095 0.7353600 -1.5737708 2.8020873 0.0310524 0.8232909 0.4892540 -0.2861091
1311868194.645036 0.6898166 -1.6359787 2.7600105 0.0250299 0.8333833 0.4713343 -0.2875581
1311868195.641375 0.6380965 -1.6977863 2.8718705 0.0220494 0.8363906 0.4565812 -0.3024868
1311868196.168888 0.6616149 -1.7001144 2.9802008 0.0322819 0.8152843 0.4738087 -0.3313228
1311868196.909608 0.7334967 -1.7166185 3.1017554 0.0727835 0.7811003 0.4827571 -0.3892691
1311868197.669130 0.6543250 -1.7595721 3.2885976 0.0655068 0.7860093 0.5195246 -0.3286221
1311868198.737178 0.5171098 -1.7478464 3.3769107 0.0777233 0.7731189 0.5387029 -0.3256461
1311868200.037557 0.3143121 -1.7404363 3.3881893 0.0735517 0.8016829 0.5486270 -0.2256170
1311868200.905248 0.1510282 -1.7881324 3.5018873 0.0628906 0.8060272 0.5650296 -0.1646409
1311868202.705520 -0.0766927 -1.7824228 3.5303729 0.0437091 0.8000072 0.5857257 -0.1224879
1311868203.173538 -0.1326692 -1.7982091 3.5070100 0.0480785 0.8186594 0.5638795 -0.0975975
1311868203.873636 -0.1973877 -1.8749716 3.3824840 0.0348746 0.8285392 0.5586068 -0.0162800
1311868204.473547 -0.3152854 -1.9442232 3.2693214 0.0292142 0.8264700 0.5614066 0.0302750
1311868205.037739 -0.4059865 -2.0171385 3.1980047 0.0206650 0.8275494 0.5593066 0.0437163
1311868205.605542 -0.4469774 -2.0820930 3.1527643 0.0286530 0.8568379 0.5129907 0.0429937
1311868206.605908 -0.4687696 -2.0929401 3.0981557 0.0160549 0.8744537 0.4845835 0.0158723
1311868207.137747 -0.5153142 -2.0255773 3.1515100 -0.0059999 0.8662372 0.4972751 0.0481109
1311868207.405766 -0.5615913 -2.0017188 3.1819024 0.0020109 0.8612531 0.5030786 0.0717703
1311868207.773705 -0.6366567 -1.9633026 3.2229507 0.0023623 0.8556802 0.5123814 0.0726022
1311868208.337811 -0.7081708 -1.9092274 3.3072944 -0.0142419 0.8463556 0.5283399 0.0658506
1311868209.037800 -0.7987906 -1.8365250 3.3786659 0.0010881 0.8252913 0.5607731 0.0665328
1311868210.473857 -0.8731852 -1.6437740 3.3388281 0.0044733 0.8130743 0.5759798 0.0844829
1311868211.773982 -1.1098859 -1.6154222 3.3276157 -0.0111455 0.8076348 0.5700785 0.1503741
1311868213.274014 -1.3116975 -1.5789702 3.2602632 -0.0132448 0.8129578 0.5646301 0.1418349
1311868214.306406 -1.3884418 -1.5369641 3.1437161 0.0009222 0.8128018 0.5506286 0.1901593
1311868215.142266 -1.4679662 -1.5139217 3.0516224 -0.0183847 0.8047864 0.5248482 0.2766140
1311868215.842289 -1.4679387 -1.5523757 2.9419267 -0.0321985 0.7976112 0.5020372 0.3327737
1311868216.306682 -1.4599061 -1.5963968 2.8604293 -0.0178250 0.7965547 0.4970055 0.3437564
1311868216.806393 -1.4802020 -1.6260445 2.7798176 -0.0014939 0.8005252 0.4877545 0.3482135
1311868217.206576 -1.4868715 -1.6532245 2.7301245 -0.0061656 0.8088244 0.4808190 0.3384942
1311868218.810331 -1.5104952 -1.5805230 2.7479925 0.0157984 0.8164850 0.4548257 0.3552975
1311868219.174460 -1.5586247 -1.5205930 2.7622223 -0.0009699 0.8142171 0.4506260 0.3660407
1311868219.442491 -1.5866649 -1.4490581 2.7910428 0.0099275 0.8074881 0.4593164 0.3699903
1311868219.710785 -1.6068752 -1.3891033 2.8138614 0.0244558 0.7884967 0.4771419 0.3873118
1311868220.174706 -1.6264935 -1.3207986 2.8741012 0.0336012 0.7711224 0.4830448 0.4134113
1311868220.710604 -1.6659095 -1.2581179 2.9375775 0.0077346 0.7478292 0.5051692 0.4306921
1311868222.343002 -1.7828686 -1.2102292 2.9266145 0.0043164 0.7439527 0.5203340 0.4192473
1311868224.075595 -1.8726375 -1.1301876 2.7538934 0.0129958 0.7132050 0.5143706 0.4760174
1311868224.775598 -1.9737060 -1.0843600 2.6545269 0.0017013 0.7032698 0.4936447 0.5115893
1311868226.079850 -2.1120698 -1.0246358 2.5417221 -0.0021533 0.6824786 0.4795900 0.5515539
1311868226.844284 -2.1364164 -0.9755194 2.4100308 -0.0001127 0.6820252 0.4844674 0.5478440
1311868227.311677 -2.1299236 -0.9376510 2.2880411 0.0085585 0.6798681 0.4692944 0.5634437
1311868227.744281 -2.1242464 -0.9097689 2.2161715 0.0142876 0.6651953 0.4562373 0.5908964
1311868228.279971 -2.1598182 -0.8683642 2.1206591 0.0064591 0.6260343 0.4270492 0.6524326
1311868228.714922 -2.2118509 -0.8372746 2.0429721 -0.0066440 0.6151279 0.4122693 0.6720175
1311868229.249047 -2.2330675 -0.7995984 1.9513906 0.0019918 0.6167695 0.4077394 0.6733052
1311868229.748721 -2.1398184 -0.8278971 1.8687406 -0.0150356 0.6016679 0.4308102 0.6724375
1311868230.012490 -2.0727119 -0.8581888 1.8249549 -0.0100694 0.6009308 0.4333495 0.6715572
1311868230.180570 -2.0291157 -0.8708351 1.7947557 -0.0125603 0.6040356 0.4375612 0.6659756
1311868230.343265 -1.9939499 -0.8900241 1.7632134 -0.0141826 0.6086288 0.4364375 0.6624893
1311868230.543330 -1.9528192 -0.8959949 1.7283019 -0.0031216 0.5936316 0.4649215 0.6568407
1311868230.713079 -1.9196055 -0.9017796 1.6915523 0.0083973 0.6062118 0.4603709 0.6484561
1311868230.912835 -1.8966296 -0.9076273 1.6600250 -0.0024276 0.6097993 0.4465313 0.6547890
1311868231.115505 -1.8629442 -0.9168121 1.6127186 -0.0118822 0.6176862 0.4304256 0.6580702
1311868231.343237 -1.8315718 -0.9298695 1.5761623 -0.0530163 0.6074657 0.4337201 0.6633713
1311868231.711268 -1.7561779 -0.9632126 1.5406855 -0.0725140 0.6050382 0.4316731 0.6650780
1311868232.043334 -1.6976497 -1.0142434 1.5272015 -0.0822904 0.6000062 0.4367286 0.6651984
1311868232.411402 -1.6306559 -1.0646335 1.5180587 -0.0870211 0.5955507 0.4439181 0.6638399
1311868232.843289 -1.5783446 -1.1210098 1.5195203 -0.0779973 0.6108094 0.4389735 0.6543168
1311868234.011459 -1.6756848 -1.0309814 1.4726081 -0.0477528 0.5907716 0.4102084 0.6931361
1311868234.379573 -1.7574723 -0.9937871 1.4252136 -0.0474215 0.5909583 0.3735478 0.7134295
1311868234.779522 -1.8516316 -0.9305860 1.3857874 -0.0508823 0.5848194 0.3617443 0.7242501
1311868235.179665 -1.9311316 -0.8597333 1.3485830 -0.0530867 0.5766225 0.3661389 0.7284439
1311868235.511713 -1.9718070 -0.7942037 1.3145530 -0.0417479 0.5790129 0.3705914 0.7250264
1311868235.911551 -1.9861245 -0.7202548 1.2822444 -0.0391320 0.5857427 0.3625820 0.7238152
1311868236.243642 -1.9837915 -0.6612557 1.2475011 -0.0274335 0.5642542 0.3651781 0.7399389
1311868236.579656 -1.9717860 -0.6021523 1.2161396 -0.0335419 0.5523008 0.3574319 0.7523838
1311868236.947572 -1.9760252 -0.5427847 1.1956818 -0.0158410 0.5338461 0.3466848 0.7710817
1311868237.611575 -1.9902580 -0.4243972 1.0848017 -0.0103412 0.4968062 0.3279706 0.8034375
1311868238.111670 -2.0189795 -0.3345012 0.9683198 -0.0202338 0.4645201 0.3158622 0.8270687
1311868238.847715 -1.9818804 -0.2427923 0.8772302 -0.0281988 0.4559870 0.3261147 0.8276049
1311868239.479757 -1.9131880 -0.1799295 0.8169574 -0.0186915 0.4140704 0.3173576 0.8529247
1311868240.012203 -1.8807595 -0.1220968 0.7627220 -0.0289702 0.3688753 0.2921208 0.8819054
1311868240.379758 -1.8712914 -0.0623925 0.6712693 -0.0453657 0.3568433 0.2679513 0.8937600
1311868241.011989 -1.8730788 -0.0040813 0.5869992 -0.0705517 0.3468689 0.2738214 0.8942742
1311868241.512153 -1.7789537 -0.0982575 0.5500515 -0.0650199 0.3468375 0.2812942 0.8923843
1311868241.911969 -1.6939555 -0.1632054 0.5191646 -0.0618153 0.3368325 0.2654539 0.9012530
1311868242.447942 -1.6290224 -0.1937254 0.4350989 -0.0591369 0.2880359 0.2282670 0.9281338
1311868243.280037 -1.5537224 -0.1605511 0.3844037 -0.0341918 0.2871734 0.2173076 0.9322766
1311868243.648052 -1.5185351 -0.1287078 0.3231771 -0.0378696 0.2549435 0.1845844 0.9484189
1311868244.048067 -1.4702157 -0.0695926 0.2394010 -0.0608498 0.2098700 0.1584931 0.9628769
1311868244.312192 -1.4537624 -0.0232832 0.1944406 -0.0537911 0.1856271 0.1377883 0.9714234
1311868244.780046 -1.4081886 0.0676741 0.1557767 -0.0577913 0.1863642 0.1414494 0.9705259
1311868245.148152 -1.3431268 0.1180314 0.1500753 -0.0737320 0.2048478 0.1379455 0.9662153
1311868245.512280 -1.2664704 0.1340780 0.1266984 -0.0514717 0.1760434 0.1330127 0.9739954
1311868245.948179 -1.1747507 0.1970785 0.0934018 -0.0573703 0.1514842 0.1527416 0.9749006
1311868246.248127 -1.1376916 0.2406899 0.0413478 -0.0786804 0.1319798 0.1328992 0.9791468
1311868246.748855 -1.1106460 0.3168071 -0.0561953 -0.0958620 0.1354466 0.1334705 0.9770621
1311868247.980227 -0.9082642 0.2259009 -0.0368252 -0.0893084 0.1424312 0.1265308 0.9776131
1311868248.580330 -0.7594367 0.1540329 0.0211254 -0.0992462 0.0955347 0.1110446 0.9842217
1311868248.880380 -0.6727982 0.1040499 0.0325668 -0.1225826 0.0696479 0.0817542 0.9866301
1311868249.016517 -0.6338975 0.0934067 0.0372581 -0.1229006 0.0785856 0.0790841 0.9861366
1311868249.316586 -0.5640734 0.0601353 0.0551480 -0.1272444 0.0861574 0.0767336 0.9851384
1311868249.516272 -0.5403426 0.0343976 0.0735907 -0.1176505 0.0880594 0.0747277 0.9863162
1311868249.780683 -0.5079355 -0.0154524 0.1115738 -0.1157634 0.0885499 0.0752899 0.9864528
1311868250.016358 -0.4901306 -0.0634039 0.1519185 -0.1060961 0.1003393 0.0745495 0.9864674
1311868250.316452 -0.4736144 -0.1296628 0.2015395 -0.0985138 0.0966065 0.0769135 0.9874445
1311868250.548715 -0.4710532 -0.1732934 0.2310892 -0.0933062 0.0928094 0.0719330 0.9886891
1311868250.948745 -0.4596231 -0.2346118 0.2524630 -0.0777468 0.0867083 0.0682348 0.9908487
1311868251.816706 -0.3804414 -0.1550522 0.1883941 -0.0755610 0.0758309 0.0466089 0.9931605
1311868252.081141 -0.3185700 -0.1310848 0.1478737 -0.0767044 0.0686580 0.0387704 0.9939313
1311868252.480598 -0.2178335 -0.0788799 0.0735572 -0.0803287 0.0497724 0.0041131 0.9955165
1311868252.716568 -0.1548752 -0.0402518 0.0397629 -0.0907277 0.0398024 0.0073632 0.9950528
1311868252.948689 -0.1029490 -0.0114203 0.0220844 -0.1007883 0.0368474 0.0143174 0.9941222
1311868253.416763 0.0036835 0.0179595 0.0182343 -0.1101459 0.0453507 0.0198331 0.9926822
1311868253.816654 0.0975651 0.0203882 0.0375894 -0.1048190 0.0335438 0.0268140 0.9935637
1311868253.948752 0.1284671 0.0261531 0.0413584 -0.1066782 0.0291472 0.0295732 0.9934262
1311868254.784875 0.3545203 0.0773001 0.0142758 -0.1371091 -0.0550361 -0.0273439 0.9886478
1311868255.116728 0.4300995 0.1061286 -0.0041371 -0.1446284 -0.0718957 -0.0303028 0.9864053
1311868255.684941 0.5119437 0.1210022 -0.0115677 -0.1430487 -0.0818897 -0.0299305 0.9858678
1311868256.284837 0.6430712 0.0747866 0.0488073 -0.1476505 -0.0943054 -0.0520618 0.9831558
1311868256.616929 0.7182016 0.0386623 0.0850479 -0.1282257 -0.1055309 -0.0539760 0.9846359
1311868257.085190 0.8098513 -0.0127059 0.1372935 -0.1179829 -0.1397347 -0.0791889 0.9799405
1311868257.449069 0.8880087 -0.0716486 0.1655850 -0.1307448 -0.1708710 -0.1148573 0.9698024
1311868257.917005 0.9553393 -0.1477884 0.1942721 -0.1158786 -0.2014790 -0.1548006 0.9602162
1311868258.349077 0.9620190 -0.2375076 0.2595238 -0.1473067 -0.2364834 -0.1760828 0.9441246
1311868258.785039 0.9499208 -0.3498015 0.3373382 -0.1357429 -0.2509351 -0.1684718 0.9435161
1311868259.216979 0.9574462 -0.4285412 0.4218833 -0.1138430 -0.2745577 -0.1958286 0.9345101
1311868259.649289 1.0141852 -0.4834766 0.5039707 -0.0903708 -0.2879525 -0.2324586 0.9245969
