1403636859.301666 0.0000000 0.0000000 0.0000000 0.0000000 0.0000000 0.0000000 1.0000000
1403636859.351666 0.0008951 -0.0029551 -0.0011084 0.0018602 0.0037786 -0.0025205 0.9999880
1403636859.401666 0.0015127 -0.0065675 -0.0022342 0.0034868 0.0068414 -0.0029725 0.9999661
1403636861.151666 0.0102211 -0.0406134 -0.0151899 -0.0446923 0.0313824 -0.0125583 0.9984288
1403636866.101666 0.0055371 -0.0949646 -0.0280213 0.0138424 0.0433697 0.0086878 0.9989254
1403636866.251667 0.0048719 -0.1075690 -0.0333462 0.0335191 0.0483420 0.0029032 0.9982640
1403636867.551666 0.0091348 -0.0321135 -0.0263273 -0.1085220 0.0240135 -0.0011224 0.9938033
1403636867.701667 0.0088494 -0.0290974 -0.0306715 -0.1779857 0.0236033 -0.0009470 0.9837495
1403636869.151666 -0.0043469 -0.0294470 -0.0468851 -0.2333406 0.0327314 0.0140114 0.9717430
1403636870.001667 0.0299941 -0.0322606 -0.0396193 -0.2303702 0.0493573 0.0217430 0.9716073
1403636870.151666 0.0491067 -0.0337891 -0.0358375 -0.2345211 0.0613606 0.0283366 0.9697586
1403636870.601666 0.1032307 -0.0372568 -0.0269345 -0.2342250 0.0879245 0.0373086 0.9674792
1403636871.751667 0.0727489 -0.0356130 -0.0266298 -0.2312293 0.0790382 0.0483784 0.9684759
1403636872.501667 -0.0217569 -0.0284442 -0.0260033 -0.2333264 0.0181366 0.0313946 0.9717223
1403636872.801666 -0.0198366 -0.0292318 -0.0265641 -0.2259552 0.0173295 0.0233688 0.9737031
1403636873.851666 0.1079669 -0.0287455 -0.0194918 -0.2456189 0.0862936 0.0519833 0.9641175
1403636874.401666 0.0944349 -0.0282451 -0.0186877 -0.2503123 0.0785266 0.0497736 0.9636908
1403636874.601666 0.0689213 -0.0288170 -0.0179276 -0.2440662 0.0654218 0.0453114 0.9664878
1403636875.801666 -0.0123566 -0.0109710 -0.0422774 -0.2032359 0.1320290 0.1349970 0.9607493
1403636876.001667 0.0035256 -0.0047231 -0.0605576 -0.2050450 0.1735946 0.1526846 0.9510567
1403636876.201667 0.0262764 -0.0039058 -0.0715115 -0.1913476 0.2322174 0.1643167 0.9393941
1403636876.351666 0.0470498 -0.0048915 -0.0713674 -0.1928634 0.2579666 0.1756064 0.9302792
1403636876.551666 0.0777163 -0.0092451 -0.0592893 -0.1935021 0.2798519 0.1710045 0.9246606
1403636876.701667 0.0968983 -0.0162447 -0.0431536 -0.1797963 0.2755106 0.1517907 0.9320551
1403636876.851666 0.1060622 -0.0246698 -0.0236685 -0.1726248 0.2504344 0.1290462 0.9438381
1403636877.001667 0.1017164 -0.0323518 -0.0036232 -0.1638267 0.2103545 0.1033568 0.9582428
1403636878.151666 -0.0200594 -0.0106426 -0.0318972 -0.2233897 0.0254103 0.0468077 0.9732730
1403636878.401666 0.0042865 -0.0012239 -0.0517769 -0.2134299 0.0884862 0.0827647 0.9694163
1403636878.601666 0.0349179 -0.0007199 -0.0578367 -0.2071066 0.1450807 0.1044372 0.9618479
1403636879.051666 0.0980692 -0.0183113 -0.0365084 -0.1937382 0.2012859 0.1118434 0.9536459
1403636879.501667 0.0980063 -0.0417927 0.0059409 -0.1509012 0.1447099 0.0733344 0.9751461
1403636880.451667 0.0278768 -0.0296021 -0.0444570 -0.1708960 0.1008938 0.0569551 0.9784534
1403636880.751667 0.0238003 -0.0234748 -0.0780395 -0.1810466 0.1514838 0.0749923 0.9688400
1403636881.051666 -0.0037894 -0.0212418 -0.0875729 -0.1716078 0.1210518 0.0688921 0.9752698
1403636881.301666 -0.0239399 -0.0266449 -0.0752291 -0.1524391 0.0622745 0.0444430 0.9853472
1403636881.601666 -0.0196082 -0.0384097 -0.0445755 -0.1393114 0.0313356 0.0073309 0.9897255
1403636882.551666 0.0597957 -0.0257120 -0.0118545 -0.1220596 0.0615270 0.0208984 0.9903934
1403636883.451667 0.0292454 0.0031534 0.0335352 -0.0082097 -0.0820739 -0.0306190 0.9961219
1403636883.701667 0.0279726 0.0061564 0.0379077 0.0102317 -0.1013706 -0.0392516 0.9940214
1403636884.301666 0.0280483 0.0082648 0.0399186 0.0311844 -0.1202767 -0.0409659 0.9914045
1403636897.451667 0.0319361 0.0098641 0.0362557 0.0220358 -0.1160116 -0.0447642 0.9919939
1403636897.651666 0.0384419 0.0117888 0.0302357 -0.0017226 -0.1000878 -0.0546097 0.9934773
1403636897.851666 0.0455855 0.0086617 0.0215981 -0.0310398 -0.0907029 -0.0704017 0.9929014
1403636898.151666 0.0515089 -0.0039795 0.0152868 -0.0123543 -0.0985723 -0.0709077 0.9925236
1403636898.501667 0.0531894 -0.0199495 0.0141542 -0.0108223 -0.1111227 -0.0729754 0.9910647
1403636899.351666 0.0487566 -0.0639620 0.0387589 0.0088014 -0.0759476 -0.0442036 0.9960926
1403636900.451667 0.0971727 -0.1058297 0.0836268 0.0011747 0.0012031 -0.0272657 0.9996268
1403636900.651666 0.1077874 -0.1184327 0.0858534 -0.0085345 -0.0047382 -0.0288953 0.9995348
1403636900.801666 0.1158092 -0.1250294 0.0897792 -0.0204718 -0.0093719 -0.0261540 0.9994044
1403636901.851666 0.2146663 -0.1595626 0.1619404 0.0001363 -0.0107032 -0.0262271 0.9995987
1403636902.051666 0.2386212 -0.1605637 0.1778125 0.0004057 -0.0107586 -0.0293502 0.9995112
1403636902.251667 0.2619490 -0.1648785 0.1924985 0.0007166 -0.0114864 -0.0293983 0.9995015
1403636902.501667 0.2923388 -0.1645904 0.2125893 -0.0023470 -0.0082508 -0.0271481 0.9995946
1403636904.051666 0.4384948 -0.2146271 0.3023865 -0.0088702 -0.0182611 -0.0211289 0.9995706
1403636904.601666 0.4968621 -0.2629168 0.3352278 -0.0024844 -0.0123635 -0.0237648 0.9996380
1403636904.851666 0.5282799 -0.2762841 0.3517699 -0.0021811 -0.0052026 -0.0305657 0.9995168
1403636905.501667 0.5994055 -0.3071610 0.3977081 -0.0084415 0.0052130 -0.0426831 0.9990394
1403636905.801666 0.6206892 -0.3246334 0.4188222 -0.0102577 -0.0086415 -0.0448271 0.9989047
1403636906.551666 0.6513093 -0.3487135 0.4959488 -0.0026387 -0.0285618 -0.0206622 0.9993750
1403636907.301666 0.6838866 -0.3774710 0.5803405 -0.0184092 -0.0266491 -0.0455839 0.9984353
1403636907.551666 0.6921996 -0.3889436 0.6122810 -0.0219299 -0.0348917 -0.0297815 0.9987065
1403636908.051666 0.7175452 -0.4331859 0.6863974 -0.0092440 -0.0346988 -0.0360477 0.9987047
1403636908.301666 0.7350805 -0.4506300 0.7277713 -0.0014916 -0.0379842 -0.0442244 0.9982982
1403636908.551666 0.7511961 -0.4637212 0.7693508 -0.0054040 -0.0431101 -0.0462016 0.9979869
1403636908.851666 0.7696668 -0.4821787 0.8175977 -0.0162906 -0.0493535 -0.0437693 0.9976889
1403636909.101666 0.7831567 -0.5104145 0.8566115 -0.0209091 -0.0517629 -0.0400312 0.9976377
1403636909.601666 0.8164465 -0.5539418 0.9524560 -0.0117910 -0.0474116 -0.0395110 0.9980240
1403636909.851666 0.8356768 -0.5641161 1.0075769 0.0050450 -0.0422744 -0.0459745 0.9980350
1403636910.101666 0.8531979 -0.5662414 1.0620534 0.0172076 -0.0348639 -0.0661970 0.9970489
1403636910.351666 0.8634369 -0.5716782 1.1074224 -0.0014634 -0.0428226 -0.0496599 0.9978467
1403636910.851666 0.8771157 -0.5936002 1.1907731 -0.0062907 -0.0469178 -0.0491697 0.9976680
1403636911.401666 0.8922070 -0.6170624 1.2743109 -0.0024610 -0.0475350 -0.0487602 0.9976757
1403636911.651666 0.8981833 -0.6371769 1.3057691 -0.0037638 -0.0455952 -0.0508903 0.9976558
1403636911.901666 0.9041324 -0.6503038 1.3380469 -0.0082035 -0.0496142 -0.0357188 0.9980958
1403636912.901666 0.9525662 -0.6824967 1.4845610 -0.0044533 -0.0468505 -0.0245104 0.9985912
1403636913.151666 0.9751087 -0.6814206 1.5245394 0.0088787 -0.0421086 -0.0386482 0.9983258
1403636913.451667 1.0029892 -0.6883166 1.5629175 0.0013772 -0.0450714 -0.0329828 0.9984382
1403636914.001667 1.0597116 -0.7056506 1.6272075 0.0007469 -0.0402951 -0.0420369 0.9983029
1403636914.751667 1.1371810 -0.7445404 1.6970878 0.0040961 -0.0358424 -0.0466355 0.9982603
1403636915.001667 1.1603251 -0.7590798 1.7162682 -0.0010710 -0.0332300 -0.0467560 0.9983529
1403636915.251667 1.1821269 -0.7640895 1.7356346 -0.0120218 -0.0311410 -0.0471980 0.9983276
1403636915.801666 1.2217400 -0.7794679 1.7909200 -0.0002578 -0.0402307 -0.0247946 0.9988827
1403636916.051666 1.2445965 -0.7997922 1.8126767 0.0025024 -0.0372047 -0.0370667 0.9986169
1403636916.351666 1.2719572 -0.8176652 1.8372296 0.0019294 -0.0358907 -0.0461748 0.9982865
1403636919.301666 1.3487787 -0.8961875 1.9959511 0.0164398 0.1278755 0.0478102 0.9905007
1403636919.601666 1.3637586 -0.9207993 1.9954833 0.0159950 0.1499896 0.0265908 0.9882005
1403636919.951667 1.3832698 -0.9303035 1.9911779 0.0211161 0.1528103 0.0267992 0.9876664
1403636922.051666 1.4544461 -0.8643551 1.8852280 -0.0037896 0.1623027 0.0277059 0.9863447
1403636923.701667 1.4991593 -0.7987437 1.8518274 -0.0319700 0.2667823 0.0707753 0.9606227
1403636924.601666 1.5437653 -0.8151230 1.9015909 0.0002272 0.2574352 0.0826517 0.9627542
1403636925.651666 1.6569183 -0.7957050 1.9795959 -0.0425701 0.2947850 0.0785622 0.9513767
1403636926.001667 1.7023551 -0.8141535 2.0213683 -0.0176660 0.2998412 0.0674570 0.9514372
1403636927.501667 1.8748984 -0.8258880 2.1572890 -0.0140199 0.3968555 0.1273872 0.9088903
1403636930.301666 2.3210108 -0.9240626 2.3529286 0.0145502 0.4057392 0.1267748 0.9050371
1403636930.551666 2.3476424 -0.9392928 2.3517723 0.0124915 0.4108090 0.1154921 0.9042906
1403636930.851666 2.3773563 -0.9442512 2.3501830 0.0209892 0.4047496 0.1305065 0.9048233
1403636932.901666 2.4068952 -0.9198157 2.1980548 0.0223867 0.5088884 0.1394069 0.8491744
1403636933.951667 2.2873666 -0.8848408 2.1366310 0.0160498 0.5355668 0.1633139 0.8283955
1403636934.551666 2.2276173 -0.8572982 2.1058493 0.0263639 0.6309606 0.2139249 0.7452716
1403636934.801666 2.1996114 -0.8492990 2.0836916 0.0130987 0.6694660 0.2291592 0.7064912
1403636935.701667 2.1092231 -0.8635136 1.9930716 0.0211976 0.6727409 0.2248660 0.7045606
1403636935.951667 2.0830572 -0.8465673 1.9724584 -0.0006780 0.6658068 0.2381554 0.7070947
1403636936.201667 2.0654192 -0.8257717 1.9517770 -0.0142622 0.6630309 0.2455694 0.7070236
1403636936.751667 2.0578845 -0.7962850 1.8986442 0.0101903 0.6777921 0.2229304 0.7005684
1403636937.351666 2.0538268 -0.7790886 1.8422825 0.0086581 0.6824299 0.2247354 0.6954915
1403636937.851666 2.0534692 -0.7504740 1.8090786 -0.0001338 0.6919200 0.2102451 0.6906835
1403636938.951667 1.9829856 -0.6859522 1.7648627 0.0226512 0.7024844 0.2462127 0.6673694
1403636939.251667 1.9505610 -0.6689700 1.7291148 0.0157479 0.7048323 0.2360287 0.6687704
1403636939.601666 1.9155564 -0.6473724 1.6863734 0.0247512 0.7035069 0.2210436 0.6749852
1403636940.451667 1.7938874 -0.5843957 1.5846068 0.0308935 0.7191662 0.2420285 0.6505904
1403636941.001667 1.7010972 -0.5442758 1.5025358 0.0030806 0.7229363 0.2519077 0.6433476
1403636941.251667 1.6657151 -0.5423898 1.4606028 0.0096575 0.7251592 0.2435772 0.6439883
1403636941.551666 1.6268533 -0.5349611 1.4118130 0.0133701 0.7229515 0.2338276 0.6499900
1403636942.151666 1.5457914 -0.5139999 1.3267128 0.0153647 0.7145216 0.2407116 0.6567197
1403636942.451667 1.5059435 -0.5034646 1.2837660 0.0251109 0.7143882 0.2473734 0.6540835
1403636942.701667 1.4738511 -0.4830846 1.2483513 0.0170606 0.7148352 0.2555005 0.6507220
1403636943.151666 1.4211537 -0.4537099 1.1755099 0.0161383 0.7251537 0.2394357 0.6454163
1403636943.401666 1.3930721 -0.4410871 1.1347833 0.0169385 0.7295384 0.2360714 0.6416830
1403636943.601666 1.3693795 -0.4255047 1.1067073 0.0160100 0.7328657 0.2337776 0.6387484
1403636943.951667 1.3235211 -0.3861178 1.0665873 0.0082925 0.7254666 0.2396911 0.6451183
1403636944.051666 1.3104045 -0.3727227 1.0571978 -0.0030197 0.7152699 0.2497809 0.6526785
1403636944.851666 1.2563777 -0.3372506 0.9746707 0.0022238 0.7025238 0.2103503 0.6798589
1403636945.251667 1.2313275 -0.3367901 0.9527776 0.0095947 0.6941109 0.2120088 0.6878738
1403636945.701667 1.1949409 -0.3317820 0.9415259 -0.0048068 0.6911758 0.2284607 0.6856083
1403636946.251667 1.1652408 -0.3060079 0.9530078 -0.0003674 0.7001626 0.2232710 0.6781756
1403636946.651666 1.1511241 -0.2662799 0.9794807 0.0068479 0.7066208 0.2206493 0.6722752
1403636947.151666 1.1266916 -0.2289554 1.0032849 0.0341998 0.6922026 0.2667282 0.6697327
1403636947.651666 1.1207912 -0.2024928 0.9858112 -0.0089117 0.6994677 0.2545396 0.6677388
1403636948.201667 1.1565890 -0.1885788 0.9678016 -0.0235566 0.7023426 0.2374218 0.6706645
1403636948.501667 1.1892244 -0.1725854 0.9744291 -0.0313462 0.7033522 0.2200694 0.6751908
1403636949.401666 1.2982736 -0.1776036 1.0696886 0.0211130 0.6908333 0.2213220 0.6879826
1403636949.951667 1.3361837 -0.1781850 1.1266966 0.0048870 0.6817937 0.2441820 0.6895713
1403636950.251667 1.3586361 -0.1873479 1.1442485 -0.0055948 0.6816840 0.2478803 0.6883539
1403636950.601666 1.3958812 -0.1869781 1.1653067 -0.0076766 0.6938452 0.2161886 0.6868641
1403636951.301666 1.4665198 -0.2165638 1.2163138 0.0051663 0.6826351 0.2400411 0.6901906
1403636952.701667 1.6458277 -0.2351793 1.3368587 0.0146900 0.6921268 0.2124432 0.6896467
1403636953.901666 1.7804137 -0.2370408 1.4443070 -0.0164090 0.6858172 0.2190000 0.6938476
1403636954.401666 1.8520904 -0.2709758 1.4895476 -0.0113578 0.6824547 0.2289252 0.6940604
1403636955.001667 1.9562143 -0.2996345 1.5652925 0.0051172 0.6989565 0.2213565 0.6800257
1403636955.651666 2.0647421 -0.3196421 1.6675279 0.0001353 0.7160503 0.2232730 0.6613783
1403636956.701667 2.2036266 -0.3803312 1.8241386 0.0270162 0.7052799 0.2267631 0.6711400
1403636957.201667 2.2389705 -0.4009444 1.8763565 0.0120315 0.6089765 0.1893784 0.7701550
1403636957.801666 2.2648480 -0.4197407 1.9264565 0.0136510 0.5354216 0.1725369 0.8266610
1403636962.551666 2.2480898 -0.5493186 2.2310336 0.0054233 0.0203954 -0.0382346 0.9990459
1403636962.951667 2.2084444 -0.5818776 2.2336664 0.0079304 -0.0388258 -0.0732679 0.9965247
1403636963.351666 2.1560240 -0.5897265 2.2342460 0.0130035 -0.0457821 -0.0484094 0.9976931
1403636964.301666 2.0308914 -0.6098856 2.1882963 0.0135549 -0.0226079 -0.0513802 0.9983312
1403636965.251667 1.8598057 -0.5902224 2.0881476 0.0078197 -0.1449545 -0.1057721 0.9837374
1403636969.001667 1.2691549 -0.3987614 1.5033926 0.0204428 -0.1349337 -0.0860965 0.9868953
1403636969.451667 1.2248930 -0.3758285 1.3725717 -0.0102941 -0.1340215 -0.0827579 0.9874631
1403636969.951667 1.1717807 -0.3493631 1.2493836 -0.0136492 -0.1302002 -0.0834719 0.9878735
1403636970.451667 1.1132388 -0.3042056 1.1518033 -0.0028865 -0.1331643 -0.0820705 0.9876859
1403636971.551666 0.9761723 -0.2467411 1.0239878 -0.0144695 -0.1517332 -0.0449728 0.9872918
1403636972.201667 0.9500867 -0.1995526 1.0150020 0.0053174 -0.1479038 -0.0676510 0.9866709
1403636974.101666 0.9596642 -0.1602795 0.9810336 0.0007487 -0.0824668 -0.0558514 0.9950273
1403636976.651666 1.0176938 -0.1189759 1.0077457 0.0125351 0.3443776 0.1074675 0.9325758
1403636977.851666 1.1205493 -0.0615080 1.0148339 0.0113346 0.3570360 0.1217409 0.9260540
1403636978.751667 1.2238368 -0.0460950 0.9934856 -0.0304680 0.3732844 0.1208692 0.9193047
1403636979.401666 1.3125248 -0.0296068 1.0231586 -0.0133519 0.3771065 0.1107519 0.9194272
1403636980.501667 1.4734683 -0.0664668 1.1362940 0.0126262 0.3889223 0.1118932 0.9143631
1403636981.301666 1.5605896 -0.0823506 1.2314987 0.0150178 0.3802351 0.1247635 0.9163132
1403636982.101666 1.6402186 -0.1018051 1.3104500 -0.0363423 0.3970076 0.1248048 0.9085637
1403636982.901666 1.7605219 -0.1554517 1.4261731 -0.0088741 0.3892669 0.1274309 0.9122247
1403636984.751667 2.0732658 -0.2638751 1.7418908 -0.0006402 0.4094400 0.1104120 0.9056311
1403636986.401666 2.1999822 -0.3853723 2.0879486 0.0031063 0.3754256 0.0851007 0.9229322
1403636989.901666 1.9240704 -0.5009099 2.1154652 0.0106989 0.3649655 0.0983700 0.9257479
1403636990.551666 1.8439351 -0.4725850 1.9620066 0.0098301 0.3606772 0.0948915 0.9277990
1403636991.251667 1.7483710 -0.4130822 1.8203059 0.0019327 0.3580633 0.0929314 0.9290590
1403636992.051666 1.6421604 -0.3913456 1.6779701 0.0056178 0.3662761 0.1153698 0.9233093
1403636992.901666 1.5568055 -0.3577910 1.5442387 -0.0064615 0.3863326 0.1023671 0.9166386
1403636994.551666 1.3571990 -0.3189587 1.3452334 0.0374534 0.2784326 0.0588468 0.9579194
1403636995.901666 1.1402237 -0.2678905 1.0776633 0.0130334 0.2686902 0.0862743 0.9592666
1403636997.101666 0.9888638 -0.2201353 0.8362423 -0.0071642 0.1438571 0.0268699 0.9892077
1403636998.251667 0.8926530 -0.2120781 0.7010101 -0.0132968 0.1214383 0.0164434 0.9923737
1403636999.501667 0.8117325 -0.2709978 0.6297519 0.0108817 0.1333645 0.0084500 0.9909713
1403637001.251667 0.5956315 -0.2260257 0.4811980 0.0162802 0.1366027 0.0130524 0.9904062
1403637002.401666 0.4336870 -0.1794534 0.3392244 0.0009567 0.1420556 0.0162138 0.9897254
1403637003.251667 0.3209947 -0.1463963 0.2440411 0.0034194 0.1486107 0.0187161 0.9887127
1403637004.151666 0.2035726 -0.1102467 0.1532506 -0.0045464 0.1473334 0.0175284 0.9889211
1403637004.951667 0.1132948 -0.1022011 0.0811501 0.0021189 0.1453831 0.0517872 0.9880168
1403637005.651666 0.0720473 -0.0492935 0.0412630 -0.0028393 0.1517972 0.0266316 0.9880487
1403637007.901666 0.0211317 -0.0035660 -0.0072478 -0.0055708 0.0340846 -0.0212398 0.9991777
1403637008.651666 0.0031415 0.0012857 -0.0079542 0.0037574 0.0475752 -0.0086898 0.9988228
1403637009.901666 0.0172068 0.0197582 0.0105021 0.0440877 0.0198748 0.0153235 0.9987124
