1311868164.363181 -0.0000057 0.0000048 -0.0000065 -0.0000127 -0.0000212 -0.0000080 1.0000000
1311868165.031122 0.1027949 0.0006820 -0.0522624 0.0104371 -0.0108934 -0.0186069 0.9997131
1311868165.063108 0.1137634 0.0018658 -0.0556224 0.0105581 -0.0154475 -0.0198634 0.9996276
1311868165.163146 0.1492605 0.0014293 -0.0629931 0.0143961 -0.0256023 -0.0274881 0.9991905
1311868165.331226 0.2093134 0.0176791 -0.0723342 0.0097833 -0.0437504 -0.0354167 0.9983666
1311868166.263177 0.3167711 0.1059443 -0.1863627 -0.0337413 -0.0101071 -0.0245619 0.9990776
1311868166.999289 0.4385292 0.1500653 -0.2509462 -0.0386471 -0.0175436 -0.0313427 0.9986072
1311868167.631495 0.6324127 0.1353567 -0.2513034 -0.0342198 -0.0792465 -0.0631755 0.9942625
1311868168.699557 0.6791056 0.0334104 -0.1151626 -0.0251078 -0.1016860 -0.0679297 0.9921769
1311868169.199452 0.6969355 -0.0340101 -0.0343521 -0.0076471 -0.1482809 -0.0874848 0.9850385
1311868169.563501 0.7430405 -0.1215580 0.0353948 0.0215330 -0.2147902 -0.1316154 0.9675117
1311868169.831415 0.7833309 -0.1604644 0.0710082 0.0386995 -0.2450130 -0.1433569 0.9580813
1311868170.231467 0.8539674 -0.1968147 0.0779732 0.0431160 -0.2569564 -0.1173972 0.9582966
1311868171.831419 1.1966808 -0.1428337 0.0566509 0.0140001 -0.3119446 -0.1819613 0.9324080
1311868172.063426 1.2506776 -0.1373456 0.0907430 -0.0006179 -0.3162552 -0.1905748 0.9293350
1311868172.363479 1.3093265 -0.1274355 0.1282378 -0.0214887 -0.3187410 -0.1995099 0.9263575
1311868172.899539 1.3695740 -0.1102992 0.2426308 -0.0751348 -0.2956482 -0.2147061 0.9278191
1311868173.399596 1.3792362 -0.1707895 0.3543704 -0.0778299 -0.2978005 -0.2263766 0.9241272
1311868173.799549 1.4036486 -0.2135378 0.4284275 -0.0757262 -0.3209654 -0.2263789 0.9165148
1311868174.031740 1.4327224 -0.2546072 0.4649762 -0.0537226 -0.3580232 -0.2537350 0.8969681
1311868174.267791 1.4714566 -0.2944178 0.5119307 -0.0429451 -0.3811259 -0.2655777 0.8845153
1311868174.599662 1.5096276 -0.3241720 0.5638307 -0.0402045 -0.4088630 -0.2720800 0.8701650
1311868174.867798 1.5041716 -0.3653245 0.5978062 -0.0297400 -0.4213577 -0.2607687 0.8680858
1311868175.131719 1.4762621 -0.4134197 0.6250807 -0.0052288 -0.4215978 -0.2549600 0.8701858
1311868175.431994 1.4382906 -0.4708691 0.6636794 0.0382248 -0.4449545 -0.2235857 0.8663508
1311868176.231937 1.4802685 -0.5879142 0.8346970 0.0759306 -0.5230401 -0.2315010 0.8167440
1311868176.531915 1.5270805 -0.6130288 0.9323340 0.0500462 -0.5341426 -0.2512371 0.8056469
1311868176.831887 1.5451236 -0.6311148 0.9943311 0.0376925 -0.5406495 -0.2571839 0.8000836
1311868177.168091 1.5313010 -0.6591173 1.0590147 0.0326069 -0.5360368 -0.2678908 0.7998974
1311868177.499762 1.4970484 -0.6853268 1.1285312 0.0365329 -0.5303512 -0.2733620 0.8016647
1311868177.867810 1.4888018 -0.6967361 1.2093158 0.0133918 -0.5439448 -0.2913284 0.7868116
1311868178.199855 1.5267845 -0.7223637 1.2916409 0.0113181 -0.5843408 -0.3242009 0.7438492
1311868178.600064 1.5887551 -0.7327365 1.3559268 -0.0017773 -0.6084058 -0.3330260 0.7203700
1311868178.967934 1.6803414 -0.7268326 1.3539521 -0.0104781 -0.6156756 -0.3318855 0.7146227
1311868179.300467 1.8006010 -0.7130360 1.3426037 -0.0172046 -0.6051058 -0.3361285 0.7215044
1311868179.668182 1.9012125 -0.7134282 1.3612982 -0.0372580 -0.5884065 -0.3462738 0.7297150
1311868180.131924 2.0035937 -0.7470506 1.4327674 -0.0428443 -0.6019998 -0.3600209 0.7114391
1311868180.531936 2.0720763 -0.7678055 1.5089768 -0.0646779 -0.6204485 -0.3713153 0.6877393
1311868181.668011 2.0381641 -0.8227242 1.6291497 -0.0636371 -0.6043338 -0.3707801 0.7023199
1311868182.136196 1.8899777 -0.8541157 1.6534899 -0.0583592 -0.6033303 -0.3643480 0.7069917
1311868182.568033 1.7579701 -0.8850935 1.6933022 -0.0543098 -0.6059970 -0.3533562 0.7106035
1311868183.036254 1.5903374 -0.9676332 1.7673337 -0.0180121 -0.6652257 -0.3550028 0.6565998
1311868183.468217 1.4382539 -1.0451260 1.8113617 0.0082345 -0.7079474 -0.3812004 0.5944989
1311868183.900249 1.3006251 -1.0829984 1.8325294 -0.0330862 -0.7261823 -0.3811328 0.5712288
1311868184.300643 1.1736248 -1.1239479 1.8388020 -0.0148372 -0.7245170 -0.3624765 0.5860595
1311868184.736501 1.0447052 -1.1543262 1.8765584 -0.0116643 -0.7555116 -0.3578019 0.5486746
1311868185.136538 0.9270754 -1.2135234 1.9144636 0.0155024 -0.7844680 -0.3641429 0.5017664
1311868185.500443 0.8300068 -1.2352376 1.9375255 0.0249052 -0.7944626 -0.3430149 0.5005493
1311868185.800441 0.7778451 -1.2434645 1.9471588 0.0420093 -0.7967368 -0.3168829 0.5128653
1311868186.136633 0.7208512 -1.2421846 1.9784784 -0.0329834 0.8111982 0.3306899 -0.4811587
1311868186.537052 0.6810002 -1.2450356 2.0433807 -0.0127090 0.8382535 0.3624156 -0.4072155
1311868187.236433 0.7852246 -1.2681204 2.1354899 0.0055570 0.8344082 0.3838488 -0.3954645
1311868187.636477 0.8394095 -1.2900679 2.2011204 0.0070101 0.8153020 0.4075174 -0.4112943
1311868188.036686 0.8421631 -1.3134487 2.2979834 0.0056745 0.8275355 0.4124012 -0.3808910
1311868188.400512 0.8089857 -1.3103971 2.4347186 0.0101379 0.8276183 0.4484456 -0.3374045
1311868188.900697 0.8869241 -1.3226228 2.5327168 0.0470922 0.8215572 0.4694897 -0.3200087
1311868189.368446 1.0163524 -1.3476441 2.6198673 0.0628264 0.7986655 0.4984593 -0.3312469
1311868190.002005 1.0601723 -1.3959935 2.7637792 0.0690276 0.7850288 0.5104358 -0.3441227
1311868190.936594 1.0223038 -1.4932486 2.9572608 0.0690156 0.7889881 0.4975550 -0.3537991
1311868192.704764 0.8642234 -1.5085167 2.9054260 0.0564354 0.7837209 0.4946045 -0.3714338
1311868193.238476 0.8166718 -1.5153432 2.8423619 0.0578804 0.8007611 0.4879099 -0.3426011
1311868193.640297 0.7598909 -1.5505254 2.8149953 0.0398414 0.8150377 0.4968497 -0.2954091
1311868194.172673 0.7191328 -1.5950607 2.7886984 0.0296777 0.8257357 0.4864215 -0.2840316
1311868194.645036 0.6913602 -1.6342674 2.7587554 0.0243066 0.8332634 0.4716332 -0.2874777
1311868195.508972 0.6434516 -1.6955025 2.8420143 0.0193003 0.8405308 0.4526089 -0.2971206
1311868195.969019 0.6449031 -1.6954063 2.9408791 0.0195239 0.8238310 0.4644380 -0.3243742
1311868196.569054 0.7255237 -1.7011098 3.0361321 0.0602023 0.7959703 0.4780014 -0.3664991
1311868197.136991 0.7230312 -1.7311738 3.1537597 0.0665926 0.7842410 0.4862054 -0.3796522
1311868197.805395 0.6439441 -1.7589071 3.3072624 0.0653915 0.7831451 0.5265414 -0.3242865
1311868198.669124 0.5287935 -1.7478421 3.3703861 0.0752607 0.7723196 0.5379511 -0.3293431
1311868199.769136 0.3664826 -1.7289433 3.3645830 0.0805797 0.7910539 0.5475184 -0.2606997
1311868200.337233 0.2453584 -1.7634107 3.4159005 0.0614687 0.8042495 0.5589193 -0.1923890
1311868201.273379 0.1153131 -1.7971298 3.5128398 0.0672245 0.8088418 0.5623550 -0.1581542
1311868202.373252 -0.0073612 -1.7755971 3.5171914 0.0542795 0.7985394 0.5858155 -0.1273137
1311868203.137538 -0.1249524 -1.7941873 3.5034523 0.0412816 0.8169610 0.5652710 -0.1064862
1311868203.637527 -0.1598458 -1.8488860 3.4103706 0.0368885 0.8345950 0.5477851 -0.0449658
1311868204.073619 -0.2352321 -1.8962772 3.3305702 0.0269767 0.8313316 0.5550934 -0.0055983
1311868204.473547 -0.3122040 -1.9417336 3.2660117 0.0291187 0.8263292 0.5616549 0.0295959
1311868204.873553 -0.3719150 -1.9904487 3.2221551 0.0251164 0.8245568 0.5636333 0.0423426
1311868205.205555 -0.4190367 -2.0387814 3.1808443 0.0201652 0.8331929 0.5515336 0.0345477
1311868205.837631 -0.4518730 -2.0956271 3.1392879 0.0252341 0.8637106 0.5023071 0.0324769
1311868206.205696 -0.4672338 -2.1208482 3.0950098 0.0269415 0.8760771 0.4809720 0.0207114
1311868207.105726 -0.5062337 -2.0253391 3.1446607 -0.0048746 0.8664607 0.4972657 0.0441464
1311868207.505671 -0.5831670 -1.9937398 3.1875629 0.0058964 0.8590741 0.5065251 0.0734118
1311868207.873905 -0.6474480 -1.9496830 3.2316356 0.0012533 0.8540058 0.5157136 0.0686448
1311868208.237842 -0.6929971 -1.9193629 3.2850900 -0.0141491 0.8477908 0.5261889 0.0646208
1311868208.637812 -0.7526083 -1.8878043 3.3470387 -0.0043289 0.8413734 0.5358931 0.0699337
1311868209.305793 -0.8084116 -1.7861495 3.3895519 -0.0003992 0.8175414 0.5722584 0.0643904
1311868210.573923 -0.8729929 -1.6366491 3.3428187 0.0100975 0.8139416 0.5746099 0.0849736
1311868211.505937 -1.0332626 -1.6205089 3.3231120 -0.0063696 0.8104286 0.5690069 0.1392702
1311868212.142105 -1.1860584 -1.6102729 3.3415322 -0.0117449 0.8038071 0.5763122 0.1470389
1311868213.174219 -1.2978987 -1.5895170 3.2733967 -0.0147428 0.8105068 0.5701287 0.1334716
1311868213.906335 -1.3577800 -1.5517404 3.1745753 -0.0179964 0.8120536 0.5586269 0.1678721
1311868214.742333 -1.4177983 -1.5271287 3.1047792 -0.0012754 0.8100938 0.5420589 0.2234247
1311868215.242259 -1.4671013 -1.5199871 3.0378404 -0.0243839 0.8037044 0.5210719 0.2862670
1311868215.674534 -1.4711046 -1.5438880 2.9656093 -0.0294182 0.7994925 0.5098309 0.3162575
1311868216.006524 -1.4584610 -1.5711629 2.9176769 -0.0279298 0.7959920 0.5003962 0.3394412
1311868216.442339 -1.4590124 -1.6069345 2.8445938 -0.0178962 0.7951598 0.4961129 0.3482423
1311868216.874405 -1.4793960 -1.6356294 2.7773175 -0.0018296 0.8028591 0.4839357 0.3481669
1311868217.442485 -1.4926343 -1.6758454 2.7263222 -0.0035277 0.8187618 0.4657752 0.3356637
1311868218.774455 -1.5003953 -1.5916998 2.7498684 0.0159576 0.8166071 0.4577866 0.3511833
1311868219.174460 -1.5522221 -1.5276437 2.7648559 -0.0025170 0.8146915 0.4508918 0.3646479
1311868219.642931 -1.5994830 -1.4073479 2.8109076 0.0166046 0.7931326 0.4730743 0.3832305
1311868220.074683 -1.6178167 -1.3454115 2.8622413 0.0338769 0.7768984 0.4784406 0.4078919
1311868220.510865 -1.6431959 -1.2854074 2.9176590 0.0175925 0.7570159 0.4932344 0.4281791
1311868221.174633 -1.7122226 -1.2337466 2.9515717 0.0030438 0.7374012 0.5153167 0.4366679
1311868222.674911 -1.8003165 -1.1945055 2.8863027 -0.0029268 0.7362594 0.5168175 0.4368217
1311868223.576261 -1.8410709 -1.1464057 2.7884278 -0.0070607 0.7186672 0.5116719 0.4708072
1311868224.311516 -1.8987219 -1.1207756 2.7258956 0.0083908 0.7109426 0.5048052 0.4895528
1311868224.742798 -1.9681866 -1.0918095 2.6625857 0.0022274 0.7041564 0.4930180 0.5109717
1311868225.176049 -2.0236948 -1.0673633 2.6045561 -0.0019680 0.7031624 0.4842984 0.5205899
1311868225.810874 -2.0943892 -1.0388579 2.5623121 -0.0011275 0.6885473 0.4820371 0.5417948
1311868226.411020 -2.1339445 -1.0105081 2.5125570 -0.0038412 0.6897779 0.4785219 0.5433310
1311868226.810784 -2.1412592 -0.9819466 2.4241371 0.0002519 0.6847863 0.4850245 0.5438924
1311868227.210865 -2.1343241 -0.9510341 2.3106859 0.0000739 0.6850088 0.4680123 0.5583256
1311868227.610890 -2.1268463 -0.9206769 2.2346573 0.0152401 0.6729265 0.4613856 0.5779800
1311868227.979289 -2.1360080 -0.8960012 2.1758420 0.0095911 0.6479464 0.4418974 0.6203226
1311868228.412437 -2.1791518 -0.8607547 2.0971549 0.0063089 0.6212495 0.4224207 0.6599773
1311868228.879273 -2.2312555 -0.8240348 2.0082884 -0.0094689 0.6098012 0.4075421 0.6796780
1311868229.249047 -2.2335336 -0.8029808 1.9476405 0.0015164 0.6163180 0.4078810 0.6736341
1311868229.712459 -2.1479030 -0.8281322 1.8716142 -0.0160839 0.6020005 0.4303146 0.6724329
1311868230.113585 -2.0528958 -0.8673998 1.8086964 -0.0117451 0.5999327 0.4361578 0.6706036
1311868230.443234 -1.9812102 -0.9008921 1.7463939 -0.0144500 0.5978025 0.4488294 0.6640599
1311868230.682847 -1.9275737 -0.9024654 1.6958880 0.0031284 0.6048923 0.4630573 0.6478220
1311868231.043362 -1.8736266 -0.9125286 1.6263903 -0.0111091 0.6129447 0.4368177 0.6583052
1311868231.582970 -1.7835293 -0.9470550 1.5467460 -0.0652646 0.6023286 0.4387921 0.6636281
1311868232.084470 -1.6904787 -1.0237116 1.5225838 -0.0843207 0.5986948 0.4372754 0.6657664
1311868232.543326 -1.6087182 -1.0847509 1.5137005 -0.0851516 0.6043339 0.4470313 0.6539822
1311868234.243581 -1.7229012 -1.0131607 1.4333482 -0.0474868 0.5915538 0.3913246 0.7033308
1311868234.743637 -1.8415122 -0.9384466 1.3833860 -0.0508120 0.5843493 0.3631872 0.7239124
1311868235.279710 -1.9435945 -0.8401595 1.3323659 -0.0516173 0.5738853 0.3706942 0.7284073
1311868235.811896 -1.9839072 -0.7431597 1.2871121 -0.0401912 0.5916345 0.3639081 0.7182787
1311868236.311580 -1.9775461 -0.6507181 1.2402411 -0.0334675 0.5580401 0.3645149 0.7447147
1311868236.779605 -1.9671988 -0.5760425 1.2042079 -0.0198340 0.5444100 0.3500901 0.7620113
1311868237.347705 -1.9807326 -0.4766785 1.1501036 0.0027577 0.5128140 0.3457103 0.7858107
1311868237.779615 -2.0019567 -0.3995587 1.0444062 -0.0198054 0.4880135 0.3132214 0.8144587
1311868238.247769 -2.0231736 -0.3169029 0.9494997 -0.0220370 0.4572886 0.3149500 0.8313892
1311868238.879655 -1.9788082 -0.2399198 0.8729089 -0.0286045 0.4549243 0.3274068 0.8276657
1311868239.547793 -1.9037721 -0.1728443 0.8171605 -0.0205282 0.4112094 0.3155290 0.8549426
1311868239.979870 -1.8805948 -0.1280660 0.7733680 -0.0278376 0.3723468 0.2946012 0.8796551
1311868240.311899 -1.8699844 -0.0727166 0.6866671 -0.0409780 0.3551656 0.2724966 0.8932658
1311868240.711873 -1.8796747 -0.0142536 0.6206225 -0.0568124 0.3457866 0.2583895 0.9002438
1311868241.348159 -1.8124857 -0.0625675 0.5606426 -0.0722552 0.3505266 0.2778492 0.8914651
1311868241.712640 -1.7360078 -0.1339824 0.5372933 -0.0601444 0.3428332 0.2884272 0.8919965
1311868242.111944 -1.6665561 -0.1875716 0.4869629 -0.0625741 0.3181389 0.2493069 0.9125339
1311868242.580083 -1.6197851 -0.1953597 0.4262173 -0.0582477 0.2819080 0.2169484 0.9327746
1311868243.148081 -1.5712793 -0.1656540 0.3949401 -0.0369309 0.2863768 0.2219756 0.9313170
1311868243.512100 -1.5324160 -0.1433917 0.3546813 -0.0332760 0.2786187 0.1957688 0.9396483
1311868243.880069 -1.4863654 -0.0949829 0.2752378 -0.0583048 0.2377266 0.1702851 0.9545102
1311868244.248025 -1.4512441 -0.0369892 0.2132676 -0.0503119 0.1969989 0.1445605 0.9683813
1311868244.612250 -1.4259193 0.0336694 0.1689418 -0.0569542 0.1889354 0.1364767 0.9707903
1311868244.880436 -1.3916303 0.0780509 0.1536131 -0.0617536 0.1959122 0.1489080 0.9672804
1311868245.348205 -1.3024843 0.1256843 0.1434716 -0.0629014 0.1907064 0.1357504 0.9701785
1311868245.716121 -1.2260633 0.1586218 0.1187892 -0.0521321 0.1747312 0.1397560 0.9732521
1311868246.080289 -1.1543998 0.2154977 0.0714006 -0.0701135 0.1423466 0.1383004 0.9775963
1311868246.648250 -1.1133837 0.3005545 -0.0400657 -0.0925127 0.1322340 0.1296327 0.9783409
1311868247.880235 -0.9335840 0.2434626 -0.0512864 -0.0909804 0.1432213 0.1264755 0.9773506
1311868248.348315 -0.8274983 0.1765443 -0.0046849 -0.0909891 0.1182248 0.1226091 0.9811783
1311868248.716495 -0.7218927 0.1331524 0.0192275 -0.1063270 0.0931089 0.0867740 0.9861519
1311868249.080657 -0.6108963 0.0778642 0.0347666 -0.1249603 0.0823375 0.0785835 0.9856116
1311868249.480373 -0.5385256 0.0386383 0.0655769 -0.1192254 0.0847232 0.0771412 0.9862335
1311868249.848322 -0.4982435 -0.0272304 0.1202462 -0.1142529 0.0902727 0.0735477 0.9866042
1311868250.216361 -0.4742872 -0.1110099 0.1826445 -0.1018843 0.1004930 0.0742860 0.9869156
1311868250.648757 -0.4582751 -0.1925083 0.2349144 -0.0935804 0.0815853 0.0789547 0.9891171
1311868251.048640 -0.4621260 -0.2314832 0.2476736 -0.0702642 0.0813176 0.0604548 0.9923687
1311868251.616591 -0.4117661 -0.1784256 0.2165733 -0.0777868 0.0779884 0.0575655 0.9922466
1311868252.048722 -0.3230473 -0.1328797 0.1498241 -0.0764172 0.0685120 0.0412542 0.9938635
1311868252.380676 -0.2393310 -0.0939271 0.0874690 -0.0746066 0.0576397 0.0037512 0.9955388
1311868252.816693 -0.1297367 -0.0254146 0.0287192 -0.0959557 0.0376561 0.0111594 0.9946105
1311868254.680858 0.3271107 0.0716076 0.0182003 -0.1301929 -0.0464533 -0.0259725 0.9900593
1311868255.484846 0.4835237 0.1247628 -0.0157535 -0.1416788 -0.0816129 -0.0311229 0.9860516
1311868256.316827 0.6512116 0.0737024 0.0534312 -0.1458961 -0.0944093 -0.0543009 0.9832866
1311868257.116964 0.8154019 -0.0157661 0.1383491 -0.1166876 -0.1434082 -0.0823755 0.9793020
1311868257.885261 0.9529715 -0.1418993 0.1929545 -0.1159010 -0.2000524 -0.1517897 0.9609922
1311868258.585124 0.9542547 -0.3008130 0.3043187 -0.1358138 -0.2328533 -0.1904898 0.9439532
1311868259.248996 0.9617778 -0.4313884 0.4313715 -0.1107158 -0.2786476 -0.1961387 0.9336097
1311868260.049125 1.0538515 -0.4898279 0.5402265 -0.0861570 -0.3057892 -0.2250387 0.9211013
