1311868164.363181 -0.0000009 0.0000022 0.0000004 -0.0000043 -0.0000006 0.0000002 1.0000000
1311868164.863058 0.0587641 0.0001557 -0.0437069 0.0069004 -0.0041621 -0.0154786 0.9998477
1311868164.899132 0.0655474 -0.0022996 -0.0466747 0.0096277 -0.0027547 -0.0153487 0.9998320
1311868165.131014 0.1343619 -0.0008462 -0.0605599 0.0116349 -0.0214321 -0.0251852 0.9993853
1311868165.731234 0.3078364 0.0450387 -0.0936385 -0.0024112 -0.0516610 -0.0366808 0.9979879
1311868166.363122 0.3134454 0.1253187 -0.1989372 -0.0477852 -0.0034514 -0.0187740 0.9986752
1311868167.763281 0.6470409 0.1319645 -0.2463456 -0.0395275 -0.0825044 -0.0655259 0.9936483
1311868169.131247 0.6914419 -0.0230014 -0.0470389 -0.0122792 -0.1363345 -0.0813508 0.9872407
1311868169.731279 0.7658423 -0.1480391 0.0568765 0.0347800 -0.2380644 -0.1443338 0.9598351
1311868171.063438 1.0090402 -0.1540302 -0.0005897 0.0249410 -0.2670623 -0.1343411 0.9539435
1311868171.899575 1.2096962 -0.1380282 0.0598760 0.0091073 -0.3113590 -0.1849309 0.9320800
1311868172.563601 1.3387525 -0.1178806 0.1542416 -0.0354792 -0.3080884 -0.2100792 0.9271944
1311868173.031458 1.3736646 -0.1192965 0.2734856 -0.0794558 -0.2952238 -0.2212842 0.9260470
1311868173.799549 1.4034901 -0.2112728 0.4233276 -0.0750358 -0.3198782 -0.2267895 0.9168501
1311868174.231617 1.4679019 -0.2904473 0.5031708 -0.0449451 -0.3783909 -0.2644004 0.8859417
1311868175.031665 1.4933378 -0.3968029 0.6125951 -0.0149101 -0.4207813 -0.2554037 0.8703389
1311868175.567800 1.4296427 -0.4875305 0.6854070 0.0503710 -0.4519523 -0.2069070 0.8662513
1311868175.831761 1.4315296 -0.5288922 0.7334445 0.0664434 -0.4735746 -0.2003616 0.8550834
1311868176.099801 1.4576874 -0.5715631 0.7962235 0.0744564 -0.5084841 -0.2172355 0.8298849
1311868176.331871 1.4973741 -0.6031210 0.8669068 0.0694718 -0.5295851 -0.2404239 0.8104996
1311868176.667782 1.5397431 -0.6201509 0.9627872 0.0413131 -0.5372927 -0.2565255 0.8023742
1311868177.231903 1.5235424 -0.6653258 1.0697501 0.0369872 -0.5319064 -0.2721934 0.8010108
1311868177.699913 1.4876875 -0.6959021 1.1765049 0.0213863 -0.5291771 -0.2865628 0.7983708
1311868178.267968 1.5371460 -0.7329440 1.3069534 0.0176135 -0.5840693 -0.3302080 0.7412931
1311868178.767938 1.6227461 -0.7339377 1.3587127 -0.0074580 -0.6137416 -0.3339386 0.7153674
1311868179.432203 1.8403807 -0.7205430 1.3467114 -0.0329125 -0.6034386 -0.3414925 0.7198344
1311868180.400081 2.0513725 -0.7707812 1.4918083 -0.0583801 -0.6158801 -0.3666158 0.6948931
1311868182.400284 1.8119469 -0.8747546 1.6798645 -0.0632461 -0.5998108 -0.3599606 0.7117972
1311868183.000259 1.6044374 -0.9598380 1.7647306 -0.0209252 -0.6627234 -0.3531891 0.6600131
1311868183.400232 1.4536202 -1.0441533 1.8120137 0.0123394 -0.7025658 -0.3823231 0.6000651
1311868183.968498 1.2713097 -1.0958827 1.8347377 -0.0322846 -0.7257232 -0.3833392 0.5703810
1311868184.200464 1.1974835 -1.1215370 1.8334030 -0.0177029 -0.7273625 -0.3651649 0.5807624
1311868184.568437 1.0937692 -1.1399488 1.8619127 -0.0136501 -0.7363638 -0.3569331 0.5746136
1311868184.668352 1.0640143 -1.1459030 1.8694677 -0.0169094 -0.7470576 -0.3562814 0.5609658
1311868184.836324 1.0082458 -1.1761305 1.8877442 -0.0023170 -0.7661883 -0.3563955 0.5347264
1311868184.968436 0.9667743 -1.1989021 1.9028859 0.0044463 -0.7772034 -0.3568968 0.5182275
1311868185.236390 0.8943187 -1.2210265 1.9225994 -0.0116809 0.7904575 0.3618065 -0.4941017
1311868185.368510 0.8606846 -1.2301478 1.9310154 -0.0185007 0.7967748 0.3509960 -0.4915379
1311868185.468575 0.8376148 -1.2324952 1.9394083 -0.0201766 0.7957690 0.3441812 -0.4978794
1311868185.600364 0.8115851 -1.2381952 1.9398539 0.0359502 -0.7935243 -0.3361197 0.5060142
1311868185.668624 0.7967408 -1.2409521 1.9433161 0.0425487 -0.7950386 -0.3323432 0.5056196
1311868185.701972 0.7913051 -1.2439488 1.9446943 0.0430587 -0.7952322 -0.3281404 0.5080113
1311868185.736700 0.7852682 -1.2438653 1.9467132 0.0423860 -0.7956269 -0.3238454 0.5102013
1311868185.900384 0.7605703 -1.2407613 1.9570982 0.0318508 -0.8013809 -0.3150123 0.5074854
1311868185.968391 0.7475297 -1.2405851 1.9622233 0.0304562 -0.8036695 -0.3186805 0.5016278
1311868186.036453 0.7353203 -1.2400119 1.9670668 -0.0313497 0.8064725 0.3223397 -0.4946882
1311868186.103248 0.7241491 -1.2426996 1.9762280 -0.0322912 0.8097621 0.3279015 -0.4855134
1311868186.168524 0.7140759 -1.2439895 1.9856031 -0.0304131 0.8138010 0.3320307 -0.4759817
1311868186.200391 0.7079493 -1.2410874 1.9897268 -0.0280713 0.8162310 0.3342192 -0.4704004
1311868186.268650 0.6972053 -1.2423550 1.9988155 -0.0254546 0.8220989 0.3418801 -0.4545586
1311868186.368410 0.6887336 -1.2431018 2.0162852 -0.0230553 0.8312967 0.3507934 -0.4305325
1311868186.436523 0.6816242 -1.2459829 2.0304437 -0.0201373 0.8356017 0.3566653 -0.4173178
1311868186.568549 0.6755042 -1.2426803 2.0505838 -0.0079672 0.8399692 0.3638139 -0.4025266
1311868186.668623 0.6753857 -1.2478065 2.0652714 -0.0049465 0.8421463 0.3676912 -0.3944216
1311868186.869317 0.7060742 -1.2500160 2.0912130 -0.0007458 0.8442092 0.3747749 -0.3832155
1311868187.036707 0.7339385 -1.2606210 2.1103997 0.0000585 0.8426145 0.3766619 -0.3848722
1311868187.169000 0.7643020 -1.2678516 2.1259060 0.0053362 0.8382059 0.3793157 -0.3917934
1311868187.436706 0.8136309 -1.2766509 2.1681941 0.0081883 0.8227488 0.4034998 -0.4002565
1311868187.837466 0.8431379 -1.3012013 2.2426772 0.0139212 0.8177704 0.4081459 -0.4055549
1311868188.136705 0.8290412 -1.3183262 2.3357732 0.0135354 0.8321269 0.4154087 -0.3671747
1311868188.268577 0.8157789 -1.3191428 2.3912034 0.0167151 0.8339456 0.4279079 -0.3480662
1311868188.468574 0.8056728 -1.3058231 2.4495380 0.0161247 0.8259799 0.4532785 -0.3347172
1311868188.900697 0.8814079 -1.3220639 2.5351543 0.0489977 0.8216785 0.4689721 -0.3201700
1311868189.337870 1.0055026 -1.3438582 2.6160417 0.0646075 0.8003810 0.4960391 -0.3303956
1311868190.168751 1.0463989 -1.4241740 2.8091731 0.0723331 0.7849811 0.5094774 -0.3449716
1311868192.304674 0.9097526 -1.5119803 2.9758482 0.0655422 0.7792118 0.5019033 -0.3696298
1311868193.710143 0.7515051 -1.5533587 2.8123569 0.0364994 0.8182450 0.4941961 -0.2913986
1311868195.368984 0.6446900 -1.6834066 2.8176012 0.0271681 0.8431896 0.4509819 -0.2913907
1311868196.307425 0.6785664 -1.6966733 3.0008824 0.0362765 0.8094540 0.4737875 -0.3449545
1311868197.105017 0.7213864 -1.7258205 3.1488702 0.0696245 0.7845811 0.4830016 -0.3824844
1311868198.037139 0.6180490 -1.7536393 3.3446548 0.0770511 0.7773622 0.5318422 -0.3269788
1311868199.905169 0.3387254 -1.7246199 3.3706651 0.0767005 0.7955395 0.5498572 -0.2426747
1311868200.937356 0.1473815 -1.7782218 3.5038919 0.0645180 0.8069090 0.5636826 -0.1643086
1311868203.037557 -0.1186783 -1.7841282 3.5126247 0.0324036 0.8136078 0.5689391 -0.1153288
1311868203.837454 -0.1868036 -1.8596334 3.3961234 0.0393809 0.8343660 0.5491447 -0.0268800
1311868204.637637 -0.3385599 -1.9561784 3.2503235 0.0181044 0.8287423 0.5586314 0.0280981
1311868205.537722 -0.4387853 -2.0679379 3.1549208 0.0243586 0.8505630 0.5237387 0.0405820
1311868206.437725 -0.4631681 -2.1083241 3.0974054 0.0188164 0.8800356 0.4745038 0.0054224
1311868208.037660 -0.6721432 -1.9334354 3.2618382 -0.0014948 0.8527809 0.5183995 0.0634386
1311868208.805683 -0.7734190 -1.8658910 3.3707335 -0.0009748 0.8339425 0.5476133 0.0682536
1311868210.605964 -0.8706391 -1.6310474 3.3461883 0.0114941 0.8140197 0.5744811 0.0849197
1311868212.574023 -1.2463582 -1.6002491 3.3410106 -0.0100568 0.8080382 0.5733058 0.1352541
1311868214.742333 -1.4168998 -1.5208343 3.1150775 -0.0013127 0.8114478 0.5405082 0.2222650
1311868216.042488 -1.4556382 -1.5662000 2.9202650 -0.0268480 0.7969389 0.4991038 0.3392094
1311868216.874405 -1.4797015 -1.6328645 2.7858105 -0.0023181 0.8036683 0.4831367 0.3474059
1311868219.010718 -1.5345087 -1.5558920 2.7659373 -0.0040750 0.8162611 0.4519863 0.3597355
1311868219.474442 -1.5880350 -1.4405711 2.8063250 0.0114216 0.8060659 0.4603038 0.3718167
1311868220.142630 -1.6212094 -1.3245413 2.8798702 0.0326742 0.7742632 0.4802811 0.4108271
1311868220.842747 -1.6815189 -1.2456876 2.9472001 0.0085618 0.7413518 0.5123864 0.4333408
1311868223.375535 -1.8342266 -1.1493642 2.8139150 -0.0105663 0.7192086 0.5116532 0.4699345
1311868225.342940 -2.0454273 -1.0522170 2.5981548 -0.0058745 0.7011176 0.4814697 0.5259150
1311868227.047092 -2.1353755 -0.9581102 2.3683255 0.0017901 0.6847574 0.4751238 0.5525951
1311868227.610890 -2.1236072 -0.9137064 2.2462261 0.0146907 0.6743510 0.4597159 0.5776644
1311868228.214746 -2.1461167 -0.8726792 2.1407795 0.0054610 0.6308952 0.4308250 0.6452374
1311868229.216477 -2.2324715 -0.8049188 1.9695545 -0.0005510 0.6170858 0.4093375 0.6720474
1311868230.012490 -2.0675805 -0.8645450 1.8354324 -0.0123134 0.6025386 0.4333940 0.6700487
1311868230.312518 -1.9996861 -0.8919992 1.7812743 -0.0170749 0.6124086 0.4325653 0.6614767
1311868230.613609 -1.9362664 -0.9041118 1.7258768 -0.0056669 0.6030059 0.4666349 0.6469958
1311868230.843194 -1.9021355 -0.9107847 1.6833005 0.0057544 0.6131430 0.4457317 0.6521854
1311868231.083967 -1.8614737 -0.9176576 1.6312706 -0.0149304 0.6172740 0.4316227 0.6576106
1311868231.284432 -1.8399464 -0.9313728 1.5980631 -0.0422788 0.6141396 0.4315360 0.6594101
1311868231.514222 -1.7973447 -0.9434909 1.5665481 -0.0670995 0.6054649 0.4385384 0.6607526
1311868231.843239 -1.7312695 -0.9918843 1.5459912 -0.0773375 0.6070562 0.4381294 0.6584408
1311868232.143235 -1.6749283 -1.0387056 1.5398473 -0.0902208 0.5991660 0.4348163 0.6661794
1311868232.543326 -1.6057189 -1.0888379 1.5317836 -0.0878819 0.6069598 0.4453823 0.6523122
1311868233.079646 -1.5682093 -1.1474999 1.5433507 -0.0716760 0.6115355 0.4296810 0.6605007
1311868233.943472 -1.6601151 -1.0518043 1.4984607 -0.0515922 0.5938456 0.4086394 0.6911581
1311868234.279402 -1.7272321 -1.0132694 1.4488885 -0.0502148 0.5928284 0.3862121 0.7048923
1311868234.711442 -1.8325846 -0.9511340 1.4046745 -0.0535527 0.5877106 0.3617930 0.7216884
1311868235.111629 -1.9156575 -0.8805318 1.3662789 -0.0566507 0.5798702 0.3625680 0.7273828
1311868235.443732 -1.9625344 -0.8154558 1.3302813 -0.0454464 0.5796998 0.3707359 0.7241808
1311868235.779537 -1.9806106 -0.7558440 1.3051201 -0.0436726 0.5959955 0.3625761 0.7151368
1311868236.111800 -1.9806970 -0.6937695 1.2733715 -0.0347383 0.5759727 0.3617662 0.7322389
1311868236.443514 -1.9765038 -0.6346693 1.2399774 -0.0422363 0.5602360 0.3551626 0.7471354
1311868236.879498 -1.9742106 -0.5661483 1.2113446 -0.0188241 0.5415512 0.3464667 0.7657211
1311868237.279719 -1.9792876 -0.4930018 1.1728436 0.0009532 0.5176675 0.3484942 0.7813906
1311868237.547675 -1.9913962 -0.4456178 1.1085143 -0.0061201 0.5018945 0.3349459 0.7974182
1311868237.911846 -2.0126393 -0.3789681 1.0204380 -0.0187260 0.4775411 0.3104416 0.8217237
1311868238.279669 -2.0206809 -0.3118442 0.9501377 -0.0223664 0.4566122 0.3157875 0.8314345
1311868238.747681 -1.9960837 -0.2619404 0.8934886 -0.0279651 0.4562897 0.3169371 0.8310045
1311868239.411681 -1.9169133 -0.1947913 0.8267625 -0.0200636 0.4200756 0.3148616 0.8508796
1311868240.079916 -1.8780150 -0.1192923 0.7568055 -0.0366636 0.3678739 0.2859232 0.8840659
1311868240.547745 -1.8717512 -0.0463645 0.6466032 -0.0606624 0.3536538 0.2536260 0.8982889
1311868241.479924 -1.7796972 -0.1024341 0.5558856 -0.0705440 0.3472485 0.2808096 0.8919573
1311868241.911969 -1.6937697 -0.1706637 0.5229816 -0.0631585 0.3371355 0.2661908 0.9008291
1311868242.511969 -1.6159106 -0.2003539 0.4318089 -0.0601859 0.2839977 0.2188569 0.9315711
1311868243.411942 -1.5458533 -0.1577265 0.3709266 -0.0326970 0.2780728 0.2078867 0.9372244
1311868243.779970 -1.4987597 -0.1126689 0.3010276 -0.0529766 0.2422526 0.1688758 0.9539330
1311868244.148092 -1.4600292 -0.0600730 0.2281488 -0.0555267 0.2023133 0.1540498 0.9655334
1311868244.312192 -1.4547210 -0.0250069 0.1956407 -0.0539104 0.1858009 0.1381815 0.9713277
1311868244.548269 -1.4303678 0.0202564 0.1749522 -0.0573600 0.1905134 0.1360347 0.9705200
1311868244.780046 -1.4092877 0.0632138 0.1571710 -0.0585992 0.1865720 0.1419950 0.9703579
1311868245.012295 -1.3735477 0.0938506 0.1461709 -0.0717815 0.2006079 0.1448276 0.9662447
1311868245.548216 -1.2583276 0.1356583 0.1290257 -0.0506594 0.1705629 0.1322974 0.9751099
1311868245.916227 -1.1857038 0.1854437 0.0980723 -0.0570202 0.1538908 0.1551324 0.9741665
1311868246.180201 -1.1464976 0.2284334 0.0559307 -0.0770209 0.1328460 0.1353888 0.9788205
1311868246.816180 -1.1071020 0.3226605 -0.0653954 -0.0968917 0.1378029 0.1323690 0.9767808
1311868247.848368 -0.9386961 0.2553348 -0.0553151 -0.0893684 0.1409482 0.1294597 0.9774390
1311868248.648465 -0.7436901 0.1466640 0.0231088 -0.1023057 0.0924638 0.0995336 0.9854324
1311868248.980371 -0.6501330 0.0953690 0.0364649 -0.1224712 0.0770181 0.0823499 0.9860464
1311868249.316586 -0.5657978 0.0612796 0.0561272 -0.1260925 0.0866919 0.0791064 0.9850520
1311868249.580331 -0.5281932 0.0195852 0.0822934 -0.1133871 0.0916498 0.0735072 0.9865801
1311868250.016358 -0.4877983 -0.0661650 0.1544913 -0.1069061 0.1002966 0.0763127 0.9862495
1311868250.448319 -0.4701055 -0.1527172 0.2179980 -0.0928481 0.0968546 0.0756516 0.9880664
1311868251.280411 -0.4566762 -0.2121248 0.2458401 -0.0721059 0.0840463 0.0534172 0.9924130
1311868252.048722 -0.3296975 -0.1307005 0.1554737 -0.0756123 0.0708032 0.0413403 0.9937609
1311868252.380676 -0.2455831 -0.0942640 0.0895460 -0.0747745 0.0594250 0.0037322 0.9954213
1311868252.916592 -0.1095985 -0.0108290 0.0218827 -0.0985529 0.0374413 0.0147511 0.9943178
1311868253.381067 -0.0084311 0.0170538 0.0172616 -0.1093284 0.0462494 0.0206138 0.9927152
1311868254.716785 0.3347406 0.0713143 0.0171647 -0.1331683 -0.0479811 -0.0266274 0.9895731
1311868254.948966 0.3947058 0.0938708 0.0052238 -0.1431871 -0.0632551 -0.0280948 0.9872725
1311868255.384831 0.4694607 0.1224369 -0.0188117 -0.1446389 -0.0802868 -0.0321467 0.9856978
1311868255.884951 0.5492929 0.1204834 0.0017667 -0.1443066 -0.0823196 -0.0339484 0.9855185
1311868256.284837 0.6436867 0.0789747 0.0481014 -0.1470247 -0.0944406 -0.0516031 0.9832608
1311868256.517192 0.6966306 0.0535033 0.0724665 -0.1329906 -0.1016474 -0.0544329 0.9843873
1311868256.785171 0.7527859 0.0219437 0.1018400 -0.1229396 -0.1102875 -0.0532366 0.9848291
1311868257.149165 0.8220596 -0.0219471 0.1374013 -0.1166696 -0.1463282 -0.0859237 0.9785670
1311868257.549492 0.9073144 -0.0841863 0.1705695 -0.1269782 -0.1792401 -0.1211399 0.9680262
1311868257.985217 0.9586918 -0.1592419 0.1946306 -0.1215728 -0.2089729 -0.1569852 0.9575521
1311868258.086178 0.9572331 -0.1811846 0.2118229 -0.1337517 -0.2295027 -0.1594464 0.9507975
1311868258.251845 0.9617817 -0.2135347 0.2397662 -0.1423019 -0.2427178 -0.1721991 0.9440264
1311868258.517262 0.9581748 -0.2811331 0.2878825 -0.1409858 -0.2350141 -0.1899915 0.9427590
1311868258.885648 0.9511063 -0.3720565 0.3516983 -0.1316811 -0.2541806 -0.1736246 0.9422881
1311868259.617127 1.0125611 -0.4772006 0.4956799 -0.0897091 -0.2880552 -0.2295184 0.9253636
