1403636579.813555 -0.8377016 0.9433372 0.0596346 -0.7995791 0.1223956 -0.0702390 0.5837458
1403636582.663555 -0.8536350 0.9458374 0.0186934 -0.8171183 0.1260759 -0.0908141 0.5551354
1403636585.563555 -0.8147411 0.9628936 0.0308611 -0.8093817 0.1320621 -0.1199393 0.5595315
1403636588.313555 -0.5120767 0.8367862 -0.0269588 -0.8913791 0.1950854 -0.0748919 0.4022141
1403636591.163555 -0.8115124 0.8516899 -0.0066116 -0.8962349 0.1518021 -0.0465913 0.4141842
1403636594.013556 -0.9135336 0.7929204 -0.0637572 -0.8825541 0.1888501 -0.0393401 0.4288199
1403636594.363555 -0.7101678 0.7729573 -0.0689490 -0.8630481 0.2637232 -0.1056060 0.4176667
1403636594.763556 -0.5460292 0.9191536 -0.0751842 -0.8508788 0.2544698 -0.1165695 0.4445920
1403636596.163555 -0.7458339 0.7655215 -0.1174669 -0.8819920 0.1790430 -0.0788126 0.4287452
1403636596.513556 -0.8690593 0.6707662 -0.0826572 -0.8740465 0.1882470 -0.0854939 0.4396552
1403636597.013556 -0.9162659 0.7050025 -0.0769585 -0.8746796 0.1704758 -0.0964368 0.4433662
1403636598.263556 -0.8913011 0.8914555 -0.1012708 -0.8981996 0.0463597 -0.0195843 0.4366976
1403636601.213556 -0.7530320 1.0682667 -0.3053669 -0.7938558 0.0540591 -0.0126075 0.6055673
1403636603.713556 -0.7531242 1.0682210 -0.3053691 -0.7937775 0.0543571 -0.0124898 0.6056456
1403636606.213556 -0.7531587 1.0682579 -0.3053868 -0.7937778 0.0543277 -0.0125135 0.6056473
1403636608.713556 -0.7531707 1.0682775 -0.3054478 -0.7937502 0.0542872 -0.0126788 0.6056838
1403636611.213556 -0.7531190 1.0681913 -0.3053559 -0.7938966 0.0541521 -0.0126162 0.6055053
1403636613.713556 -0.7526187 1.0680370 -0.3056859 -0.7934976 0.0541499 -0.0129297 0.6060216
1403636616.213556 -0.7526051 1.0679749 -0.3056149 -0.7935342 0.0543735 -0.0126532 0.6059596
1403636618.713556 -0.7526349 1.0680196 -0.3055707 -0.7935268 0.0546821 -0.0125702 0.6059431
1403636621.213556 -0.7526149 1.0681535 -0.3057095 -0.7934242 0.0544211 -0.0126579 0.6060991
1403636623.713556 -0.7520812 1.0683793 -0.3054231 -0.7932040 0.0559914 -0.0119166 0.6062593
1403636626.363555 -0.7013847 1.0772127 0.0379108 -0.8087704 0.0498939 -0.0186630 0.5857071
1403636629.113555 -0.3255852 1.0502105 0.1847359 -0.8190336 0.1052756 -0.0794466 0.5583809
1403636630.663555 0.3702733 1.2936792 0.1555651 -0.7872202 0.2282770 -0.1770941 0.5448042
1403636633.113555 1.3214667 2.0717251 0.0048909 -0.8085475 0.1355375 -0.1113871 0.5616702
1403636635.513556 2.2955575 3.4273181 -0.0626879 -0.8187706 0.1003705 -0.0678848 0.5611881
1403636638.213556 3.1965671 4.8736482 0.2800221 -0.8077520 0.0857001 -0.0729046 0.5786858
1403636638.413555 3.2215047 4.9615250 0.2474241 -0.8168528 0.0931158 -0.0612013 0.5659817
1403636638.813555 3.3080871 5.1551571 0.1984129 -0.8234481 0.0894212 -0.0638653 0.5566491
1403636641.463556 4.2816343 6.4443178 0.0171747 -0.8101208 0.0559789 -0.0405610 0.5821729
1403636643.463556 4.6783390 6.7582674 -0.0002489 -0.8127587 0.1063435 -0.0758692 0.5677660
1403636643.963556 4.8085785 6.8671832 0.0721712 -0.8296737 0.1005116 -0.0746690 0.5440252
1403636644.663555 5.0667214 7.1940193 0.0096474 -0.7995142 0.1177405 -0.0537284 0.5865387
1403636647.513556 6.7917094 8.7583237 -0.0284824 -0.7738339 0.2349364 -0.1650112 0.5645860
1403636649.563555 7.8922315 8.7045021 0.0317698 -0.7156998 0.3833366 -0.2821420 0.5110996
1403636651.613555 8.2312927 8.0982294 0.2342291 -0.6381336 0.4975266 -0.3664595 0.4593042
1403636651.913555 8.2037764 7.9939499 0.2305422 -0.6193562 0.5102307 -0.3665074 0.4708873
1403636654.713556 7.9190955 6.6613913 0.1689234 0.4699207 -0.6671451 0.4762646 -0.3275119
1403636654.913555 7.8730845 6.5958300 0.1805668 0.4581859 -0.6777550 0.4812426 -0.3148325
1403636655.363555 7.7619567 6.4672208 0.1424809 0.4328003 -0.6742520 0.5043020 -0.3220988
1403636655.713556 7.6148357 6.3865433 0.1224880 0.4057336 -0.7063813 0.4989632 -0.2957053
1403636656.813555 7.0924358 6.0068636 0.0800567 0.3477798 -0.7295250 0.5324857 -0.2515979
1403636657.213556 6.9024010 5.8554468 0.0497174 0.3464855 -0.7221915 0.5359464 -0.2667374
1403636659.013556 5.7912145 4.9707627 -0.1671934 0.3518498 -0.7332585 0.5356609 -0.2271592
1403636659.413555 5.6275659 4.8142209 -0.2761834 0.3489999 -0.7347540 0.5331212 -0.2326317
1403636661.513556 5.4770813 4.5688725 -0.9460924 0.3437906 -0.7315301 0.5422108 -0.2295200
1403636663.363555 5.5169635 5.0591354 -1.0665886 0.3453216 -0.7596374 0.5061018 -0.2180943
1403636663.613555 5.5334387 5.0480714 -1.1402454 0.3596331 -0.7613727 0.5018669 -0.1977508
1403636665.013556 6.4209781 5.2641706 -1.3768873 0.3718068 -0.7248382 0.5251516 -0.2461407
1403636665.313555 6.6269875 5.3951979 -1.3464046 0.3683009 -0.7307914 0.5135428 -0.2580161
1403636668.063555 8.0344744 6.3791475 -1.2538629 0.3708981 -0.7359009 0.5053436 -0.2559537
1403636668.813555 8.4062080 6.4916115 -1.4148154 0.3721122 -0.7291014 0.5279097 -0.2263960
1403636669.663555 8.9115839 6.8269405 -1.4993291 0.3530286 -0.7125769 0.5522464 -0.2502578
1403636669.863555 8.9992447 6.9539413 -1.5147519 0.3396042 -0.7148206 0.5466264 -0.2736787
1403636670.263556 9.0608463 7.2010431 -1.4695148 0.3193709 -0.7317780 0.5096737 -0.3205245
1403636670.513556 8.9974041 7.2924895 -1.4499054 0.3269409 -0.7279034 0.4909507 -0.3496196
1403636673.163555 6.8379974 5.4720216 -0.9210081 -0.6223102 0.5505443 -0.3937449 0.3931870
1403636674.613555 7.2833719 5.8086600 -1.0214996 -0.6281232 0.5201930 -0.3572446 0.4552328
1403636677.313555 8.8039894 7.3517728 -1.4770145 -0.7603846 0.2887036 -0.2310904 0.5339127
1403636677.913555 8.9400940 7.7471375 -1.4968576 -0.7793980 0.2254861 -0.1422440 0.5669758
1403636680.513556 8.9347849 8.2868834 -1.1843233 -0.7927856 -0.1436981 0.0200217 0.5919806
1403636682.763556 7.4738421 7.5280628 -1.1265550 -0.8004703 -0.1093285 0.0641285 0.5858176
1403636685.313555 5.9405761 6.2275801 -1.1095214 -0.8039094 -0.1256467 0.0629745 0.5779073
1403636688.263556 4.6561298 4.7604079 -1.3137646 -0.8014789 -0.1209345 0.0710893 0.5813370
1403636689.963556 3.9886086 4.1565032 -1.3718071 -0.8184620 -0.1315999 0.1228625 0.5456247
1403636690.413555 3.8689494 4.2133532 -1.3132386 -0.8169318 -0.1428020 0.0980504 0.5501058
1403636690.663555 3.8136191 4.2931900 -1.2704647 -0.8149737 -0.1294641 0.1157469 0.5528649
1403636690.863555 3.7868230 4.3765831 -1.2778313 -0.8075122 -0.1088089 0.1441713 0.5615152
1403636691.063555 3.8042822 4.4734740 -1.3076777 -0.7869603 -0.0993577 0.1580472 0.5880839
1403636693.563555 5.2328310 4.5677762 -0.6152210 -0.8235457 -0.1561393 0.0948220 0.5370304
1403636694.063555 5.2929893 4.6728220 -0.5790114 -0.7986056 -0.1544122 0.1022980 0.5726441
1403636696.563555 5.5145626 5.1921287 -0.6462431 -0.7932822 -0.1379807 0.0892286 0.5862620
1403636697.913555 5.3190374 5.0289173 -0.5443764 -0.8119150 -0.0919710 0.0390303 0.5751625
1403636700.563555 4.6038103 4.6143250 -0.8600740 -0.7467870 0.3312301 -0.2148167 0.5352098
1403636702.613555 5.0484691 4.1640248 -1.1620550 -0.7042440 0.4299185 -0.3031831 0.4767500
1403636705.313555 6.2670808 4.1946468 -1.6031637 -0.7144929 0.4091220 -0.3008291 0.4812703
1403636705.563555 6.4494715 4.2884364 -1.6241236 -0.7182348 0.4122235 -0.2968248 0.4755057
1403636705.863555 6.6762609 4.4292645 -1.6764364 -0.7111688 0.4139948 -0.2959538 0.4850348
1403636706.163555 6.9099903 4.5761390 -1.6917982 -0.6956074 0.4211691 -0.2811716 0.5095974
1403636706.463556 7.1390505 4.6886659 -1.7416763 -0.7112316 0.4032845 -0.3003736 0.4912099
1403636707.213556 7.6768966 5.0404506 -1.7418184 -0.7116690 0.4121706 -0.3056375 0.4798212
1403636707.663555 7.9918537 5.3294673 -1.6349115 -0.7092944 0.4251242 -0.2990786 0.4761543
1403636710.163555 9.4944000 6.8091235 -1.8513241 -0.7045528 0.4087014 -0.3188337 0.4846788
1403636712.713556 9.1301727 8.0275116 -1.7899380 -0.7464029 0.2730594 -0.2247659 0.5637390
1403636715.263556 7.5623121 7.4025149 -1.2814837 -0.8081985 0.1776812 -0.1339653 0.5452504
1403636717.913555 6.9274015 6.4901533 -1.2348614 -0.8108289 0.0566128 -0.0790602 0.5771490
1403636720.463556 5.7212133 5.5331268 -1.4785600 -0.8152790 -0.0257387 0.0214736 0.5780973
1403636722.963556 5.4826655 4.7236247 -1.5666113 -0.8090909 0.0749616 -0.0679189 0.5789126
1403636725.813555 4.9777603 3.9048829 -1.2009621 -0.7912617 0.2007561 -0.1477516 0.5583649
1403636728.313555 4.6613212 3.4147365 -0.7018876 -0.7895092 0.1768489 -0.1436543 0.5698799
1403636731.113555 3.5720940 2.5928893 -0.5217283 -0.8096508 0.1403077 -0.0720224 0.5653247
1403636734.013556 2.9790199 1.8801802 -0.5046129 -0.8075968 0.1099346 -0.0992224 0.5708385
1403636736.913555 1.9670579 1.2980720 -0.1664044 -0.8088094 0.0621950 -0.0776245 0.5795978
1403636739.863555 1.7095965 1.1737216 -0.1564128 -0.7540463 0.3110462 -0.2158082 0.5367413
1403636742.663555 2.0356462 1.0181992 -0.9293106 -0.7579671 0.3008257 -0.2171085 0.5365200
1403636745.213556 2.7446108 1.3826461 -2.0544639 -0.7424365 0.3450884 -0.2409373 0.5212018
1403636747.963556 2.8118515 1.7806416 -1.7951508 -0.7262763 0.3703680 -0.2542509 0.5202950
1403636750.613555 2.8970284 2.0116084 -1.1887684 -0.7272884 0.3550959 -0.2648931 0.5242044
1403636751.463556 2.6985295 1.9782752 -0.7386818 -0.7353497 0.3639971 -0.2507139 0.5137213
1403636751.963556 2.6324327 1.9792075 -0.5463986 -0.7489729 0.3535476 -0.2330104 0.5096566
1403636754.913555 2.1398227 1.9359033 -0.1223254 -0.8050101 0.0579614 -0.0702509 0.5862287
1403636757.013556 0.7813631 1.5092341 -0.0060308 -0.8072201 0.0411249 -0.0470027 0.5869372
1403636757.363555 0.5351600 1.3921809 0.0113127 -0.8088226 0.0397444 -0.0462715 0.5848805
1403636757.663555 0.3175956 1.2767060 0.0024214 -0.8226375 0.0257575 -0.0434272 0.5663198
1403636758.013556 0.0509879 1.1874039 0.0793874 -0.8267394 0.0133814 -0.0251586 0.5618631
1403636758.463556 -0.2771301 1.1280118 0.1485132 -0.8202565 0.0175164 -0.0099684 0.5716407
1403636758.963556 -0.5563623 1.1186208 0.1200634 -0.8146369 0.0212566 -0.0102611 0.5794908
1403636759.313555 -0.6866947 1.1280763 0.0680381 -0.8088686 0.0441406 0.0242452 0.5858288
1403636759.613555 -0.7225455 1.1151693 -0.0174081 -0.8089888 0.0168631 -0.0109551 0.5874799
1403636759.913555 -0.7392812 1.0803902 -0.0504270 -0.8122699 0.0118268 -0.0150319 0.5829681
1403636760.213556 -0.7549163 1.0400810 -0.0795046 -0.8229312 0.0140893 -0.0134072 0.5678080
1403636760.513556 -0.7629696 1.0142908 -0.1210833 -0.8102198 0.0112551 -0.0182352 0.5857343
1403636760.813555 -0.7743626 0.9773710 -0.1689839 -0.8193322 0.0047245 -0.0243803 0.5727809
1403636761.163555 -0.8113652 0.9436114 -0.2159030 -0.8284306 0.0062439 -0.0190556 0.5597327
1403636761.413555 -0.8484161 0.9443160 -0.2386810 -0.8299348 0.0060180 -0.0182894 0.5575282
1403636761.813555 -0.9105586 0.9810982 -0.2300329 -0.8116611 0.0217151 -0.0014094 0.5837233
1403636762.313555 -0.9469192 0.9957317 -0.2017194 -0.8245558 0.0003604 -0.0374106 0.5645425
1403636762.563555 -0.9929420 1.0179760 -0.2181607 -0.8249211 0.0275495 -0.0002242 0.5645761
1403636762.813555 -1.0164990 1.0561343 -0.2855961 -0.8125280 0.0269968 -0.0002856 0.5822967
1403636763.063555 -0.9928169 1.0276017 -0.2997330 -0.8092442 0.0514044 -0.0163504 0.5849908
1403636763.313555 -0.9859751 1.0162984 -0.3116546 -0.8007303 0.0730572 -0.0189375 0.5942516
1403636763.613555 -0.9893282 0.9974908 -0.3276534 -0.8014286 0.0735463 -0.0183540 0.5932674
1403636763.763556 -0.9908416 0.9857867 -0.3354962 -0.8014228 0.0734715 -0.0186500 0.5932753
