1403638523.427829504 0.05895 -0.07531 0.18336 0.88995 0.03975 0.43113 -0.14332
1403638523.527829409 0.05193 -0.07367 0.11775 0.89671 0.04519 0.41781 -0.13891
1403638523.627829552 0.03435 -0.06989 0.09517 0.90499 0.05288 0.39959 -0.13610
1403638523.727829456 0.02144 -0.05745 0.06031 0.91090 0.05692 0.38719 -0.13080
1403638523.827829599 -0.00544 -0.07196 0.02787 0.91259 0.06029 0.38329 -0.12896
1403638523.927829504 -0.01870 -0.06272 -0.01216 0.91218 0.06536 0.38592 -0.12131
1403638524.027829409 -0.03728 -0.06444 -0.03939 0.91229 0.07415 0.38716 -0.11104
1403638524.127829552 -0.04066 -0.06323 -0.04045 0.91363 0.08364 0.38305 -0.10754
1403638524.227829456 -0.03050 -0.06281 -0.01378 0.91411 0.08705 0.37964 -0.11269
1403638524.327829599 -0.01065 -0.06263 0.03313 0.91272 0.08516 0.38097 -0.12062
1403638524.427829504 0.01475 -0.06612 0.08986 0.90895 0.08071 0.38820 -0.12884
1403638524.527829409 0.04230 -0.07112 0.15075 0.90148 0.07851 0.40372 -0.13483
1403638524.627829552 0.07251 -0.06745 0.21142 0.89420 0.07483 0.41978 -0.13633
1403638524.727829456 0.09047 -0.06947 0.25644 0.89007 0.07140 0.43164 -0.12794
1403638524.827829599 0.10519 -0.08430 0.29129 0.88813 0.06879 0.43933 -0.11610
1403638525.027829409 0.11551 -0.09231 0.31235 0.88391 0.07080 0.44486 -0.12570
1403638525.327829599 0.07635 -0.09979 0.19064 0.88600 0.08559 0.43909 -0.12194
1403638525.427829504 0.04917 -0.09231 0.13169 0.89397 0.08963 0.42062 -0.12593
1403638525.527829409 0.01952 -0.07971 0.08106 0.90025 0.09116 0.40398 -0.13427
1403638525.627829552 0.00170 -0.07026 0.03643 0.90338 0.09011 0.39628 -0.13690
1403638525.727829456 -0.01805 -0.08370 -0.00036 0.90375 0.08698 0.39644 -0.13603
1403638525.827829599 -0.02720 -0.06897 -0.03057 0.90123 0.08096 0.40562 -0.12921
1403638525.927829504 -0.03247 -0.06450 -0.05280 0.89897 0.07847 0.41445 -0.11799
1403638526.027829409 -0.04365 -0.09463 -0.05863 0.89917 0.08006 0.41501 -0.11339
1403638526.127829552 -0.04182 -0.12695 -0.05289 0.90080 0.07556 0.41310 -0.11046
1403638526.227829456 -0.03694 -0.16706 -0.04588 0.90152 0.06701 0.41392 -0.10701
1403638526.327829599 -0.03506 -0.21721 -0.03415 0.90023 0.05839 0.41902 -0.10296
1403638526.427829504 -0.03438 -0.27305 -0.02315 0.89721 0.04831 0.42757 -0.09931
1403638526.527829409 -0.03625 -0.33406 -0.01436 0.89443 0.03588 0.43517 -0.09662
1403638526.627829552 -0.03727 -0.39515 -0.01063 0.89096 0.02553 0.44384 -0.09241
1403638526.727829456 -0.03940 -0.46012 -0.00740 0.88889 0.01818 0.44973 -0.08539
1403638526.827829599 -0.04486 -0.52767 -0.00129 0.88860 0.01523 0.45252 -0.07343
1403638526.927829504 -0.04722 -0.59227 -0.00052 0.89003 0.01196 0.45066 -0.06794
1403638527.027829409 -0.05460 -0.65048 -0.00455 0.89412 0.00334 0.44388 -0.05929
1403638527.127829552 -0.05925 -0.70885 -0.00545 0.89735 -0.00969 0.43849 -0.04892
1403638527.227829456 -0.05655 -0.75947 -0.00441 0.89718 -0.02261 0.43935 -0.03901
1403638527.327829599 -0.06050 -0.80616 -0.00466 0.89292 -0.03228 0.44843 -0.02351
1403638527.427829504 -0.04432 -0.81914 0.00234 0.88943 -0.03601 0.45551 -0.01118
1403638527.827829599 0.04067 -0.62691 0.00232 0.88785 -0.02593 0.45898 -0.01981
1403638527.927829504 0.03137 -0.58007 -0.00654 0.88755 -0.02396 0.45894 -0.03231
1403638528.027829409 0.03442 -0.52951 -0.00726 0.88514 -0.01867 0.46333 -0.03882
1403638528.127829552 0.04610 -0.46127 -0.01037 0.88306 -0.01184 0.46658 -0.04868
1403638528.227829456 0.07266 -0.38393 -0.01343 0.88269 -0.00292 0.46587 -0.06173
1403638528.327829599 0.09751 -0.30523 -0.02614 0.88208 0.00518 0.46552 -0.07214
1403638528.427829504 0.13895 -0.24911 -0.04411 0.87945 0.01136 0.46967 -0.07648
1403638528.727829456 0.26313 -0.11201 -0.08070 0.88149 -0.00097 0.46696 -0.07011
1403638528.927829504 0.30514 -0.08128 -0.05667 0.87859 -0.01443 0.47164 -0.07365
1403638529.127829552 0.28711 -0.03332 -0.00460 0.87882 -0.01448 0.47208 -0.06785
1403638529.227829456 0.24934 -0.02773 0.00404 0.87864 -0.00543 0.47453 -0.05278
1403638529.327829599 0.19591 -0.03673 0.01251 0.88005 0.00110 0.47271 -0.04534
1403638529.427829504 0.13365 -0.08042 0.00265 0.88456 0.00656 0.46434 -0.04368
1403638529.527829409 0.08123 -0.12085 -0.00879 0.89236 0.01037 0.44870 -0.04747
1403638529.627829552 0.03896 -0.14851 -0.02371 0.89722 0.01567 0.43879 -0.04695
1403638529.727829456 0.01339 -0.13941 -0.03872 0.89722 0.01710 0.43879 -0.04661
1403638529.827829599 -0.00843 -0.12988 -0.06569 0.89231 0.01452 0.44867 -0.04754
1403638529.927829504 -0.01969 -0.11469 -0.09261 0.88844 0.01280 0.45636 -0.04734
1403638530.127829552 -0.01067 -0.10344 -0.11957 0.89035 0.01039 0.45284 -0.04591
1403638530.227829456 0.00710 -0.09548 -0.14061 0.89128 0.00487 0.45138 -0.04303
1403638530.327829599 0.01307 -0.09826 -0.14212 0.89115 -0.00110 0.45183 -0.04126
1403638530.427829504 0.02922 -0.09644 -0.16759 0.89105 -0.00483 0.45232 -0.03755
1403638530.527829409 0.03498 -0.09780 -0.15642 0.89107 -0.00905 0.45207 -0.03935
1403638530.627829552 0.03916 -0.10502 -0.17232 0.89241 -0.01123 0.44954 -0.03724
1403638530.727829456 0.04075 -0.10804 -0.17688 0.89553 -0.01268 0.44328 -0.03698
1403638530.827829599 0.04342 -0.10961 -0.18424 0.89650 -0.01197 0.44119 -0.03873
1403638531.027829409 0.04420 -0.11095 -0.19023 0.89301 -0.01157 0.44779 -0.04347
1403638531.327829599 0.04206 -0.10875 -0.19166 0.88647 -0.00806 0.46103 -0.03957
1403638538.927829504 0.04370 -0.11025 -0.19120 0.88552 -0.00866 0.46282 -0.03972
1403638539.027829409 0.04798 -0.11159 -0.18903 0.88176 -0.00972 0.47006 -0.03815
1403638539.127829552 0.05439 -0.11227 -0.18406 0.87644 -0.01185 0.47983 -0.03825
1403638539.227829456 0.06463 -0.11300 -0.17492 0.87240 -0.01169 0.48715 -0.03845
1403638539.327829599 0.08101 -0.11729 -0.16231 0.87157 -0.01142 0.48860 -0.03877
1403638539.427829504 0.09194 -0.11585 -0.13616 0.87291 -0.01015 0.48625 -0.03857
1403638539.527829409 0.10350 -0.11599 -0.10033 0.87441 -0.00876 0.48354 -0.03890
1403638539.627829552 0.12221 -0.12014 -0.08164 0.87472 -0.00784 0.48293 -0.03983
1403638539.927829504 0.16952 -0.11748 -0.05584 0.87933 -0.00431 0.47434 -0.04189
1403638540.027829409 0.18895 -0.11299 -0.05207 0.88384 -0.00413 0.46583 -0.04258
1403638540.127829552 0.21329 -0.11265 -0.05339 0.88866 -0.00325 0.45659 -0.04241
1403638540.227829456 0.24380 -0.10937 -0.05522 0.88843 -0.00193 0.45707 -0.04214
1403638540.327829599 0.28173 -0.10485 -0.05555 0.88313 -0.00156 0.46722 -0.04220
1403638540.427829504 0.31775 -0.10327 -0.04895 0.87898 0.00166 0.47484 -0.04376
1403638540.527829409 0.37219 -0.11092 -0.04840 0.87784 0.00952 0.47623 -0.05014
1403638540.627829552 0.41333 -0.08449 -0.06217 0.87670 0.02246 0.47672 -0.06028
1403638540.727829456 0.46170 -0.06818 -0.06508 0.87415 0.04280 0.47874 -0.06950
1403638540.827829599 0.50623 -0.04917 -0.06667 0.87110 0.06790 0.47962 -0.08082
1403638540.927829504 0.55140 -0.02984 -0.07725 0.86726 0.09457 0.47949 -0.09488
1403638541.027829409 0.59756 0.00260 -0.08067 0.86292 0.11535 0.47921 -0.11145
1403638541.127829552 0.64101 0.02754 -0.09473 0.85850 0.13026 0.48003 -0.12479
1403638541.227829456 0.68628 0.06184 -0.10331 0.85574 0.14063 0.47989 -0.13282
1403638541.427829504 0.77332 0.12366 -0.11290 0.85240 0.14823 0.48161 -0.13960
1403638541.627829552 0.84741 0.18882 -0.09317 0.84674 0.15271 0.49019 -0.13936
1403638541.727829456 0.87847 0.24741 -0.06959 0.84266 0.15669 0.49427 -0.14517
1403638541.827829599 0.90479 0.31109 -0.03883 0.83821 0.16235 0.49671 -0.15596
1403638542.027829409 0.96338 0.41602 0.01341 0.82900 0.18600 0.49661 -0.17761
1403638542.127829552 0.99430 0.47144 0.03009 0.82293 0.20256 0.49600 -0.18905
1403638542.227829456 1.03477 0.54730 0.04938 0.81582 0.22074 0.49454 -0.20283
1403638542.327829599 1.07386 0.62222 0.06144 0.80750 0.24131 0.49367 -0.21452
1403638542.427829504 1.11555 0.69310 0.07169 0.79472 0.25857 0.50218 -0.22221
1403638542.527829409 1.15173 0.76150 0.07887 0.78040 0.27504 0.51622 -0.22103
1403638542.627829552 1.18223 0.83180 0.08586 0.77152 0.28751 0.52504 -0.21548
1403638542.727829456 1.20614 0.90122 0.09751 0.77168 0.28985 0.52354 -0.21542
1403638542.827829599 1.22646 0.98000 0.11761 0.77643 0.28427 0.51801 -0.21913
1403638543.027829409 1.22985 1.07576 0.18419 0.78535 0.27672 0.50649 -0.22387
1403638543.327829599 1.19277 1.16619 0.27122 0.78820 0.26984 0.50558 -0.22430
1403638543.527829409 1.18240 1.27293 0.30519 0.78640 0.27607 0.50469 -0.22506
1403638543.627829552 1.22853 1.42530 0.31775 0.78408 0.28528 0.50504 -0.22084
1403638543.727829456 1.23014 1.50158 0.32960 0.77706 0.30261 0.50241 -0.22844
1403638543.827829599 1.25024 1.60307 0.34104 0.76826 0.32186 0.50127 -0.23433
1403638543.927829504 1.26997 1.70546 0.35976 0.75988 0.33877 0.49786 -0.24486
1403638544.027829409 1.29717 1.81270 0.38373 0.75499 0.34949 0.49276 -0.25500
1403638544.127829552 1.31268 1.90857 0.41317 0.75249 0.35628 0.48721 -0.26353
1403638544.227829456 1.33162 2.00074 0.43637 0.75089 0.35843 0.48462 -0.26989
1403638544.327829599 1.34962 2.09214 0.44636 0.75043 0.35978 0.48362 -0.27117
1403638544.627829552 1.39376 2.28291 0.48480 0.74702 0.35818 0.49022 -0.27084
1403638544.727829456 1.42764 2.39561 0.48707 0.74450 0.35613 0.49599 -0.26996
1403638545.027829409 1.48681 2.57215 0.54015 0.74977 0.35912 0.48786 -0.26621
1403638545.327829599 1.54621 2.74694 0.55239 0.74817 0.36111 0.49034 -0.26343
1403638545.527829409 1.55699 2.87408 0.49045 0.74637 0.36241 0.49063 -0.26620
1403638545.627829552 1.57410 2.96992 0.48442 0.74373 0.37006 0.48585 -0.27179
1403638545.827829599 1.61370 3.14794 0.48680 0.72911 0.40033 0.47438 -0.28828
1403638545.927829504 1.63440 3.24258 0.49936 0.71855 0.42085 0.46667 -0.29799
1403638546.027829409 1.65617 3.33659 0.51584 0.70744 0.44100 0.45984 -0.30594
1403638546.127829552 1.67654 3.41999 0.53718 0.69778 0.45705 0.45507 -0.31165
1403638546.227829456 1.69343 3.50895 0.54704 0.69216 0.46603 0.45013 -0.31799
1403638546.327829599 1.71163 3.59920 0.55178 0.68962 0.47037 0.44580 -0.32318
1403638546.527829409 1.74032 3.73995 0.54632 0.68873 0.47288 0.44075 -0.32829
1403638546.727829456 1.76675 3.88744 0.54732 0.68084 0.48355 0.43751 -0.33349
1403638546.927829504 1.79814 4.04754 0.57987 0.67422 0.49376 0.43609 -0.33385
1403638547.127829552 1.81841 4.19988 0.59583 0.66928 0.50178 0.43902 -0.32794
1403638547.427829504 1.82336 4.40535 0.58401 0.67090 0.50050 0.43726 -0.32895
1403638547.627829552 1.81346 4.54536 0.55776 0.67658 0.49290 0.43230 -0.33525
1403638547.827829599 1.80687 4.69234 0.52462 0.67531 0.49452 0.43724 -0.32897
1403638548.027829409 1.79751 4.84377 0.49130 0.67476 0.49517 0.43673 -0.32981
1403638548.127829552 1.79241 4.93914 0.48284 0.67240 0.49865 0.43381 -0.33322
1403638548.227829456 1.78705 5.04496 0.48123 0.66759 0.50511 0.42901 -0.33931
1403638548.327829599 1.78101 5.15482 0.48681 0.66030 0.51489 0.42243 -0.34704
1403638548.427829504 1.77397 5.26597 0.50211 0.65156 0.52729 0.41460 -0.35431
1403638548.527829409 1.76784 5.38793 0.51962 0.64394 0.53596 0.40875 -0.36196
1403638548.627829552 1.76074 5.51226 0.53184 0.63750 0.54302 0.40516 -0.36683
1403638548.727829456 1.75215 5.62995 0.53786 0.63357 0.54756 0.40211 -0.37024
1403638548.927829504 1.73808 5.84426 0.56203 0.62968 0.55201 0.39863 -0.37402
1403638549.127829552 1.72415 6.06802 0.60849 0.63005 0.55222 0.39745 -0.37434
1403638549.327829599 1.70964 6.30269 0.67493 0.63175 0.54963 0.39739 -0.37533
1403638549.527829409 1.69623 6.54541 0.73987 0.63456 0.54537 0.39664 -0.37760
1403638549.627829552 1.68605 6.68528 0.75414 0.63434 0.54297 0.39930 -0.37864
1403638549.827829599 1.67710 6.91365 0.79522 0.63557 0.54232 0.39961 -0.37717
1403638550.027829409 1.67551 7.15697 0.86003 0.63742 0.54229 0.39812 -0.37565
1403638550.227829456 1.68395 7.42360 0.95244 0.63833 0.54221 0.39605 -0.37641
1403638550.427829504 1.68860 7.68397 1.06697 0.63723 0.54219 0.39689 -0.37741
1403638550.627829552 1.70323 7.94150 1.15311 0.63795 0.53733 0.39610 -0.38392
1403638550.727829456 1.71330 8.09262 1.18495 0.63704 0.53423 0.39806 -0.38771
1403638550.827829599 1.72798 8.23859 1.21731 0.63510 0.53153 0.40209 -0.39045
1403638550.927829504 1.74323 8.37641 1.24714 0.63080 0.52701 0.40956 -0.39575
1403638551.027829409 1.75995 8.50948 1.27285 0.62798 0.52324 0.41448 -0.40008
1403638551.127829552 1.77879 8.64319 1.29878 0.62744 0.52065 0.41621 -0.40250
1403638551.327829599 1.82980 8.85871 1.36386 0.63243 0.51725 0.41251 -0.40290
1403638551.427829504 1.86067 8.97537 1.39650 0.64281 0.50985 0.41209 -0.39626
1403638551.527829409 1.89678 9.07839 1.42479 0.65683 0.49608 0.41457 -0.38810
1403638551.627829552 1.93962 9.17882 1.44823 0.67226 0.47707 0.41877 -0.38094
1403638551.727829456 1.98881 9.27322 1.46723 0.68639 0.45773 0.42557 -0.37182
1403638551.827829599 2.04784 9.36677 1.48317 0.69868 0.43916 0.43435 -0.36101
1403638551.927829504 2.11403 9.45392 1.49965 0.70479 0.42809 0.44615 -0.34781
1403638552.027829409 2.18608 9.53436 1.52273 0.70625 0.42193 0.45854 -0.33604
1403638552.127829552 2.26315 9.61131 1.55322 0.70907 0.41790 0.46397 -0.32759
1403638552.227829456 2.34584 9.68172 1.58976 0.71379 0.41547 0.46229 -0.32276
1403638552.427829504 2.51681 9.78845 1.66370 0.71454 0.40935 0.46424 -0.32610
1403638552.527829409 2.60461 9.83560 1.69100 0.71074 0.40498 0.46923 -0.33266
1403638552.627829552 2.69315 9.87330 1.71295 0.70714 0.40392 0.47320 -0.33598
1403638552.827829599 2.87151 9.91237 1.73948 0.70546 0.40907 0.47240 -0.33441
1403638553.027829409 3.05156 9.92157 1.74729 0.70233 0.42121 0.47255 -0.32560
1403638553.227829456 3.23240 9.91044 1.74249 0.69442 0.42058 0.47901 -0.33383
1403638553.327829599 3.32039 9.90076 1.74093 0.68861 0.41957 0.48507 -0.33835
1403638553.427829504 3.41120 9.88308 1.74659 0.68361 0.42288 0.49084 -0.33605
1403638553.527829409 3.50143 9.85721 1.75985 0.67933 0.42677 0.49567 -0.33268
1403638553.627829552 3.58484 9.82061 1.77886 0.67665 0.42969 0.49894 -0.32950
1403638553.827829599 3.74168 9.70429 1.84082 0.67784 0.43358 0.49643 -0.32572
1403638554.027829409 3.88357 9.56314 1.91597 0.68428 0.43418 0.48802 -0.32416
1403638554.227829456 4.01810 9.39577 1.96970 0.69115 0.44178 0.47793 -0.31421
1403638554.327829599 4.08298 9.31452 1.98594 0.69569 0.44695 0.47072 -0.30768
1403638554.427829504 4.13987 9.23796 2.00053 0.69812 0.44988 0.46655 -0.30424
1403638554.627829552 4.24533 9.06964 2.02242 0.70056 0.44974 0.46197 -0.30582
1403638554.827829599 4.35072 8.91481 2.06396 0.70190 0.44328 0.45921 -0.31617
1403638555.027829409 4.45445 8.74431 2.10468 0.70355 0.43639 0.46086 -0.31966
1403638555.127829552 4.51416 8.66062 2.11744 0.70759 0.43147 0.46360 -0.31341
1403638555.227829456 4.57560 8.57294 2.12448 0.71367 0.42300 0.46619 -0.30728
1403638555.327829599 4.63353 8.49075 2.12477 0.71835 0.41598 0.46929 -0.30117
1403638555.427829504 4.68616 8.40885 2.13315 0.72024 0.41323 0.47382 -0.29326
1403638555.527829409 4.75235 8.32552 2.11736 0.72201 0.40967 0.47605 -0.29027
1403638555.627829552 4.81163 8.24481 2.11302 0.72289 0.40829 0.47728 -0.28799
1403638555.827829599 4.92874 8.07483 2.13428 0.72476 0.40823 0.47518 -0.28684
1403638556.027829409 5.04742 7.90517 2.18283 0.72343 0.41146 0.47575 -0.28462
1403638556.227829456 5.17260 7.74353 2.22419 0.72982 0.41332 0.46581 -0.28204
1403638556.427829504 5.30246 7.59456 2.24529 0.73412 0.41440 0.45879 -0.28083
1403638556.527829409 5.37448 7.52955 2.25034 0.73738 0.41557 0.45377 -0.27868
1403638556.727829456 5.52547 7.40817 2.27474 0.73938 0.40566 0.45184 -0.29085
1403638556.827829599 5.60826 7.35628 2.29292 0.73633 0.40148 0.45648 -0.29709
1403638556.927829504 5.69753 7.30387 2.31743 0.73476 0.39817 0.45873 -0.30191
1403638557.027829409 5.79270 7.25159 2.34114 0.73343 0.39778 0.46038 -0.30316
1403638557.127829552 5.88652 7.20422 2.36077 0.73179 0.40031 0.46239 -0.30072
1403638557.227829456 5.98968 7.15126 2.37051 0.73043 0.40169 0.46390 -0.29985
1403638557.427829504 6.19406 7.04529 2.37930 0.72775 0.40632 0.46694 -0.29538
1403638557.527829409 6.29947 6.99825 2.39023 0.72512 0.41113 0.47037 -0.28969
1403638557.627829552 6.40653 6.94784 2.40684 0.72296 0.41396 0.47319 -0.28646
1403638557.727829456 6.51412 6.89765 2.42803 0.72225 0.41473 0.47418 -0.28551
1403638557.927829504 6.72074 6.79318 2.45834 0.72220 0.41723 0.47470 -0.28108
1403638558.027829409 6.82111 6.74891 2.46501 0.72480 0.41800 0.47081 -0.27980
1403638558.127829552 6.91782 6.70619 2.46434 0.72982 0.41841 0.46358 -0.27819
1403638558.227829456 7.01539 6.66716 2.46482 0.73594 0.41917 0.45459 -0.27574
1403638558.427829504 7.22415 6.59744 2.49149 0.74019 0.42496 0.44808 -0.26601
1403638558.527829409 7.33500 6.57903 2.52630 0.74335 0.42641 0.44323 -0.26297
1403638558.627829552 7.44750 6.56486 2.55041 0.74450 0.42235 0.44219 -0.26796
1403638558.727829456 7.56344 6.56407 2.58571 0.74479 0.41437 0.44282 -0.27838
1403638558.927829504 7.81173 6.57664 2.63406 0.74089 0.41006 0.44935 -0.28463
1403638559.027829409 7.93884 6.58142 2.65304 0.73581 0.41046 0.45702 -0.28503
1403638559.127829552 8.06827 6.59422 2.65862 0.73196 0.41065 0.46239 -0.28600
1403638559.227829456 8.19428 6.60905 2.65883 0.72869 0.41256 0.46646 -0.28498
1403638559.327829599 8.31638 6.63400 2.64678 0.72642 0.41475 0.46912 -0.28325
1403638559.427829504 8.44242 6.64009 2.63897 0.72391 0.41856 0.47202 -0.27919
1403638559.527829409 8.55974 6.65754 2.62041 0.72211 0.42001 0.47428 -0.27787
1403638559.627829552 8.67390 6.67761 2.59739 0.72045 0.42060 0.47607 -0.27823
1403638559.727829456 8.78565 6.69887 2.57514 0.71953 0.42120 0.47664 -0.27870
1403638559.927829504 9.00342 6.74076 2.55302 0.72099 0.41869 0.47576 -0.28022
1403638560.027829409 9.11021 6.76594 2.53769 0.72634 0.40897 0.47809 -0.27677
1403638560.127829552 9.21197 6.79138 2.51724 0.73451 0.39286 0.48368 -0.26872
1403638560.227829456 9.31256 6.81641 2.49161 0.74410 0.37291 0.49156 -0.25619
1403638560.327829599 9.41517 6.83943 2.46277 0.75199 0.34991 0.50285 -0.24332
1403638560.427829504 9.51714 6.86067 2.43143 0.75887 0.32527 0.51497 -0.23050
1403638560.527829409 9.61424 6.88444 2.39788 0.76574 0.29974 0.52602 -0.21702
1403638560.627829552 9.70404 6.89677 2.36348 0.77462 0.27155 0.53266 -0.20615
1403638560.727829456 9.79784 6.90426 2.31725 0.78340 0.24371 0.53623 -0.19837
1403638560.827829599 9.88096 6.90980 2.28707 0.78948 0.22056 0.54126 -0.18739
1403638560.927829504 9.96366 6.90363 2.25782 0.79388 0.19786 0.54723 -0.17649
1403638561.027829409 10.04434 6.89236 2.23938 0.79519 0.17835 0.55618 -0.16289
1403638561.127829552 10.11903 6.87387 2.22797 0.79649 0.15924 0.56350 -0.15071
1403638561.227829456 10.19095 6.85380 2.22494 0.79676 0.14382 0.56971 -0.14113
1403638561.327829599 10.25591 6.81603 2.22745 0.79781 0.13384 0.57221 -0.13479
1403638561.427829504 10.31118 6.77694 2.22966 0.80374 0.13387 0.56648 -0.12323
1403638561.527829409 10.35956 6.73381 2.22688 0.80830 0.13861 0.56132 -0.11122
1403638561.627829552 10.41545 6.68501 2.21592 0.81110 0.14230 0.55753 -0.10502
1403638561.827829599 10.48727 6.60355 2.18702 0.81163 0.14686 0.55599 -0.10277
1403638561.927829504 10.52869 6.55508 2.16140 0.81141 0.14619 0.55714 -0.09915
1403638562.027829409 10.56855 6.50712 2.13346 0.81230 0.13923 0.55849 -0.09421
1403638562.127829552 10.60258 6.45880 2.11429 0.81366 0.12992 0.55991 -0.08706
1403638562.227829456 10.63471 6.41018 2.09858 0.81441 0.12230 0.56151 -0.08052
1403638562.327829599 10.66717 6.36266 2.08959 0.81499 0.11299 0.56340 -0.07485
1403638562.427829504 10.69488 6.31464 2.08503 0.81564 0.09959 0.56584 -0.06815
1403638562.527829409 10.72314 6.26469 2.08603 0.81765 0.08209 0.56673 -0.05933
1403638562.627829552 10.74969 6.21503 2.09349 0.81855 0.05991 0.56905 -0.05063
1403638562.727829456 10.77253 6.16389 2.10306 0.81976 0.03512 0.57011 -0.04152
1403638562.827829599 10.79068 6.11043 2.11124 0.82011 0.00975 0.57133 -0.03006
1403638562.927829504 10.80209 6.05362 2.11366 0.82013 -0.01405 0.57177 -0.01620
1403638563.027829409 10.80746 5.99502 2.11128 0.81901 -0.03669 0.57259 -0.00401
1403638563.127829552 10.80710 5.93448 2.10329 0.81799 -0.06066 0.57201 0.00311
1403638563.227829456 10.80234 5.87154 2.09168 0.81535 -0.07603 0.57373 0.01637
1403638563.327829599 10.79432 5.80639 2.07564 0.81026 -0.08621 0.57911 0.02609
1403638563.427829504 10.78232 5.73919 2.05659 0.80145 -0.09352 0.58995 0.02983
1403638563.527829409 10.76487 5.66993 2.03342 0.79922 -0.09560 0.59248 0.03270
1403638563.627829552 10.74075 5.59802 2.01443 0.80194 -0.09451 0.58882 0.03533
1403638563.827829599 10.67267 5.44542 2.00458 0.80630 -0.09487 0.58319 0.02773
1403638564.127829552 10.53056 5.18196 2.02739 0.80596 -0.08750 0.58526 0.01566
1403638564.327829599 10.41280 4.97648 2.02841 0.80498 -0.07480 0.58836 0.01592
1403638564.527829409 10.26931 4.75726 2.05221 0.80349 -0.06787 0.59128 0.01348
1403638564.727829456 10.10035 4.52730 2.08085 0.80690 -0.07162 0.58633 0.00335
1403638564.827829599 10.01008 4.39701 2.08200 0.80703 -0.07431 0.58581 -0.00014
1403638564.927829504 9.91401 4.26703 2.07092 0.80616 -0.07636 0.58675 -0.00291
1403638565.027829409 9.81149 4.13433 2.04267 0.80611 -0.07700 0.58672 -0.00475
1403638565.127829552 9.70618 3.99684 2.00084 0.80673 -0.07732 0.58580 -0.00621
1403638565.227829456 9.59840 3.85443 1.94955 0.80758 -0.07662 0.58472 -0.00640
1403638565.327829599 9.49133 3.71460 1.89685 0.80857 -0.07569 0.58349 -0.00446
1403638565.427829504 9.37811 3.57048 1.84388 0.80955 -0.07426 0.58233 -0.00247
1403638565.527829409 9.26122 3.41989 1.79665 0.80772 -0.07215 0.58512 0.00278
1403638565.627829552 9.14496 3.27018 1.75815 0.80644 -0.06826 0.58726 0.01106
1403638565.727829456 9.01857 3.11381 1.72686 0.80781 -0.06143 0.58579 0.02267
1403638565.827829599 8.88380 2.95739 1.70196 0.81087 -0.05853 0.58160 0.02839
1403638565.927829504 8.74662 2.79263 1.68318 0.81337 -0.05617 0.57804 0.03383
1403638566.027829409 8.60006 2.65533 1.66041 0.81459 -0.05702 0.57621 0.03428
1403638566.127829552 8.45783 2.51377 1.63056 0.81486 -0.05732 0.57579 0.03443
1403638566.227829456 8.31561 2.37832 1.59262 0.81467 -0.05714 0.57607 0.03463
1403638566.327829599 8.17380 2.25030 1.54830 0.81571 -0.05719 0.57463 0.03406
1403638566.427829504 8.03274 2.12623 1.49723 0.81564 -0.05583 0.57487 0.03364
1403638566.527829409 7.89463 2.00684 1.44124 0.81603 -0.05512 0.57451 0.03156
1403638566.627829552 7.76021 1.88574 1.37929 0.82264 -0.05396 0.56525 0.02898
1403638566.727829456 7.62799 1.76834 1.31091 0.83472 -0.05305 0.54745 0.02699
1403638566.827829599 7.50093 1.64794 1.24029 0.84428 -0.04986 0.53292 0.02639
1403638566.927829504 7.38490 1.53160 1.16777 0.85048 -0.04721 0.52328 0.02522
1403638567.027829409 7.27037 1.41066 1.09063 0.85032 -0.04548 0.52377 0.02348
1403638567.127829552 7.16497 1.29218 1.01681 0.83821 -0.04216 0.54314 0.02514
1403638567.227829456 7.06328 1.17585 0.93783 0.82726 -0.03985 0.55976 0.02675
1403638567.327829599 6.96049 1.06138 0.85255 0.82178 -0.03801 0.56776 0.02972
1403638567.427829504 6.85592 0.94589 0.76452 0.82136 -0.03779 0.56827 0.03167
1403638567.527829409 6.74770 0.83638 0.68186 0.82376 -0.03865 0.56465 0.03311
1403638567.627829552 6.63818 0.73100 0.60796 0.82743 -0.03947 0.55909 0.03487
1403638567.727829456 6.53544 0.63155 0.54366 0.83049 -0.03988 0.55437 0.03705
1403638567.827829599 6.43358 0.53629 0.48622 0.83428 -0.04019 0.54853 0.03857
1403638567.927829504 6.33659 0.44171 0.43384 0.83568 -0.04278 0.54638 0.03582
1403638568.027829409 6.24388 0.34970 0.38655 0.83624 -0.04272 0.54547 0.03660
1403638568.127829552 6.15490 0.25896 0.34625 0.83543 -0.04099 0.54667 0.03895
1403638568.227829456 6.06897 0.17369 0.31323 0.83474 -0.03985 0.54768 0.04076
1403638568.427829504 5.91343 0.01893 0.25710 0.83594 -0.04026 0.54577 0.04141
1403638568.627829552 5.76902 -0.12216 0.18411 0.83809 -0.03925 0.54248 0.04226
1403638568.827829599 5.64085 -0.24464 0.11314 0.83916 -0.03859 0.54093 0.04148
1403638569.027829409 5.52959 -0.35243 0.06650 0.83810 -0.03783 0.54257 0.04207
1403638569.227829456 5.43891 -0.44542 0.04593 0.83967 -0.03552 0.54006 0.04510
1403638569.527829409 5.34918 -0.54271 0.00211 0.83826 -0.03419 0.54219 0.04675
1403638570.227829456 5.29315 -0.58185 -0.04074 0.83208 -0.03980 0.55207 0.03568
1403638570.427829504 5.29485 -0.56824 -0.08309 0.83096 -0.05630 0.55299 0.02298
1403638570.527829409 5.29996 -0.56659 -0.11595 0.82913 -0.07803 0.55333 0.01673
1403638570.627829552 5.30502 -0.57048 -0.15011 0.82483 -0.10699 0.55502 0.01284
1403638570.727829456 5.30620 -0.57988 -0.18764 0.81647 -0.13417 0.56127 0.01870
1403638570.927829504 5.29539 -0.63014 -0.26288 0.79364 -0.18317 0.57857 0.04283
1403638571.027829409 5.27958 -0.67039 -0.30486 0.78665 -0.20378 0.57990 0.05805
1403638571.127829552 5.25391 -0.71874 -0.34882 0.78752 -0.21912 0.57069 0.07817
1403638571.227829456 5.21755 -0.77391 -0.38523 0.78980 -0.22727 0.56096 0.09945
1403638571.327829599 5.17606 -0.83509 -0.41076 0.79021 -0.23173 0.55502 0.11752
1403638571.427829504 5.13126 -0.89246 -0.42383 0.78804 -0.23760 0.55395 0.12519
1403638571.527829409 5.08051 -0.96774 -0.43474 0.78505 -0.24081 0.55548 0.13095
1403638571.627829552 5.02673 -1.03868 -0.44415 0.78369 -0.24769 0.55282 0.13735
1403638571.827829599 4.91036 -1.18291 -0.47712 0.78169 -0.27471 0.53876 0.15241
1403638571.927829504 4.84946 -1.26097 -0.49877 0.77650 -0.29393 0.53393 0.15993
1403638572.027829409 4.78539 -1.34418 -0.51469 0.76965 -0.31326 0.53008 0.16888
1403638572.127829552 4.71876 -1.43128 -0.52120 0.76202 -0.33094 0.52675 0.17983
1403638572.227829456 4.64809 -1.52081 -0.52042 0.75624 -0.34539 0.51989 0.19626
1403638572.327829599 4.57523 -1.61465 -0.52054 0.75163 -0.36292 0.50945 0.20929
1403638572.427829504 4.50245 -1.71213 -0.52495 0.74654 -0.37935 0.49920 0.22262
1403638572.527829409 4.43131 -1.81340 -0.53248 0.74299 -0.38961 0.49094 0.23483
1403638572.627829552 4.36111 -1.91889 -0.54067 0.73977 -0.39588 0.48682 0.24295
1403638572.727829456 4.29188 -2.02877 -0.54437 0.73949 -0.39815 0.48203 0.24955
1403638572.827829599 4.22416 -2.14425 -0.54023 0.74173 -0.39697 0.47683 0.25474
1403638572.927829504 4.16023 -2.26513 -0.52953 0.74375 -0.39606 0.47404 0.25547
1403638573.027829409 4.10069 -2.38734 -0.51764 0.74633 -0.39458 0.47132 0.25525
1403638573.227829456 3.99327 -2.63346 -0.50321 0.74973 -0.39067 0.47127 0.25136
1403638573.427829504 3.90183 -2.89127 -0.49182 0.75203 -0.38841 0.47020 0.24999
1403638573.527829409 3.86113 -3.03189 -0.48358 0.75204 -0.38790 0.46933 0.25239
1403638573.627829552 3.82900 -3.17427 -0.46449 0.75186 -0.38789 0.46922 0.25312
1403638573.727829456 3.80463 -3.31701 -0.43954 0.75139 -0.38940 0.46657 0.25708
1403638573.827829599 3.78866 -3.46173 -0.41066 0.74455 -0.39310 0.46846 0.26771
1403638573.927829504 3.77904 -3.60634 -0.38706 0.73233 -0.40136 0.47245 0.28177
1403638574.027829409 3.77304 -3.75073 -0.37033 0.71422 -0.41930 0.47988 0.28948
1403638574.127829552 3.76755 -3.89104 -0.36008 0.69277 -0.44201 0.48739 0.29522
1403638574.227829456 3.75960 -4.02782 -0.35544 0.67168 -0.46543 0.49059 0.30254
1403638574.327829599 3.74465 -4.15999 -0.35337 0.65605 -0.48638 0.48471 0.31319
1403638574.427829504 3.72383 -4.28632 -0.35706 0.64416 -0.50450 0.47297 0.32687
1403638574.527829409 3.69842 -4.40639 -0.36145 0.63289 -0.52132 0.46169 0.33840
1403638574.627829552 3.66924 -4.52418 -0.35887 0.62335 -0.53179 0.45492 0.34884
1403638574.727829456 3.63675 -4.63913 -0.35058 0.62047 -0.53578 0.44487 0.36062
1403638574.827829599 3.60236 -4.75091 -0.33623 0.62269 -0.53841 0.43353 0.36665
1403638574.927829504 3.57053 -4.86315 -0.32513 0.62507 -0.54292 0.42595 0.36480
1403638575.127829552 3.51072 -5.07901 -0.31312 0.62367 -0.55111 0.42753 0.35291
1403638575.327829599 3.44131 -5.29254 -0.32621 0.62253 -0.55295 0.43383 0.34422
1403638575.427829504 3.40130 -5.40535 -0.34353 0.62778 -0.55221 0.43033 0.34026
1403638575.527829409 3.36042 -5.51896 -0.36037 0.63259 -0.54983 0.42779 0.33840
1403638575.627829552 3.31739 -5.63801 -0.37266 0.63950 -0.54505 0.42221 0.34015
1403638575.727829456 3.27279 -5.76332 -0.37623 0.64591 -0.54029 0.41698 0.34206
1403638575.827829599 3.22983 -5.89050 -0.37150 0.65192 -0.53752 0.41084 0.34246
1403638575.927829504 3.19036 -6.02684 -0.35680 0.65397 -0.53625 0.41032 0.34115
1403638576.027829409 3.15262 -6.17231 -0.33377 0.65461 -0.53486 0.41137 0.34086
1403638576.127829552 3.11783 -6.32359 -0.30631 0.65455 -0.53409 0.41214 0.34126
1403638576.227829456 3.08585 -6.47975 -0.27628 0.65390 -0.53231 0.41378 0.34328
1403638576.327829599 3.05793 -6.63888 -0.25186 0.65510 -0.52903 0.41236 0.34776
1403638576.427829504 3.03432 -6.79955 -0.23350 0.65726 -0.52681 0.40909 0.35089
1403638576.527829409 3.01636 -6.96191 -0.22050 0.66112 -0.52297 0.40333 0.35602
1403638576.627829552 3.00591 -7.12465 -0.21178 0.66392 -0.52055 0.39881 0.35942
1403638576.727829456 3.00421 -7.29018 -0.20756 0.66323 -0.51808 0.40044 0.36244
1403638576.827829599 3.01114 -7.45511 -0.20708 0.65921 -0.51467 0.40709 0.36720
1403638576.927829504 3.02549 -7.61774 -0.21193 0.65360 -0.51498 0.41562 0.36724
1403638577.027829409 3.04611 -7.77824 -0.22013 0.64878 -0.51802 0.42295 0.36312
1403638577.127829552 3.07086 -7.93633 -0.22423 0.64502 -0.52070 0.42814 0.35989
1403638577.227829456 3.09748 -8.09409 -0.22087 0.64341 -0.52249 0.43040 0.35747
1403638577.327829599 3.12679 -8.25138 -0.21028 0.64580 -0.51966 0.42716 0.36116
1403638577.427829504 3.15989 -8.40644 -0.19159 0.65048 -0.51469 0.42089 0.36718
1403638577.527829409 3.19791 -8.56121 -0.17134 0.65113 -0.51415 0.42034 0.36742
1403638577.627829552 3.24133 -8.71125 -0.15621 0.65019 -0.51623 0.42179 0.36448
1403638577.827829599 3.34231 -8.99930 -0.14115 0.64971 -0.51901 0.42339 0.35951
1403638578.027829409 3.45819 -9.28498 -0.14010 0.65023 -0.51693 0.42459 0.36016
1403638578.127829552 3.52182 -9.42891 -0.13582 0.64868 -0.51780 0.42805 0.35758
1403638578.227829456 3.58845 -9.57346 -0.12561 0.64345 -0.52302 0.43611 0.34960
1403638578.327829599 3.65396 -9.71756 -0.11232 0.63999 -0.52701 0.44116 0.34360
1403638578.527829409 3.77954 -9.99668 -0.09064 0.63895 -0.52790 0.44183 0.34329
1403638578.727829456 3.89400 -10.26208 -0.08844 0.63974 -0.52537 0.43982 0.34824
1403638578.927829504 4.00389 -10.51616 -0.10211 0.64478 -0.51878 0.43288 0.35742
1403638579.127829552 4.12338 -10.76174 -0.09899 0.64620 -0.51571 0.43269 0.35952
1403638579.327829599 4.25666 -11.00373 -0.06568 0.64460 -0.51711 0.43618 0.35615
1403638579.427829504 4.32430 -11.12608 -0.05472 0.64000 -0.52235 0.44282 0.34851
1403638579.527829409 4.39170 -11.24429 -0.04722 0.63685 -0.52460 0.44853 0.34356
1403638579.627829552 4.45897 -11.35965 -0.04389 0.63447 -0.51659 0.45957 0.34549
1403638579.727829456 4.52346 -11.47153 -0.04619 0.64016 -0.50045 0.46863 0.34659
1403638579.827829599 4.58617 -11.57492 -0.05556 0.65536 -0.48034 0.47356 0.33987
1403638579.927829504 4.64707 -11.67324 -0.06889 0.67589 -0.45716 0.47801 0.32510
1403638580.027829409 4.71112 -11.76703 -0.08312 0.69312 -0.42747 0.49159 0.30853
1403638580.127829552 4.77208 -11.85302 -0.10005 0.70584 -0.39122 0.51368 0.29131
1403638580.227829456 4.83207 -11.92612 -0.11914 0.72125 -0.35473 0.53140 0.26756
1403638580.327829599 4.88665 -11.98939 -0.14546 0.73833 -0.32318 0.54190 0.23827
1403638580.427829504 4.93430 -12.04498 -0.17638 0.75168 -0.30261 0.54793 0.20780
1403638580.527829409 4.97361 -12.09516 -0.21000 0.75997 -0.28815 0.55197 0.18640
1403638580.627829552 5.00765 -12.14249 -0.24405 0.76794 -0.27438 0.55319 0.17019
1403638580.727829456 5.03877 -12.19020 -0.27451 0.77859 -0.25870 0.54987 0.15660
1403638580.827829599 5.06720 -12.23859 -0.29547 0.78657 -0.24593 0.54629 0.14964
1403638580.927829504 5.09432 -12.28568 -0.30711 0.79079 -0.23808 0.54469 0.14589
1403638581.027829409 5.12270 -12.33472 -0.30913 0.79195 -0.23654 0.54468 0.14207
1403638581.227829456 5.17327 -12.43028 -0.28531 0.79277 -0.23456 0.54323 0.14629
1403638581.427829504 5.22148 -12.52342 -0.25589 0.79085 -0.23639 0.54309 0.15405
1403638581.527829409 5.25283 -12.56955 -0.23772 0.78971 -0.23901 0.54268 0.15729
1403638581.627829552 5.28822 -12.61311 -0.21638 0.78748 -0.24055 0.54384 0.16203
1403638581.727829456 5.32345 -12.65446 -0.19911 0.78289 -0.24097 0.54867 0.16726
1403638581.827829599 5.35650 -12.69308 -0.18656 0.78128 -0.24287 0.54947 0.16938
1403638581.927829504 5.39169 -12.73106 -0.18055 0.77466 -0.24275 0.55769 0.17308
1403638582.127829552 5.44264 -12.78648 -0.16694 0.77759 -0.24439 0.55272 0.17360
1403638582.227829456 5.47417 -12.81303 -0.15249 0.78363 -0.24696 0.54375 0.17108
1403638582.327829599 5.50359 -12.83474 -0.12487 0.78221 -0.24539 0.54571 0.17360
1403638582.527829409 5.55167 -12.86867 -0.03117 0.77881 -0.24288 0.55075 0.17649
1403638582.927829504 5.63756 -12.88224 0.26141 0.78402 -0.24530 0.54249 0.17563
1403638583.027829409 5.67299 -12.87964 0.32309 0.78677 -0.24708 0.53785 0.17512
1403638583.227829456 5.71699 -12.86045 0.43348 0.78987 -0.24964 0.53254 0.17375
1403638583.527829409 5.79788 -12.81038 0.56430 0.79075 -0.24987 0.53109 0.17385
1403638583.827829599 5.88565 -12.73164 0.71888 0.79046 -0.24809 0.53140 0.17675
1403638583.927829504 5.90791 -12.69533 0.74735 0.78967 -0.24825 0.53258 0.17650
1403638584.127829552 5.95666 -12.61783 0.79967 0.78224 -0.24442 0.54336 0.18199
1403638584.227829456 5.97267 -12.57806 0.80681 0.77286 -0.24096 0.55675 0.18613
1403638584.327829599 5.98583 -12.53606 0.80309 0.76719 -0.23982 0.56465 0.18727
1403638584.627829552 6.01656 -12.37201 0.80657 0.76719 -0.23960 0.56520 0.18591
1403638584.827829599 6.00873 -12.23812 0.81546 0.77870 -0.24384 0.54979 0.17862
1403638584.927829504 5.99549 -12.16971 0.80734 0.78454 -0.24787 0.54135 0.17321
1403638585.127829552 5.98320 -12.02761 0.82109 0.78732 -0.25039 0.53714 0.17003
1403638585.327829599 5.97204 -11.89149 0.81031 0.78403 -0.24936 0.54210 0.17101
1403638585.527829409 5.97211 -11.74963 0.79321 0.78452 -0.24913 0.54141 0.17128
1403638585.727829456 5.97637 -11.59535 0.80667 0.79038 -0.25010 0.53298 0.16935
1403638585.827829599 5.97942 -11.51305 0.82001 0.79467 -0.25242 0.52627 0.16679
1403638586.027829409 5.99896 -11.34490 0.88465 0.79383 -0.25591 0.52655 0.16458
1403638586.227829456 6.01800 -11.17162 0.94195 0.78737 -0.25506 0.53502 0.16955
1403638586.427829504 6.04207 -11.00814 0.97600 0.78157 -0.24857 0.54270 0.18121
1403638586.727829456 6.07589 -10.76920 0.98559 0.78112 -0.24887 0.54296 0.18200
1403638586.927829504 6.09790 -10.61113 0.95039 0.77967 -0.25036 0.54535 0.17897
1403638587.127829552 6.11043 -10.45054 0.90457 0.77960 -0.25117 0.54563 0.17727
1403638587.327829599 6.11741 -10.28309 0.88490 0.78334 -0.25113 0.54055 0.17641
1403638587.527829409 6.12624 -10.10268 0.88466 0.78365 -0.25305 0.54007 0.17373
1403638587.727829456 6.13727 -9.92509 0.87063 0.78346 -0.25426 0.53999 0.17307
1403638587.927829504 6.15181 -9.75793 0.83654 0.78271 -0.25588 0.54067 0.17196
1403638588.127829552 6.16045 -9.60018 0.78810 0.78258 -0.25365 0.54098 0.17484
1403638588.327829599 6.16838 -9.43685 0.73783 0.78433 -0.24800 0.53880 0.18169
1403638588.527829409 6.18127 -9.25769 0.71579 0.78401 -0.24941 0.53943 0.17926
1403638588.727829456 6.19065 -9.06453 0.72622 0.78168 -0.25254 0.54296 0.17433
1403638588.927829504 6.19562 -8.86906 0.73752 0.78073 -0.25469 0.54400 0.17220
1403638589.127829552 6.19695 -8.67152 0.72204 0.78087 -0.25489 0.54329 0.17351
1403638589.327829599 6.19363 -8.48137 0.68879 0.77983 -0.25501 0.54469 0.17363
1403638589.527829409 6.18498 -8.29215 0.66476 0.78021 -0.25524 0.54436 0.17262
1403638589.727829456 6.17123 -8.09928 0.66705 0.78171 -0.25571 0.54215 0.17209
1403638589.927829504 6.15697 -7.89840 0.68085 0.78297 -0.25672 0.53962 0.17284
1403638590.127829552 6.14373 -7.70073 0.67213 0.78199 -0.25840 0.54029 0.17264
1403638590.327829599 6.12864 -7.50991 0.64772 0.78085 -0.25894 0.54153 0.17311
1403638590.527829409 6.10468 -7.33602 0.61341 0.78192 -0.26000 0.53972 0.17233
1403638590.727829456 6.08160 -7.15675 0.59625 0.78493 -0.26189 0.53542 0.16919
1403638590.927829504 6.06462 -6.96982 0.60316 0.78638 -0.26246 0.53321 0.16853
1403638591.127829552 6.04545 -6.77520 0.62957 0.78974 -0.26439 0.52784 0.16671
1403638591.227829456 6.03778 -6.68797 0.63413 0.79467 -0.26598 0.52013 0.16501
1403638591.327829599 6.03386 -6.60922 0.63277 0.80022 -0.26859 0.51130 0.16147
1403638591.427829504 6.03617 -6.54037 0.62785 0.80337 -0.27077 0.50600 0.15887
1403638591.527829409 6.04269 -6.47975 0.61684 0.80588 -0.27312 0.50171 0.15573
1403638591.727829456 6.07556 -6.37928 0.58712 0.80679 -0.27524 0.49982 0.15332
1403638591.927829504 6.13306 -6.30786 0.55959 0.80183 -0.27273 0.50824 0.15613
1403638592.127829552 6.21178 -6.25427 0.56013 0.79765 -0.27069 0.51563 0.15690
1403638592.227829456 6.26072 -6.23707 0.57296 0.79305 -0.26733 0.52550 0.15317
1403638592.327829599 6.31020 -6.22515 0.59727 0.78837 -0.26073 0.53764 0.14640
1403638592.427829504 6.35852 -6.21530 0.62856 0.78797 -0.24917 0.54650 0.13546
1403638592.527829409 6.40470 -6.20829 0.66679 0.79322 -0.23479 0.54778 0.12495
1403638592.627829552 6.44845 -6.20627 0.71227 0.80065 -0.22179 0.54389 0.11810
1403638592.727829456 6.49139 -6.20892 0.76129 0.80787 -0.21241 0.53816 0.11230
1403638592.827829599 6.53424 -6.21584 0.80590 0.81412 -0.20713 0.53184 0.10703
1403638593.127829552 6.67283 -6.26039 0.91707 0.81910 -0.19932 0.52784 0.10359
1403638593.227829456 6.72701 -6.28719 0.95235 0.81574 -0.19748 0.53308 0.10676
1403638593.327829599 6.78482 -6.31913 0.99333 0.81328 -0.19279 0.53684 0.11491
1403638593.427829504 6.84361 -6.35226 1.03719 0.80888 -0.18725 0.54314 0.12513
1403638593.527829409 6.90192 -6.38422 1.07503 0.80517 -0.18530 0.54802 0.13052
1403638593.727829456 7.01941 -6.43366 1.13417 0.80135 -0.18470 0.55258 0.13559
1403638593.827829599 7.07654 -6.45473 1.15338 0.79498 -0.18569 0.56158 0.13473
1403638593.927829504 7.13114 -6.46972 1.17665 0.78578 -0.18364 0.57626 0.12941
1403638594.027829409 7.17809 -6.48014 1.20170 0.78804 -0.18089 0.57576 0.12155
1403638594.227829456 7.25346 -6.48538 1.27025 0.79860 -0.17302 0.56469 0.11588
1403638594.427829504 7.31052 -6.47984 1.33479 0.79742 -0.16238 0.56847 0.12080
1403638594.627829552 7.35506 -6.45710 1.41793 0.79741 -0.16381 0.56950 0.11388
1403638594.927829504 7.39938 -6.40309 1.54231 0.79891 -0.16985 0.56660 0.10884
1403638595.527829409 7.42625 -6.26675 1.61712 0.80237 -0.17446 0.56019 0.10929
1403638596.127829552 7.40283 -6.10860 1.59083 0.80570 -0.15894 0.55504 0.13235
1403638596.327829599 7.39944 -6.02881 1.56322 0.80935 -0.14225 0.54835 0.15503
1403638596.627829552 7.41888 -5.83108 1.58886 0.81003 -0.12524 0.54530 0.17553
1403638596.827829599 7.45668 -5.62845 1.64309 0.81035 -0.11688 0.54324 0.18591
1403638596.927829504 7.48229 -5.50541 1.67738 0.80932 -0.11499 0.54435 0.18830
1403638597.027829409 7.51260 -5.36696 1.70963 0.80821 -0.11504 0.54537 0.19006
1403638597.127829552 7.54496 -5.21511 1.73622 0.80659 -0.11399 0.54706 0.19271
1403638597.227829456 7.58278 -5.04611 1.75719 0.80444 -0.11517 0.54983 0.19311
1403638597.327829599 7.62725 -4.86036 1.77314 0.80248 -0.11882 0.55315 0.18956
1403638597.427829504 7.67319 -4.65968 1.78615 0.80038 -0.12470 0.55688 0.18363
1403638597.527829409 7.71762 -4.44578 1.79248 0.79574 -0.13381 0.56513 0.17182
1403638597.627829552 7.75978 -4.22177 1.79412 0.79220 -0.14134 0.57093 0.16275
1403638597.727829456 7.79987 -3.99105 1.79025 0.79137 -0.14193 0.57205 0.16234
1403638597.827829599 7.83925 -3.75327 1.78210 0.79416 -0.13205 0.56908 0.16738
1403638597.927829504 7.87733 -3.50623 1.77142 0.79707 -0.12066 0.56636 0.17132
1403638598.027829409 7.91470 -3.24830 1.76268 0.79821 -0.11408 0.56685 0.16893
1403638598.127829552 7.95146 -2.97840 1.76183 0.79861 -0.11808 0.56985 0.15346
1403638598.227829456 7.98392 -2.69999 1.76679 0.79938 -0.12781 0.57188 0.13268
1403638598.327829599 8.01307 -2.41918 1.77298 0.80176 -0.13508 0.57005 0.11822
1403638598.427829504 8.04104 -2.13900 1.77334 0.80376 -0.13862 0.56783 0.11100
1403638598.527829409 8.06412 -1.86006 1.76764 0.80550 -0.13829 0.56622 0.10697
1403638598.627829552 8.08417 -1.58335 1.75286 0.80882 -0.13313 0.56365 0.10193
1403638598.727829456 8.10325 -1.30943 1.73598 0.81076 -0.12284 0.56432 0.09552
1403638598.827829599 8.11976 -1.03759 1.72255 0.81196 -0.11024 0.56665 0.08644
1403638598.927829504 8.13558 -0.76683 1.71409 0.81452 -0.09481 0.56713 0.07703
1403638599.027829409 8.14921 -0.49774 1.70994 0.81636 -0.07932 0.56843 0.06437
1403638599.127829552 8.16224 -0.22974 1.71358 0.81767 -0.06123 0.56991 0.05353
1403638599.227829456 8.17086 0.03845 1.72192 0.81934 -0.04269 0.57018 0.04203
1403638599.327829599 8.17749 0.30675 1.73721 0.82145 -0.02470 0.56902 0.02878
1403638599.427829504 8.18110 0.57278 1.75853 0.82433 -0.00844 0.56572 0.01943
1403638599.527829409 8.18318 0.83607 1.78077 0.82649 0.00253 0.56280 0.01251
1403638599.627829552 8.18584 1.09882 1.79645 0.82810 0.00761 0.56049 0.00679
1403638599.727829456 8.18977 1.35933 1.80353 0.82931 0.01065 0.55867 0.00487
1403638599.827829599 8.19537 1.61593 1.80328 0.82989 0.00973 0.55784 0.00393
1403638599.927829504 8.20282 1.87023 1.79685 0.83099 0.00586 0.55626 0.00131
1403638600.027829409 8.21500 2.12191 1.78626 0.83029 -0.00086 0.55732 -0.00343
1403638600.127829552 8.23169 2.36642 1.77326 0.83225 -0.01049 0.55418 -0.01161
1403638600.227829456 8.24847 2.61443 1.75700 0.83491 -0.02245 0.54943 -0.02333
1403638600.327829599 8.27588 2.83266 1.73865 0.83650 -0.03230 0.54607 -0.03201
1403638600.427829504 8.30325 3.04755 1.71988 0.83763 -0.04081 0.54326 -0.03970
1403638600.527829409 8.33464 3.25234 1.70758 0.83831 -0.04386 0.54191 -0.04062
1403638600.627829552 8.37090 3.44514 1.70397 0.83962 -0.04550 0.53980 -0.03990
1403638600.727829456 8.40370 3.61637 1.70920 0.84168 -0.04673 0.53643 -0.04048
1403638600.827829599 8.45051 3.78226 1.71878 0.84570 -0.04388 0.53059 -0.03672
1403638600.927829504 8.50569 3.93301 1.73114 0.84918 -0.03165 0.52673 -0.02102
1403638601.027829409 8.56854 4.07052 1.73723 0.85034 -0.02047 0.52579 -0.00750
1403638601.127829552 8.63810 4.20163 1.73892 0.84935 -0.01478 0.52762 -0.00079
1403638601.227829456 8.71464 4.33180 1.73606 0.84661 -0.00747 0.53210 0.00815
1403638601.327829599 8.79762 4.46334 1.73113 0.83955 -0.00084 0.54308 0.01472
1403638601.427829504 8.88637 4.59573 1.72842 0.83523 0.00157 0.54987 0.00449
1403638601.527829409 8.97682 4.72547 1.73139 0.83108 0.01104 0.55600 -0.00717
1403638601.627829552 9.06682 4.85771 1.74083 0.82787 0.02797 0.55993 -0.01823
1403638601.727829456 9.15713 4.98797 1.75596 0.82547 0.05096 0.56132 -0.03047
1403638601.827829599 9.24308 5.11799 1.77863 0.82130 0.07869 0.56332 -0.04413
1403638601.927829504 9.32338 5.24881 1.80676 0.81690 0.10634 0.56387 -0.05844
1403638602.027829409 9.40207 5.37976 1.83217 0.81459 0.12646 0.56153 -0.07158
1403638602.127829552 9.47928 5.51171 1.85101 0.81163 0.14183 0.56105 -0.07983
1403638602.227829456 9.55247 5.64608 1.86421 0.80552 0.15862 0.56453 -0.08534
1403638602.327829599 9.61090 5.78884 1.87430 0.79711 0.17466 0.56953 -0.09868
1403638602.427829504 9.68368 5.92670 1.89065 0.78141 0.18218 0.58239 -0.13047
1403638602.527829409 9.73858 6.06522 1.91737 0.75795 0.18716 0.60257 -0.16549
1403638602.627829552 9.77772 6.18733 1.95017 0.74101 0.19513 0.61242 -0.19435
1403638602.727829456 9.80378 6.30467 1.98742 0.73495 0.21197 0.60917 -0.20934
1403638602.827829599 9.81661 6.40266 2.03067 0.73149 0.23314 0.60276 -0.21739
1403638602.927829504 9.81484 6.48594 2.07411 0.73009 0.25100 0.59199 -0.23133
1403638603.027829409 9.79912 6.56439 2.12266 0.72881 0.26416 0.57889 -0.25288
1403638603.127829552 9.78086 6.63511 2.15725 0.72117 0.27777 0.57465 -0.26933
1403638603.227829456 9.74041 6.67013 2.19566 0.72079 0.29332 0.56529 -0.27362
1403638603.327829599 9.70096 6.70507 2.21518 0.73292 0.30947 0.54359 -0.26751
1403638603.427829504 9.65418 6.73279 2.23067 0.74413 0.31986 0.52497 -0.26149
1403638603.527829409 9.61006 6.75938 2.24392 0.74823 0.32417 0.51777 -0.25880
1403638603.627829552 9.56385 6.77693 2.25406 0.74275 0.32556 0.52307 -0.26216
1403638603.727829456 9.51821 6.79007 2.25678 0.73505 0.32985 0.53313 -0.25820
1403638603.927829504 9.41161 6.80306 2.24063 0.72102 0.33944 0.55286 -0.24343
1403638604.127829552 9.27345 6.80151 2.20361 0.71366 0.34348 0.56421 -0.23322
1403638604.327829599 9.09181 6.79348 2.19024 0.72194 0.33690 0.55383 -0.24202
1403638604.427829504 8.98803 6.78194 2.19182 0.73031 0.33475 0.54328 -0.24379
1403638604.527829409 8.87843 6.76669 2.20065 0.73772 0.33623 0.53367 -0.24066
1403638604.627829552 8.76557 6.75147 2.20851 0.74102 0.33661 0.52944 -0.23932
1403638604.727829456 8.65146 6.73453 2.21055 0.74375 0.33340 0.52593 -0.24305
1403638604.827829599 8.53621 6.70872 2.21621 0.74619 0.33057 0.52289 -0.24598
1403638604.927829504 8.41621 6.69825 2.21366 0.75054 0.33114 0.51715 -0.24410
1403638605.027829409 8.30122 6.67675 2.22232 0.75786 0.33286 0.50659 -0.24129
1403638605.127829552 8.18484 6.64478 2.24503 0.76338 0.33460 0.49839 -0.23853
1403638605.327829599 7.97210 6.62522 2.28565 0.76458 0.33999 0.49670 -0.23044
1403638605.427829504 7.87204 6.61196 2.29328 0.75737 0.34547 0.50723 -0.22308
1403638605.527829409 7.78011 6.61397 2.31462 0.74752 0.35055 0.52105 -0.21640
1403638605.627829552 7.68486 6.61787 2.32167 0.74040 0.35545 0.53054 -0.20974
1403638605.827829599 7.47407 6.63059 2.33901 0.73788 0.35879 0.53354 -0.20528
1403638606.027829409 7.24296 6.67332 2.38433 0.73689 0.36221 0.53532 -0.19804
1403638606.227829456 6.99302 6.74117 2.41551 0.73736 0.36465 0.53528 -0.19182
1403638606.327829599 6.86048 6.78740 2.41716 0.74131 0.36244 0.53088 -0.19303
1403638606.427829504 6.72027 6.83691 2.41066 0.75132 0.35615 0.51826 -0.20023
1403638606.527829409 6.58037 6.89180 2.39880 0.76151 0.34881 0.50465 -0.20918
1403638606.627829552 6.44377 6.95285 2.38327 0.76749 0.34708 0.49423 -0.21500
1403638606.727829456 6.31052 7.02025 2.36142 0.76917 0.35337 0.48515 -0.21939
1403638606.827829599 6.18522 7.09369 2.33587 0.76704 0.36438 0.47711 -0.22637
1403638606.927829504 6.06522 7.17371 2.31233 0.76153 0.37874 0.46981 -0.23646
1403638607.027829409 5.95031 7.26170 2.29546 0.75387 0.39371 0.46276 -0.25003
1403638607.227829456 5.73912 7.45944 2.28745 0.73465 0.40953 0.46217 -0.28102
1403638607.327829599 5.64511 7.56321 2.28088 0.72321 0.41182 0.47040 -0.29343
1403638607.427829504 5.55839 7.66521 2.26413 0.71674 0.41265 0.47383 -0.30248
1403638607.527829409 5.47262 7.76651 2.24007 0.71589 0.41319 0.47193 -0.30670
1403638607.627829552 5.39063 7.86604 2.21058 0.71475 0.41439 0.47198 -0.30765
1403638607.727829456 5.31504 7.96260 2.17724 0.71243 0.41482 0.47549 -0.30703
1403638607.827829599 5.24163 8.05710 2.14040 0.71303 0.41440 0.47550 -0.30621
1403638608.027829409 5.10967 8.23544 2.05219 0.71872 0.40699 0.47049 -0.31054
1403638608.227829456 4.99782 8.39964 1.95286 0.71237 0.40686 0.48394 -0.30463
1403638608.427829504 4.89756 8.55118 1.83344 0.70409 0.40478 0.49780 -0.30431
1403638608.527829409 4.84316 8.62153 1.76317 0.70605 0.40536 0.49572 -0.30238
1403638608.727829456 4.74579 8.74190 1.61729 0.70249 0.40086 0.50099 -0.30794
1403638608.827829599 4.68827 8.79726 1.56469 0.70518 0.40223 0.49715 -0.30624
1403638608.927829504 4.64235 8.84521 1.50666 0.70909 0.40348 0.49148 -0.30470
1403638609.027829409 4.57902 8.88791 1.45692 0.71286 0.40336 0.48595 -0.30493
1403638609.227829456 4.49537 8.96752 1.38125 0.71434 0.39902 0.48373 -0.31065
1403638609.427829504 4.41158 9.02666 1.28872 0.71475 0.39783 0.48377 -0.31119
1403638609.627829552 4.34863 9.07274 1.16531 0.71504 0.40084 0.48456 -0.30537
1403638609.827829599 4.27843 9.10812 1.04494 0.71499 0.40268 0.48478 -0.30269
1403638610.227829456 4.17746 9.13856 0.87437 0.70799 0.39772 0.49536 -0.30853
1403638610.827829599 4.03843 9.02233 0.56315 0.70477 0.39516 0.49959 -0.31235
1403638610.927829504 4.01294 8.98551 0.51997 0.70789 0.39740 0.49440 -0.31070
1403638611.227829456 3.93905 8.83070 0.39304 0.70381 0.39566 0.49878 -0.31515
1403638611.427829504 3.89409 8.69761 0.31140 0.69895 0.40534 0.50620 -0.30156
1403638611.527829409 3.86980 8.62533 0.28500 0.69634 0.41254 0.51031 -0.29070
1403638611.627829552 3.83742 8.55107 0.26468 0.69840 0.41497 0.50855 -0.28532
1403638611.827829599 3.76334 8.39655 0.22158 0.70809 0.40762 0.49607 -0.29389
1403638611.927829504 3.72098 8.31892 0.19083 0.71271 0.40372 0.49039 -0.29761
1403638612.127829552 3.64540 8.16104 0.13465 0.71719 0.40025 0.48481 -0.30066
1403638612.327829599 3.57892 8.00101 0.10345 0.71748 0.40064 0.48505 -0.29907
1403638612.527829409 3.52436 7.83346 0.07707 0.71451 0.40056 0.49145 -0.29581
1403638612.727829456 3.46495 7.67389 0.02775 0.71125 0.40387 0.49903 -0.28633
1403638612.927829504 3.40738 7.51589 -0.03448 0.70980 0.40005 0.50441 -0.28588
1403638613.127829552 3.33749 7.35394 -0.07066 0.71361 0.39827 0.50030 -0.28608
1403638613.327829599 3.25779 7.19047 -0.08112 0.71585 0.39837 0.49755 -0.28515
1403638613.627829552 3.13218 6.94724 -0.09278 0.71626 0.38931 0.50301 -0.28704
1403638613.827829599 3.04657 6.78574 -0.13267 0.71534 0.37533 0.51299 -0.29027
1403638613.927829504 3.00325 6.70175 -0.16526 0.71909 0.36627 0.51738 -0.28473
1403638614.027829409 2.95757 6.60957 -0.20090 0.72556 0.35541 0.52173 -0.27394
1403638614.127829552 2.91031 6.51396 -0.23898 0.73442 0.34207 0.52502 -0.26072
1403638614.327829599 2.81409 6.30866 -0.30218 0.75106 0.31711 0.52830 -0.23717
1403638614.427829504 2.76507 6.20965 -0.32296 0.75639 0.30732 0.52878 -0.23200
1403638614.627829552 2.66877 6.00405 -0.33370 0.76447 0.28930 0.53001 -0.22580
1403638614.727829456 2.62819 5.90857 -0.32435 0.77138 0.27486 0.52862 -0.22357
1403638614.927829504 2.54819 5.69509 -0.28403 0.79093 0.23958 0.52321 -0.20805
1403638615.027829409 2.52024 5.58814 -0.25317 0.79913 0.21891 0.52536 -0.19355
1403638615.127829552 2.49831 5.47869 -0.21781 0.80471 0.19771 0.53243 -0.17283
1403638615.227829456 2.48241 5.36551 -0.17752 0.80594 0.17715 0.54507 -0.14823
1403638615.327829599 2.46711 5.25082 -0.13785 0.80806 0.15332 0.55472 -0.12581
1403638615.427829504 2.45278 5.13642 -0.10316 0.81056 0.12767 0.56189 -0.10477
1403638615.527829409 2.43742 5.02261 -0.07550 0.81351 0.10232 0.56610 -0.08517
1403638615.627829552 2.42193 4.91245 -0.05201 0.81518 0.08138 0.56918 -0.06996
1403638615.727829456 2.40314 4.80385 -0.02797 0.81648 0.06659 0.57038 -0.05990
1403638615.827829599 2.38402 4.69749 0.00195 0.81734 0.05575 0.57098 -0.05317
1403638615.927829504 2.36205 4.58926 0.03521 0.81787 0.04318 0.57175 -0.04817
1403638616.027829409 2.34069 4.47850 0.05982 0.81902 0.03158 0.57146 -0.04046
1403638616.127829552 2.31905 4.37077 0.07706 0.81951 0.01911 0.57191 -0.03103
1403638616.227829456 2.29772 4.26496 0.07929 0.82039 0.00289 0.57140 -0.02157
1403638616.327829599 2.27533 4.15832 0.06598 0.82069 -0.01592 0.57107 -0.00942
1403638616.427829504 2.25238 4.04851 0.04203 0.82068 -0.03443 0.57034 0.00298
1403638616.527829409 2.22939 3.93967 0.01266 0.82095 -0.04963 0.56872 0.01181
1403638616.627829552 2.20667 3.83041 -0.01895 0.82354 -0.06018 0.56373 0.01891
1403638616.727829456 2.18416 3.72310 -0.05450 0.83039 -0.06978 0.55245 0.01973
1403638616.827829599 2.16411 3.61320 -0.09332 0.83760 -0.07906 0.54035 0.01398
1403638616.927829504 2.15002 3.50094 -0.12797 0.83958 -0.08186 0.53688 0.01300
1403638617.027829409 2.14204 3.38116 -0.15305 0.83651 -0.07662 0.54221 0.01961
1403638617.127829552 2.13946 3.25813 -0.17021 0.83291 -0.06938 0.54841 0.02627
1403638617.227829456 2.14065 3.13343 -0.18155 0.83291 -0.06339 0.54899 0.02925
1403638617.327829599 2.14606 3.01229 -0.18760 0.83612 -0.06045 0.54448 0.02808
1403638617.427829504 2.15696 2.89169 -0.18689 0.84031 -0.05658 0.53841 0.02818
1403638617.627829552 2.19694 2.65644 -0.16078 0.84182 -0.05004 0.53674 0.02737
1403638617.727829456 2.23022 2.54108 -0.13638 0.84022 -0.04541 0.53958 0.02861
1403638617.827829599 2.26969 2.43001 -0.10478 0.84017 -0.04237 0.53992 0.02845
1403638617.927829504 2.31371 2.32085 -0.06590 0.83902 -0.04101 0.54189 0.02666
1403638618.127829552 2.41107 2.10778 0.00382 0.83872 -0.03912 0.54267 0.02311
1403638618.327829599 2.52433 1.90502 0.04979 0.83793 -0.03615 0.54412 0.02242
1403638618.527829409 2.65123 1.71312 0.08148 0.83735 -0.03354 0.54523 0.02116
1403638618.627829552 2.72248 1.62451 0.09559 0.83697 -0.03506 0.54561 0.02361
1403638618.727829456 2.79679 1.53937 0.11100 0.83669 -0.03698 0.54573 0.02762
1403638618.827829599 2.87583 1.45793 0.13154 0.83543 -0.04061 0.54734 0.02880
1403638618.927829504 2.95841 1.37835 0.15764 0.83269 -0.04551 0.55085 0.03342
1403638619.027829409 3.04193 1.30276 0.18048 0.82805 -0.05640 0.55622 0.04211
1403638619.127829552 3.12620 1.22904 0.19620 0.82412 -0.07192 0.55902 0.05615
1403638619.227829456 3.21087 1.15867 0.20540 0.82004 -0.09338 0.56028 0.06995
1403638619.327829599 3.29516 1.09116 0.20639 0.81588 -0.11800 0.55956 0.08550
1403638619.427829504 3.37788 1.02565 0.19931 0.81080 -0.14102 0.55943 0.09878
1403638619.527829409 3.45925 0.96542 0.19035 0.80641 -0.15910 0.55940 0.10705
1403638619.627829552 3.54059 0.90726 0.17914 0.80313 -0.17432 0.55907 0.10966
1403638619.727829456 3.61934 0.85037 0.16563 0.80021 -0.18898 0.55959 0.10397
1403638619.927829504 3.76144 0.73236 0.12960 0.79558 -0.20273 0.56173 0.10203
1403638620.127829552 3.88065 0.60261 0.09406 0.79174 -0.20425 0.56553 0.10770
1403638620.327829599 3.98045 0.46418 0.08367 0.79153 -0.20086 0.56580 0.11406
1403638620.627829552 4.09038 0.24687 0.10196 0.79651 -0.19578 0.56073 0.11326
1403638620.927829504 4.17195 0.02493 0.08165 0.80497 -0.18853 0.55127 0.11213
1403638621.127829552 4.22606 -0.12694 0.05244 0.80353 -0.17901 0.55554 0.11693
1403638621.327829599 4.28139 -0.27318 0.04494 0.80264 -0.17346 0.55841 0.11778
1403638621.527829409 4.33142 -0.40869 0.03931 0.79963 -0.16848 0.56407 0.11846
1403638621.827829599 4.38591 -0.58432 -0.00624 0.79509 -0.16395 0.57149 0.11981
1403638622.027829409 4.40019 -0.67213 -0.05294 0.79031 -0.16216 0.57845 0.12048
1403638622.327829599 4.39457 -0.79751 -0.13339 0.79128 -0.16782 0.57701 0.11300
1403638622.527829409 4.36455 -0.85621 -0.14166 0.79237 -0.16574 0.57509 0.11812
1403638622.727829456 4.31485 -0.89151 -0.13538 0.78317 -0.16114 0.58715 0.12622
1403638622.827829599 4.28125 -0.90113 -0.11405 0.77373 -0.16037 0.59934 0.12810
1403638623.027829409 4.18902 -0.91005 -0.07630 0.77975 -0.16476 0.59104 0.12457
1403638623.127829552 4.13016 -0.89731 -0.06504 0.78538 -0.16846 0.58338 0.12030
1403638623.327829599 3.99916 -0.87959 -0.06178 0.79172 -0.17339 0.57466 0.11350
1403638623.527829409 3.84873 -0.85466 -0.06430 0.79497 -0.17422 0.57021 0.11193
1403638623.827829599 3.60267 -0.81939 -0.03764 0.79608 -0.17201 0.56814 0.11781
1403638624.027829409 3.42483 -0.78353 -0.00484 0.79852 -0.17361 0.56390 0.11935
1403638624.327829599 3.15249 -0.72599 0.01129 0.79807 -0.18123 0.56335 0.11345
1403638624.627829552 2.87782 -0.67430 -0.01129 0.78515 -0.18704 0.58008 0.10982
1403638624.827829599 2.68802 -0.63679 -0.02868 0.79487 -0.17073 0.57044 0.11674
1403638624.927829504 2.59176 -0.60833 -0.02524 0.79946 -0.16544 0.56615 0.11388
1403638625.127829552 2.38886 -0.56051 -0.01108 0.80200 -0.16445 0.56578 0.09825
1403638625.327829599 2.18298 -0.51816 -0.01254 0.80347 -0.16215 0.56529 0.09268
1403638625.627829552 1.86983 -0.46292 0.00430 0.80460 -0.16022 0.56425 0.09253
1403638625.827829599 1.66245 -0.44167 0.04244 0.81177 -0.16204 0.55372 0.09041
1403638626.027829409 1.45564 -0.41200 0.05839 0.81352 -0.16282 0.55075 0.09141
1403638626.327829599 1.17516 -0.39750 0.04930 0.81204 -0.16014 0.55265 0.09762
1403638626.627829552 0.91382 -0.39497 0.01632 0.81346 -0.15525 0.55093 0.10324
1403638626.827829599 0.75025 -0.38442 0.00167 0.81946 -0.15687 0.54220 0.09950
1403638627.127829552 0.53986 -0.37312 0.01518 0.82174 -0.15571 0.53939 0.09779
1403638627.627829552 0.30560 -0.37883 -0.03213 0.81949 -0.15056 0.54315 0.10370
1403638627.827829599 0.23720 -0.36511 -0.04825 0.81517 -0.14994 0.54936 0.10592
1403638628.027829409 0.18898 -0.35717 -0.07575 0.81785 -0.14992 0.54497 0.10795
1403638628.127829552 0.16457 -0.34080 -0.08483 0.81876 -0.15051 0.54331 0.10856
1403638628.527829409 0.10369 -0.30841 -0.10859 0.81311 -0.16067 0.55090 0.09768
1403638628.627829552 0.09389 -0.29323 -0.11321 0.80614 -0.16532 0.56074 0.09157
1403638628.927829504 0.06573 -0.27833 -0.13069 0.80710 -0.16245 0.55924 0.09717
1403638629.127829552 0.04705 -0.26809 -0.14529 0.80943 -0.15610 0.55617 0.10554
1403638629.327829599 0.02770 -0.25646 -0.15369 0.81117 -0.15385 0.55370 0.10836
1403638629.427829504 0.02193 -0.24653 -0.15224 0.81528 -0.15468 0.54753 0.10773
1403638629.527829409 0.01693 -0.24011 -0.15036 0.81988 -0.15725 0.54045 0.10481
1403638629.627829552 0.01865 -0.22974 -0.14925 0.82006 -0.16275 0.53987 0.09773
1403638629.727829456 0.02350 -0.22092 -0.14096 0.81585 -0.17055 0.54553 0.08775
1403638629.827829599 0.03340 -0.21919 -0.15244 0.80976 -0.17380 0.55409 0.08403
1403638629.927829504 0.03832 -0.21716 -0.14096 0.80375 -0.17107 0.56280 0.08936
1403638630.027829409 0.04347 -0.22431 -0.14669 0.79816 -0.16383 0.57102 0.10021
1403638630.127829552 0.04074 -0.22488 -0.17654 0.79866 -0.15904 0.57053 0.10656
1403638630.227829456 0.03871 -0.22573 -0.20770 0.80278 -0.15690 0.56484 0.10905
1403638630.327829599 0.03564 -0.22533 -0.24440 0.80937 -0.15638 0.55505 0.11123
1403638630.427829504 0.04533 -0.22214 -0.24535 0.81537 -0.16285 0.54713 0.09646
1403638630.527829409 0.05736 -0.22184 -0.23573 0.80607 -0.15527 0.56123 0.10566
1403638630.627829552 0.06782 -0.22049 -0.24624 0.80530 -0.15553 0.56211 0.10645
1403638630.727829456 0.07758 -0.22454 -0.25630 0.83149 -0.14884 0.52652 0.09622
1403638630.827829599 0.07109 -0.22150 -0.26544 0.82887 -0.15083 0.52913 0.10127
