1311868164.430940 0.0000012 -0.0000012 0.0000035 -0.0000019 0.0000036 0.0000038 1.0000000
1311868164.899132 0.0669459 -0.0073563 -0.0394734 0.0129093 0.0002026 -0.0131983 0.9998295
1311868165.031122 0.1033656 -0.0027723 -0.0472068 0.0141260 -0.0074383 -0.0163033 0.9997396
1311868165.299103 0.1968447 0.0136374 -0.0633539 0.0171275 -0.0345501 -0.0321966 0.9987374
1311868165.599188 0.2876826 0.0323735 -0.0718244 -0.0058050 -0.0552382 -0.0298584 0.9980098
1311868166.231050 0.3157433 0.0997148 -0.1738499 -0.0266731 -0.0091000 -0.0229193 0.9993400
1311868167.163230 0.5016435 0.1491025 -0.2491416 -0.0350911 -0.0369478 -0.0420919 0.9978135
1311868168.431214 0.6873236 0.0765055 -0.1580833 -0.0350374 -0.0902971 -0.0638399 0.9932489
1311868169.163498 0.7013916 -0.0253615 -0.0374265 -0.0052611 -0.1395326 -0.0814911 0.9868445
1311868169.863396 0.7948354 -0.1634431 0.0770723 0.0431895 -0.2439249 -0.1429055 0.9582345
1311868171.499514 1.1079659 -0.1454541 0.0228996 0.0254298 -0.2927278 -0.1572288 0.9428377
1311868172.563601 1.3483529 -0.1170539 0.1600535 -0.0314583 -0.3062359 -0.2091558 0.9281615
1311868173.931642 1.4261007 -0.2317132 0.4477583 -0.0606471 -0.3388873 -0.2380399 0.9081929
1311868174.899678 1.5182748 -0.3730966 0.6041194 -0.0228757 -0.4204571 -0.2583898 0.8694408
1311868175.400048 1.4562132 -0.4679758 0.6568620 0.0405075 -0.4398416 -0.2263383 0.8681414
1311868175.767584 1.4371328 -0.5203925 0.7264736 0.0678907 -0.4643825 -0.2006625 0.8599269
1311868176.032043 1.4582117 -0.5609233 0.7843001 0.0768300 -0.4974417 -0.2072766 0.8388595
1311868176.267779 1.4975727 -0.5977575 0.8465927 0.0770020 -0.5234668 -0.2339503 0.8156718
1311868176.531915 1.5377855 -0.6176969 0.9343003 0.0543222 -0.5316977 -0.2518222 0.8068037
1311868177.231903 1.5335817 -0.6686654 1.0739132 0.0411572 -0.5298091 -0.2718672 0.8023071
1311868177.799899 1.4961164 -0.6980205 1.1974599 0.0192835 -0.5325392 -0.2872145 0.7959510
1311868178.199855 1.5382392 -0.7283373 1.2898678 0.0160283 -0.5807333 -0.3259203 0.7458336
1311868178.632030 1.6055357 -0.7394255 1.3572733 0.0017140 -0.6063969 -0.3338940 0.7216610
1311868179.300467 1.8113470 -0.7221257 1.3426675 -0.0138019 -0.6021565 -0.3380796 0.7231315
1311868180.331912 2.0543470 -0.7644148 1.4793446 -0.0487559 -0.6100084 -0.3642907 0.7020006
1311868182.600295 1.7576201 -0.9038264 1.6977146 -0.0487371 -0.6064042 -0.3537531 0.7104628
1311868183.168211 1.5462643 -1.0165372 1.7861004 -0.0025198 -0.6778744 -0.3661129 0.6375275
1311868183.500255 1.4422264 -1.0582626 1.8103520 0.0064108 -0.7097810 -0.3822373 0.5916625
1311868183.968498 1.2873073 -1.1048555 1.8309487 -0.0266997 -0.7228927 -0.3856109 0.5727281
1311868184.268504 1.1934527 -1.1354945 1.8378756 -0.0121914 -0.7235138 -0.3639815 0.5864270
1311868184.636350 1.0879643 -1.1530861 1.8646841 -0.0118086 -0.7404187 -0.3579604 0.5687751
1311868184.836324 1.0220095 -1.1877009 1.8865833 0.0018965 -0.7638376 -0.3584217 0.5367332
1311868185.036432 0.9637446 -1.2195001 1.9079021 0.0139268 -0.7778269 -0.3623184 0.5133388
1311868185.236390 0.9090888 -1.2341495 1.9217377 -0.0158918 0.7881541 0.3641621 -0.4959300
1311868185.368510 0.8754416 -1.2446946 1.9295564 -0.0223629 0.7943994 0.3535132 -0.4934146
1311868185.500443 0.8463981 -1.2511680 1.9374660 0.0289792 -0.7923337 -0.3455731 0.5019430
1311868185.600364 0.8282934 -1.2512493 1.9378216 0.0407023 -0.7911586 -0.3385480 0.5077367
1311868185.701972 0.8069885 -1.2578721 1.9421191 0.0475261 -0.7928520 -0.3307934 0.5096104
1311868185.736700 0.8006579 -1.2578264 1.9445102 0.0467306 -0.7932930 -0.3263663 0.5118471
1311868185.800441 0.7906003 -1.2573670 1.9471105 0.0458392 -0.7947873 -0.3190274 0.5142309
1311868185.868447 0.7827299 -1.2558315 1.9522990 0.0388118 -0.7976697 -0.3155452 0.5124919
1311868185.900384 0.7758749 -1.2545418 1.9553258 0.0362800 -0.7991492 -0.3174654 0.5091759
1311868185.936471 0.7683117 -1.2550232 1.9573008 0.0352433 -0.8001998 -0.3200123 0.5059943
1311868186.036453 0.7512749 -1.2553407 1.9657197 -0.0357481 0.8043042 0.3249545 -0.4962071
1311868186.103248 0.7394997 -1.2556655 1.9742873 -0.0372985 0.8074882 0.3305968 -0.4871113
1311868186.136633 0.7361079 -1.2580831 1.9793862 -0.0370005 0.8093578 0.3328831 -0.4824518
1311868186.168524 0.7319387 -1.2598152 1.9840057 -0.0349519 0.8115019 0.3348060 -0.4776483
1311868186.200391 0.7242041 -1.2552071 1.9881573 -0.0326141 0.8139642 0.3368791 -0.4721345
1311868186.268650 0.7140812 -1.2586689 1.9974399 -0.0296281 0.8197955 0.3447492 -0.4562953
1311868186.336402 0.7070554 -1.2599761 2.0086827 -0.0275269 0.8261188 0.3500023 -0.4407588
1311868186.400544 0.6984082 -1.2588561 2.0205898 -0.0254945 0.8315729 0.3569203 -0.4247875
1311868186.537052 0.6923974 -1.2593055 2.0436652 -0.0164248 0.8364527 0.3649950 -0.4084798
1311868186.636497 0.6904762 -1.2630661 2.0590146 -0.0083318 0.8397139 0.3700280 -0.3973543
1311868186.968636 0.7357260 -1.2726853 2.1010165 -0.0030592 0.8414608 0.3802835 -0.3838212
1311868187.236433 0.7988887 -1.2838800 2.1358433 0.0016402 0.8323976 0.3865706 -0.3970829
1311868187.600502 0.8513023 -1.3050680 2.1966677 0.0032341 0.8138909 0.4099368 -0.4117317
1311868188.100428 0.8507286 -1.3356953 2.3218901 0.0065389 0.8283836 0.4168855 -0.3740914
1311868188.336811 0.8275980 -1.3319209 2.4158843 0.0077823 0.8292172 0.4413041 -0.3429124
1311868188.568686 0.8294592 -1.3283390 2.4660957 0.0258928 0.8268679 0.4580386 -0.3252994
1311868188.936521 0.9119389 -1.3399954 2.5415530 0.0489347 0.8190663 0.4729031 -0.3210894
1311868189.500573 1.0568105 -1.3695794 2.6441686 0.0615035 0.7906910 0.5053313 -0.3400959
1311868190.468862 1.0470746 -1.4776280 2.8898730 0.0662703 0.7853687 0.5056051 -0.3509525
1311868193.809392 0.7563004 -1.5873168 2.8049405 0.0287108 0.8205144 0.4930255 -0.2878499
1311868195.368984 0.6645012 -1.7074084 2.8118491 0.0229377 0.8407605 0.4544546 -0.2933713
1311868196.769084 0.7476498 -1.7306986 3.0736330 0.0701434 0.7839640 0.4844679 -0.3817998
1311868197.869114 0.6499737 -1.7828994 3.3234117 0.0694056 0.7811635 0.5283208 -0.3253361
1311868199.805309 0.3719337 -1.7545782 3.3709514 0.0784446 0.7909636 0.5493787 -0.2576935
1311868200.605204 0.2087392 -1.8033199 3.4602814 0.0538337 0.8021792 0.5686808 -0.1738181
1311868202.637392 -0.0453141 -1.8083494 3.5261207 0.0410650 0.7969218 0.5893030 -0.1262979
1311868203.537432 -0.1275549 -1.8634512 3.4338555 0.0369398 0.8325065 0.5496022 -0.0592091
1311868204.005472 -0.2008456 -1.9121596 3.3408875 0.0257655 0.8272618 0.5610974 -0.0119897
1311868204.573698 -0.3119774 -1.9813033 3.2524428 0.0199197 0.8244878 0.5646300 0.0318755
1311868205.373547 -0.4115623 -2.0837498 3.1662803 0.0116278 0.8378801 0.5448244 0.0314347
1311868206.405629 -0.4485197 -2.1507492 3.0868475 0.0172189 0.8777715 0.4787178 0.0070712
1311868207.505671 -0.5714864 -2.0310278 3.1875701 0.0044221 0.8571339 0.5098618 0.0730956
1311868208.437928 -0.7015744 -1.9378712 3.3177691 -0.0128995 0.8413641 0.5361549 0.0669170
1311868209.305793 -0.7923428 -1.8206911 3.3886201 -0.0029847 0.8153695 0.5754437 0.0634674
1311868211.674030 -1.0586796 -1.6557660 3.3219731 -0.0118575 0.8067766 0.5727319 0.1447381
1311868213.506347 -1.3073260 -1.6098840 3.2230716 -0.0207923 0.8088323 0.5672887 0.1534324
1311868214.942194 -1.4233365 -1.5553045 3.0819943 -0.0070148 0.8050441 0.5366978 0.2526068
1311868216.074212 -1.4393315 -1.6097622 2.9102106 -0.0276141 0.7943347 0.5033081 0.3390442
1311868216.974559 -1.4684983 -1.6752925 2.7711678 -0.0037491 0.8047453 0.4843021 0.3432529
1311868219.374565 -1.5644236 -1.5077170 2.8004143 0.0043697 0.8122467 0.4570509 0.3624096
1311868220.010555 -1.5946383 -1.3868983 2.8605332 0.0313002 0.7807129 0.4777052 0.4016284
1311868220.542610 -1.6359224 -1.3088150 2.9286537 0.0161499 0.7537865 0.4971010 0.4294598
1311868222.375332 -1.7703924 -1.2440434 2.9264979 0.0038369 0.7415191 0.5251885 0.4175066
1311868224.442907 -1.9033477 -1.1462780 2.7087185 0.0088622 0.7070144 0.5037949 0.4962286
1311868226.310950 -2.1130300 -1.0454943 2.5319524 -0.0066147 0.6865677 0.4774540 0.5482871
1311868227.047092 -2.1200523 -0.9936039 2.3654604 0.0018967 0.6820679 0.4795904 0.5520624
1311868227.610890 -2.1070056 -0.9492313 2.2403202 0.0147185 0.6711351 0.4652068 0.5770127
1311868228.344381 -2.1467123 -0.9039983 2.1133993 0.0049601 0.6209990 0.4293254 0.6557555
1311868229.216477 -2.2156274 -0.8362547 1.9614403 0.0003938 0.6134854 0.4143835 0.6722513
1311868229.883361 -2.0776372 -0.8787377 1.8474538 -0.0127994 0.5984831 0.4387730 0.6701733
1311868230.180570 -2.0070720 -0.8996546 1.7985137 -0.0130706 0.6020613 0.4414503 0.6651865
1311868230.543330 -1.9313847 -0.9276788 1.7330620 -0.0047206 0.5916585 0.4686846 0.6559364
1311868230.682847 -1.9050593 -0.9329141 1.7012854 0.0013066 0.6029329 0.4666167 0.6471004
1311868230.884514 -1.8836849 -0.9402401 1.6710731 0.0021668 0.6089330 0.4509143 0.6525888
1311868231.115505 -1.8422469 -0.9487484 1.6187817 -0.0134117 0.6161301 0.4341008 0.6570848
1311868231.343237 -1.8101408 -0.9595923 1.5849125 -0.0540327 0.6062799 0.4372327 0.6620670
1311868231.743341 -1.7302849 -0.9986002 1.5459530 -0.0742319 0.6047434 0.4354860 0.6626665
1311868232.043334 -1.6773381 -1.0416825 1.5357821 -0.0827947 0.5987549 0.4398328 0.6642174
1311868232.511307 -1.5913103 -1.1072707 1.5241179 -0.0871513 0.6007594 0.4490487 0.6556280
1311868233.043607 -1.5476662 -1.1715565 1.5383129 -0.0729442 0.6096506 0.4347875 0.6587604
1311868233.879475 -1.6302767 -1.0864897 1.5005435 -0.0500181 0.5896466 0.4140362 0.6916568
1311868234.311515 -1.7168301 -1.0322106 1.4382241 -0.0487498 0.5888565 0.3861249 0.7083636
1311868234.743637 -1.8219944 -0.9674631 1.3950809 -0.0518035 0.5834905 0.3661889 0.7230221
1311868235.179665 -1.9087104 -0.8890393 1.3533146 -0.0541041 0.5744737 0.3698705 0.7281816
1311868235.611793 -1.9531642 -0.8083163 1.3077304 -0.0427246 0.5824147 0.3718537 0.7215903
1311868236.079629 -1.9665687 -0.7219619 1.2754565 -0.0340283 0.5761358 0.3663815 0.7298453
1311868236.379539 -1.9592403 -0.6695656 1.2421969 -0.0385507 0.5562891 0.3619842 0.7470098
1311868236.847644 -1.9556174 -0.5925750 1.2094083 -0.0173980 0.5411356 0.3507412 0.7641008
1311868237.547675 -1.9746591 -0.4695524 1.1078420 -0.0044000 0.4994232 0.3396719 0.7969819
1311868237.879660 -1.9934182 -0.4112604 1.0262722 -0.0175392 0.4765763 0.3154527 0.8204005
1311868238.311749 -2.0009756 -0.3334414 0.9445670 -0.0216494 0.4534127 0.3212269 0.8311206
1311868238.847715 -1.9621599 -0.2716331 0.8832725 -0.0286924 0.4532973 0.3305895 0.8272901
1311868239.611936 -1.8834817 -0.1977483 0.8238320 -0.0241331 0.4076998 0.3133020 0.8573449
1311868240.012203 -1.8627263 -0.1560617 0.7750596 -0.0298464 0.3678295 0.2983638 0.8802214
1311868240.512225 -1.8587936 -0.0725636 0.6572203 -0.0565130 0.3541691 0.2601881 0.8964779
1311868241.111816 -1.8371050 -0.0466755 0.5921149 -0.0722104 0.3470548 0.2757265 0.8934839
1311868241.547948 -1.7511115 -0.1358076 0.5576039 -0.0638396 0.3438739 0.2895073 0.8909886
1311868241.947838 -1.6720632 -0.1915314 0.5245006 -0.0595808 0.3342108 0.2660345 0.9022078
1311868242.747909 -1.5895771 -0.1979940 0.4351583 -0.0482736 0.2678108 0.2142855 0.9380985
1311868243.379992 -1.5271702 -0.1731535 0.3846727 -0.0298725 0.2767042 0.2171057 0.9356322
1311868243.880069 -1.4708984 -0.1207830 0.2862089 -0.0579748 0.2370878 0.1760797 0.9536374
1311868244.312192 -1.4373411 -0.0448098 0.2091057 -0.0525650 0.1844987 0.1428706 0.9709712
1311868244.812104 -1.3910279 0.0489644 0.1666632 -0.0589694 0.1891105 0.1500739 0.9686267
1311868245.212180 -1.3194439 0.1020647 0.1616909 -0.0677136 0.2089821 0.1428522 0.9650568
1311868245.680250 -1.2206202 0.1374271 0.1384427 -0.0508135 0.1723270 0.1396404 0.9737669
1311868246.380220 -1.1197323 0.2379651 0.0302306 -0.0798703 0.1326287 0.1333458 0.9789020
1311868247.116311 -1.0727123 0.3227032 -0.0785480 -0.0946335 0.1529908 0.1439410 0.9730978
1311868248.280257 -0.8377920 0.1694653 0.0119712 -0.0874227 0.1213804 0.1311603 0.9800107
1311868248.880380 -0.6708980 0.0919113 0.0500943 -0.1202205 0.0721740 0.0857294 0.9864017
1311868249.216410 -0.5791789 0.0575954 0.0642313 -0.1276477 0.0873030 0.0792937 0.9847826
1311868249.480373 -0.5384062 0.0287098 0.0827619 -0.1163797 0.0874916 0.0804253 0.9860693
1311868249.780683 -0.5080598 -0.0255551 0.1247922 -0.1129538 0.0919449 0.0792603 0.9861569
1311868250.180457 -0.4762027 -0.1146233 0.1946115 -0.0995059 0.1065510 0.0760016 0.9863920
1311868250.816420 -0.4587428 -0.2293638 0.2599633 -0.0821896 0.0880061 0.0778331 0.9896675
1311868252.316579 -0.2635722 -0.1160987 0.1129528 -0.0715118 0.0647697 0.0139986 0.9952362
1311868252.848740 -0.1244104 -0.0279668 0.0329674 -0.0942631 0.0409207 0.0142116 0.9946045
1311868253.348831 -0.0165736 0.0140445 0.0228508 -0.1045264 0.0491600 0.0242094 0.9930113
1311868254.380853 0.2412418 0.0484436 0.0460484 -0.1094122 -0.0084653 0.0090817 0.9939189
1311868254.748845 0.3476689 0.0750327 0.0214958 -0.1309227 -0.0488351 -0.0240793 0.9898962
1311868254.916952 0.3877700 0.0932204 0.0122653 -0.1371283 -0.0585977 -0.0265676 0.9884616
1311868255.185128 0.4423517 0.1154809 -0.0051068 -0.1399468 -0.0729072 -0.0281346 0.9870703
1311868255.784952 0.5317323 0.1236033 -0.0017059 -0.1387670 -0.0801347 -0.0312732 0.9865820
1311868256.048877 0.5930995 0.1071928 0.0251141 -0.1430458 -0.0862631 -0.0315290 0.9854453
1311868256.316827 0.6570888 0.0731654 0.0572136 -0.1419698 -0.0921313 -0.0517817 0.9842129
1311868256.548816 0.7112315 0.0492551 0.0806914 -0.1275681 -0.1021562 -0.0509686 0.9852374
1311868256.885027 0.7780559 0.0116898 0.1191571 -0.1173591 -0.1206990 -0.0595257 0.9839285
1311868257.184982 0.8380440 -0.0253160 0.1459499 -0.1120248 -0.1472666 -0.0866838 0.9789019
1311868257.516816 0.9079483 -0.0750946 0.1720838 -0.1232795 -0.1737428 -0.1156610 0.9701743
1311868257.949031 0.9647672 -0.1504302 0.1984829 -0.1126140 -0.2020929 -0.1541717 0.9605767
1311868258.048909 0.9656338 -0.1721067 0.2113746 -0.1276341 -0.2192356 -0.1553795 0.9547264
1311868258.216937 0.9694531 -0.2030860 0.2364746 -0.1374108 -0.2431504 -0.1672138 0.9455346
1311868258.416975 0.9678884 -0.2503742 0.2728886 -0.1434336 -0.2361038 -0.1772098 0.9446049
1311868258.549307 0.9653029 -0.2904330 0.2972070 -0.1337519 -0.2311324 -0.1897739 0.9448143
1311868258.885648 0.9617962 -0.3750919 0.3554155 -0.1278211 -0.2525031 -0.1724169 0.9434916
1311868259.485201 1.0018383 -0.4751319 0.4764461 -0.0962621 -0.2855223 -0.2143775 0.9291140
