1403637130.538319 0.0000000 0.0000000 0.0000000 -0.0000000 -0.0000000 -0.0000000 1.0000000
1403637133.288319 0.0003051 -0.0009298 -0.0008362 0.0013626 0.0033228 -0.0037936 0.9999864
1403637133.338319 0.0004044 -0.0015328 -0.0011998 0.0003223 0.0048840 -0.0050058 0.9999755
1403637133.388319 0.0005736 -0.0025151 -0.0015696 -0.0014817 0.0084556 -0.0049684 0.9999508
1403637133.538319 0.0008843 -0.0045891 -0.0024623 -0.0138135 0.0124918 -0.0018779 0.9998248
1403637133.688319 0.0020104 -0.0066852 -0.0033052 -0.0232423 0.0200850 -0.0009875 0.9995276
1403637133.788319 0.0027274 -0.0107590 -0.0049894 -0.0238052 0.0253090 -0.0017133 0.9993947
1403637134.388319 0.0000678 -0.0756636 -0.0213142 0.0032932 0.0715344 -0.0175497 0.9972783
1403637135.138319 0.0067349 -0.0137384 -0.0051730 -0.0756343 0.0611278 0.0082114 0.9952263
1403637135.238319 0.0070002 -0.0117391 -0.0055158 -0.0879044 0.0614849 0.0048464 0.9942178
1403637135.338319 0.0069951 -0.0177188 -0.0071643 -0.0964888 0.0639245 0.0036500 0.9932725
1403637135.438319 0.0067395 -0.0306313 -0.0097280 -0.0831380 0.0684997 -0.0017164 0.9941795
1403637135.588319 0.0058276 -0.0567320 -0.0149332 -0.0487657 0.0777616 -0.0145057 0.9956729
1403637136.188319 0.0051514 -0.0685332 -0.0134626 -0.0260659 0.0851343 -0.0079707 0.9959966
1403637136.538319 0.0069396 -0.0200320 -0.0036702 -0.1031387 0.0750674 0.0100387 0.9917794
1403637136.738319 0.0067300 -0.0242637 -0.0060409 -0.1115354 0.0734784 0.0086610 0.9910024
1403637137.888319 0.0072474 -0.0211286 -0.0043220 -0.0941631 0.0823381 0.0022181 0.9921436
1403637138.038319 0.0078461 -0.0170740 -0.0052412 -0.1195686 0.0792087 0.0010429 0.9896607
1403637138.188319 0.0082004 -0.0340074 -0.0092004 -0.1132876 0.0734511 -0.0021251 0.9908413
1403637138.388319 0.0077158 -0.0720048 -0.0168828 -0.0507437 0.0892741 -0.0211779 0.9944882
1403637140.438319 0.0106049 -0.0020839 0.0079173 -0.0033677 0.0626900 0.0159711 0.9978996
1403637149.588319 0.0105257 -0.0019581 0.0073704 -0.0088182 0.0520399 0.0139687 0.9985084
1403637149.788319 0.0108517 -0.0014966 0.0066053 -0.0228262 0.0379380 0.0067696 0.9989964
1403637149.988319 0.0133821 -0.0017428 0.0056487 -0.0566028 0.0379132 0.0002786 0.9976766
1403637150.188319 0.0197124 -0.0072002 0.0053936 -0.0818896 0.0517052 -0.0213321 0.9950706
1403637151.288319 0.0538678 -0.0719869 0.0470176 -0.0267618 0.0703782 -0.0201137 0.9969585
1403637151.538319 0.0588776 -0.0883525 0.0518939 -0.0404559 0.0636724 -0.0091902 0.9971082
1403637151.788319 0.0657641 -0.1032300 0.0562827 -0.0418026 0.0639771 -0.0164945 0.9969391
1403637152.038319 0.0731797 -0.1131677 0.0619050 -0.0424172 0.0633610 -0.0187475 0.9969126
1403637152.538319 0.0891093 -0.1309619 0.0760152 -0.0476929 0.0612391 -0.0148851 0.9968719
1403637152.938319 0.1052769 -0.1363485 0.0932871 -0.0353165 0.0595915 -0.0133529 0.9975086
1403637153.188319 0.1166168 -0.1455455 0.1008658 -0.0382136 0.0608257 -0.0172104 0.9972681
1403637153.888319 0.1460622 -0.1668014 0.1241655 -0.0399227 0.0633684 -0.0222176 0.9969438
1403637154.188319 0.1550981 -0.1714650 0.1358643 -0.0505635 0.0592199 -0.0070037 0.9969389
1403637154.488319 0.1695417 -0.1668922 0.1518088 -0.0507765 0.0590219 -0.0003665 0.9969644
1403637154.788319 0.1901669 -0.1631737 0.1712930 -0.0600644 0.0791790 -0.0227591 0.9947889
1403637155.388319 0.2268686 -0.1866997 0.2216143 -0.0375738 0.1406565 0.0042895 0.9893360
1403637155.688319 0.2438362 -0.1989838 0.2492312 -0.0287677 0.1754005 0.0299958 0.9836195
1403637156.338319 0.3000472 -0.1959720 0.2998326 -0.0174805 0.3083038 0.0946706 0.9464041
1403637156.888319 0.3722333 -0.1781521 0.3133165 -0.0218638 0.4366819 0.1204853 0.8912430
1403637157.188319 0.4168138 -0.1569987 0.3150649 -0.0349600 0.4495330 0.1263526 0.8835909
1403637159.588319 0.8851559 -0.1112602 0.1097787 -0.0154940 0.5353667 0.1603339 0.8291173
1403637159.738319 0.9170690 -0.1020717 0.0866438 -0.0239688 0.5359882 0.1504142 0.8303720
1403637159.888319 0.9493202 -0.0966044 0.0621762 -0.0261916 0.5400631 0.1456008 0.8285205
1403637160.188319 1.0165154 -0.0850769 0.0146397 -0.0109847 0.5844511 0.1626951 0.7948752
1403637160.388319 1.0600991 -0.0702999 -0.0157924 -0.0048863 0.6294847 0.1753768 0.7569466
1403637160.488319 1.0822570 -0.0632043 -0.0321320 -0.0082898 0.6543874 0.1815714 0.7339892
1403637160.588319 1.1035233 -0.0553069 -0.0481087 -0.0131599 0.6790065 0.1879729 0.7095373
1403637160.688319 1.1243463 -0.0465038 -0.0634216 -0.0178941 0.6996057 0.1949893 0.6871760
1403637160.838319 1.1559583 -0.0359299 -0.0834104 -0.0252509 0.7179176 0.2046739 0.6648800
1403637161.338319 1.2614889 -0.0325898 -0.1589382 0.0178855 0.7182671 0.2405051 0.6526330
1403637161.488319 1.2929881 -0.0373525 -0.1873492 0.0121570 0.7226638 0.2341057 0.6502336
1403637161.588319 1.3135581 -0.0393282 -0.2090156 0.0079497 0.7296931 0.2334059 0.6426558
1403637162.038319 1.4038453 -0.0440388 -0.3094133 0.0334009 0.7719538 0.1820725 0.6081293
1403637162.638319 1.4606426 -0.0105713 -0.4301726 0.0263781 0.7613216 0.2206981 0.6090863
1403637162.838319 1.4659261 -0.0012269 -0.4769717 0.0512101 0.7765300 0.2006630 0.5950741
1403637162.988319 1.4654807 0.0099453 -0.5109649 0.0481041 0.7996166 0.1973918 0.5650980
1403637163.138319 1.4599679 0.0244829 -0.5460540 0.0402247 0.8276515 0.1994582 0.5230597
1403637163.288319 1.4501301 0.0400890 -0.5790921 0.0357287 0.8560690 0.2034755 0.4737795
1403637163.588319 1.4171443 0.0725954 -0.6353698 0.0498164 0.8846858 0.2418951 0.3953936
1403637163.738319 1.3958964 0.0839040 -0.6608257 0.0516709 0.8842601 0.2718648 0.3761700
1403637163.888319 1.3699813 0.0924095 -0.6893072 0.0601617 0.8823912 0.2867033 0.3681949
1403637164.038319 1.3411496 0.0976365 -0.7203348 0.0681552 0.8834820 0.2853611 0.3652173
1403637164.188319 1.3078563 0.1008184 -0.7562703 0.0663150 0.8861549 0.2752599 0.3668293
1403637164.488319 1.2320396 0.1069871 -0.8324069 0.0428885 0.8849425 0.2705557 0.3766126
1403637164.638319 1.1914800 0.1149035 -0.8705636 0.0531141 0.8791922 0.2778648 0.3833943
1403637164.788319 1.1487263 0.1257830 -0.9098836 0.0389735 0.8819519 0.2677560 0.3859387
1403637164.938319 1.1057341 0.1401254 -0.9513918 0.0267102 0.8902173 0.2550238 0.3765137
1403637165.088319 1.0611696 0.1558791 -0.9908134 0.0248735 0.8995812 0.2521345 0.3557572
1403637165.188319 1.0310930 0.1661485 -1.0169947 0.0256893 0.9085169 0.2476884 0.3355407
1403637165.338319 0.9865084 0.1824681 -1.0553316 0.0216056 0.9180993 0.2569202 0.3010297
1403637165.488319 0.9409182 0.1937547 -1.0915519 0.0165137 0.9211366 0.2756889 0.2742814
1403637166.438319 0.7264878 0.2657172 -1.2716504 -0.0281307 0.9325762 0.2163460 0.2875842
1403637166.538319 0.7140506 0.2733379 -1.2808640 -0.0210807 0.9321107 0.2061380 0.2970394
1403637167.088319 0.6709026 0.2983579 -1.2879336 -0.0959485 0.9189746 0.2138596 0.3170862
1403637167.238319 0.6728253 0.2973032 -1.2764227 -0.1057140 0.9221972 0.1920387 0.3185876
1403637167.388319 0.6839486 0.2889353 -1.2558523 -0.1041339 0.9216708 0.1980929 0.3169200
1403637167.738319 0.7296718 0.2693630 -1.1810148 -0.0133990 0.9070148 0.2633479 0.3283179
1403637168.188319 0.8034865 0.2520267 -1.0806106 -0.0236268 0.8869092 0.2761880 0.3695321
1403637168.788319 0.9168596 0.2653038 -0.9444274 -0.0090758 0.8902435 0.2533624 0.3784067
1403637169.288319 1.0152566 0.2598433 -0.8296431 -0.0327887 0.8867440 0.2375252 0.3952111
1403637169.588319 1.0812125 0.2408735 -0.7503500 -0.0288263 0.8576900 0.2087933 0.4689801
1403637169.888319 1.1438705 0.2126139 -0.6654047 -0.0347983 0.8096386 0.1760760 0.5588128
1403637170.138319 1.1934465 0.1955732 -0.5810682 -0.0404821 0.7722257 0.1529186 0.6153411
1403637170.438319 1.2436973 0.1818912 -0.4631323 -0.0203012 0.7186382 0.1304152 0.6827438
1403637170.738319 1.2814096 0.1683121 -0.3346224 0.0371782 0.6456131 0.1067602 0.7552508
1403637170.988319 1.2876657 0.1598436 -0.2286254 0.0268368 0.5730649 0.0979314 0.8131948
1403637171.238319 1.2798407 0.1437171 -0.1414404 0.0181639 0.5050582 0.0946921 0.8576827
1403637171.538319 1.2546813 0.1206721 -0.0513152 0.0142902 0.4817420 0.0652679 0.8737623
1403637171.838319 1.2104676 0.0994929 0.0302656 0.0098107 0.4901770 0.0508247 0.8700845
1403637172.138319 1.1439294 0.0862814 0.1079403 0.0133244 0.5020192 0.0519741 0.8631906
1403637172.388319 1.0722647 0.0795883 0.1665424 0.0123601 0.4908816 0.1114704 0.8639773
1403637172.888319 0.9236140 0.0449494 0.2421759 -0.0062127 0.4936730 0.1742948 0.8519799
1403637173.238319 0.8450716 0.0417907 0.2706919 -0.0444077 0.5267963 0.2232246 0.8189533
1403637173.488319 0.8142846 0.0498130 0.2835285 -0.0182903 0.5817041 0.2288408 0.7803318
1403637173.688319 0.7998303 0.0593141 0.2862768 -0.0001151 0.6146789 0.2513416 0.7476612
1403637173.988319 0.7954374 0.0836722 0.2727801 -0.0175393 0.6495607 0.2864341 0.7040730
1403637174.288319 0.8166816 0.0915180 0.2321282 0.0090308 0.6922445 0.2011021 0.6930180
1403637174.588319 0.8366372 0.0864963 0.1804070 0.0463354 0.6925926 0.2189185 0.6857428
1403637174.888319 0.8478338 0.0878381 0.1129919 0.0329310 0.7449978 0.2103611 0.6321725
1403637175.338319 0.8483005 0.1075812 0.0048885 0.0587084 0.8003029 0.2101937 0.5584687
1403637175.738319 0.8167912 0.1399798 -0.0931032 0.0558426 0.7940730 0.2449969 0.5534493
1403637176.188319 0.7505151 0.1624394 -0.2271739 0.0432076 0.8014706 0.2041360 0.5604520
1403637176.588319 0.6679571 0.1894467 -0.3439775 0.0325026 0.8121483 0.2102790 0.5432692
1403637177.038319 0.5559788 0.2297235 -0.4712929 0.0072840 0.8179561 0.2602610 0.5129902
1403637177.438319 0.4720165 0.2843012 -0.5800971 -0.0305278 0.8072935 0.3020030 0.5061021
1403637177.938319 0.4265478 0.3502297 -0.7337825 -0.0541481 0.8362828 0.2650799 0.4768979
1403637179.938319 0.7610351 0.4156479 -0.9185240 -0.0484196 0.8919789 0.2123622 0.3961459
1403637180.188319 0.8181913 0.4329867 -0.8872162 -0.0250273 0.8873661 0.2285847 0.3996299
1403637180.588319 0.9094567 0.4388699 -0.8248388 -0.0205345 0.8725786 0.2748369 0.4032985
1403637181.188319 1.0594324 0.3923121 -0.7348396 -0.0371608 0.8921903 0.2311618 0.3862379
1403637181.538319 1.1544971 0.3326897 -0.6662813 -0.0157149 0.8958156 0.2315093 0.3790395
1403637181.888319 1.2429883 0.2672250 -0.5874863 -0.0023053 0.8962984 0.2423130 0.3713869
1403637182.388319 1.3581160 0.1835103 -0.4653955 0.0351245 0.8966743 0.2257011 0.3792102
1403637183.288319 1.4418097 0.0562612 -0.2019048 0.0765322 0.8916453 0.2280988 0.3835135
1403637183.738319 1.4042448 0.0416831 -0.0606302 0.0924945 0.8872713 0.2408760 0.3823261
1403637184.238319 1.2807423 0.0273603 0.0580846 0.0930110 0.8769405 0.2773389 0.3813232
1403637184.788319 1.0910535 0.0498280 0.1421827 0.0123928 0.8738452 0.3014676 0.3812588
1403637185.238319 0.9493531 0.0539575 0.1663352 0.0001375 0.8688576 0.3156861 0.3813511
1403637185.988319 0.7950004 0.0307401 0.1095897 -0.0075556 0.8861895 0.2710713 0.3756749
1403637186.588319 0.7163981 0.0048964 0.0460478 0.0133802 0.8897707 0.2597641 0.3750356
1403637187.188319 0.6377290 -0.0126230 -0.0192314 0.0510048 0.8821100 0.2840796 0.3722623
1403637187.738319 0.5551972 0.0199621 -0.1014596 0.0052281 0.8855364 0.3088571 0.3469944
1403637188.338319 0.4971758 0.0754600 -0.2267616 -0.0163033 0.8983907 0.2755057 0.3416503
1403637189.088319 0.4542549 0.1658920 -0.3815389 0.0281547 0.9171165 0.2896223 0.2724403
1403637189.688319 0.4048115 0.2440934 -0.5121149 0.0214828 0.9240283 0.2743148 0.2654459
1403637190.088319 0.3670222 0.2737501 -0.6046962 0.0138688 0.9251138 0.2691698 0.2674318
1403637190.538319 0.3226420 0.2782490 -0.7002094 0.0186392 0.9279159 0.2648187 0.2617170
1403637190.938319 0.2825366 0.2853407 -0.7707541 0.0151407 0.9193441 0.2597678 0.2951238
1403637191.338319 0.2423378 0.3051860 -0.8237923 0.0174970 0.9148927 0.2540695 0.3132314
1403637191.738319 0.1969066 0.3215388 -0.8654381 -0.0031310 0.9140474 0.2637099 0.3081633
1403637192.138319 0.1620734 0.3129447 -0.9003021 -0.0341619 0.9115261 0.2786229 0.3005369
1403637192.488319 0.1547214 0.2889321 -0.9276807 -0.0410287 0.9104723 0.2838535 0.2979666
1403637193.288319 0.2122700 0.2511612 -0.9926720 0.0244086 0.8981747 0.3173926 0.3032298
1403637193.638319 0.2470490 0.2487490 -1.0359330 -0.0131939 0.9096183 0.2856552 0.3013661
1403637194.038319 0.2992982 0.2345313 -1.0923839 -0.0170661 0.9131501 0.2738495 0.3014503
1403637194.388319 0.3542085 0.2425548 -1.1329565 -0.0138208 0.9126902 0.2767766 0.3003335
1403637194.738319 0.4161978 0.2371359 -1.1715772 -0.0166052 0.9098879 0.2876121 0.2985091
1403637195.088319 0.4871192 0.2309953 -1.2110680 -0.0083320 0.9137490 0.2782847 0.2958901
1403637195.488319 0.5715430 0.2382549 -1.2479264 -0.0003363 0.9178830 0.2592979 0.3004252
1403637195.888319 0.6543382 0.2312305 -1.2767596 -0.0140132 0.9121633 0.2508535 0.3237814
1403637196.738319 0.8510694 0.2107522 -1.2319616 -0.0389680 0.9273466 0.1934530 0.3179399
1403637197.188319 0.9633650 0.1991929 -1.1114790 -0.0034406 0.9169377 0.2134768 0.3371069
1403637197.788319 1.0865637 0.1301886 -0.9047788 -0.0251557 0.8165023 0.2020012 0.5402654
1403637198.388319 1.1821058 0.0077005 -0.6821185 -0.0413440 0.7040840 0.1291457 0.6970494
1403637198.838319 1.2279842 -0.0724600 -0.4812903 -0.0352874 0.6838205 0.0923683 0.7229194
1403637199.338319 1.2314541 -0.1322800 -0.2164529 0.0080077 0.6405449 0.1094377 0.7600405
1403637199.738319 1.1883765 -0.1895072 -0.0117639 0.0196931 0.5516427 0.0845637 0.8295490
1403637200.038319 1.1360240 -0.1989502 0.1394087 0.0809386 0.4447935 0.0884646 0.8875707
1403637200.338319 1.0645781 -0.1862965 0.2614272 0.0589798 0.3531213 0.0432857 0.9327128
1403637201.388319 0.7813884 -0.1801634 0.4664301 0.0075562 0.3535561 0.1194612 0.9277231
1403637203.088319 0.6873180 -0.1532080 0.3324795 -0.0342140 0.4091568 0.0825848 0.9080749
1403637205.638319 0.6990999 -0.0963274 0.1910522 -0.0318262 0.4036554 0.0758624 0.9112049
1403637206.538319 0.6654403 -0.0967924 0.1932729 -0.0224118 0.3919922 0.0891605 0.9153635
1403637207.788319 0.6032284 -0.0925803 0.1724731 -0.0322231 0.3982391 0.1055052 0.9106240
1403637209.088319 0.5586999 -0.1025204 0.1262713 -0.0347642 0.4188201 0.0632625 0.9051956
1403637209.938319 0.5173631 -0.1112462 0.1327542 -0.1008545 0.3471052 0.0883468 0.9281924
1403637210.438319 0.5368508 -0.1123456 0.2039345 -0.1412925 0.3434079 0.1023582 0.9228382
1403637210.938319 0.6114496 -0.1243381 0.3441074 -0.0779052 0.3386477 0.1062995 0.9316378
1403637211.388319 0.7102558 -0.1282454 0.4890166 -0.0304069 0.3524477 0.0855233 0.9314193
1403637211.988319 0.8471164 -0.1356998 0.6617958 -0.0503446 0.3486957 0.1086338 0.9295566
1403637212.388319 0.9495449 -0.1650293 0.7629086 -0.0152382 0.3614642 0.0788325 0.9289224
1403637212.838319 1.0559433 -0.2151553 0.8561364 -0.0449620 0.3656851 0.0823936 0.9259936
1403637213.238319 1.1459049 -0.2604563 0.9359217 -0.0463979 0.3606581 0.0814727 0.9279737
1403637213.638319 1.2372078 -0.2941237 1.0216666 -0.0406173 0.3644938 0.0633994 0.9281568
1403637214.088319 1.3291954 -0.3159671 1.1263999 -0.0417629 0.3604157 0.0456908 0.9307356
1403637214.588319 1.3928338 -0.3612457 1.2469037 -0.0177399 0.2769094 -0.0080912 0.9606982
1403637215.088319 1.3948159 -0.4203509 1.3461834 -0.0067187 0.2352214 -0.0504792 0.9706069
1403637215.538319 1.3247795 -0.4447522 1.4256710 0.0314382 0.1935732 -0.0304953 0.9801077
1403637216.038319 1.1958708 -0.4694241 1.4577802 -0.0116087 0.0667576 -0.0385441 0.9969569
1403637216.338319 1.1146263 -0.4835203 1.4544884 -0.0129884 0.0175625 -0.0340159 0.9991826
1403637217.088319 0.9362605 -0.4769230 1.3938156 0.0217630 0.0187905 -0.0172893 0.9994370
1403637217.338319 0.8895644 -0.4661967 1.3447629 0.0080944 0.0167550 0.0141606 0.9997266
1403637217.738319 0.8408269 -0.4279848 1.2486422 0.0213191 0.0050980 -0.0182653 0.9995928
1403637217.988319 0.8202731 -0.4029321 1.1704398 0.0176321 -0.0449884 -0.0645908 0.9967413
1403637218.338319 0.7902800 -0.3653933 1.0429573 0.0025288 -0.0838785 -0.0758633 0.9935808
1403637218.638319 0.7674670 -0.3263204 0.9251548 0.0002567 -0.0863986 -0.0767036 0.9933035
1403637219.138319 0.7259138 -0.2500562 0.7142778 -0.0131157 -0.0713089 -0.0977906 0.9925624
1403637219.738319 0.6430153 -0.1500265 0.4531844 -0.0591066 -0.0678128 -0.0824874 0.9925239
1403637220.288319 0.5483534 -0.1126672 0.2353541 -0.0678872 -0.0693550 -0.0725410 0.9926324
1403637220.838319 0.4541190 -0.1049008 0.0579478 -0.0571021 -0.0729790 -0.0478914 0.9945450
1403637221.738319 0.3504842 -0.0472864 -0.1347530 -0.0732666 0.0041551 -0.0273756 0.9969280
1403637222.788319 0.3049435 0.0431150 -0.2135768 -0.0430016 0.1323511 0.0106693 0.9902123
1403637223.938319 0.2982571 -0.0004274 -0.2361204 -0.0374420 0.1197907 -0.0065658 0.9920712
1403637225.538319 0.2858433 0.0323440 -0.2189627 -0.0263132 0.1194282 -0.0135994 0.9924009
1403637226.488319 0.2376767 0.0132899 -0.2469573 -0.0490538 0.1178663 -0.0152344 0.9917002
1403637227.338319 0.1823782 0.0195148 -0.2417160 -0.0454790 0.1131412 0.0145075 0.9924315
1403637229.088319 0.1509608 0.0199171 -0.2217503 -0.0328538 0.1214119 -0.0111180 0.9919960
1403637230.138319 0.1342171 0.0617379 -0.2348251 -0.0426434 0.3269326 0.0667199 0.9417245
1403637231.138319 0.1440351 0.0402007 -0.2367161 -0.0390705 0.4970237 0.1520310 0.8534211
1403637231.938319 0.1996086 0.1106049 -0.2511000 -0.0051165 0.7419859 0.2563561 0.6194452
1403637233.238319 0.2827352 0.1691514 -0.4877125 0.0038916 0.8681017 0.3448910 0.3569797
1403637234.288319 0.4587268 0.2953244 -0.8017441 -0.1269704 0.9032732 0.1866187 0.3648967
1403637234.888319 0.6915753 0.3515248 -0.8033305 -0.0109975 0.8748916 0.1996095 0.4411347
1403637235.638319 0.9350119 0.3657502 -0.6952462 -0.0328134 0.7962518 0.2225955 0.5615670
1403637238.538319 0.9626640 -0.1643133 0.1583961 0.0921847 0.6695478 0.2715050 0.6851954
1403637239.138319 0.7795192 -0.1785815 0.0887989 0.0027602 0.7058984 0.3859912 0.5938945
1403637239.888319 0.6994405 -0.1016404 -0.2222540 0.0182579 0.8476716 0.2818539 0.4490856
1403637240.788319 0.6543716 0.1043054 -0.6219853 -0.0167281 0.9115084 0.3035152 0.2770398
1403637241.388319 0.6626308 0.2070948 -0.8709289 -0.0307558 0.9191948 0.2610036 0.2932781
1403637241.988319 0.7148835 0.2810984 -1.0549709 -0.0104386 0.9289747 0.2097554 0.3047946
1403637242.588319 0.7823434 0.2973207 -1.1334080 -0.0474654 0.9343388 0.1896652 0.2979684
1403637243.138319 0.8553230 0.2695109 -1.0916948 -0.0231001 0.9123546 0.1847619 0.3646072
1403637245.438319 1.0842781 -0.0083823 -0.6616315 -0.0269093 0.8570694 0.2824608 0.4300278
1403637246.288319 1.2443848 -0.0318728 -0.5827591 -0.0174137 0.7483793 0.1914835 0.6347907
1403637246.888319 1.3316633 -0.0186237 -0.4928322 -0.0156533 0.5707392 0.0808284 0.8169937
1403637247.388319 1.3585137 -0.0200798 -0.4005669 -0.0249866 0.4977099 0.0900962 0.8622895
1403637248.088319 1.3283856 -0.0171997 -0.2514778 -0.0077154 0.4423890 0.0518439 0.8952903
1403637248.638319 1.2433293 -0.0201208 -0.1407851 -0.0163586 0.3985022 0.0557573 0.9153248
1403637249.088319 1.1549723 -0.0384614 -0.0550601 -0.0373307 0.4095803 0.0694741 0.9088585
1403637249.738319 1.0134410 -0.0720393 0.0716973 -0.0232813 0.4152351 0.0704163 0.9066859
1403637250.388319 0.8513276 -0.0875454 0.1964801 -0.0198371 0.3451555 0.0849329 0.9344841
1403637251.788319 0.6338223 -0.1682162 0.3323520 -0.0244009 0.2485772 0.0570370 0.9666234
1403637252.788319 0.5671763 -0.1730292 0.3482744 -0.0379223 0.2329293 0.0627406 0.9697265
1403637254.488319 0.5078557 -0.1716594 0.2743861 -0.0384644 0.2181551 0.0181409 0.9749871
1403637255.638319 0.4212289 -0.1576221 0.2029451 -0.0261419 0.1399325 -0.0035663 0.9898095
1403637256.788319 0.3008391 -0.1359627 0.1090507 -0.0460724 0.0456707 -0.0212893 0.9976665
1403637257.888319 0.1820224 -0.1066643 0.0293953 -0.0635059 -0.0040780 -0.0462352 0.9969016
1403637258.888319 0.0687486 -0.0723452 0.0118934 -0.0394180 -0.1052376 -0.0612000 0.9917791
1403637259.488319 0.0228997 -0.0744433 0.0067221 -0.0374246 -0.1033124 -0.0422546 0.9930461
1403637260.338319 0.0130481 -0.0604680 -0.0004667 -0.0379005 -0.0935485 -0.0714044 0.9923274
1403637260.788319 0.0133720 -0.0388344 -0.0032552 -0.0522515 -0.0929926 -0.0777487 0.9912504
1403637261.588319 -0.0068285 -0.0094784 -0.0030817 -0.0548403 -0.0973862 -0.0668241 0.9914853
1403637261.988319 -0.0198696 -0.0125281 0.0026755 -0.0398298 -0.0950507 -0.0690778 0.9922737
1403637262.388319 -0.0271330 -0.0034050 0.0094869 -0.0097795 -0.0961771 -0.0540432 0.9938479
1403637262.838319 -0.0251165 -0.0029230 0.0088095 -0.0112348 -0.0681512 -0.0243218 0.9973152
1403637263.188319 -0.0251648 -0.0028701 0.0088449 -0.0124871 -0.0678360 -0.0247696 0.9973108
1403637264.638319 -0.0251823 -0.0028657 0.0088641 -0.0130587 -0.0680108 -0.0242298 0.9973048
