1311868164.363181 -0.0000003 0.0000037 -0.0000111 0.0000092 -0.0000054 -0.0000067 1.0000000
1311868164.963119 0.0852890 0.0051690 -0.0477101 0.0139519 -0.0041427 -0.0194579 0.9997047
1311868164.999037 0.0928096 0.0037521 -0.0470882 0.0115065 -0.0065956 -0.0195934 0.9997200
1311868165.163146 0.1499446 0.0022937 -0.0599461 0.0148273 -0.0259044 -0.0279239 0.9991643
1311868165.331226 0.2083655 0.0192552 -0.0697159 0.0104388 -0.0436280 -0.0358570 0.9983496
1311868166.063111 0.3211356 0.0715906 -0.1479167 -0.0149308 -0.0208774 -0.0262602 0.9993256
1311868166.331189 0.3180845 0.1195882 -0.1932612 -0.0427194 -0.0050945 -0.0190852 0.9988918
1311868166.999289 0.4368898 0.1497281 -0.2465276 -0.0384463 -0.0171934 -0.0321576 0.9985951
1311868167.499121 0.6034245 0.1384607 -0.2484182 -0.0348756 -0.0737409 -0.0619926 0.9947376
1311868168.431214 0.6814175 0.0733988 -0.1585395 -0.0388106 -0.0924286 -0.0675218 0.9926689
1311868169.199452 0.6977345 -0.0327361 -0.0299599 -0.0069985 -0.1485812 -0.0878599 0.9849646
1311868169.399437 0.7178171 -0.0778204 0.0084669 0.0078982 -0.1861920 -0.1116431 0.9761178
1311868169.963415 0.8040252 -0.1785455 0.0866120 0.0377393 -0.2488693 -0.1416946 0.9573727
1311868171.463459 1.0917583 -0.1477544 0.0193858 0.0228275 -0.2918980 -0.1561515 0.9433404
1311868171.799464 1.1853580 -0.1436331 0.0526553 0.0163581 -0.3110633 -0.1804419 0.9329591
1311868172.031533 1.2420716 -0.1384913 0.0870585 0.0015877 -0.3150209 -0.1916880 0.9295241
1311868172.363479 1.3081408 -0.1283637 0.1275803 -0.0211521 -0.3180383 -0.2003383 0.9264280
1311868173.131499 1.3736783 -0.1324180 0.3024284 -0.0824226 -0.2922880 -0.2242570 0.9260038
1311868174.031740 1.4311948 -0.2579726 0.4658863 -0.0539622 -0.3574926 -0.2544824 0.8969536
1311868174.531708 1.5037801 -0.3221767 0.5528762 -0.0399888 -0.4027068 -0.2742133 0.8723733
1311868174.967694 1.5004854 -0.3869266 0.6100345 -0.0206497 -0.4209042 -0.2568094 0.8697483
1311868175.199578 1.4639513 -0.4400082 0.6309977 0.0087141 -0.4245240 -0.2561339 0.8683887
1311868175.499770 1.4326626 -0.4851177 0.6775212 0.0461495 -0.4477806 -0.2162264 0.8663769
1311868175.767584 1.4239836 -0.5188937 0.7264848 0.0639148 -0.4665487 -0.2016238 0.8588336
1311868176.067949 1.4510757 -0.5660389 0.7897614 0.0738041 -0.5041283 -0.2129901 0.8336923
1311868176.331871 1.4947156 -0.6028067 0.8702475 0.0697331 -0.5294635 -0.2407603 0.8104568
1311868176.631719 1.5357956 -0.6177734 0.9575466 0.0450964 -0.5360656 -0.2570376 0.8028273
1311868177.099730 1.5369813 -0.6506899 1.0440836 0.0312236 -0.5381648 -0.2643279 0.7997090
1311868177.531751 1.4947865 -0.6849048 1.1358190 0.0322019 -0.5299647 -0.2739678 0.8018991
1311868177.867810 1.4866617 -0.6999104 1.2100852 0.0133254 -0.5433173 -0.2923340 0.7868733
1311868178.167955 1.5199482 -0.7200969 1.2827148 0.0103088 -0.5815105 -0.3222453 0.7469252
1311868178.432167 1.5599384 -0.7314981 1.3378650 0.0105342 -0.5954596 -0.3352813 0.7300023
1311868178.767938 1.6208233 -0.7334235 1.3604615 -0.0067277 -0.6137164 -0.3338468 0.7154392
1311868179.132026 1.7385826 -0.7233137 1.3445427 -0.0177563 -0.6116519 -0.3310626 0.7183065
1311868179.732177 1.9159908 -0.7173479 1.3699701 -0.0371305 -0.5846437 -0.3476396 0.7320928
1311868180.331912 2.0387907 -0.7640371 1.4745979 -0.0539859 -0.6108600 -0.3643872 0.7008263
1311868181.600115 2.0490680 -0.8242617 1.6257340 -0.0637820 -0.6048009 -0.3722545 0.7011236
1311868182.200278 1.8669649 -0.8586850 1.6583717 -0.0588571 -0.6016400 -0.3626643 0.7092530
1311868182.536127 1.7660806 -0.8800723 1.6908747 -0.0558059 -0.6026566 -0.3551988 0.7124075
1311868182.936274 1.6290964 -0.9463112 1.7466618 -0.0260757 -0.6529936 -0.3503693 0.6709403
1311868183.268380 1.4981853 -1.0234349 1.7998768 0.0046956 -0.6879765 -0.3745092 0.6216181
1311868183.636216 1.3836678 -1.0642605 1.8229009 -0.0245199 -0.7271916 -0.3786682 0.5720153
1311868183.968498 1.2713068 -1.0972147 1.8317600 -0.0311349 -0.7245461 -0.3847077 0.5710197
1311868184.336293 1.1627235 -1.1261396 1.8393174 -0.0136963 -0.7233822 -0.3651504 0.5858292
1311868184.636350 1.0762115 -1.1435602 1.8634968 -0.0152375 -0.7417604 -0.3572930 0.5673631
1311868185.000422 0.9596955 -1.2056375 1.9046438 0.0080484 -0.7780910 -0.3593977 0.5151144
1311868185.337903 0.8713040 -1.2326587 1.9247427 -0.0187461 0.7945828 0.3549350 -0.4922478
1311868185.636409 0.8056017 -1.2404534 1.9404712 0.0410968 -0.7937573 -0.3360531 0.5053006
1311868185.968391 0.7501333 -1.2442756 1.9590123 0.0315783 -0.8027115 -0.3203337 0.5020392
1311868186.268650 0.7025300 -1.2481242 1.9978050 -0.0260172 0.8212510 0.3433734 -0.4549337
1311868186.800524 0.6984745 -1.2514958 2.0800996 -0.0066317 0.8428026 0.3724099 -0.3885237
1311868187.268822 0.7919826 -1.2690778 2.1390238 0.0064294 0.8313412 0.3889012 -0.3969714
1311868187.736522 0.8459383 -1.2968314 2.2197990 0.0106978 0.8150645 0.4086072 -0.4106040
1311868188.100428 0.8348989 -1.3204026 2.3215804 0.0096416 0.8299344 0.4152800 -0.3723688
1311868188.437067 0.8052456 -1.3088708 2.4422445 0.0115374 0.8259882 0.4522006 -0.3363408
1311868188.936521 0.8962708 -1.3231063 2.5410798 0.0510982 0.8206579 0.4713878 -0.3189092
1311868189.368446 1.0156066 -1.3483068 2.6212630 0.0625600 0.7985107 0.4984626 -0.3316654
1311868190.002005 1.0565361 -1.3997804 2.7626884 0.0698037 0.7842670 0.5114467 -0.3442019
1311868190.636584 1.0256108 -1.4796691 2.9197922 0.0661162 0.7840543 0.5037406 -0.3565570
1311868192.139401 0.9380785 -1.5214404 2.9875498 0.0635517 0.7818457 0.5022169 -0.3639460
1311868193.038080 0.8280662 -1.5117760 2.8614378 0.0559872 0.7924717 0.4884955 -0.3608686
1311868193.605992 0.7609844 -1.5510786 2.8165553 0.0425700 0.8130074 0.4983229 -0.2981292
1311868194.108743 0.7199240 -1.5970837 2.7906621 0.0294257 0.8280275 0.4824761 -0.2841151
1311868194.538360 0.6926819 -1.6320026 2.7628860 0.0276502 0.8309812 0.4770794 -0.2847822
1311868195.168943 0.6602710 -1.6755955 2.7804661 0.0292174 0.8420762 0.4564924 -0.2857773
1311868195.569178 0.6386334 -1.6992813 2.8566217 0.0196102 0.8381543 0.4537078 -0.3020959
1311868195.906456 0.6321319 -1.6997578 2.9294453 0.0167532 0.8253229 0.4658721 -0.3186293
1311868196.337126 0.6847166 -1.7038918 3.0025721 0.0393726 0.8072104 0.4747809 -0.3484885
1311868196.837005 0.7326301 -1.7112228 3.0862827 0.0732856 0.7821484 0.4840093 -0.3854972
1311868197.337258 0.6955080 -1.7448176 3.2029355 0.0618278 0.7862356 0.5027255 -0.3539462
1311868197.805395 0.6399964 -1.7607886 3.3112798 0.0664142 0.7833273 0.5263149 -0.3240065
1311868198.569178 0.5411328 -1.7520088 3.3758471 0.0791583 0.7721688 0.5351982 -0.3332450
1311868199.905169 0.3386130 -1.7327428 3.3717737 0.0759114 0.7954214 0.5505865 -0.2416540
1311868200.805217 0.1594155 -1.7882724 3.4858382 0.0622466 0.8041023 0.5670923 -0.1671860
1311868202.505419 -0.0358104 -1.7796499 3.5225718 0.0516547 0.7983944 0.5873274 -0.1222486
1311868203.137538 -0.1278532 -1.7954758 3.5053742 0.0418840 0.8168466 0.5654331 -0.1062675
1311868203.637527 -0.1610099 -1.8490015 3.4115934 0.0374029 0.8344750 0.5479010 -0.0453541
1311868204.105511 -0.2426578 -1.9005287 3.3253014 0.0266299 0.8320665 0.5540256 -0.0034449
1311868204.573698 -0.3316584 -1.9522455 3.2497537 0.0226176 0.8254684 0.5630214 0.0331242
1311868205.006015 -0.4001932 -2.0132914 3.1994624 0.0226506 0.8253896 0.5620196 0.0485082
1311868205.473609 -0.4340096 -2.0648537 3.1607394 0.0194208 0.8441572 0.5344093 0.0377917
1311868206.105664 -0.4571588 -2.1111503 3.1111240 0.0240317 0.8716388 0.4890285 0.0227900
1311868207.205787 -0.5199507 -2.0170565 3.1589203 -0.0077353 0.8651859 0.4985286 0.0535044
1311868207.537787 -0.5886833 -1.9867461 3.1944904 0.0048218 0.8591167 0.5066463 0.0721436
1311868207.973830 -0.6602902 -1.9402027 3.2462506 -0.0016781 0.8528185 0.5182297 0.0643090
1311868208.373775 -0.7073957 -1.9072052 3.3134818 -0.0127408 0.8454307 0.5298805 0.0656598
1311868208.737756 -0.7666768 -1.8779356 3.3589349 0.0002056 0.8364083 0.5436236 0.0699607
1311868209.173775 -0.8044744 -1.8135417 3.3914561 0.0014653 0.8216115 0.5668144 0.0606122
1311868209.805796 -0.8502698 -1.7094216 3.3471818 0.0117567 0.8115185 0.5797535 0.0720095
1311868211.005839 -0.9107312 -1.6346815 3.3307862 0.0063424 0.8148037 0.5683773 0.1140267
1311868211.706002 -1.0878059 -1.6194086 3.3289065 -0.0086799 0.8088391 0.5691557 0.1475325
1311868212.474044 -1.2345226 -1.6102831 3.3362184 -0.0104124 0.8046823 0.5773472 0.1380154
1311868213.474546 -1.3270231 -1.5755515 3.2328403 -0.0147332 0.8120047 0.5632234 0.1523507
1311868214.142287 -1.3719610 -1.5469521 3.1598194 -0.0045668 0.8141997 0.5527375 0.1775930
1311868214.842297 -1.4246026 -1.5246561 3.0956783 -0.0059241 0.8100400 0.5358970 0.2379382
1311868215.342475 -1.4748241 -1.5239410 3.0225420 -0.0274249 0.8018196 0.5203431 0.2925344
1311868215.742205 -1.4707490 -1.5488958 2.9615278 -0.0294785 0.7984318 0.5064718 0.3242283
1311868216.606527 -1.4689429 -1.6120210 2.8189867 -0.0130467 0.7985217 0.4958506 0.3410646
1311868217.042435 -1.4884098 -1.6441514 2.7638230 -0.0043217 0.8055925 0.4819137 0.3446175
1311868217.506647 -1.4975555 -1.6732908 2.7252450 -0.0027512 0.8192441 0.4652981 0.3351555
1311868218.710423 -1.4949191 -1.5949686 2.7510061 0.0142844 0.8182417 0.4611409 0.3429657
1311868219.174460 -1.5538651 -1.5253881 2.7681093 -0.0012244 0.8147401 0.4510010 0.3644108
1311868219.610673 -1.5972555 -1.4131125 2.8130879 0.0156718 0.7949749 0.4709628 0.3820516
1311868220.042788 -1.6171205 -1.3487883 2.8591037 0.0348264 0.7791949 0.4763789 0.4058393
1311868220.510865 -1.6445870 -1.2839489 2.9209790 0.0183626 0.7571275 0.4929907 0.4282301
1311868221.174633 -1.7127697 -1.2321458 2.9528360 0.0039382 0.7370922 0.5155068 0.4369580
1311868222.610667 -1.7964731 -1.1990662 2.8928719 0.0010704 0.7380031 0.5187618 0.4315513
1311868223.479074 -1.8365319 -1.1506596 2.7971394 -0.0075652 0.7164190 0.5118588 0.4740118
1311868224.342895 -1.9017074 -1.1183493 2.7228999 0.0088400 0.7104126 0.5026878 0.4924842
1311868224.742798 -1.9672649 -1.0914068 2.6636097 0.0029382 0.7036681 0.4936656 0.5110155
1311868225.176049 -2.0222828 -1.0674584 2.6057868 -0.0013762 0.7027020 0.4848762 0.5206755
1311868225.678868 -2.0798655 -1.0446060 2.5706997 -0.0018288 0.6933209 0.4823617 0.5353784
1311868226.277609 -2.1251814 -1.0144370 2.5306704 -0.0049552 0.6862252 0.4754882 0.5504375
1311868226.711126 -2.1422868 -0.9868667 2.4558599 -0.0017218 0.6907663 0.4809649 0.5399183
1311868227.077103 -2.1366425 -0.9572187 2.3520555 0.0025798 0.6838491 0.4743207 0.5544038
1311868227.510861 -2.1235552 -0.9287490 2.2551436 0.0144627 0.6768131 0.4659801 0.5697169
1311868227.946163 -2.1295507 -0.8975728 2.1844978 0.0109112 0.6497942 0.4451036 0.6160610
1311868228.378967 -2.1720676 -0.8613520 2.1042769 0.0071021 0.6208764 0.4232475 0.6597906
1311868228.746541 -2.2123919 -0.8333070 2.0351949 -0.0060914 0.6122831 0.4115747 0.6750397
1311868229.148295 -2.2355158 -0.8032755 1.9662343 0.0014651 0.6133643 0.4151778 0.6718702
1311868229.580641 -2.1801209 -0.8127906 1.9022775 -0.0106344 0.6027514 0.4274065 0.6737220
1311868230.012490 -2.0709329 -0.8567205 1.8248580 -0.0094785 0.6000244 0.4334990 0.6722794
1311868230.312518 -2.0035760 -0.8852635 1.7734032 -0.0138452 0.6105687 0.4329219 0.6630179
1311868230.682847 -1.9262195 -0.8991240 1.6993845 0.0039499 0.6044683 0.4628247 0.6483793
1311868231.043362 -1.8730474 -0.9091560 1.6319129 -0.0102677 0.6130385 0.4361455 0.6586771
1311868231.481615 -1.8046519 -0.9323271 1.5621462 -0.0626029 0.6036484 0.4386041 0.6628091
1311868231.981369 -1.7095031 -1.0031089 1.5317798 -0.0770494 0.6000023 0.4399457 0.6637080
1311868232.443259 -1.6239529 -1.0675633 1.5213605 -0.0848482 0.5976809 0.4454703 0.6611615
1311868233.011303 -1.5711224 -1.1341012 1.5294607 -0.0707705 0.6115572 0.4327874 0.6585471
1311868233.843614 -1.6471705 -1.0614146 1.5028003 -0.0482818 0.5926142 0.4109463 0.6910864
1311868234.243581 -1.7231200 -1.0094931 1.4406357 -0.0467277 0.5917293 0.3906061 0.7036332
1311868234.679531 -1.8279722 -0.9455827 1.3981019 -0.0495234 0.5861090 0.3619087 0.7232190
1311868235.143595 -1.9211481 -0.8627785 1.3541141 -0.0528011 0.5768593 0.3647698 0.7289639
1311868235.579657 -1.9682505 -0.7792122 1.3097116 -0.0410712 0.5804449 0.3695061 0.7244737
1311868236.179561 -1.9801097 -0.6740194 1.2577815 -0.0298648 0.5692121 0.3643529 0.7364460
1311868236.747574 -1.9644524 -0.5791107 1.2094060 -0.0212658 0.5439765 0.3513202 0.7617161
1311868237.247704 -1.9768803 -0.4906945 1.1738038 0.0025006 0.5175309 0.3506582 0.7805091
1311868237.779615 -2.0013390 -0.3959593 1.0500716 -0.0189156 0.4880124 0.3130818 0.8145342
1311868238.179768 -2.0188589 -0.3216363 0.9655632 -0.0202000 0.4606724 0.3149488 0.8295662
1311868238.747681 -1.9939132 -0.2562807 0.8941979 -0.0261355 0.4555355 0.3170428 0.8314375
1311868239.279647 -1.9305998 -0.2008226 0.8374311 -0.0218096 0.4341555 0.3132600 0.8443350
1311868239.947914 -1.8790267 -0.1312528 0.7861930 -0.0277701 0.3762827 0.2965919 0.8773103
1311868240.412142 -1.8689013 -0.0547852 0.6685154 -0.0467075 0.3557832 0.2656285 0.8948063
1311868240.980015 -1.8736384 -0.0032384 0.5948795 -0.0687700 0.3456731 0.2727910 0.8951904
1311868241.512153 -1.7789724 -0.0953349 0.5592215 -0.0637357 0.3474645 0.2813898 0.8922029
1311868241.847976 -1.7081785 -0.1533134 0.5321555 -0.0605256 0.3374920 0.2775034 0.8974562
1311868242.212185 -1.6496110 -0.1869424 0.4752570 -0.0646553 0.3117866 0.2367297 0.9179150
1311868242.511969 -1.6249799 -0.1889824 0.4368933 -0.0571342 0.2861222 0.2172705 0.9314845
1311868242.980064 -1.5879550 -0.1719662 0.4114828 -0.0433433 0.2872844 0.2087852 0.9338082
1311868243.312010 -1.5549892 -0.1546359 0.3838297 -0.0308124 0.2850409 0.2169117 0.9331408
1311868244.048067 -1.4707047 -0.0667472 0.2459430 -0.0598611 0.2106165 0.1584853 0.9627771
1311868244.480101 -1.4394734 0.0198889 0.1898462 -0.0554290 0.1889496 0.1368293 0.9708261
1311868244.812104 -1.4076105 0.0744059 0.1588357 -0.0585458 0.1906329 0.1457327 0.9690167
1311868245.280237 -1.3205397 0.1256199 0.1473163 -0.0652017 0.2004188 0.1395092 0.9675320
1311868245.612262 -1.2488610 0.1520507 0.1256689 -0.0469540 0.1668098 0.1287199 0.9764225
1311868246.016098 -1.1673816 0.2106400 0.0867412 -0.0623348 0.1491401 0.1464702 0.9759191
1311868246.416139 -1.1261492 0.2660825 0.0083293 -0.0813133 0.1298927 0.1283792 0.9798136
1311868246.848370 -1.1060948 0.3313102 -0.0711485 -0.0956464 0.1394007 0.1311006 0.9768479
1311868247.580231 -1.0051165 0.2965426 -0.0764804 -0.0951482 0.1478820 0.1346750 0.9751617
1311868248.048245 -0.8931138 0.2184695 -0.0251168 -0.0869395 0.1399744 0.1282059 0.9779631
1311868248.580330 -0.7617623 0.1541843 0.0248247 -0.0989377 0.0963854 0.1111053 0.9841630
1311868248.948257 -0.6563828 0.1006168 0.0394772 -0.1226843 0.0718974 0.0815026 0.9864769
1311868249.280715 -0.5685540 0.0640715 0.0550970 -0.1278191 0.0862646 0.0771604 0.9850213
1311868249.648364 -0.5232502 0.0077427 0.0928081 -0.1113748 0.0925461 0.0740100 0.9866881
1311868250.016358 -0.4895807 -0.0628284 0.1554997 -0.1059079 0.1003783 0.0748036 0.9864644
1311868250.380598 -0.4711288 -0.1402682 0.2121508 -0.0952014 0.0956423 0.0768039 0.9878716
1311868250.780601 -0.4620904 -0.2109897 0.2485328 -0.0858149 0.0858744 0.0755318 0.9897254
1311868251.848729 -0.3765694 -0.1479503 0.1882250 -0.0751544 0.0763003 0.0467935 0.9931467
1311868252.180550 -0.2948514 -0.1174666 0.1306261 -0.0746776 0.0625078 0.0309372 0.9947658
1311868252.580747 -0.1881504 -0.0578645 0.0603137 -0.0828727 0.0400909 0.0067749 0.9957303
1311868254.481183 0.2664785 0.0565819 0.0366727 -0.1169354 -0.0217465 -0.0085151 0.9928649
1311868255.248740 0.4477881 0.1150563 -0.0106573 -0.1445898 -0.0768252 -0.0333008 0.9859425
1311868256.484903 0.6861991 0.0572225 0.0736179 -0.1343136 -0.0986345 -0.0561979 0.9844150
1311868257.149165 0.8212799 -0.0211005 0.1429717 -0.1159940 -0.1464680 -0.0870365 0.9785281
1311868257.785459 0.9442749 -0.1221309 0.1886995 -0.1206413 -0.2003234 -0.1397382 0.9621795
1311868258.484910 0.9575096 -0.2697397 0.2843016 -0.1429938 -0.2361375 -0.1879617 0.9425828
1311868259.248996 0.9624482 -0.4285558 0.4329225 -0.1093190 -0.2785966 -0.1964387 0.9337264
1311868260.285037 1.0566854 -0.4763262 0.5437621 -0.0955066 -0.3017754 -0.2239554 0.9217668
