1311868164.399026 -0.0000008 0.0000052 -0.0000035 -0.0000028 -0.0000022 -0.0000026 1.0000000
1311868164.831006 0.0534848 -0.0011446 -0.0377498 0.0055192 -0.0047169 -0.0128262 0.9998914
1311868164.863058 0.0608885 0.0001514 -0.0398598 0.0092221 -0.0038563 -0.0141720 0.9998496
1311868164.999037 0.0936346 0.0023224 -0.0453968 0.0132368 -0.0056279 -0.0185740 0.9997240
1311868165.331226 0.2093850 0.0176306 -0.0694184 0.0121008 -0.0427166 -0.0344749 0.9984189
1311868166.131254 0.3166875 0.0786265 -0.1585336 -0.0200397 -0.0161892 -0.0248398 0.9993594
1311868166.763333 0.3708930 0.1499157 -0.2356601 -0.0470427 0.0015079 -0.0180760 0.9987282
1311868167.563160 0.6226736 0.1360316 -0.2496523 -0.0322454 -0.0763858 -0.0627872 0.9945769
1311868169.031214 0.6891115 -0.0028812 -0.0582822 -0.0163051 -0.1238156 -0.0768722 0.9891888
1311868170.231467 0.8558608 -0.1952556 0.0774837 0.0456912 -0.2555746 -0.1171099 0.9585819
1311868170.963440 0.9963024 -0.1592716 0.0083874 0.0260445 -0.2614405 -0.1328486 0.9556787
1311868171.663411 1.1494864 -0.1461904 0.0347714 0.0221810 -0.3032279 -0.1692363 0.9375073
1311868172.263475 1.2927113 -0.1297589 0.1142935 -0.0119040 -0.3168913 -0.1949034 0.9281438
1311868172.899539 1.3729440 -0.1125352 0.2413122 -0.0738142 -0.2944251 -0.2143974 0.9283852
1311868173.999745 1.4283904 -0.2489506 0.4592064 -0.0548327 -0.3509378 -0.2498548 0.9007822
1311868174.767680 1.5117538 -0.3462515 0.5850716 -0.0342843 -0.4156348 -0.2653164 0.8692983
1311868175.299978 1.4583092 -0.4525954 0.6393357 0.0396394 -0.4282681 -0.2428494 0.8695052
1311868175.667696 1.4309015 -0.5061803 0.7064524 0.0566123 -0.4606375 -0.2039308 0.8619863
1311868175.999870 1.4453279 -0.5541934 0.7740873 0.0749069 -0.4936044 -0.2049715 0.8418612
1311868176.499760 1.5258678 -0.6146451 0.9226940 0.0550814 -0.5325910 -0.2506920 0.8065150
1311868177.399987 1.5026884 -0.6872658 1.1042585 0.0363224 -0.5316607 -0.2775661 0.7993588
1311868177.967919 1.5010881 -0.7072879 1.2321476 0.0156197 -0.5530657 -0.3008028 0.7767832
1311868178.231966 1.5336301 -0.7316979 1.2996534 0.0163402 -0.5832309 -0.3288147 0.7426006
1311868178.567928 1.5848597 -0.7368914 1.3523854 0.0008490 -0.6053234 -0.3342202 0.7224125
1311868179.300467 1.8035481 -0.7204039 1.3433098 -0.0162096 -0.6041536 -0.3370731 0.7218847
1311868179.932050 1.9649775 -0.7400325 1.3899413 -0.0389779 -0.5873246 -0.3552343 0.7261811
1311868181.068183 2.1065938 -0.8153362 1.5726398 -0.0637385 -0.6146134 -0.3670506 0.6953140
1311868182.536127 1.7713861 -0.8901330 1.6861773 -0.0556003 -0.6012842 -0.3565936 0.7128863
1311868182.900229 1.6485655 -0.9452384 1.7379246 -0.0275740 -0.6472459 -0.3485134 0.6773853
1311868183.168211 1.5390766 -1.0126386 1.7835748 -0.0041459 -0.6787621 -0.3659943 0.6366419
1311868183.468217 1.4432297 -1.0523694 1.8082190 0.0099177 -0.7063089 -0.3825876 0.5955301
1311868183.768221 1.3456173 -1.0831831 1.8287203 -0.0282283 -0.7252613 -0.3770569 0.5753497
1311868184.000440 1.2668073 -1.1074200 1.8281308 -0.0231558 -0.7231351 -0.3852736 0.5728033
1311868184.236434 1.1948267 -1.1304109 1.8316274 -0.0149746 -0.7251546 -0.3654474 0.5834165
1311868184.468412 1.1267872 -1.1434437 1.8446949 -0.0134411 -0.7276074 -0.3656531 0.5802626
1311868184.636350 1.0825632 -1.1499326 1.8591177 -0.0136195 -0.7406101 -0.3582492 0.5683034
1311868184.836324 1.0144311 -1.1841097 1.8817364 0.0000645 -0.7641076 -0.3586879 0.5361739
1311868185.000422 0.9659961 -1.2104555 1.9006591 0.0098618 -0.7770146 -0.3602777 0.5160921
1311868185.268543 0.8921056 -1.2341495 1.9182185 -0.0152592 0.7900079 0.3624373 -0.4942609
1311868185.468575 0.8432757 -1.2412881 1.9339775 -0.0220698 0.7939022 0.3463173 -0.4992961
1311868185.668624 0.8045970 -1.2512443 1.9374880 0.0447610 -0.7931491 -0.3348792 0.5067217
1311868185.736700 0.7933376 -1.2531546 1.9405107 0.0452897 -0.7937114 -0.3264432 0.5112787
1311868185.836824 0.7788636 -1.2538886 1.9461091 0.0404064 -0.7964513 -0.3166039 0.5136095
1311868185.868447 0.7734058 -1.2501252 1.9480383 0.0371084 -0.7980149 -0.3157426 0.5119589
1311868185.968391 0.7549450 -1.2506052 1.9560668 0.0330934 -0.8018270 -0.3212358 0.5027782
1311868186.068672 0.7378575 -1.2516118 1.9659905 -0.0339073 0.8061616 0.3276204 -0.4915471
1311868186.168524 0.7219154 -1.2531945 1.9801617 -0.0327234 0.8119277 0.3346430 -0.4771967
1311868186.368410 0.6952121 -1.2535855 2.0119452 -0.0245347 0.8296157 0.3531403 -0.4317729
1311868186.668623 0.6834421 -1.2586160 2.0599132 -0.0073732 0.8403226 0.3705833 -0.3955649
1311868187.236433 0.7908993 -1.2777910 2.1328852 0.0031510 0.8329280 0.3861920 -0.3963291
1311868187.837466 0.8517591 -1.3113818 2.2376456 0.0115303 0.8158201 0.4108976 -0.4067774
1311868188.169752 0.8341959 -1.3313369 2.3454192 0.0155075 0.8316870 0.4196372 -0.3632641
1311868188.368537 0.8135287 -1.3219810 2.4238963 0.0096448 0.8279547 0.4459344 -0.3399126
1311868188.568686 0.8195843 -1.3208551 2.4636340 0.0283908 0.8275523 0.4572481 -0.3244618
1311868188.936521 0.9015580 -1.3317699 2.5395780 0.0514100 0.8199301 0.4719244 -0.3199360
1311868189.337870 1.0145326 -1.3534794 2.6141584 0.0627058 0.7994881 0.4968439 -0.3317122
1311868189.836562 1.0691365 -1.3903034 2.7150531 0.0680007 0.7860966 0.5115576 -0.3402011
1311868190.336668 1.0481000 -1.4561043 2.8511112 0.0665027 0.7840422 0.5076767 -0.3508840
1311868191.270521 1.0136224 -1.5121930 2.9791725 0.0708238 0.7841622 0.5044538 -0.3544009
1311868193.205121 0.8225558 -1.5266397 2.8419914 0.0529276 0.7978712 0.4880342 -0.3498898
1311868193.972816 0.7360076 -1.5949805 2.7894082 0.0271007 0.8255526 0.4833058 -0.2900756
1311868195.540776 0.6446319 -1.7086153 2.8457816 0.0187786 0.8381404 0.4543981 -0.3011485
1311868196.236975 0.6808594 -1.7120266 2.9819396 0.0302740 0.8101593 0.4763090 -0.3403749
1311868197.205086 0.7255321 -1.7491159 3.1680384 0.0641016 0.7825261 0.4923098 -0.3757325
1311868198.137212 0.6223084 -1.7757837 3.3533542 0.0758872 0.7751428 0.5323980 -0.3315826
1311868199.869232 0.3601592 -1.7459996 3.3678918 0.0772206 0.7926396 0.5507522 -0.2498631
1311868201.173508 0.1402193 -1.8108341 3.5127425 0.0649802 0.8073158 0.5635473 -0.1625829
1311868203.137538 -0.1125802 -1.8164322 3.5071127 0.0397889 0.8158396 0.5667822 -0.1076120
1311868204.005472 -0.2015653 -1.9003339 3.3411579 0.0261181 0.8280452 0.5598890 -0.0135349
1311868204.837551 -0.3432440 -2.0010886 3.2291343 0.0168239 0.8261072 0.5623565 0.0319228
1311868205.905586 -0.4353853 -2.1183856 3.1282673 0.0236024 0.8640801 0.5020751 0.0270017
1311868207.837900 -0.6335387 -1.9792645 3.2294092 0.0009696 0.8532336 0.5169048 0.0692879
1311868208.773982 -0.7643566 -1.9009835 3.3613358 -0.0023797 0.8332890 0.5483432 0.0703099
1311868210.573923 -0.8606007 -1.6610451 3.3442850 0.0072733 0.8126705 0.5767008 0.0832458
1311868212.374157 -1.2137552 -1.6363802 3.3401892 -0.0164509 0.8027740 0.5783886 0.1440483
1311868214.006317 -1.3589505 -1.5715718 3.1657276 -0.0198774 0.8133694 0.5554805 0.1716871
1311868215.642404 -1.4647079 -1.5629659 2.9735525 -0.0304734 0.7989362 0.5140954 0.3106095
1311868216.806393 -1.4739509 -1.6495079 2.7790327 -0.0025170 0.7990476 0.4901298 0.3482661
1311868219.410427 -1.5814295 -1.4807367 2.7923594 0.0055100 0.8092559 0.4577231 0.3681903
1311868220.174706 -1.6275692 -1.3418932 2.8761535 0.0330228 0.7700770 0.4839026 0.4144021
1311868221.610738 -1.7461443 -1.2419233 2.9654708 -0.0012840 0.7395101 0.5109964 0.4381846
1311868224.511812 -1.9290217 -1.1230054 2.6988728 0.0079816 0.7059121 0.4988120 0.5028031
1311868226.644260 -2.1437795 -1.0026579 2.4762924 -0.0013628 0.6903897 0.4796082 0.5416051
1311868227.679026 -2.1223869 -0.9291722 2.2295375 0.0150517 0.6688337 0.4596497 0.5840866
1311868229.012685 -2.2354693 -0.8300080 1.9893311 -0.0090083 0.6093841 0.4120504 0.6773362
1311868230.047030 -2.0595798 -0.8776991 1.8200738 -0.0118661 0.5993708 0.4362907 0.6710173
1311868230.543330 -1.9452677 -0.9157002 1.7255996 -0.0043328 0.5922816 0.4675299 0.6562008
1311868230.743239 -1.9104449 -0.9219296 1.6830134 0.0112219 0.6059156 0.4579091 0.6504303
1311868231.143191 -1.8581177 -0.9354567 1.6107649 -0.0153569 0.6178648 0.4295474 0.6584043
1311868231.743341 -1.7439909 -0.9879367 1.5361416 -0.0741018 0.6049761 0.4342158 0.6633020
1311868232.280974 -1.6467717 -1.0677989 1.5218134 -0.0893669 0.5934829 0.4407472 0.6674830
1311868233.443336 -1.5765762 -1.1492362 1.5295622 -0.0532201 0.6000457 0.4228438 0.6769903
1311868234.443480 -1.7661920 -1.0048862 1.4175107 -0.0492983 0.5885185 0.3709195 0.7166829
1311868234.979489 -1.8862430 -0.9164659 1.3639382 -0.0517652 0.5796676 0.3638473 0.7272695
1311868235.543566 -1.9662496 -0.8090679 1.3082159 -0.0437734 0.5780061 0.3728260 0.7245645
1311868236.243642 -1.9787360 -0.6845331 1.2461203 -0.0295476 0.5633683 0.3677600 0.7392535
1311868236.847644 -1.9712917 -0.5867383 1.2016687 -0.0184642 0.5420265 0.3493314 0.7640902
1311868237.479718 -1.9840250 -0.4694492 1.1195631 -0.0016381 0.5061625 0.3431499 0.7912301
1311868238.047724 -2.0148373 -0.3622248 0.9840735 -0.0185330 0.4678144 0.3166118 0.8249626
1311868238.779734 -1.9840320 -0.2635987 0.8817602 -0.0274119 0.4537956 0.3219244 0.8304715
1311868239.611936 -1.8928087 -0.1809500 0.8100547 -0.0240193 0.4068425 0.3103395 0.8588316
1311868240.147812 -1.8646475 -0.1163345 0.7303016 -0.0371197 0.3634813 0.2872036 0.8854477
1311868240.579717 -1.8691771 -0.0435585 0.6335161 -0.0586453 0.3501144 0.2527101 0.9000657
1311868241.479924 -1.7712749 -0.1106619 0.5492308 -0.0696714 0.3450319 0.2829013 0.8922251
1311868242.111944 -1.6516428 -0.1967667 0.4824874 -0.0622686 0.3145872 0.2523566 0.9129478
1311868243.448204 -1.5300119 -0.1542768 0.3649695 -0.0312266 0.2757608 0.2051836 0.9385524
1311868244.580149 -1.4234338 0.0245800 0.1719000 -0.0543803 0.1896738 0.1375407 0.9706437
1311868245.816257 -1.2018406 0.1750465 0.1130815 -0.0484654 0.1639539 0.1545209 0.9730846
1311868246.716264 -1.1121070 0.3117552 -0.0411488 -0.0929446 0.1343827 0.1330597 0.9775468
1311868248.280257 -0.8378494 0.1822422 -0.0006800 -0.0874490 0.1192312 0.1287258 0.9805949
1311868248.948257 -0.6527482 0.0969236 0.0408584 -0.1212802 0.0715856 0.0839412 0.9864687
1311868249.480373 -0.5383561 0.0314796 0.0752947 -0.1188981 0.0855974 0.0789506 0.9860543
1311868250.080466 -0.4797363 -0.0826006 0.1684049 -0.1027177 0.1026727 0.0751300 0.9865409
1311868250.580440 -0.4692842 -0.1812184 0.2382688 -0.0916986 0.0894199 0.0767832 0.9887871
1311868252.016633 -0.3353817 -0.1396023 0.1644756 -0.0761034 0.0714044 0.0434799 0.9935890
1311868252.616626 -0.1814105 -0.0593603 0.0558758 -0.0842401 0.0409095 0.0092990 0.9955619
1311868253.148796 -0.0594718 0.0031084 0.0174253 -0.0997488 0.0375947 0.0241000 0.9940101
1311868253.780775 0.0899507 0.0181550 0.0404577 -0.1027697 0.0346899 0.0267680 0.9937396
1311868254.548867 0.2878735 0.0544486 0.0329071 -0.1212559 -0.0317358 -0.0123867 0.9920365
1311868254.984826 0.4019341 0.0921111 0.0071473 -0.1434512 -0.0643610 -0.0284883 0.9871514
1311868255.817549 0.5369650 0.1175464 -0.0007493 -0.1434281 -0.0823330 -0.0332862 0.9856681
1311868256.649078 0.7266018 0.0399761 0.0882581 -0.1230069 -0.1041255 -0.0510517 0.9856069
1311868257.085190 0.8133361 -0.0114801 0.1384826 -0.1158926 -0.1391821 -0.0776739 0.9803897
1311868257.485023 0.8969201 -0.0726442 0.1665281 -0.1273172 -0.1726461 -0.1158791 0.9698225
1311868257.949031 0.9583303 -0.1524885 0.1967789 -0.1150546 -0.2033896 -0.1562240 0.9596818
1311868258.117570 0.9596626 -0.1841378 0.2157793 -0.1331453 -0.2352169 -0.1607932 0.9492581
1311868258.384969 0.9628750 -0.2439954 0.2639433 -0.1460320 -0.2359341 -0.1758208 0.9445087
1311868258.585124 0.9581244 -0.3036182 0.3017011 -0.1344320 -0.2315229 -0.1902130 0.9445339
1311868259.017026 0.9574752 -0.3933081 0.3794056 -0.1227473 -0.2604108 -0.1793374 0.9407218
1311868259.449140 0.9932410 -0.4667282 0.4715272 -0.1006984 -0.2897569 -0.2123592 0.9277954
