1403636868.351666 0.0359520 0.0846673 -0.1175502 -0.9361035 0.0081643 0.0147030 0.3513224
1403636870.851666 0.4637274 0.1718403 -0.1277440 -0.9237319 0.0675611 -0.0231632 0.3763222
1403636873.651666 0.3586783 0.1747771 -0.1490133 -0.9310848 0.0625414 -0.0089835 0.3592896
1403636876.151666 0.0948607 -0.0641869 -0.1695934 -0.8916743 0.2375792 -0.0563828 0.3811747
1403636876.301666 0.1730032 -0.0672350 -0.1669470 -0.8838035 0.2633552 -0.0752932 0.3792973
1403636876.501667 0.2891316 -0.0230401 -0.1721160 -0.8809252 0.2805195 -0.0948670 0.3691612
1403636878.501667 0.0842541 -0.0209620 -0.2009344 -0.9156704 0.1235716 -0.0100952 0.3823296
1403636878.801666 0.2726723 0.0112810 -0.1843593 -0.9020903 0.1753699 -0.0628547 0.3892657
1403636878.901666 0.3269451 0.0413079 -0.1786813 -0.8992689 0.1817674 -0.0696692 0.3916918
1403636879.151666 0.4145201 0.1400791 -0.1670013 -0.8961600 0.1828337 -0.0668667 0.3987456
1403636880.851666 0.0823924 -0.0958482 -0.0830140 -0.9046008 0.1264289 -0.0437231 0.4047240
1403636881.051666 0.0075722 -0.1109572 -0.0781606 -0.9008785 0.1044363 -0.0274387 0.4204262
1403636881.151666 -0.0293736 -0.0994533 -0.0764560 -0.8975531 0.0852308 -0.0170735 0.4322529
1403636881.251667 -0.0619345 -0.0786992 -0.0740037 -0.8958800 0.0625952 0.0001792 0.4398647
1403636882.651666 0.2156499 0.1858388 -0.1842882 -0.8762965 0.0229258 0.0029696 0.4812174
1403636885.301666 0.0959818 0.3207184 -0.3619590 -0.7865865 -0.1181901 0.1108901 0.5958323
1403636887.801666 0.0959911 0.3205899 -0.3620728 -0.7864783 -0.1183138 0.1107158 0.5959830
1403636890.301666 0.0959564 0.3204591 -0.3621746 -0.7861407 -0.1186485 0.1108427 0.5963381
1403636892.801666 0.0959523 0.3206895 -0.3621129 -0.7859433 -0.1185690 0.1103761 0.5967006
1403636895.301666 0.0959948 0.3204511 -0.3618723 -0.7861671 -0.1183451 0.1104626 0.5964341
1403636897.951667 0.1800315 0.2513973 -0.3197856 -0.8249457 -0.1302446 0.0663617 0.5459826
1403636900.851666 0.4366983 0.7087238 0.0503030 -0.8266671 -0.0429436 0.0296348 0.5602671
1403636903.651666 1.5148777 1.5539390 0.0215330 -0.8189903 -0.0544426 0.0219214 0.5707980
1403636905.301666 2.1709611 2.1073236 0.2035799 -0.8171495 -0.0444212 0.0077127 0.5746599
1403636905.801666 2.3197258 2.2792926 0.2674224 -0.8206993 -0.0589466 0.0163491 0.5680764
1403636907.951667 2.6091385 3.3501770 0.2936349 -0.8223925 -0.0599822 0.0504440 0.5634964
1403636908.351666 2.6973608 3.6370049 0.3002195 -0.8142831 -0.0761320 0.0408888 0.5739992
1403636909.051666 2.8340356 4.1240540 0.3325663 -0.8237614 -0.0810105 0.0532194 0.5585896
1403636909.301666 2.8826756 4.3185086 0.3696618 -0.8251371 -0.0783904 0.0550065 0.5567567
1403636911.901666 3.1897182 6.1094875 0.2003360 -0.8172591 -0.0751170 0.0554793 0.5686536
1403636912.701667 3.2934010 6.5776958 0.1499162 -0.8167286 -0.0659989 0.0587678 0.5702147
1403636913.601666 3.5690167 7.0854464 0.0222712 -0.8137935 -0.0709394 0.0506417 0.5745809
1403636915.401666 4.2105565 7.8371668 0.0238991 -0.8261483 -0.0751571 0.0319663 0.5575019
1403636918.001667 4.8105249 8.7097435 -0.0923262 -0.8091212 0.0585510 -0.0605977 0.5815692
1403636920.501667 4.9983239 8.9081669 0.2147141 -0.8008198 0.0854155 -0.0802537 0.5873255
1403636923.201667 5.3042865 8.4174681 0.0586205 -0.7894402 0.1700085 -0.1176087 0.5779701
1403636924.801666 5.5767617 8.6289549 -0.0213690 -0.7866504 0.2030862 -0.1186063 0.5708499
1403636926.001667 6.0967979 9.0178471 -0.2374792 -0.7977891 0.2109413 -0.1740496 0.5373482
1403636928.701667 7.5430355 10.0073643 -0.5289755 -0.7523919 0.3183976 -0.2374034 0.5255181
1403636931.401666 8.8843937 10.4286928 -0.2930660 -0.7227930 0.3399494 -0.2621583 0.5415513
1403636933.851666 8.4110889 9.6489010 -0.1892500 -0.6946983 0.4230607 -0.3117447 0.4911508
1403636936.651666 7.5553899 8.6116085 -0.1787014 -0.5970358 0.5560472 -0.3979757 0.4194939
1403636937.851666 7.5665712 8.1895647 -0.2369785 -0.5939521 0.5543367 -0.4191812 0.4052393
1403636939.701667 7.0392065 7.5317264 -0.4093666 0.5646139 -0.5692254 0.4239664 -0.4212437
1403636940.351666 6.6976852 7.1621456 -0.4649715 0.5488133 -0.5954810 0.4225460 -0.4070151
1403636940.601666 6.5459247 7.0008516 -0.5195742 0.5453673 -0.6047885 0.4211885 -0.3992565
1403636942.151666 5.7705650 6.0026579 -0.3731194 0.5598261 -0.5932380 0.4209174 -0.3968527
1403636945.101666 4.7012768 4.3579283 -0.4781933 -0.5855691 0.5584084 -0.4207502 0.4101929
1403636947.801666 4.2496634 4.2147646 -0.9939642 0.5841378 -0.5876215 0.4105652 -0.3806839
1403636948.301666 4.4079590 4.1707435 -1.0552692 -0.5942339 0.5784661 -0.4154824 0.3736810
1403636949.051666 4.7510862 4.3924947 -1.1717124 -0.5785873 0.5663710 -0.4127853 0.4172156
1403636950.201667 5.0699978 4.8499303 -1.2883840 -0.5958487 0.5801111 -0.3868770 0.3984490
1403636950.501667 5.1852260 4.9209323 -1.3139119 -0.5955508 0.5666156 -0.4075694 0.3976850
1403636950.751667 5.2898474 4.9919863 -1.3441620 -0.5937304 0.5581380 -0.4180450 0.4015030
1403636953.201667 6.3130703 5.9092922 -1.5044765 -0.5885748 0.5783434 -0.3882326 0.4103341
1403636955.501667 7.5492034 7.0143614 -1.5766687 0.5736870 -0.5783385 0.4294588 -0.3898371
1403636955.751667 7.6855569 7.1891127 -1.6052446 0.5706595 -0.5818668 0.4312547 -0.3870378
1403636958.201667 8.3607893 8.3836193 -1.6697741 -0.7398984 0.3462543 -0.2400888 0.5244195
1403636960.951667 8.5883656 9.1252060 -1.8412371 -0.7702835 0.2644799 -0.2024233 0.5438186
1403636963.551666 7.7010975 9.5814571 -1.4058590 -0.8067813 -0.0768684 0.0403640 0.5844365
1403636964.301666 7.3268166 9.4343395 -1.2469645 -0.8051436 -0.0711742 0.0251084 0.5882581
1403636964.651666 7.1337686 9.3150768 -1.2018833 -0.8021901 -0.0908565 0.0224994 0.5896862
1403636967.451667 5.1040592 7.8876843 -0.7690835 -0.7872040 -0.1646737 0.1023431 0.5854215
1403636968.251667 4.7876801 7.2469149 -0.9205899 -0.7862493 -0.1613184 0.1031475 0.5874939
1403636968.551666 4.6897902 6.9508028 -0.9735117 -0.7885897 -0.1602699 0.1045171 0.5843938
1403636969.301666 4.4620986 6.1270800 -0.9290967 -0.8008699 -0.1608339 0.1016652 0.5678064
1403636969.601666 4.3684049 5.7945557 -0.8548899 -0.8091984 -0.1624173 0.0949553 0.5565988
1403636972.151666 3.4486003 4.3298635 -1.0005937 -0.7938840 -0.1585518 0.1167068 0.5753165
1403636972.651666 3.4457352 4.2521915 -0.9629200 -0.7995806 -0.1616113 0.1094454 0.5679562
1403636973.151666 3.4693327 4.2030239 -0.9383328 -0.8080989 -0.1417343 0.0911055 0.5644356
1403636976.101666 3.6076159 4.1638012 -1.2168884 -0.8039967 0.1601826 -0.1126395 0.5614651
1403636978.951667 4.6550798 4.1156726 -1.5973487 -0.7790927 0.2910328 -0.2066850 0.5153597
1403636979.551666 4.9749260 4.2448153 -1.7153096 -0.7802624 0.2898664 -0.2074464 0.5139398
1403636981.401666 5.8396354 5.1494942 -1.8328133 -0.7519721 0.3079443 -0.1990761 0.5477929
1403636981.751667 5.9695854 5.2849197 -1.8875399 -0.7650419 0.2973014 -0.2273481 0.5240569
1403636982.501667 6.2779207 5.6995840 -1.8624849 -0.7626088 0.3172889 -0.2097864 0.5232068
1403636982.801666 6.4560442 5.8995719 -1.8357887 -0.7636420 0.3110917 -0.2096821 0.5254582
1403636983.801666 7.0925875 6.5613003 -1.9271193 -0.7677051 0.3028807 -0.2294241 0.5160007
1403636984.151666 7.2980871 6.8315182 -1.8818550 -0.7704049 0.3092549 -0.2296001 0.5080566
1403636986.751667 7.9344420 9.0633888 -1.9716997 -0.7652798 0.2813500 -0.2035213 0.5420039
1403636989.601666 7.0487127 9.2451334 -1.5466080 -0.7623004 0.2764118 -0.2020163 0.5492576
1403636991.101666 6.4250112 7.8745289 -1.3979988 -0.7720400 0.2628797 -0.2050743 0.5411034
1403636991.601666 6.1814566 7.4879427 -1.4026966 -0.7717654 0.2693665 -0.2053612 0.5381883
1403636992.601666 5.7904062 6.8069243 -1.2665977 -0.7675301 0.2857852 -0.2184049 0.5305881
1403636993.101666 5.6099215 6.5287509 -1.2141867 -0.7623993 0.2901826 -0.2241649 0.5331900
1403636994.001667 5.2273784 6.1042914 -1.0518408 -0.7871036 0.1985928 -0.1557404 0.5628265
1403636996.951667 3.7062917 3.8267989 -0.6893797 -0.8135368 0.1137070 -0.0874805 0.5635387
1403636999.451667 3.0273175 3.0132804 -0.2241721 -0.8085885 0.0653226 -0.0703247 0.5804929
1403636999.951667 2.8419290 2.8950512 -0.2416434 -0.8034451 0.0681068 -0.0710724 0.5871848
1403637000.851666 2.4169750 2.5520885 -0.1987586 -0.8048476 0.0688927 -0.0708888 0.5851915
1403637001.851666 1.8792367 2.0376983 -0.0945532 -0.8098498 0.0794068 -0.0676316 0.5772901
1403637002.351666 1.6354556 1.7653046 -0.1291223 -0.8121017 0.0785706 -0.0706458 0.5738701
1403637002.851666 1.3928609 1.5190676 -0.0966115 -0.8116119 0.0768000 -0.0767689 0.5740162
1403637003.301666 1.1634486 1.3110933 -0.1208463 -0.8098515 0.0849500 -0.0757224 0.5754912
1403637003.601666 1.0130783 1.1786489 -0.1198294 -0.8073420 0.0889860 -0.0747705 0.5785238
1403637003.901666 0.8676748 1.0410899 -0.0920508 -0.8099295 0.0881922 -0.0743387 0.5750738
1403637004.201667 0.7287719 0.9064962 -0.1151764 -0.8161872 0.0816150 -0.0755833 0.5669785
1403637004.551666 0.5726507 0.7822334 -0.0943943 -0.8089322 0.0849193 -0.0723529 0.5772197
1403637004.851666 0.4496685 0.6732439 -0.0257315 -0.8074043 0.1066677 -0.0553971 0.5776258
1403637005.151666 0.3671999 0.5640459 -0.0618570 -0.8129487 0.1012859 -0.0717047 0.5689588
1403637005.551666 0.2893284 0.4414678 -0.1485229 -0.8119570 0.0912179 -0.0795685 0.5710288
1403637006.051666 0.1967107 0.3302335 -0.1314039 -0.8128662 0.0895539 -0.0733377 0.5708328
1403637006.551666 0.1255774 0.2545251 -0.1259578 -0.8232421 0.0989664 -0.0558371 0.5562017
1403637007.051666 0.1066215 0.2294730 -0.1612848 -0.8165550 0.0237817 -0.0223221 0.5763454
1403637007.551666 0.1051853 0.1986946 -0.2122498 -0.8100622 -0.0218213 -0.0084084 0.5858776
1403637007.801666 0.0911572 0.1695473 -0.2462136 -0.8252555 -0.0201443 -0.0089103 0.5643299
1403637008.251667 0.0518772 0.1410461 -0.2818372 -0.8281476 -0.0073452 -0.0098336 0.5603758
1403637008.501667 0.0291155 0.1434483 -0.2789433 -0.8232757 -0.0029707 -0.0127449 0.5674908
1403637008.901666 -0.0067460 0.1654165 -0.2804045 -0.8221128 0.0235973 0.0144145 0.5686528
1403637009.151666 0.0104346 0.1836453 -0.3157676 -0.8209218 0.0122928 -0.0066802 0.5708693
1403637009.401666 0.0414161 0.2066883 -0.3562703 -0.8169827 -0.0037305 -0.0155743 0.5764397
1403637009.651666 0.0578323 0.2057341 -0.3616332 -0.7844036 -0.0046502 0.0320709 0.6194036
1403637009.901666 0.0617069 0.2053245 -0.3666527 -0.7907021 0.0079860 0.0276790 0.6115230
1403637010.401666 0.0604989 0.1958141 -0.3637410 -0.7907982 0.0086880 0.0290751 0.6113243
