1403636860.701666594 0.13737 0.09137 -0.05725 -0.06413 -0.09055 0.00997 0.99378
1403636860.901666403 0.14695 0.09122 -0.06526 -0.06122 -0.09112 -0.00397 0.99395
1403636861.001666546 0.18893 0.08907 -0.07697 -0.05871 -0.08761 -0.00810 0.99439
1403636861.101666451 0.24607 0.08717 -0.09120 -0.05835 -0.07358 -0.00950 0.99554
1403636861.201666594 0.30791 0.08487 -0.10503 -0.05910 -0.05151 -0.01222 0.99685
1403636861.301666498 0.36870 0.08336 -0.12112 -0.05861 -0.02707 -0.01391 0.99782
1403636861.401666403 0.41790 0.08316 -0.13421 -0.05966 -0.00695 -0.01264 0.99811
1403636861.501666546 0.44178 0.08408 -0.14070 -0.06187 0.00540 -0.01248 0.99799
1403636861.701666594 0.39734 0.09130 -0.12420 -0.06230 -0.00647 -0.01115 0.99797
1403636861.801666498 0.34717 0.09411 -0.11019 -0.06156 -0.01854 -0.01253 0.99785
1403636861.901666403 0.29143 0.09584 -0.09519 -0.05755 -0.03238 -0.01040 0.99776
1403636862.001666546 0.23363 0.09555 -0.07985 -0.05456 -0.05247 -0.00527 0.99712
1403636862.101666451 0.18119 0.09368 -0.06670 -0.05289 -0.06853 0.00059 0.99625
1403636862.201666594 0.14400 0.09296 -0.05844 -0.04979 -0.07720 0.00256 0.99577
1403636862.301666498 0.13175 0.09338 -0.05567 -0.05061 -0.08504 -0.00402 0.99508
1403636862.401666403 0.15146 0.09238 -0.06265 -0.04953 -0.09167 -0.00668 0.99453
1403636862.501666546 0.19716 0.09047 -0.07553 -0.04990 -0.08792 -0.00806 0.99484
1403636862.601666451 0.25812 0.09026 -0.08945 -0.05965 -0.07677 -0.01437 0.99516
1403636862.701666594 0.32527 0.08853 -0.10501 -0.06752 -0.06239 -0.01889 0.99559
1403636862.801666498 0.39246 0.08457 -0.12136 -0.07029 -0.05250 -0.01331 0.99606
1403636862.901666403 0.45415 0.08117 -0.13857 -0.07270 -0.04553 -0.00499 0.99630
1403636863.001666546 0.49582 0.07819 -0.15245 -0.07094 -0.03516 -0.00039 0.99686
1403636863.101666451 0.50416 0.08069 -0.15727 -0.07281 -0.02546 -0.00843 0.99699
1403636863.301666498 0.42998 0.08603 -0.13513 -0.07854 -0.02497 -0.02405 0.99631
1403636863.401666403 0.36932 0.09047 -0.11696 -0.08341 -0.02895 -0.02693 0.99573
1403636863.501666546 0.30307 0.09451 -0.09821 -0.08584 -0.03641 -0.02237 0.99539
1403636863.601666451 0.23681 0.09720 -0.08196 -0.07786 -0.04931 -0.01148 0.99568
1403636863.701666594 0.17925 0.09986 -0.06986 -0.07138 -0.06380 -0.00180 0.99541
1403636863.801666498 0.14272 0.10250 -0.06233 -0.06982 -0.07798 0.00471 0.99450
1403636863.901666403 0.13736 0.10331 -0.06316 -0.06849 -0.08910 0.00532 0.99365
1403636864.001666546 0.16779 0.10206 -0.07366 -0.06466 -0.09157 0.00468 0.99369
1403636864.101666451 0.22509 0.09858 -0.09097 -0.06296 -0.08575 -0.00088 0.99432
1403636864.201666594 0.29607 0.09484 -0.11011 -0.06828 -0.07796 -0.00814 0.99458
1403636864.301666498 0.36436 0.08914 -0.12679 -0.06928 -0.07250 -0.00932 0.99492
1403636864.401666403 0.42475 0.08265 -0.14243 -0.06935 -0.06505 -0.00709 0.99544
1403636864.501666546 0.47449 0.07749 -0.15400 -0.07242 -0.04604 -0.00210 0.99631
1403636864.601666451 0.50349 0.07369 -0.15915 -0.07216 -0.02501 0.00286 0.99708
1403636864.701666594 0.50020 0.07420 -0.15743 -0.07466 -0.01622 -0.00399 0.99707
1403636864.801666498 0.46711 0.07713 -0.14704 -0.07601 -0.02170 -0.01078 0.99681
1403636864.901666403 0.41496 0.08040 -0.13077 -0.07685 -0.03111 -0.01121 0.99649
1403636865.001666546 0.35667 0.08535 -0.11239 -0.08251 -0.04253 -0.01352 0.99559
1403636865.101666451 0.29783 0.08993 -0.09385 -0.08319 -0.05495 -0.01187 0.99495
1403636865.201666594 0.24497 0.09290 -0.07674 -0.07602 -0.06277 0.00499 0.99512
1403636865.301666498 0.20406 0.09481 -0.06493 -0.06849 -0.06582 0.01801 0.99532
1403636865.401666403 0.17895 0.09687 -0.05766 -0.06914 -0.06774 0.01808 0.99514
1403636865.501666546 0.17383 0.09692 -0.05546 -0.07128 -0.07737 0.01001 0.99440
1403636865.601666451 0.19615 0.09410 -0.06094 -0.07009 -0.08897 0.00488 0.99355
1403636865.701666594 0.24148 0.08675 -0.07380 -0.06500 -0.08838 0.00494 0.99395
1403636865.801666498 0.30138 0.07869 -0.08990 -0.06324 -0.07593 0.00563 0.99509
1403636865.901666403 0.36771 0.07255 -0.10701 -0.06274 -0.05762 0.00708 0.99634
1403636866.001666546 0.43347 0.06678 -0.12532 -0.06205 -0.03238 0.00892 0.99751
1403636866.101666451 0.49249 0.06203 -0.14366 -0.06530 -0.00517 0.00778 0.99782
1403636866.201666594 0.53285 0.05779 -0.15717 -0.06786 0.01129 0.00306 0.99763
1403636866.401666403 0.52596 0.05843 -0.15675 -0.07747 0.00121 -0.00667 0.99697
1403636866.501666546 0.48632 0.06257 -0.14472 -0.07915 -0.01069 -0.00859 0.99677
1403636866.601666451 0.43476 0.06941 -0.12884 -0.08118 -0.02215 -0.00939 0.99641
1403636866.701666594 0.38325 0.07960 -0.11388 -0.08438 -0.03489 -0.01070 0.99576
1403636866.801666498 0.34161 0.08584 -0.10696 -0.07920 -0.04543 -0.01049 0.99577
1403636866.901666403 0.30630 0.08877 -0.10274 -0.06835 -0.05667 -0.00398 0.99604
1403636867.001666546 0.27785 0.08947 -0.10074 -0.06105 -0.07200 0.00352 0.99553
1403636867.201666594 0.25053 0.08886 -0.10736 -0.05350 -0.08985 0.00813 0.99448
1403636867.301666498 0.24658 0.08590 -0.11570 -0.04241 -0.09493 0.00898 0.99454
1403636867.501666546 0.25246 0.08177 -0.13274 -0.04392 -0.11582 0.00647 0.99228
1403636867.601666451 0.25182 0.08031 -0.14139 -0.04605 -0.14768 0.00377 0.98796
1403636867.701666594 0.24575 0.07953 -0.14993 -0.04553 -0.20117 0.00871 0.97846
1403636867.801666498 0.23844 0.08016 -0.15743 -0.04858 -0.26005 0.01466 0.96426
1403636867.901666403 0.23485 0.08072 -0.16139 -0.05351 -0.29307 0.02117 0.95436
1403636868.101666451 0.24354 0.07794 -0.16369 -0.05619 -0.27862 0.02469 0.95844
1403636868.201666594 0.24560 0.07646 -0.16670 -0.05391 -0.26799 0.02507 0.96159
1403636868.401666403 0.24286 0.06688 -0.17728 -0.05387 -0.27042 0.03150 0.96072
1403636868.601666451 0.24484 0.05163 -0.18992 -0.06277 -0.25333 0.03216 0.96481
1403636868.801666498 0.24525 0.04027 -0.20331 -0.06272 -0.26113 0.02970 0.96280
1403636869.101666451 0.24641 0.02657 -0.20761 -0.05518 -0.25353 0.02488 0.96543
1403636869.401666403 0.24416 0.02219 -0.20325 -0.04853 -0.25358 0.02346 0.96581
1403636869.701666594 0.24504 0.05164 -0.19984 -0.05079 -0.25755 0.02434 0.96462
1403636869.801666498 0.24772 0.07955 -0.19733 -0.05450 -0.26012 0.02627 0.96368
1403636869.901666403 0.25205 0.11640 -0.19297 -0.06104 -0.25467 0.02957 0.96465
1403636870.001666546 0.25717 0.16009 -0.18749 -0.06758 -0.24886 0.03405 0.96558
1403636870.101666451 0.26214 0.20809 -0.18168 -0.07552 -0.25073 0.03939 0.96430
1403636870.201666594 0.26847 0.25993 -0.17613 -0.08314 -0.25701 0.04019 0.96199
1403636870.301666498 0.27501 0.31075 -0.17095 -0.08757 -0.25583 0.04147 0.96185
1403636870.401666403 0.28025 0.36127 -0.16562 -0.09397 -0.24810 0.04174 0.96326
1403636870.501666546 0.28207 0.40633 -0.16122 -0.09888 -0.24644 0.04409 0.96309
1403636870.601666451 0.28062 0.44314 -0.15790 -0.10481 -0.25346 0.04860 0.96042
1403636870.701666594 0.27953 0.47363 -0.15524 -0.11306 -0.25613 0.04782 0.95882
1403636870.801666498 0.27877 0.49379 -0.15065 -0.11380 -0.24715 0.05195 0.96087
1403636870.901666403 0.27599 0.50634 -0.14775 -0.11192 -0.23699 0.05401 0.96353
1403636871.201666594 0.26572 0.50808 -0.14570 -0.11602 -0.24869 0.06175 0.95962
1403636871.401666403 0.27082 0.47530 -0.14775 -0.11492 -0.24752 0.05846 0.96027
1403636871.501666546 0.27216 0.44386 -0.14780 -0.11097 -0.24685 0.05601 0.96105
1403636871.601666451 0.27266 0.40299 -0.14750 -0.10763 -0.24828 0.05564 0.96108
1403636871.701666594 0.27370 0.35338 -0.14774 -0.09990 -0.25078 0.05817 0.96112
1403636871.801666498 0.27374 0.29899 -0.14633 -0.09116 -0.25153 0.05892 0.96174
1403636871.901666403 0.27216 0.24227 -0.14337 -0.08437 -0.25047 0.05528 0.96285
1403636872.001666546 0.26968 0.18270 -0.13766 -0.07437 -0.24486 0.05500 0.96514
1403636872.101666451 0.26546 0.12356 -0.13041 -0.06320 -0.23866 0.05448 0.96751
1403636872.201666594 0.26008 0.06990 -0.12506 -0.05628 -0.23813 0.05154 0.96823
1403636872.301666498 0.25290 0.02131 -0.12071 -0.04801 -0.24488 0.04854 0.96715
1403636872.401666403 0.24661 -0.01795 -0.11725 -0.04023 -0.25349 0.04518 0.96544
1403636872.501666546 0.24293 -0.04253 -0.11468 -0.03516 -0.25602 0.04321 0.96506
1403636872.601666451 0.24343 -0.05200 -0.11456 -0.03112 -0.25352 0.04019 0.96599
1403636872.801666498 0.24808 -0.03572 -0.11716 -0.03394 -0.24930 0.03496 0.96720
1403636872.901666403 0.24984 -0.00876 -0.11694 -0.03810 -0.25152 0.03802 0.96636
1403636873.001666546 0.25125 0.03224 -0.11583 -0.04509 -0.25240 0.03987 0.96575
1403636873.201666594 0.25410 0.13965 -0.11301 -0.05938 -0.25179 0.04579 0.96487
1403636873.301666498 0.25805 0.20026 -0.11160 -0.06775 -0.25315 0.05164 0.96367
1403636873.401666403 0.26116 0.26037 -0.11117 -0.07557 -0.25423 0.05502 0.96262
1403636873.501666546 0.26201 0.31804 -0.11158 -0.08197 -0.25651 0.05890 0.96126
1403636873.601666451 0.26033 0.37031 -0.11389 -0.09190 -0.26049 0.06060 0.95918
1403636873.701666594 0.25762 0.41411 -0.11724 -0.09979 -0.26447 0.06249 0.95718
1403636873.801666498 0.25392 0.44590 -0.12077 -0.10083 -0.26737 0.06307 0.95623
1403636873.901666403 0.25124 0.46445 -0.12274 -0.10169 -0.26776 0.06490 0.95590
1403636874.001666546 0.24892 0.47135 -0.12261 -0.10472 -0.26614 0.06577 0.95597
1403636874.201666594 0.24849 0.46076 -0.11989 -0.10426 -0.26826 0.06590 0.95542
1403636874.301666498 0.24967 0.44091 -0.11780 -0.09984 -0.27078 0.06327 0.95536
1403636874.401666403 0.25000 0.40686 -0.11367 -0.09188 -0.27253 0.06233 0.95572
1403636874.501666546 0.25077 0.36161 -0.10768 -0.08435 -0.27124 0.06083 0.95688
1403636874.601666451 0.25181 0.30885 -0.10210 -0.07877 -0.26767 0.05772 0.95855
1403636874.701666594 0.25002 0.24826 -0.09677 -0.06966 -0.26525 0.05486 0.96009
1403636874.801666498 0.24585 0.18780 -0.09069 -0.06108 -0.26463 0.05317 0.96094
1403636874.901666403 0.24008 0.13125 -0.08406 -0.05166 -0.26691 0.05553 0.96073
1403636875.001666546 0.23446 0.08389 -0.07748 -0.04614 -0.26493 0.05452 0.96162
1403636875.101666451 0.23298 0.05011 -0.06889 -0.05091 -0.25257 0.05629 0.96460
1403636875.201666594 0.23029 0.02404 -0.06305 -0.06754 -0.23299 0.06264 0.96811
1403636875.301666498 0.22493 0.00212 -0.06151 -0.08819 -0.21965 0.07647 0.96857
1403636875.401666403 0.21832 -0.01694 -0.06716 -0.10443 -0.21656 0.09752 0.96576
1403636875.601666451 0.19869 -0.03720 -0.11645 -0.11863 -0.22413 0.13010 0.95852
1403636875.701666594 0.18852 -0.03066 -0.15375 -0.12809 -0.22505 0.13872 0.95588
1403636875.801666498 0.17795 -0.01534 -0.19390 -0.14576 -0.22311 0.14447 0.95294
1403636875.901666403 0.16679 0.00759 -0.23418 -0.16556 -0.22537 0.15194 0.94800
1403636876.001666546 0.15938 0.03774 -0.27309 -0.18981 -0.22482 0.16099 0.94208
1403636876.101666451 0.15720 0.07780 -0.30790 -0.21877 -0.21770 0.16552 0.93667
1403636876.201666594 0.15779 0.12409 -0.32734 -0.24314 -0.20936 0.17087 0.93159
1403636876.301666498 0.15997 0.17579 -0.33405 -0.26043 -0.20833 0.17684 0.92601
1403636876.401666403 0.16391 0.23196 -0.32598 -0.27448 -0.21226 0.18244 0.91996
1403636876.501666546 0.15866 0.29665 -0.28219 -0.28745 -0.20804 0.18129 0.91718
1403636876.601666451 0.26639 0.09698 -0.37947 -0.30847 -0.18315 0.18069 0.91578
1403636876.701666594 0.10026 0.23741 -0.33509 -0.31286 -0.11800 0.18173 0.92475
1403636876.801666498 0.14371 0.36228 -0.28690 -0.34601 -0.12903 0.14626 0.91773
1403636876.901666403 0.14383 0.38346 -0.25998 -0.31510 -0.11289 0.12457 0.93405
1403636877.001666546 0.16777 0.37944 -0.20451 -0.28705 -0.10957 0.10687 0.94561
1403636877.101666451 0.18596 0.35517 -0.14870 -0.25121 -0.10884 0.08692 0.95786
1403636877.201666594 0.19911 0.31478 -0.09387 -0.21008 -0.11148 0.06744 0.96896
1403636877.301666498 0.20898 0.25765 -0.04940 -0.17072 -0.11579 0.05037 0.97720
1403636877.401666403 0.21187 0.18995 -0.01872 -0.13376 -0.12200 0.03229 0.98295
1403636877.501666546 0.20533 0.12137 -0.00247 -0.09994 -0.13076 0.01962 0.98617
1403636877.601666451 0.18952 0.05812 -0.00068 -0.07450 -0.14295 0.01440 0.98682
1403636877.701666594 0.17011 0.00491 -0.01606 -0.05615 -0.15567 0.01485 0.98610
1403636877.801666498 0.14835 -0.03996 -0.04489 -0.04938 -0.16609 0.01984 0.98467
1403636877.901666403 0.12130 -0.07397 -0.08130 -0.05621 -0.17303 0.02799 0.98291
1403636878.001666546 0.09567 -0.09152 -0.12338 -0.07055 -0.18155 0.03625 0.98018
1403636878.101666451 0.07178 -0.09186 -0.16643 -0.09166 -0.18512 0.04569 0.97736
1403636878.201666594 0.05059 -0.07657 -0.20961 -0.11710 -0.18159 0.05750 0.97468
1403636878.301666498 0.03052 -0.04695 -0.24946 -0.14069 -0.17333 0.07120 0.97216
1403636878.401666403 0.01830 -0.00512 -0.28502 -0.16349 -0.16678 0.08812 0.96834
1403636878.501666546 0.01417 0.04222 -0.31899 -0.19170 -0.16240 0.10215 0.96252
1403636878.601666451 0.01734 0.09734 -0.33643 -0.22246 -0.15526 0.11009 0.95618
1403636878.701666594 0.03286 0.15846 -0.35095 -0.24610 -0.15081 0.11592 0.95040
1403636878.801666498 0.05308 0.22552 -0.35024 -0.25891 -0.14549 0.11790 0.94757
1403636878.901666403 0.06799 0.26276 -0.33497 -0.28289 -0.13396 0.11376 0.94291
1403636879.001666546 0.10575 0.33141 -0.32824 -0.27015 -0.15402 0.11972 0.94285
1403636879.101666451 0.13151 0.37284 -0.30226 -0.26869 -0.15369 0.11983 0.94330
1403636879.201666594 0.15748 0.39652 -0.27090 -0.26408 -0.14170 0.11468 0.94712
1403636879.301666498 0.18443 0.40774 -0.23347 -0.25703 -0.12927 0.10378 0.95208
1403636879.401666403 0.20681 0.40182 -0.19195 -0.24154 -0.12009 0.08921 0.95879
1403636879.501666546 0.22287 0.37655 -0.15614 -0.21639 -0.11748 0.07326 0.96644
1403636879.601666451 0.23428 0.33749 -0.12459 -0.18855 -0.12115 0.05963 0.97274
1403636879.701666594 0.24235 0.28455 -0.10283 -0.16117 -0.12448 0.05365 0.97757
1403636879.801666498 0.24291 0.22398 -0.09188 -0.13666 -0.13051 0.04901 0.98076
1403636879.901666403 0.23621 0.16471 -0.09135 -0.11928 -0.14095 0.04538 0.98176
1403636880.001666546 0.22374 0.11324 -0.10567 -0.10871 -0.15176 0.04415 0.98143
1403636880.101666451 0.20882 0.07841 -0.13368 -0.10412 -0.15894 0.04296 0.98084
1403636880.201666594 0.19379 0.06348 -0.17307 -0.11019 -0.15998 0.04368 0.97998
1403636880.301666498 0.17838 0.06509 -0.21849 -0.12981 -0.15418 0.04916 0.97824
1403636880.401666403 0.16487 0.07490 -0.26723 -0.15682 -0.14672 0.05522 0.97510
1403636880.501666546 0.15390 0.08038 -0.31729 -0.18457 -0.13987 0.06136 0.97088
1403636880.601666451 0.14375 0.07480 -0.36441 -0.20706 -0.13871 0.06751 0.96609
1403636880.701666594 0.13243 0.05448 -0.40376 -0.21862 -0.14524 0.07462 0.96205
1403636880.801666498 0.12210 0.02284 -0.43124 -0.21979 -0.15275 0.08086 0.96011
1403636880.901666403 0.11454 -0.01506 -0.44338 -0.21023 -0.15447 0.08219 0.96187
1403636881.001666546 0.11160 -0.05338 -0.44000 -0.19776 -0.14744 0.07610 0.96611
1403636881.101666451 0.11463 -0.08835 -0.42431 -0.18269 -0.13667 0.06401 0.97152
1403636881.201666594 0.12221 -0.11908 -0.39909 -0.15904 -0.12978 0.05371 0.97723
1403636881.301666498 0.13410 -0.13999 -0.36663 -0.13291 -0.12719 0.04274 0.98200
1403636881.401666403 0.15078 -0.14574 -0.32976 -0.11529 -0.12720 0.03059 0.98468
1403636881.501666546 0.17046 -0.13431 -0.28921 -0.10686 -0.12482 0.01744 0.98625
1403636881.601666451 0.19111 -0.10679 -0.24927 -0.10269 -0.12008 0.00444 0.98743
1403636881.801666498 0.22554 -0.01279 -0.17795 -0.10220 -0.12116 -0.01338 0.98727
1403636881.901666403 0.23681 0.04328 -0.15159 -0.11021 -0.12341 -0.00894 0.98618
1403636882.001666546 0.24325 0.10032 -0.13708 -0.11899 -0.12448 -0.00007 0.98506
1403636882.101666451 0.24152 0.15310 -0.13402 -0.12850 -0.12195 0.00765 0.98415
1403636882.201666594 0.23104 0.19666 -0.14127 -0.13883 -0.11782 0.01228 0.98321
1403636882.301666498 0.21406 0.22422 -0.15544 -0.14776 -0.11152 0.01327 0.98263
1403636882.401666403 0.19285 0.23312 -0.17030 -0.14640 -0.10656 0.01368 0.98337
1403636882.501666546 0.17134 0.22626 -0.17945 -0.13669 -0.10288 0.01576 0.98513
1403636882.601666451 0.15577 0.21158 -0.17786 -0.12371 -0.09616 0.01495 0.98754
1403636882.701666594 0.14753 0.19539 -0.16286 -0.10821 -0.07646 0.01024 0.99113
1403636882.801666498 0.14101 0.18090 -0.13690 -0.08407 -0.04719 0.00090 0.99534
1403636882.901666403 0.13070 0.17030 -0.10544 -0.05878 -0.02259 -0.00962 0.99797
1403636883.001666546 0.11624 0.16051 -0.07370 -0.03323 -0.01502 -0.01738 0.99918
1403636883.101666451 0.10062 0.15282 -0.04321 -0.01270 -0.01614 -0.02564 0.99946
1403636883.201666594 0.08611 0.14680 -0.01603 -0.00225 -0.01078 -0.03816 0.99921
1403636883.301666498 0.07226 0.14176 0.00644 0.00648 -0.00297 -0.04565 0.99893
1403636883.501666546 0.05438 0.13800 0.03592 0.02084 0.00870 -0.04983 0.99850
1403636883.601666451 0.05066 0.13685 0.04406 0.02920 0.01857 -0.05411 0.99794
1403636883.901666403 0.04215 0.13669 0.05859 0.04793 0.02270 -0.05776 0.99692
1403636884.101666451 0.04019 0.13804 0.06209 0.05747 0.03249 -0.05882 0.99608
1403636884.401666403 0.04015 0.13789 0.06049 0.05741 0.04299 -0.06256 0.99546
1403636897.401666403 0.03660 0.14647 0.04981 0.05569 0.03630 -0.06569 0.99562
1403636897.501666546 0.03350 0.15501 0.03930 0.04792 0.02894 -0.06747 0.99615
1403636897.601666451 0.03092 0.16382 0.02343 0.03899 0.01570 -0.07070 0.99661
1403636897.701666594 0.03043 0.17604 0.00917 0.03132 -0.00108 -0.07727 0.99652
1403636897.801666498 0.03769 0.18641 -0.01007 0.02691 -0.01599 -0.08369 0.99600
1403636897.901666403 0.05215 0.19471 -0.02757 0.02565 -0.02605 -0.08693 0.99554
1403636898.001666546 0.07263 0.20029 -0.04041 0.02790 -0.01742 -0.08906 0.99548
1403636898.101666451 0.08723 0.20476 -0.04642 0.03265 -0.00715 -0.08828 0.99553
1403636898.201666594 0.09999 0.20842 -0.04919 0.03674 -0.00224 -0.08858 0.99539
1403636898.301666498 0.11526 0.21048 -0.05090 0.04015 -0.00146 -0.08975 0.99515
1403636898.401666403 0.13415 0.21048 -0.05216 0.04392 -0.00194 -0.09080 0.99490
1403636898.601666451 0.17914 0.20635 -0.05304 0.05063 -0.00429 -0.09216 0.99445
1403636898.701666594 0.20178 0.20296 -0.05010 0.05257 -0.00548 -0.09373 0.99419
1403636898.801666498 0.22336 0.19888 -0.04439 0.05528 -0.00587 -0.09298 0.99411
1403636899.001666546 0.26142 0.19048 -0.02481 0.06058 -0.00899 -0.08260 0.99470
1403636899.101666451 0.27928 0.18914 -0.00986 0.05682 -0.00639 -0.07520 0.99553
1403636899.301666498 0.31624 0.19668 0.02579 0.02684 0.01412 -0.06485 0.99743
1403636899.501666546 0.34812 0.21662 0.05757 -0.01801 0.02552 -0.04618 0.99844
1403636899.601666451 0.36053 0.22892 0.07045 -0.03257 0.01814 -0.03403 0.99873
1403636899.701666594 0.37375 0.24263 0.08134 -0.04309 0.01412 -0.02638 0.99862
1403636899.801666498 0.38670 0.26093 0.09238 -0.05201 0.01049 -0.02450 0.99829
1403636900.001666546 0.40911 0.30510 0.12073 -0.06416 0.01651 -0.03483 0.99719
1403636900.101666451 0.41932 0.32843 0.13577 -0.06517 0.02523 -0.03724 0.99686
1403636900.301666498 0.45590 0.37188 0.15447 -0.06399 0.02995 -0.04178 0.99663
1403636900.501666546 0.51415 0.40821 0.15276 -0.05819 0.01408 -0.04222 0.99731
1403636900.701666594 0.56176 0.44714 0.15795 -0.05277 0.00175 -0.04121 0.99775
1403636901.001666546 0.60276 0.51727 0.19546 -0.04189 0.00389 -0.02632 0.99877
1403636901.201666594 0.61676 0.58104 0.23771 -0.03909 0.00879 -0.02107 0.99898
1403636901.401666403 0.64494 0.66237 0.28317 -0.04239 0.01073 -0.02953 0.99861
1403636901.501666546 0.66792 0.70539 0.30449 -0.04487 0.01174 -0.03530 0.99830
1403636901.701666594 0.70760 0.79671 0.34499 -0.04692 0.01621 -0.04003 0.99796
1403636901.901666403 0.72672 0.88944 0.39381 -0.04669 0.01739 -0.04012 0.99795
1403636902.101666451 0.73713 0.98758 0.44073 -0.04627 0.01848 -0.04344 0.99781
1403636902.301666498 0.76299 1.08343 0.47989 -0.04546 0.01799 -0.04130 0.99795
1403636902.501666546 0.76092 1.18184 0.52867 -0.04911 0.01570 -0.04031 0.99786
1403636902.601666451 0.74929 1.23413 0.55572 -0.05376 0.01565 -0.04504 0.99741
1403636902.701666594 0.74252 1.28381 0.58195 -0.05779 0.01731 -0.04852 0.99700
1403636902.901666403 0.74809 1.37297 0.62414 -0.05739 0.02273 -0.04687 0.99699
1403636903.201666594 0.80483 1.48774 0.66510 -0.05082 0.02037 -0.04561 0.99746
1403636903.501666546 0.88872 1.58936 0.68767 -0.04833 0.01534 -0.05180 0.99737
1403636903.801666498 0.92901 1.68975 0.73227 -0.04316 0.00561 -0.04284 0.99813
1403636904.101666451 0.99384 1.79054 0.77876 -0.03816 0.01288 -0.03184 0.99868
1403636904.301666498 1.07217 1.86470 0.80387 -0.03772 0.01561 -0.02819 0.99877
1403636904.501666546 1.14376 1.95353 0.82741 -0.04113 0.01827 -0.03223 0.99847
1403636904.701666594 1.19908 2.05006 0.86045 -0.04680 0.01773 -0.03881 0.99799
1403636904.901666403 1.24522 2.14868 0.89522 -0.05249 0.01723 -0.04455 0.99748
1403636905.101666451 1.27702 2.24478 0.93578 -0.05765 0.01815 -0.04789 0.99702
1403636905.301666498 1.31433 2.33448 0.97145 -0.06233 0.01728 -0.04988 0.99666
1403636905.601666451 1.40165 2.44033 1.01971 -0.05737 0.01004 -0.05906 0.99655
1403636905.901666403 1.45288 2.52187 1.09549 -0.04379 0.00723 -0.05477 0.99751
1403636906.201666594 1.47001 2.59036 1.20283 -0.03925 0.00050 -0.05797 0.99755
1403636906.301666498 1.48639 2.60837 1.23936 -0.03663 0.01005 -0.05669 0.99767
1403636906.401666403 1.50967 2.62256 1.27597 -0.03375 0.01726 -0.05120 0.99797
1403636906.801666498 1.59569 2.69547 1.41893 -0.03282 0.01487 -0.04578 0.99830
1403636907.001666546 1.62512 2.74192 1.49340 -0.03368 0.01313 -0.05597 0.99778
1403636907.301666498 1.68084 2.80239 1.60867 -0.03004 0.00078 -0.05663 0.99794
1403636907.501666546 1.71803 2.83922 1.69682 -0.02347 -0.00103 -0.04506 0.99871
1403636907.701666594 1.78625 2.87733 1.78683 -0.01966 -0.00028 -0.03623 0.99915
1403636907.901666403 1.86845 2.92532 1.88275 -0.01850 0.00300 -0.03405 0.99924
1403636908.001666546 1.89753 2.95731 1.93647 -0.02023 0.00907 -0.04185 0.99888
1403636908.101666451 1.92412 2.99266 1.99269 -0.02103 0.01424 -0.05011 0.99842
1403636908.201666594 1.95347 3.02726 2.04770 -0.01973 0.01816 -0.05385 0.99819
1403636908.401666403 2.01338 3.09144 2.15573 -0.01622 0.01768 -0.05706 0.99808
1403636908.601666451 2.05533 3.15810 2.26719 -0.01182 0.01439 -0.05810 0.99814
1403636908.801666498 2.10851 3.21631 2.37705 -0.00802 0.00720 -0.05656 0.99834
1403636909.001666546 2.19340 3.27085 2.47871 -0.00555 0.00066 -0.05301 0.99858
1403636909.201666594 2.28858 3.32665 2.58806 -0.00467 -0.00027 -0.04891 0.99879
1403636909.401666403 2.36802 3.38831 2.71426 -0.00661 0.00146 -0.04904 0.99877
1403636909.501666546 2.40263 3.42285 2.78279 -0.00876 0.00686 -0.05201 0.99858
1403636909.701666594 2.45546 3.49457 2.92844 -0.00881 0.01379 -0.04575 0.99882
1403636909.801666498 2.47592 3.53388 3.00371 -0.01134 0.02212 -0.05108 0.99839
1403636909.901666403 2.49172 3.57468 3.07867 -0.01752 0.02750 -0.06616 0.99728
1403636910.001666546 2.50063 3.61337 3.15585 -0.02284 0.03475 -0.07984 0.99594
1403636910.201666594 2.51601 3.67446 3.29719 -0.01764 0.02915 -0.06873 0.99705
1403636910.401666403 2.54818 3.71931 3.41877 -0.01315 0.01830 -0.06013 0.99794
1403636910.601666451 2.60057 3.75549 3.53310 -0.01174 0.01590 -0.06243 0.99785
1403636910.801666498 2.63817 3.79408 3.64972 -0.01022 0.01511 -0.06102 0.99797
1403636911.001666546 2.65990 3.82824 3.77553 -0.00599 0.02531 -0.05338 0.99824
1403636911.101666451 2.67677 3.84598 3.83510 -0.00462 0.03793 -0.05240 0.99789
1403636911.301666498 2.72081 3.88441 3.93371 -0.00737 0.02206 -0.05689 0.99811
1403636911.501666546 2.78726 3.91865 4.01849 -0.00985 0.01802 -0.06073 0.99794
1403636911.701666594 2.84934 3.94774 4.10512 -0.01058 0.01746 -0.06106 0.99793
1403636911.901666403 2.88876 3.97657 4.20002 -0.00660 0.01500 -0.04623 0.99880
1403636912.101666451 2.91270 4.01429 4.30359 -0.00772 0.01275 -0.04362 0.99894
1403636912.301666498 2.94594 4.05827 4.40709 -0.01109 0.01775 -0.05155 0.99845
1403636912.601666451 3.01745 4.13186 4.55254 -0.01044 0.01764 -0.04337 0.99885
1403636912.801666498 3.04225 4.19300 4.65847 -0.00736 0.01917 -0.03184 0.99928
1403636913.001666546 3.05142 4.26907 4.76431 -0.01169 0.02636 -0.04278 0.99867
1403636913.201666594 3.06259 4.35324 4.86695 -0.01437 0.03495 -0.05181 0.99794
1403636913.401666403 3.09056 4.43690 4.95290 -0.01268 0.02763 -0.04827 0.99837
1403636913.701666594 3.13890 4.56827 5.05610 -0.01419 0.02207 -0.04870 0.99847
1403636913.901666403 3.16195 4.65946 5.12830 -0.01533 0.02369 -0.05168 0.99826
1403636914.201666594 3.22680 4.78819 5.21818 -0.01317 0.02495 -0.04726 0.99848
1403636914.401666403 3.25836 4.87729 5.27631 -0.01606 0.02540 -0.05263 0.99816
1403636914.601666451 3.30306 4.96395 5.32925 -0.01811 0.02564 -0.05649 0.99791
1403636914.801666498 3.36367 5.04141 5.37109 -0.01970 0.02880 -0.05715 0.99776
1403636915.001666546 3.40910 5.11616 5.41408 -0.02208 0.02371 -0.05655 0.99787
1403636915.201666594 3.43408 5.18598 5.46277 -0.02422 0.01687 -0.05664 0.99796
1403636915.301666498 3.44021 5.21727 5.49137 -0.02558 0.00816 -0.05630 0.99805
1403636915.601666451 3.46138 5.31117 5.59129 -0.02000 0.01607 -0.04406 0.99870
1403636915.701666594 3.48131 5.33955 5.62246 -0.01588 0.02357 -0.03602 0.99895
1403636915.901666403 3.54084 5.40505 5.67495 -0.01419 0.02827 -0.03521 0.99888
1403636916.001666546 3.57461 5.44210 5.69774 -0.01652 0.02918 -0.04241 0.99854
1403636916.101666451 3.60319 5.48169 5.71985 -0.01982 0.02909 -0.05241 0.99800
1403636916.301666498 3.65164 5.55885 5.76740 -0.01991 0.02803 -0.05608 0.99783
1403636916.501666546 3.70809 5.62870 5.80640 -0.02859 0.02822 -0.05725 0.99755
1403636916.601666451 3.73166 5.66205 5.82841 -0.04273 0.02930 -0.05475 0.99716
1403636916.701666594 3.74993 5.69430 5.84912 -0.05567 0.03009 -0.05087 0.99670
1403636916.801666498 3.76311 5.72469 5.87045 -0.06479 0.03174 -0.04621 0.99632
1403636917.101666451 3.77262 5.79972 5.95036 -0.07899 0.03330 -0.03908 0.99555
1403636917.301666498 3.75689 5.84547 6.00684 -0.09051 0.03573 -0.02895 0.99483
1403636917.401666403 3.74025 5.87030 6.03526 -0.10868 0.03770 -0.02462 0.99306
1403636917.501666546 3.72005 5.89364 6.06509 -0.12795 0.03917 -0.01726 0.99086
1403636917.601666451 3.70136 5.91328 6.09288 -0.14189 0.04132 -0.00939 0.98897
1403636917.701666594 3.68830 5.93066 6.11668 -0.15238 0.04376 -0.00418 0.98734
1403636917.901666403 3.68215 5.95704 6.15195 -0.16987 0.04673 0.00019 0.98436
1403636918.101666451 3.68446 5.97295 6.17663 -0.17853 0.04372 0.00074 0.98296
1403636918.401666403 3.67962 5.97759 6.21172 -0.18167 0.02861 -0.00306 0.98294
1403636918.601666451 3.71068 5.96429 6.22880 -0.17984 0.01489 -0.00294 0.98358
1403636918.801666498 3.77858 5.94081 6.25054 -0.16959 0.02519 0.00896 0.98515
1403636918.901666403 3.82015 5.92911 6.26161 -0.16374 0.03762 0.02163 0.98555
1403636919.001666546 3.86295 5.92125 6.27014 -0.16528 0.04753 0.03305 0.98455
1403636919.101666451 3.90691 5.91781 6.27478 -0.16874 0.05312 0.04042 0.98340
1403636919.301666498 3.99536 5.92789 6.27196 -0.17841 0.05698 0.04296 0.98136
1403636919.401666403 4.03574 5.94115 6.26700 -0.18528 0.05723 0.04134 0.98015
1403636919.501666546 4.06934 5.95773 6.25908 -0.19368 0.05587 0.03286 0.97892
1403636919.801666498 4.13066 6.01342 6.23792 -0.20592 0.05589 0.01897 0.97679
1403636920.201666594 4.11410 6.08555 6.20742 -0.19642 0.06546 0.03568 0.97768
1403636920.401666403 4.07170 6.12723 6.18149 -0.20173 0.06191 0.01874 0.97730
1403636920.601666451 4.03410 6.16255 6.13750 -0.20383 0.05016 0.01198 0.97765
1403636920.801666498 4.02141 6.18372 6.07909 -0.20442 0.03603 0.01524 0.97810
1403636921.301666498 4.03201 6.21099 5.93887 -0.20628 0.04582 0.01531 0.97730
1403636921.601666451 3.98557 6.22143 5.88078 -0.19947 0.05357 0.03442 0.97783
1403636921.701666594 3.95794 6.22655 5.86056 -0.19956 0.03799 0.03901 0.97837
1403636921.801666498 3.92855 6.23570 5.84074 -0.20150 0.02194 0.03910 0.97846
1403636922.001666546 3.87778 6.26179 5.81165 -0.20852 0.03023 0.02944 0.97711
1403636922.101666451 3.85518 6.27838 5.79921 -0.21453 0.04009 0.02517 0.97557
1403636922.301666498 3.82089 6.30602 5.77184 -0.22613 0.03712 0.02413 0.97309
1403636922.401666403 3.81158 6.31597 5.75743 -0.23025 0.03062 0.02692 0.97228
1403636922.501666546 3.79947 6.32470 5.74620 -0.23688 0.02446 0.03064 0.97075
1403636922.701666594 3.76896 6.34668 5.73721 -0.25670 0.03094 0.03566 0.96534
1403636922.801666498 3.75400 6.35632 5.73807 -0.26246 0.04741 0.03887 0.96299
1403636922.901666403 3.74224 6.36318 5.73831 -0.26394 0.05998 0.04716 0.96152
1403636923.101666451 3.73029 6.37276 5.72355 -0.26760 0.06896 0.05979 0.95920
1403636923.201666594 3.71973 6.37877 5.71087 -0.27693 0.06529 0.06339 0.95657
1403636923.301666498 3.70123 6.38627 5.69816 -0.28980 0.05541 0.06408 0.95333
1403636923.501666546 3.65271 6.40497 5.67620 -0.30675 0.03120 0.06867 0.94880
1403636923.601666451 3.63269 6.41470 5.66890 -0.31036 0.01949 0.07349 0.94757
1403636923.801666498 3.62210 6.43771 5.65972 -0.31508 0.01424 0.07402 0.94607
1403636924.301666498 3.64258 6.53442 5.72698 -0.31484 0.01817 0.06684 0.94661
1403636924.501666546 3.67249 6.58343 5.78404 -0.30741 0.03463 0.07815 0.94773
1403636924.601666451 3.69651 6.61055 5.81017 -0.30280 0.04702 0.08409 0.94817
1403636924.701666594 3.72034 6.64009 5.83642 -0.29939 0.05606 0.08798 0.94841
1403636924.801666498 3.73888 6.67365 5.86274 -0.29515 0.06568 0.09105 0.94883
1403636925.001666546 3.75267 6.75394 5.90821 -0.30120 0.07340 0.09321 0.94615
1403636925.101666451 3.74734 6.79809 5.92760 -0.31214 0.06837 0.08865 0.94342
1403636925.201666594 3.73467 6.84382 5.94347 -0.32379 0.05819 0.07899 0.94103
1403636925.401666403 3.70303 6.93368 5.97674 -0.33666 0.02817 0.07586 0.93814
1403636925.501666546 3.68523 6.97998 5.99727 -0.33937 0.01725 0.07877 0.93719
1403636925.601666451 3.67423 7.02682 6.02170 -0.34084 0.00764 0.08214 0.93649
1403636925.901666403 3.71300 7.17730 6.12005 -0.34445 0.01124 0.07993 0.93533
1403636926.001666546 3.74653 7.23028 6.16095 -0.34626 0.02939 0.07167 0.93493
1403636926.101666451 3.77757 7.28385 6.20271 -0.34478 0.05045 0.06993 0.93471
1403636926.201666594 3.80369 7.33447 6.25081 -0.34094 0.06588 0.07402 0.93485
1403636926.401666403 3.82934 7.43036 6.34428 -0.33274 0.08004 0.08428 0.93583
1403636926.701666594 3.83475 7.56231 6.44846 -0.33084 0.06903 0.07973 0.93778
1403636926.901666403 3.85125 7.64351 6.48027 -0.33850 0.05971 0.09430 0.93432
1403636927.001666546 3.86249 7.68171 6.49368 -0.35023 0.06050 0.10397 0.92891
1403636927.101666451 3.86940 7.72516 6.50363 -0.36669 0.06167 0.11126 0.92160
1403636927.201666594 3.87275 7.76967 6.51446 -0.38635 0.06330 0.11935 0.91240
1403636927.301666498 3.86509 7.82130 6.51938 -0.40771 0.06338 0.12533 0.90224
1403636927.401666403 3.85189 7.87258 6.52624 -0.42543 0.05472 0.12855 0.89414
1403636927.501666546 3.84294 7.92208 6.53801 -0.43726 0.03957 0.13437 0.88836
1403636927.601666451 3.83461 7.97352 6.54823 -0.44482 0.02627 0.14111 0.88404
1403636927.701666594 3.83367 8.03004 6.55934 -0.45055 0.01959 0.14335 0.88095
1403636927.901666403 3.85573 8.15138 6.59180 -0.45473 0.02129 0.14671 0.87820
1403636928.101666451 3.88127 8.29139 6.64219 -0.45652 0.03007 0.14191 0.87781
1403636928.201666594 3.89518 8.36768 6.67152 -0.45688 0.04194 0.13696 0.87792
1403636928.301666498 3.90486 8.44424 6.70604 -0.45564 0.05653 0.13444 0.87813
1403636928.401666403 3.90939 8.52077 6.74091 -0.45493 0.06682 0.13052 0.87837
1403636928.601666451 3.91775 8.66622 6.80646 -0.45549 0.06705 0.12469 0.87891
1403636928.801666498 3.94424 8.79927 6.85724 -0.45474 0.04798 0.12722 0.88019
1403636929.001666546 4.00369 8.92688 6.89885 -0.45526 0.05449 0.12457 0.87991
1403636929.101666451 4.05022 8.98778 6.91703 -0.45317 0.07050 0.12699 0.87951
1403636929.201666594 4.09609 9.04650 6.92895 -0.45050 0.07925 0.13143 0.87949
1403636929.401666403 4.16697 9.15939 6.95042 -0.44633 0.08079 0.13801 0.88046
1403636929.601666451 4.21024 9.27177 6.96255 -0.44950 0.07120 0.12668 0.88138
1403636929.801666498 4.23738 9.37930 6.97571 -0.45297 0.06363 0.11608 0.88164
1403636930.101666451 4.27031 9.52331 6.99419 -0.44878 0.06955 0.12385 0.88228
1403636930.501666546 4.35845 9.68119 6.96715 -0.45036 0.06639 0.12288 0.88186
1403636930.801666498 4.39101 9.79021 6.94340 -0.44545 0.07379 0.13245 0.88238
1403636931.001666546 4.38576 9.86205 6.92331 -0.44616 0.08274 0.14859 0.87865
1403636931.101666451 4.37698 9.90007 6.90987 -0.45571 0.08476 0.15086 0.87315
1403636931.201666594 4.36976 9.93711 6.88854 -0.46847 0.08495 0.14116 0.86798
1403636931.301666498 4.36490 9.97247 6.85969 -0.47838 0.08847 0.13231 0.86361
1403636931.401666403 4.36535 10.00366 6.82445 -0.48568 0.08672 0.12609 0.86064
1403636931.501666546 4.36721 10.02790 6.78556 -0.49265 0.07946 0.11811 0.85851
1403636931.601666451 4.37249 10.04301 6.74716 -0.49908 0.07154 0.10969 0.85660
1403636931.801666498 4.36880 10.05555 6.68082 -0.49869 0.06899 0.11784 0.85596
1403636931.901666403 4.35634 10.05491 6.65467 -0.49512 0.06758 0.12918 0.85650
1403636932.301666498 4.28608 10.03371 6.56316 -0.50091 0.07579 0.12239 0.85344
1403636932.401666403 4.27218 10.01725 6.53757 -0.50664 0.07338 0.11365 0.85148
1403636932.601666451 4.26270 9.96318 6.48020 -0.51954 0.07285 0.12098 0.84269
1403636932.701666594 4.26523 9.92571 6.44907 -0.52850 0.07651 0.13357 0.83486
1403636932.801666498 4.27367 9.88204 6.41572 -0.53756 0.07901 0.14096 0.82760
1403636932.901666403 4.28594 9.83387 6.38183 -0.54556 0.07742 0.14763 0.82133
1403636933.001666546 4.28687 9.78237 6.35247 -0.55178 0.07462 0.15341 0.81635
1403636933.101666451 4.27491 9.73035 6.32738 -0.56021 0.07301 0.15875 0.80971
1403636933.201666594 4.25371 9.67996 6.30599 -0.56463 0.06679 0.16806 0.80528
1403636933.301666498 4.23044 9.62852 6.29016 -0.56570 0.04931 0.18197 0.80277
1403636933.401666403 4.20528 9.58003 6.27908 -0.56489 0.04070 0.19187 0.80152
1403636933.601666451 4.15815 9.49629 6.26314 -0.56791 0.05209 0.18513 0.80030
1403636933.801666498 4.13642 9.42308 6.24350 -0.56942 0.06474 0.17330 0.80096
1403636934.101666451 4.12661 9.30607 6.20079 -0.58206 0.07532 0.18155 0.78903
1403636934.201666594 4.10601 9.26586 6.19034 -0.59811 0.07537 0.18689 0.77566
1403636934.301666498 4.07606 9.22479 6.17913 -0.61606 0.07616 0.19409 0.75960
1403636934.401666403 4.04555 9.18380 6.16882 -0.63320 0.08137 0.20654 0.74147
1403636934.501666546 4.01481 9.14082 6.15510 -0.64977 0.08642 0.22085 0.72219
1403636934.601666451 3.99265 9.09466 6.13672 -0.66803 0.08739 0.23064 0.70207
1403636934.701666594 3.97865 9.04967 6.11071 -0.68328 0.08472 0.23975 0.68445
1403636934.801666498 3.96727 9.00274 6.07780 -0.69444 0.07473 0.24477 0.67250
1403636934.901666403 3.96317 8.95657 6.04339 -0.70154 0.06469 0.24844 0.66478
1403636935.001666546 3.96581 8.91122 6.00702 -0.70511 0.05975 0.25019 0.66079
1403636935.201666594 3.99533 8.82781 5.93515 -0.70749 0.07190 0.24177 0.66018
1403636935.401666403 4.01136 8.74708 5.87059 -0.70259 0.08090 0.24158 0.66443
1403636935.801666498 3.96987 8.58701 5.76293 -0.69551 0.07432 0.24306 0.67206
1403636935.901666403 3.94079 8.54931 5.74069 -0.69327 0.06575 0.24828 0.67336
1403636936.001666546 3.90799 8.51469 5.72055 -0.68884 0.05604 0.25980 0.67444
1403636936.101666451 3.87451 8.48721 5.69888 -0.68667 0.04987 0.26524 0.67502
1403636936.301666498 3.80697 8.45100 5.64573 -0.69149 0.05228 0.25514 0.67381
1403636936.401666403 3.78430 8.44092 5.61593 -0.69497 0.05870 0.24799 0.67236
1403636936.501666546 3.76592 8.43269 5.58139 -0.69814 0.06599 0.24115 0.67089
1403636936.701666594 3.73462 8.41791 5.51205 -0.70207 0.07101 0.23862 0.66717
1403636936.901666403 3.68907 8.40683 5.44975 -0.70588 0.06715 0.23612 0.66443
1403636937.101666451 3.65672 8.39368 5.38672 -0.70807 0.06405 0.23525 0.66272
1403636937.401666403 3.63585 8.37596 5.29177 -0.70842 0.06926 0.23974 0.66021
1403636937.701666594 3.57531 8.36641 5.21908 -0.71327 0.06325 0.23463 0.65742
1403636937.901666403 3.51924 8.36361 5.18690 -0.72042 0.06096 0.22078 0.65463
1403636938.101666451 3.45093 8.35819 5.17657 -0.72856 0.07042 0.20577 0.64954
1403636938.301666498 3.39126 8.33408 5.18384 -0.73057 0.09155 0.21733 0.64082
1403636938.401666403 3.36734 8.31128 5.18980 -0.72486 0.10655 0.23665 0.63814
1403636938.501666546 3.34896 8.28134 5.18891 -0.71935 0.11426 0.25539 0.63581
1403636938.601666451 3.32855 8.24647 5.18177 -0.71752 0.11205 0.26569 0.63405
1403636938.801666498 3.29505 8.16446 5.13515 -0.72045 0.10350 0.26621 0.63196
1403636938.901666403 3.27708 8.11978 5.10226 -0.72447 0.09111 0.26029 0.63173
1403636939.201666594 3.20864 7.99256 4.98752 -0.72867 0.07621 0.25047 0.63285
1403636939.601666451 3.09451 7.82444 4.84070 -0.72809 0.08503 0.23286 0.63908
1403636939.801666498 3.06097 7.72520 4.75856 -0.72829 0.09204 0.22739 0.63986
1403636940.001666546 3.01033 7.61160 4.68908 -0.72891 0.09342 0.23576 0.63591
1403636940.101666451 2.97443 7.55293 4.65758 -0.73267 0.09214 0.24145 0.62960
1403636940.201666594 2.93531 7.49228 4.62550 -0.73472 0.09156 0.24884 0.62440
1403636940.301666498 2.88890 7.42952 4.59532 -0.73746 0.09182 0.25180 0.61994
1403636940.401666403 2.84281 7.36564 4.56406 -0.74032 0.09256 0.25303 0.61590
1403636940.501666546 2.79516 7.30017 4.53240 -0.74263 0.09264 0.25437 0.61255
1403636940.601666451 2.74899 7.23384 4.49575 -0.74274 0.08824 0.26058 0.61044
1403636940.701666594 2.70795 7.16625 4.45478 -0.74370 0.07921 0.26410 0.60900
1403636940.801666498 2.67766 7.09781 4.40844 -0.74375 0.07182 0.26748 0.60838
1403636940.901666403 2.65357 7.03129 4.35965 -0.74460 0.06612 0.26787 0.60781
1403636941.101666451 2.62411 6.90775 4.24922 -0.74691 0.06745 0.26139 0.60766
1403636941.201666594 2.61560 6.84834 4.19434 -0.74753 0.06954 0.25818 0.60804
1403636941.301666498 2.60674 6.79100 4.13929 -0.74803 0.07335 0.25357 0.60892
1403636941.501666546 2.57539 6.68002 4.03725 -0.74673 0.07559 0.24649 0.61312
1403636941.701666594 2.52970 6.56789 3.94997 -0.74420 0.07265 0.24503 0.61713
1403636941.901666403 2.48346 6.45484 3.86921 -0.74133 0.07156 0.24679 0.62000
1403636942.101666451 2.46023 6.34316 3.77950 -0.73866 0.07538 0.25073 0.62115
1403636942.301666498 2.43590 6.22962 3.69123 -0.73852 0.08140 0.25245 0.61986
1403636942.401666403 2.41822 6.17480 3.64768 -0.73817 0.08573 0.25537 0.61850
1403636942.501666546 2.39035 6.12156 3.60458 -0.73791 0.08767 0.25909 0.61699
1403636942.601666451 2.35813 6.06797 3.56073 -0.73754 0.08572 0.26358 0.61580
1403636942.701666594 2.32123 6.01500 3.51624 -0.73818 0.07940 0.26614 0.61478
1403636942.801666498 2.28139 5.96297 3.47266 -0.73974 0.07509 0.26582 0.61358
1403636942.901666403 2.24875 5.91286 3.42221 -0.74322 0.07433 0.26002 0.61195
1403636943.001666546 2.22074 5.86291 3.36927 -0.74590 0.07412 0.25547 0.61063
1403636943.101666451 2.19946 5.81346 3.31352 -0.74861 0.07500 0.25067 0.60920
1403636943.201666594 2.18097 5.76322 3.25893 -0.75004 0.07774 0.24913 0.60773
1403636943.301666498 2.15799 5.71327 3.20614 -0.75169 0.07728 0.24814 0.60615
1403636943.401666403 2.13269 5.66288 3.15744 -0.75383 0.07754 0.24677 0.60401
1403636943.601666451 2.06524 5.56332 3.06968 -0.75723 0.07640 0.24413 0.60097
1403636943.701666594 2.02383 5.51404 3.02965 -0.75845 0.07679 0.24238 0.60009
1403636943.801666498 1.97914 5.46406 2.99403 -0.75937 0.07533 0.24175 0.59937
1403636943.901666403 1.92913 5.41438 2.96313 -0.75480 0.07322 0.24564 0.60380
1403636944.101666451 1.82380 5.31385 2.91335 -0.73588 0.05261 0.26653 0.62023
1403636944.201666594 1.77849 5.26804 2.88699 -0.73001 0.04527 0.27095 0.62579
1403636944.401666403 1.71716 5.19922 2.81741 -0.72687 0.05182 0.26264 0.63245
1403636944.501666546 1.69680 5.17424 2.77976 -0.73061 0.05658 0.24756 0.63382
1403636944.601666451 1.68074 5.15448 2.73912 -0.73584 0.05652 0.22953 0.63456
1403636944.801666498 1.67476 5.10839 2.67169 -0.73270 0.05875 0.21770 0.64211
1403636945.001666546 1.69065 5.06151 2.61354 -0.72504 0.06773 0.22072 0.64885
1403636945.601666451 1.65137 4.88963 2.56079 -0.72111 0.06601 0.22553 0.65176
1403636945.701666594 1.64196 4.85642 2.56489 -0.71916 0.05560 0.23656 0.65096
1403636945.801666498 1.63087 4.82496 2.57187 -0.71705 0.04385 0.24727 0.65021
1403636946.101666451 1.57898 4.76998 2.60491 -0.72467 0.05556 0.23482 0.64547
1403636946.601666451 1.41424 4.72696 2.73305 -0.73433 0.06767 0.22586 0.63652
1403636946.801666498 1.35307 4.70709 2.79609 -0.72611 0.08705 0.24848 0.63517
1403636947.001666546 1.29960 4.67995 2.84389 -0.71654 0.10722 0.27019 0.63409
1403636947.201666594 1.23032 4.65128 2.86097 -0.71978 0.08644 0.26879 0.63419
1403636947.301666498 1.19850 4.63296 2.85372 -0.72230 0.05943 0.26819 0.63469
1403636947.401666403 1.17236 4.62238 2.84312 -0.72198 0.04235 0.27165 0.63495
1403636947.601666451 1.14877 4.62505 2.80942 -0.72456 0.05292 0.26661 0.63335
1403636947.701666594 1.14578 4.63640 2.78737 -0.72776 0.05551 0.25841 0.63285
1403636947.901666403 1.13698 4.67278 2.74487 -0.73493 0.04121 0.24044 0.63275
1403636948.301666498 1.08395 4.79560 2.71493 -0.73091 0.03771 0.24167 0.63713
1403636948.501666546 1.05296 4.88358 2.72584 -0.73297 0.02944 0.22856 0.64004
1403636948.601666451 1.03871 4.93347 2.73996 -0.73744 0.02040 0.21305 0.64061
1403636948.801666498 1.03844 5.04210 2.79158 -0.73488 0.03624 0.21000 0.64385
1403636948.901666403 1.05362 5.09725 2.82646 -0.72968 0.05543 0.21726 0.64598
1403636949.001666546 1.07335 5.14975 2.86227 -0.72428 0.07573 0.22375 0.64778
1403636949.101666451 1.08933 5.19900 2.90116 -0.72259 0.08170 0.22397 0.64887
1403636949.301666498 1.10561 5.28928 2.98198 -0.72236 0.07770 0.22111 0.65059
1403636949.501666546 1.10543 5.37049 3.06844 -0.71919 0.08649 0.22476 0.65174
1403636949.701666594 1.10635 5.43642 3.14432 -0.71593 0.08612 0.23221 0.65277
1403636949.801666498 1.11169 5.46315 3.17511 -0.71519 0.07687 0.23575 0.65347
1403636949.901666403 1.12260 5.48924 3.20139 -0.71304 0.06987 0.24306 0.65392
1403636950.101666451 1.15625 5.54421 3.23965 -0.70977 0.06329 0.25417 0.65393
1403636950.401666403 1.18514 5.65352 3.28443 -0.71671 0.05586 0.24134 0.65190
1403636950.501666546 1.18607 5.69713 3.30107 -0.72096 0.05532 0.23071 0.65109
1403636950.701666594 1.19484 5.78707 3.33947 -0.72556 0.05462 0.21748 0.65060
1403636950.801666498 1.20745 5.83105 3.36069 -0.72403 0.06274 0.21845 0.65124
1403636950.901666403 1.22556 5.87328 3.38454 -0.72241 0.06793 0.22021 0.65194
1403636951.101666451 1.27807 5.94938 3.42543 -0.71861 0.07671 0.22591 0.65321
1403636951.201666594 1.30151 5.98504 3.44469 -0.71487 0.07610 0.23551 0.65399
1403636951.301666498 1.31952 6.01968 3.46567 -0.71364 0.06705 0.24130 0.65421
1403636951.401666403 1.33249 6.05711 3.48631 -0.71240 0.05771 0.24669 0.65445
1403636951.601666451 1.34961 6.14380 3.52611 -0.71364 0.04934 0.24636 0.65390
1403636951.801666498 1.36690 6.24603 3.56125 -0.71808 0.05332 0.23514 0.65286
1403636951.901666403 1.38402 6.30067 3.57719 -0.72108 0.05311 0.22709 0.65242
1403636952.101666451 1.42782 6.41101 3.61476 -0.72485 0.05241 0.21823 0.65133
1403636952.201666594 1.44293 6.46902 3.63933 -0.72441 0.05912 0.21804 0.65130
1403636952.301666498 1.45382 6.52673 3.66988 -0.72278 0.06982 0.22005 0.65138
1403636952.401666403 1.46003 6.58416 3.70154 -0.72138 0.07849 0.22163 0.65141
1403636952.601666451 1.45826 6.68991 3.76880 -0.72356 0.07523 0.21467 0.65170
1403636952.801666498 1.46164 6.77972 3.83586 -0.72284 0.06852 0.21740 0.65234
1403636952.901666403 1.47008 6.82043 3.87023 -0.72078 0.06483 0.22421 0.65269
1403636953.001666546 1.47411 6.86289 3.90304 -0.71678 0.06562 0.23574 0.65296
1403636953.201666594 1.46867 6.95015 3.97462 -0.71259 0.07109 0.24718 0.65274
1403636953.401666403 1.45136 7.04534 4.03228 -0.71429 0.06762 0.24177 0.65328
1403636953.601666451 1.45537 7.14327 4.07116 -0.71864 0.06049 0.22837 0.65402
1403636953.801666498 1.48550 7.24274 4.10176 -0.71972 0.04330 0.22334 0.65593
1403636954.001666546 1.54358 7.35153 4.13171 -0.71710 0.04726 0.22408 0.65827
1403636954.201666594 1.60468 7.46025 4.17925 -0.71624 0.05177 0.22534 0.65844
1403636954.401666403 1.66310 7.58001 4.23315 -0.71532 0.04857 0.23097 0.65773
1403636954.601666451 1.73462 7.70595 4.28406 -0.71739 0.04670 0.23317 0.65483
1403636954.701666594 1.76358 7.77414 4.31716 -0.72070 0.04896 0.23032 0.65204
1403636954.801666498 1.78352 7.84507 4.35533 -0.72426 0.05521 0.22665 0.64887
1403636954.901666403 1.79964 7.91638 4.39817 -0.72769 0.06090 0.22402 0.64543
1403636955.101666451 1.80640 8.06228 4.48991 -0.73374 0.06221 0.22243 0.63897
1403636955.401666403 1.86365 8.26517 4.62583 -0.74251 0.06205 0.22415 0.62817
1403636955.701666594 1.92623 8.45685 4.77619 -0.74779 0.06070 0.22570 0.62144
1403636955.901666403 1.97758 8.58173 4.88264 -0.74780 0.06400 0.22988 0.61955
1403636956.001666546 2.01109 8.64493 4.93370 -0.74494 0.07440 0.23775 0.61888
1403636956.101666451 2.05194 8.70382 4.98217 -0.74195 0.08679 0.24533 0.61789
1403636956.301666498 2.12226 8.81280 5.06547 -0.74234 0.08958 0.24916 0.61549
1403636956.501666546 2.16652 8.91703 5.14263 -0.75065 0.06888 0.23287 0.61445
1403636956.601666451 2.18854 8.96868 5.18565 -0.74749 0.07412 0.22555 0.62040
1403636956.701666594 2.19708 9.01928 5.23263 -0.73624 0.08696 0.22492 0.63230
1403636956.801666498 2.20680 9.06518 5.28061 -0.71952 0.09414 0.22756 0.64934
1403636956.901666403 2.22093 9.10489 5.32447 -0.70078 0.09249 0.22576 0.67037
1403636957.001666546 2.24154 9.13906 5.35931 -0.68386 0.08533 0.21375 0.69236
1403636957.101666451 2.26754 9.16767 5.38944 -0.66658 0.07622 0.19785 0.71464
1403636957.201666594 2.29313 9.19141 5.41753 -0.64912 0.06750 0.18397 0.73501
1403636957.301666498 2.32235 9.21350 5.44513 -0.63416 0.06368 0.17605 0.75020
1403636957.401666403 2.34777 9.23518 5.47099 -0.62247 0.06231 0.17125 0.76113
1403636957.501666546 2.36635 9.25679 5.49920 -0.61453 0.06263 0.16909 0.76801
1403636957.601666451 2.37793 9.27842 5.52810 -0.60697 0.06419 0.16803 0.77410
1403636957.701666594 2.38263 9.29992 5.55872 -0.59686 0.06531 0.16567 0.78233
1403636957.801666498 2.38134 9.32247 5.59143 -0.58070 0.06511 0.16327 0.79492
1403636957.901666403 2.37667 9.34479 5.62326 -0.55763 0.06444 0.15745 0.81247
1403636958.001666546 2.37360 9.36415 5.65494 -0.53133 0.06257 0.14773 0.83183
1403636958.101666451 2.37716 9.37993 5.68429 -0.50525 0.05892 0.13687 0.85001
1403636958.201666594 2.38963 9.39458 5.70746 -0.48331 0.05478 0.12791 0.86432
1403636958.301666498 2.40474 9.41042 5.72418 -0.46434 0.05322 0.11802 0.87614
1403636958.401666403 2.42704 9.42734 5.73641 -0.44913 0.04811 0.10813 0.88560
1403636958.501666546 2.45144 9.44453 5.74299 -0.43894 0.04421 0.10175 0.89164
1403636958.701666594 2.48559 9.48015 5.75890 -0.43120 0.04254 0.09462 0.89627
1403636959.101666451 2.51565 9.56906 5.80711 -0.43687 0.03885 0.09543 0.89360
1403636959.401666403 2.49175 9.64289 5.87363 -0.44656 0.03526 0.08858 0.88966
1403636959.801666498 2.45147 9.72335 5.99100 -0.44840 0.04549 0.09583 0.88752
1403636960.301666498 2.51522 9.78081 6.10060 -0.45467 0.03640 0.08796 0.88556
1403636960.501666546 2.53623 9.79588 6.15871 -0.45465 0.03978 0.07536 0.88658
1403636960.601666451 2.54202 9.79927 6.19642 -0.45103 0.04137 0.06783 0.88896
1403636960.701666594 2.54460 9.79963 6.23605 -0.44422 0.04510 0.06974 0.89206
1403636960.801666498 2.54281 9.79746 6.27753 -0.43397 0.04647 0.07921 0.89624
1403636960.901666403 2.53817 9.79027 6.32373 -0.41917 0.04547 0.08133 0.90311
1403636961.001666546 2.53770 9.78252 6.36946 -0.39980 0.04350 0.07455 0.91253
1403636961.101666451 2.53746 9.76986 6.41562 -0.37685 0.04284 0.06564 0.92295
1403636961.201666594 2.54406 9.75635 6.45655 -0.35162 0.04133 0.05642 0.93353
1403636961.301666498 2.55558 9.73793 6.49585 -0.32792 0.03906 0.04627 0.94276
1403636961.401666403 2.57687 9.71911 6.52862 -0.30936 0.03758 0.03680 0.94949
1403636961.501666546 2.60054 9.70148 6.55780 -0.29482 0.03647 0.03158 0.95434
1403636961.601666451 2.63218 9.68154 6.58307 -0.27987 0.03579 0.02646 0.95901
1403636961.701666594 2.66942 9.66028 6.60396 -0.26327 0.03573 0.02058 0.96384
1403636961.801666498 2.70864 9.63790 6.62227 -0.24621 0.03487 0.01302 0.96850
1403636961.901666403 2.74428 9.61632 6.64001 -0.22846 0.03184 0.00393 0.97302
1403636962.001666546 2.77397 9.59291 6.66030 -0.20801 0.03026 -0.00343 0.97765
1403636962.101666451 2.79786 9.56861 6.68237 -0.18711 0.02683 -0.01149 0.98190
1403636962.201666594 2.82204 9.54352 6.70300 -0.16514 0.02500 -0.01972 0.98576
1403636962.301666498 2.84960 9.51747 6.71888 -0.14255 0.02455 -0.03077 0.98901
1403636962.401666403 2.88224 9.48831 6.73288 -0.11869 0.02333 -0.04001 0.99185
1403636962.501666546 2.92142 9.45834 6.74297 -0.09594 0.02100 -0.05255 0.99378
1403636962.601666451 2.96015 9.42291 6.75187 -0.07403 0.01819 -0.06869 0.99472
1403636962.701666594 2.99596 9.38678 6.75865 -0.05555 0.01616 -0.08572 0.99464
1403636962.801666498 3.02518 9.34798 6.76791 -0.04182 0.01499 -0.09664 0.99433
1403636962.901666403 3.04898 9.30511 6.77899 -0.03172 0.01568 -0.09928 0.99443
1403636963.001666546 3.06721 9.26020 6.78991 -0.02325 0.02149 -0.09303 0.99516
1403636963.101666451 3.08140 9.21163 6.79997 -0.01871 0.03097 -0.08788 0.99547
1403636963.301666498 3.08251 9.11258 6.81608 -0.01924 0.02636 -0.07668 0.99652
1403636963.501666546 3.06335 9.01378 6.82530 -0.02564 0.02064 -0.06973 0.99702
1403636963.901666403 3.06987 8.81440 6.79999 -0.04131 0.02105 -0.07082 0.99641
1403636964.101666451 3.10102 8.70391 6.76481 -0.04337 0.02275 -0.07080 0.99629
1403636964.301666498 3.12286 8.58943 6.72426 -0.04328 0.02528 -0.07401 0.99600
1403636964.501666546 3.12168 8.47418 6.68669 -0.04169 0.02625 -0.07896 0.99566
1403636964.601666451 3.11133 8.41346 6.66765 -0.03834 0.02649 -0.08794 0.99503
1403636964.701666594 3.09310 8.34848 6.64824 -0.02902 0.02538 -0.09664 0.99457
1403636964.801666498 3.07121 8.28046 6.62732 -0.01563 0.02503 -0.10800 0.99371
1403636964.901666403 3.04824 8.20571 6.60287 0.00697 0.02713 -0.11138 0.99338
1403636965.001666546 3.02821 8.12598 6.57533 0.03164 0.02964 -0.11842 0.99202
1403636965.101666451 3.01334 8.03923 6.54360 0.05504 0.02666 -0.12334 0.99048
1403636965.201666594 3.00259 7.95009 6.50258 0.07240 0.01778 -0.12721 0.98907
1403636965.301666498 2.99550 7.85999 6.45715 0.08290 -0.00027 -0.13137 0.98786
1403636965.401666403 2.99281 7.76397 6.40880 0.08762 -0.02388 -0.13471 0.98671
1403636965.501666546 3.00297 7.66373 6.36480 0.09150 -0.03947 -0.13050 0.98643
1403636965.601666451 3.02288 7.56214 6.32378 0.09730 -0.02939 -0.11959 0.98761
1403636965.701666594 3.05494 7.46025 6.28551 0.10383 -0.00826 -0.10533 0.98897
1403636965.801666498 3.08503 7.36104 6.25153 0.10546 0.00570 -0.09872 0.98949
1403636965.901666403 3.10695 7.26717 6.22181 0.10034 0.01321 -0.10741 0.98905
1403636966.101666451 3.12505 7.08886 6.16858 0.09197 0.01901 -0.11958 0.98837
1403636966.301666498 3.11501 6.91887 6.11750 0.08840 0.02206 -0.12047 0.98853
1403636966.401666403 3.09909 6.83370 6.09185 0.09144 0.02273 -0.10793 0.98968
1403636966.501666546 3.07566 6.75177 6.06514 0.09684 0.02269 -0.08818 0.99113
1403636966.801666498 2.99016 6.54714 5.98446 0.08592 0.02539 -0.09960 0.99099
1403636967.001666546 2.94840 6.42664 5.90973 0.08549 0.02563 -0.09345 0.99162
1403636967.201666594 2.89876 6.31823 5.82800 0.08008 0.02641 -0.10235 0.99117
1403636967.401666403 2.83223 6.21284 5.74051 0.07680 0.02784 -0.10611 0.99099
1403636967.601666451 2.77900 6.10899 5.63489 0.07469 0.02969 -0.10667 0.99104
1403636967.801666498 2.71624 6.01110 5.52398 0.07286 0.02985 -0.10740 0.99109
1403636968.001666546 2.60341 5.91645 5.42098 0.07282 0.03123 -0.10727 0.99107
1403636968.201666594 2.47618 5.82571 5.31140 0.07568 0.03046 -0.10253 0.99138
1403636968.401666403 2.35234 5.73338 5.18264 0.07526 0.02737 -0.10293 0.99146
1403636968.601666451 2.25674 5.64316 5.03098 0.07455 0.02653 -0.10400 0.99142
1403636968.801666498 2.16423 5.55252 4.86659 0.07007 0.02758 -0.11539 0.99046
1403636969.001666546 2.08031 5.44930 4.69067 0.07147 0.02660 -0.10910 0.99110
1403636969.101666451 2.04111 5.39525 4.59599 0.07341 0.02599 -0.10358 0.99157
1403636969.201666594 2.00855 5.34345 4.49807 0.07317 0.01805 -0.10216 0.99191
1403636969.301666498 1.98278 5.29105 4.39724 0.07246 0.00673 -0.10089 0.99223
1403636969.601666451 1.92943 5.12939 4.09844 0.06729 -0.00768 -0.10361 0.99231
1403636969.801666498 1.87958 5.02663 3.93103 0.06602 -0.00733 -0.10329 0.99243
1403636970.001666546 1.80908 4.92098 3.78805 0.06693 -0.00287 -0.10052 0.99268
1403636970.101666451 1.77416 4.87354 3.72045 0.06860 0.00779 -0.10088 0.99250
1403636970.201666594 1.73635 4.81953 3.65772 0.06951 0.01570 -0.10098 0.99233
1403636970.401666403 1.65464 4.71581 3.53383 0.06979 0.01044 -0.10139 0.99234
1403636970.501666546 1.61606 4.66506 3.47205 0.06976 0.00015 -0.10096 0.99244
1403636970.601666451 1.58136 4.60966 3.40778 0.06966 -0.00847 -0.10183 0.99232
1403636970.701666594 1.55301 4.55497 3.34608 0.06974 -0.01566 -0.10347 0.99206
1403636970.801666498 1.53197 4.49761 3.28866 0.07020 -0.02239 -0.10368 0.99188
1403636971.001666546 1.49254 4.37818 3.19971 0.07178 -0.03532 -0.10015 0.99175
1403636971.101666451 1.47158 4.31844 3.16823 0.07626 -0.02945 -0.08946 0.99263
1403636971.201666594 1.44811 4.26349 3.14332 0.08233 -0.01902 -0.07633 0.99350
1403636971.301666498 1.42328 4.21124 3.12824 0.08759 -0.00923 -0.06371 0.99407
1403636971.601666451 1.33974 4.10032 3.11161 0.08761 0.00221 -0.06866 0.99378
1403636971.701666594 1.30921 4.07560 3.11594 0.08368 0.01076 -0.08248 0.99301
1403636971.901666403 1.24156 4.04158 3.12203 0.08428 0.02208 -0.08794 0.99231
1403636972.101666451 1.18940 4.01688 3.11600 0.08391 0.02141 -0.09110 0.99207
1403636972.201666594 1.17486 4.01030 3.10125 0.08454 0.01562 -0.08825 0.99238
1403636972.301666498 1.16447 4.00190 3.08792 0.08470 0.00601 -0.08492 0.99276
1403636972.701666594 1.19150 3.98748 3.02154 0.07794 0.01053 -0.09722 0.99215
1403636973.001666546 1.20131 3.99171 2.97928 0.06822 0.00733 -0.09579 0.99303
1403636973.101666451 1.19281 3.99848 2.96962 0.05711 0.00452 -0.09055 0.99424
1403636973.201666594 1.18085 4.00526 2.96218 0.04759 0.00367 -0.08671 0.99509
1403636973.301666498 1.16364 4.01159 2.95931 0.03974 0.00596 -0.08514 0.99556
1403636973.501666546 1.11905 4.02345 2.96254 0.02985 0.00754 -0.08282 0.99609
1403636973.801666498 1.04324 4.03764 2.97739 0.02457 0.02001 -0.08578 0.99581
1403636974.101666451 1.01266 4.03872 2.96564 0.01982 0.01548 -0.07600 0.99679
1403636974.201666594 1.00694 4.04342 2.95658 0.00473 0.01210 -0.06875 0.99755
1403636974.301666498 0.99617 4.04835 2.95247 -0.01897 0.01304 -0.06332 0.99773
1403636974.401666403 0.98114 4.05299 2.95230 -0.04625 0.01640 -0.05545 0.99725
1403636974.601666451 0.93892 4.06349 2.95818 -0.10589 0.02824 -0.03576 0.99333
1403636974.701666594 0.91442 4.06715 2.96304 -0.13493 0.02823 -0.02400 0.99016
1403636974.801666498 0.89420 4.07129 2.96373 -0.16024 0.02522 -0.00952 0.98671
1403636974.901666403 0.88305 4.07331 2.96179 -0.18119 0.02056 0.00930 0.98319
1403636975.101666451 0.88522 4.08309 2.95108 -0.22039 0.02058 0.03310 0.97463
1403636975.201666594 0.88984 4.09066 2.95087 -0.23694 0.02813 0.03226 0.97058
1403636975.301666498 0.89144 4.10138 2.95087 -0.24832 0.03620 0.02815 0.96759
1403636975.501666546 0.87756 4.12158 2.95908 -0.25688 0.03851 0.02531 0.96534
1403636975.701666594 0.86896 4.13730 2.96840 -0.25550 0.02628 0.02488 0.96613
1403636976.001666546 0.90011 4.15362 2.98136 -0.26813 0.02353 0.03409 0.96249
1403636976.101666451 0.90759 4.16337 2.99055 -0.28111 0.03606 0.04788 0.95780
1403636976.201666594 0.91108 4.17601 2.99864 -0.29567 0.04970 0.06664 0.95166
1403636976.301666498 0.90936 4.19163 3.00685 -0.31484 0.05851 0.08341 0.94366
1403636976.501666546 0.88903 4.23532 3.01500 -0.36438 0.06334 0.10100 0.92359
1403636976.601666451 0.86979 4.26079 3.01599 -0.38782 0.05837 0.09734 0.91472
1403636976.701666594 0.84644 4.28729 3.01559 -0.40422 0.05467 0.09413 0.90816
1403636976.901666403 0.78434 4.34145 3.02272 -0.41677 0.04670 0.10426 0.90181
1403636977.101666451 0.74040 4.39671 3.02343 -0.41643 0.04335 0.11317 0.90106
1403636977.501666546 0.72309 4.53606 3.00243 -0.40885 0.05199 0.10202 0.90539
1403636977.801666498 0.67184 4.65993 2.99445 -0.40829 0.05834 0.10510 0.90490
1403636978.001666546 0.62514 4.74551 2.98516 -0.41371 0.05933 0.10914 0.90189
1403636978.201666594 0.59856 4.83125 2.95869 -0.42116 0.05426 0.10231 0.89956
1403636978.401666403 0.60067 4.90812 2.91847 -0.42459 0.04347 0.10281 0.89848
1403636978.501666546 0.60828 4.94554 2.89896 -0.42565 0.03363 0.10565 0.89807
1403636978.601666451 0.61635 4.98441 2.88243 -0.42614 0.02408 0.11010 0.89761
1403636978.801666498 0.62186 5.07326 2.86528 -0.42735 0.01423 0.11377 0.89678
1403636979.001666546 0.62310 5.17697 2.86933 -0.43034 0.03289 0.10396 0.89606
1403636979.101666451 0.61979 5.23353 2.87867 -0.43189 0.04566 0.09715 0.89552
1403636979.301666498 0.59899 5.34414 2.90682 -0.43139 0.04152 0.09844 0.89582
1403636979.401666403 0.59075 5.39859 2.92188 -0.43047 0.03118 0.10214 0.89627
1403636979.601666451 0.60330 5.50483 2.95369 -0.42912 0.02105 0.10862 0.89644
1403636979.801666498 0.64752 5.61708 2.99055 -0.43253 0.01977 0.10774 0.89494
1403636979.901666403 0.67823 5.67550 3.01362 -0.43535 0.02814 0.10438 0.89375
1403636980.001666546 0.70594 5.73545 3.04001 -0.43848 0.03362 0.10067 0.89245
1403636980.201666594 0.75004 5.85537 3.10656 -0.44189 0.03828 0.10001 0.89065
1403636980.401666403 0.77652 5.97365 3.18808 -0.44249 0.05064 0.10055 0.88968
1403636980.601666451 0.78608 6.08782 3.27577 -0.43942 0.06238 0.10376 0.89009
1403636980.901666403 0.81387 6.24043 3.38397 -0.43833 0.04838 0.09940 0.89199
1403636981.201666594 0.86156 6.37236 3.48448 -0.43568 0.05008 0.10321 0.89276
1403636981.301666498 0.87106 6.41586 3.52309 -0.43201 0.06087 0.11410 0.89255
1403636981.601666451 0.87934 6.54465 3.62185 -0.44157 0.04995 0.10692 0.88943
1403636981.801666498 0.90072 6.62987 3.67503 -0.44949 0.03416 0.10169 0.88682
1403636982.001666546 0.95309 6.70917 3.72956 -0.45116 0.01707 0.11205 0.88522
1403636982.201666594 1.00360 6.80124 3.80464 -0.44847 0.00842 0.12655 0.88475
1403636982.401666403 1.05423 6.91450 3.90033 -0.44524 0.02676 0.13174 0.88527
1403636982.501666546 1.08195 6.97981 3.95054 -0.44490 0.04247 0.12683 0.88554
1403636982.601666451 1.11715 7.04596 3.99338 -0.44521 0.04949 0.12085 0.88585
1403636982.801666498 1.19217 7.18175 4.07577 -0.44177 0.04309 0.12140 0.88783
1403636983.001666546 1.25542 7.32680 4.15626 -0.44296 0.03740 0.11594 0.88823
1403636983.101666451 1.27988 7.40467 4.19875 -0.44388 0.04318 0.11103 0.88813
1403636983.301666498 1.31535 7.55897 4.28946 -0.44776 0.04619 0.10103 0.88723
1403636983.501666546 1.33205 7.71169 4.38440 -0.44962 0.04740 0.09935 0.88641
1403636983.701666594 1.37142 7.84657 4.47824 -0.45198 0.03652 0.10360 0.88524
1403636983.901666403 1.44178 7.97677 4.56855 -0.45447 0.02639 0.10703 0.88391
1403636984.101666451 1.53141 8.10427 4.66259 -0.45665 0.02246 0.11179 0.88231
1403636984.201666594 1.57585 8.17434 4.70865 -0.45819 0.02599 0.10980 0.88166
1403636984.301666498 1.61375 8.24575 4.76264 -0.45996 0.03261 0.10674 0.88090
1403636984.401666403 1.64842 8.31709 4.82423 -0.46126 0.03705 0.10555 0.88019
1403636984.501666546 1.67706 8.38764 4.88981 -0.46286 0.04055 0.10329 0.87946
1403636984.701666594 1.73029 8.52252 5.02643 -0.46329 0.04241 0.10102 0.87941
1403636984.901666403 1.80155 8.64625 5.15981 -0.45896 0.04873 0.10834 0.88048
1403636985.001666546 1.84744 8.70537 5.22153 -0.45809 0.05014 0.10953 0.88070
1403636985.201666594 1.93308 8.81469 5.34874 -0.46043 0.04597 0.10620 0.88012
1403636985.401666403 1.97206 8.92858 5.48884 -0.45934 0.04473 0.10110 0.88136
1403636985.501666546 2.00162 8.97995 5.56177 -0.45276 0.04107 0.09523 0.88558
1403636985.601666451 2.03884 9.02417 5.63474 -0.44629 0.04035 0.08888 0.88955
1403636985.701666594 2.08078 9.06614 5.70545 -0.44221 0.03965 0.08145 0.89233
1403636985.801666498 2.12458 9.10506 5.77476 -0.43858 0.04293 0.07544 0.89449
1403636985.901666403 2.17218 9.13694 5.84532 -0.43632 0.05943 0.06580 0.89541
1403636986.001666546 2.21261 9.16164 5.91720 -0.43528 0.07730 0.05606 0.89522
1403636986.201666594 2.25884 9.19537 6.06558 -0.43237 0.06622 0.06113 0.89718
1403636986.301666498 2.27195 9.20025 6.14205 -0.43119 0.05137 0.06849 0.89819
1403636986.401666403 2.28378 9.20127 6.21702 -0.42936 0.04435 0.07449 0.89897
1403636986.501666546 2.29520 9.19877 6.29410 -0.42590 0.04431 0.08315 0.89985
1403636986.601666451 2.31569 9.19151 6.36854 -0.42270 0.04705 0.09007 0.90055
1403636986.701666594 2.34239 9.18288 6.43815 -0.42027 0.04914 0.09536 0.90104
1403636986.801666498 2.37800 9.17335 6.50295 -0.41763 0.05197 0.10087 0.90151
1403636987.001666546 2.46605 9.15083 6.61411 -0.41875 0.05479 0.09947 0.90097
1403636987.201666594 2.56222 9.12507 6.71169 -0.42427 0.05541 0.09234 0.89911
1403636987.401666403 2.63989 9.10051 6.80566 -0.42497 0.06004 0.09145 0.89857
1403636987.501666546 2.66930 9.08618 6.85577 -0.42317 0.06399 0.08547 0.89974
1403636987.601666451 2.69221 9.06991 6.90393 -0.42221 0.06814 0.07837 0.90053
1403636987.801666498 2.73322 9.02471 6.99300 -0.41764 0.07077 0.07542 0.90270
1403636987.901666403 2.75763 8.99387 7.02937 -0.41403 0.07066 0.07913 0.90406
1403636988.001666546 2.78560 8.95713 7.06183 -0.40931 0.06898 0.08825 0.90549
1403636988.101666451 2.81046 8.91868 7.09071 -0.40546 0.06615 0.09891 0.90634
1403636988.301666498 2.84059 8.84941 7.14022 -0.40242 0.07180 0.10914 0.90608
1403636988.401666403 2.85427 8.81669 7.15746 -0.40327 0.08202 0.10680 0.90512
1403636988.501666546 2.87218 8.78279 7.16483 -0.40481 0.08823 0.10207 0.90439
1403636988.701666594 2.90150 8.71324 7.14844 -0.40463 0.09404 0.10054 0.90406
1403636988.901666403 2.90155 8.64018 7.10407 -0.40458 0.10098 0.09830 0.90358
1403636989.201666594 2.84222 8.52029 6.97982 -0.40426 0.10793 0.09991 0.90274
1403636989.301666498 2.81311 8.47651 6.91971 -0.40781 0.09683 0.09677 0.90274
1403636989.401666403 2.78610 8.42940 6.84936 -0.41176 0.07948 0.09394 0.90295
1403636989.501666546 2.76243 8.37903 6.77197 -0.41328 0.06632 0.09511 0.90319
1403636989.601666451 2.74507 8.32772 6.68916 -0.41497 0.05946 0.09381 0.90303
1403636989.801666498 2.70437 8.22332 6.52884 -0.41809 0.05033 0.08839 0.90269
1403636990.001666546 2.64702 8.12046 6.37966 -0.41748 0.06117 0.08690 0.90245
1403636990.201666594 2.59470 8.01022 6.22756 -0.41824 0.06751 0.08245 0.90206
1403636990.401666403 2.55874 7.88622 6.06487 -0.41741 0.05629 0.08196 0.90326
1403636990.601666451 2.51484 7.75732 5.90827 -0.41351 0.05032 0.08527 0.90510
1403636990.801666498 2.44806 7.62949 5.76777 -0.41175 0.04546 0.08438 0.90624
1403636991.001666546 2.36630 7.50739 5.64277 -0.41110 0.04496 0.08365 0.90663
1403636991.201666594 2.27505 7.38947 5.52967 -0.41277 0.04485 0.08230 0.90600
1403636991.401666403 2.20424 7.26823 5.41631 -0.41376 0.04303 0.08456 0.90543
1403636991.601666451 2.16604 7.14749 5.30394 -0.41533 0.04343 0.08855 0.90431
1403636991.801666498 2.15071 7.02723 5.18908 -0.41355 0.04972 0.10473 0.90307
1403636992.001666546 2.13404 6.91819 5.07356 -0.41669 0.05051 0.10975 0.90099
1403636992.201666594 2.10019 6.82452 4.95970 -0.42598 0.05402 0.09434 0.89818
1403636992.401666403 2.04569 6.73477 4.85232 -0.43012 0.05061 0.09262 0.89658
1403636992.501666546 2.01901 6.68715 4.80242 -0.43175 0.04511 0.09496 0.89585
1403636992.701666594 1.98887 6.59157 4.70271 -0.43571 0.03989 0.09589 0.89407
1403636992.901666403 1.96108 6.50015 4.61325 -0.43997 0.03762 0.09423 0.89226
1403636993.201666594 1.90479 6.37109 4.50926 -0.43328 0.05381 0.09578 0.89454
1403636993.301666498 1.89372 6.32497 4.47645 -0.42220 0.05605 0.09285 0.89999
1403636993.401666403 1.88916 6.27592 4.44357 -0.40771 0.05702 0.08710 0.90716
1403636993.501666546 1.89188 6.22557 4.40307 -0.39022 0.05622 0.08043 0.91548
1403636993.601666451 1.89825 6.17403 4.36082 -0.37243 0.05411 0.07275 0.92362
1403636993.701666594 1.90294 6.12224 4.31896 -0.35754 0.05033 0.06782 0.93007
1403636993.801666498 1.90056 6.07097 4.28266 -0.34743 0.04721 0.06376 0.93434
1403636993.901666403 1.89504 6.02188 4.24336 -0.34083 0.04502 0.05839 0.93723
1403636994.101666451 1.86801 5.92389 4.17274 -0.33527 0.05723 0.04763 0.93918
1403636994.301666498 1.82110 5.81996 4.10467 -0.33435 0.07272 0.03989 0.93879
1403636994.601666451 1.73116 5.63205 3.98574 -0.33391 0.07094 0.04450 0.93888
1403636994.701666594 1.70493 5.56025 3.93788 -0.33164 0.06330 0.05463 0.93969
1403636994.801666498 1.68364 5.48519 3.88434 -0.32814 0.05604 0.06825 0.94049
1403636994.901666403 1.66246 5.41215 3.82841 -0.32557 0.05403 0.07782 0.94076
1403636995.101666451 1.60887 5.27943 3.71589 -0.32870 0.06102 0.06910 0.93993
1403636995.301666498 1.55352 5.14993 3.59482 -0.33162 0.06624 0.05536 0.93946
1403636995.501666546 1.51533 5.01346 3.45472 -0.33043 0.05467 0.05375 0.94071
1403636995.701666594 1.49596 4.86771 3.30790 -0.32882 0.05234 0.05703 0.94121
1403636995.901666403 1.45444 4.73053 3.16611 -0.32390 0.05275 0.07195 0.94188
1403636996.101666451 1.39676 4.60647 3.02977 -0.32529 0.04730 0.07177 0.94170
1403636996.301666498 1.34352 4.48893 2.89024 -0.32929 0.04248 0.06154 0.94126
1403636996.501666546 1.32094 4.37101 2.74359 -0.31697 0.04006 0.05398 0.94605
1403636996.601666451 1.32273 4.30998 2.66930 -0.30481 0.03729 0.04734 0.95050
1403636996.701666594 1.31793 4.25270 2.60099 -0.28840 0.03428 0.03977 0.95607
1403636996.801666498 1.29922 4.19762 2.53952 -0.26887 0.03135 0.03230 0.96212
1403636997.001666546 1.23964 4.09387 2.43303 -0.22404 0.02644 0.01826 0.97405
1403636997.101666451 1.20510 4.04545 2.38436 -0.20351 0.02351 0.01081 0.97873
1403636997.201666594 1.16509 4.00180 2.34081 -0.18819 0.02119 0.00602 0.98188
1403636997.301666498 1.12453 3.96130 2.30178 -0.17811 0.01934 0.00090 0.98382
1403636997.601666451 1.04978 3.84455 2.18277 -0.16960 0.01694 -0.00454 0.98536
1403636997.901666403 1.05426 3.73670 2.06175 -0.17632 0.01361 -0.00544 0.98422
1403636998.201666594 1.12063 3.63407 1.96005 -0.18117 0.01659 -0.00017 0.98331
1403636998.601666451 1.19007 3.52501 1.88251 -0.18528 0.02292 0.00167 0.98242
1403636998.701666594 1.22143 3.50201 1.86295 -0.18689 0.03626 -0.00378 0.98170
1403636998.801666498 1.25684 3.47840 1.84232 -0.18863 0.04451 -0.00766 0.98101
1403636999.001666546 1.30856 3.42859 1.80042 -0.19329 0.04506 -0.01684 0.97996
1403636999.401666403 1.33255 3.30124 1.73830 -0.19404 0.03880 -0.01199 0.98015
1403636999.701666594 1.30238 3.19135 1.70370 -0.19251 0.04732 -0.00645 0.98013
1403637000.001666546 1.25038 3.07339 1.66097 -0.19624 0.04670 -0.01166 0.97937
1403637000.201666594 1.22569 2.98190 1.62061 -0.19674 0.04167 -0.01312 0.97948
1403637000.401666403 1.20870 2.88049 1.57185 -0.19521 0.04089 -0.00907 0.97987
1403637000.701666594 1.16689 2.72065 1.49945 -0.19563 0.04214 -0.00976 0.97972
1403637001.001666546 1.14473 2.54332 1.41077 -0.19688 0.04374 -0.00788 0.97942
1403637001.201666594 1.10852 2.42241 1.34965 -0.19702 0.04561 -0.00573 0.97932
1403637001.401666403 1.07942 2.29762 1.27266 -0.19594 0.04398 -0.00131 0.97963
1403637001.601666451 1.06755 2.17127 1.17526 -0.19709 0.03666 0.00190 0.97970
1403637001.801666498 1.03969 2.04962 1.09257 -0.19808 0.03824 0.00354 0.97943
1403637002.001666546 0.99054 1.93510 1.01738 -0.19946 0.03415 0.00324 0.97931
1403637002.201666594 0.92857 1.82665 0.94760 -0.19981 0.03295 0.00367 0.97927
1403637002.401666403 0.86299 1.72296 0.87939 -0.20125 0.03142 -0.00016 0.97904
1403637002.701666594 0.81370 1.55980 0.77254 -0.20426 0.03150 -0.00612 0.97839
1403637003.001666546 0.76857 1.39099 0.67284 -0.20503 0.03347 0.00038 0.97818
1403637003.301666498 0.68463 1.22984 0.59782 -0.20818 0.03584 0.00307 0.97743
1403637003.501666546 0.64111 1.12113 0.54541 -0.20919 0.04040 0.00485 0.97703
1403637003.801666498 0.60698 0.95659 0.44765 -0.20894 0.03927 0.00806 0.97711
1403637004.001666546 0.57082 0.85403 0.38802 -0.20813 0.03083 0.00429 0.97761
1403637004.201666594 0.51397 0.75609 0.34012 -0.20694 0.02460 0.00110 0.97804
1403637004.401666403 0.47745 0.66012 0.29537 -0.20406 0.02710 0.00421 0.97857
1403637004.601666451 0.48007 0.56015 0.24065 -0.20606 0.03908 0.00609 0.97774
1403637004.801666498 0.49143 0.46089 0.17877 -0.20322 0.04382 0.02791 0.97775
1403637005.001666546 0.45300 0.38460 0.13338 -0.20720 0.03215 0.03205 0.97725
1403637005.201666594 0.39329 0.33368 0.09617 -0.21556 0.03205 0.01694 0.97582
1403637005.301666498 0.35931 0.30955 0.07982 -0.21736 0.02812 0.01350 0.97559
1403637005.501666546 0.29383 0.26628 0.05029 -0.21649 0.03081 0.00674 0.97578
1403637005.601666451 0.26733 0.24316 0.03269 -0.21421 0.03225 0.00654 0.97623
1403637005.701666594 0.25006 0.21909 0.01392 -0.21031 0.02591 0.01294 0.97720
1403637005.801666498 0.24468 0.19515 -0.00524 -0.20820 0.02353 0.01590 0.97767
1403637006.001666546 0.24813 0.15225 -0.03891 -0.21028 0.02956 0.00689 0.97717
1403637006.201666594 0.24204 0.11041 -0.06513 -0.20907 0.03316 0.00883 0.97730
1403637006.301666498 0.23659 0.09076 -0.07587 -0.20820 0.02633 0.01281 0.97765
1403637006.401666403 0.22884 0.07297 -0.08476 -0.20727 0.01549 0.01727 0.97801
1403637006.501666546 0.22020 0.05906 -0.09179 -0.20443 0.01224 0.02502 0.97848
1403637006.701666594 0.21105 0.04485 -0.09476 -0.19285 0.02852 0.01465 0.98070
1403637006.801666498 0.20441 0.04211 -0.09352 -0.18043 0.03472 0.00486 0.98296
1403637007.001666546 0.18467 0.04026 -0.09048 -0.14238 0.02892 -0.01459 0.98928
1403637007.201666594 0.16500 0.04216 -0.08753 -0.11245 0.02973 -0.03534 0.99258
1403637007.501666546 0.13144 0.04233 -0.09126 -0.09719 0.03767 -0.05263 0.99316
1403637007.601666451 0.11520 0.03862 -0.09583 -0.09614 0.02986 -0.05111 0.99361
1403637007.701666594 0.09673 0.03357 -0.10030 -0.09703 0.01598 -0.04835 0.99398
1403637007.901666403 0.06912 0.01833 -0.10392 -0.09877 0.01956 -0.04431 0.99393
1403637008.001666546 0.05935 0.00886 -0.10447 -0.09757 0.03243 -0.03764 0.99399
1403637008.201666594 0.03736 -0.00741 -0.10826 -0.10528 0.01380 -0.03805 0.99362
1403637008.501666546 0.03531 -0.03518 -0.10569 -0.11180 0.01664 -0.03748 0.99288
1403637008.601666451 0.04222 -0.04546 -0.10118 -0.11179 0.02813 -0.03435 0.99274
1403637008.701666594 0.04465 -0.05435 -0.09352 -0.11074 0.03328 -0.02782 0.99290
1403637008.901666403 0.03547 -0.06335 -0.07684 -0.10382 0.02369 -0.00088 0.99431
1403637009.101666451 0.01958 -0.04581 -0.05645 -0.11237 0.02388 -0.01639 0.99324
1403637009.301666498 -0.00175 -0.01266 -0.03101 -0.12571 0.02143 -0.04693 0.99072
1403637009.401666403 -0.00999 0.00119 -0.02146 -0.11360 0.02916 -0.04239 0.99219
1403637009.501666546 -0.01158 0.01008 -0.02125 -0.09418 0.04250 -0.04879 0.99345
1403637009.601666451 -0.01745 0.01637 -0.02231 -0.06501 0.08203 -0.02464 0.99420
1403637009.701666594 -0.02436 0.02083 -0.03101 -0.08107 0.07450 -0.01743 0.99377
