1403638130.145097017 0.02388 0.00864 0.17547 0.84789 0.00689 0.52809 -0.04643
1403638130.245096922 0.03157 0.01495 0.21020 0.84888 0.01197 0.52624 -0.04833
1403638130.345097065 0.03336 0.02860 0.26133 0.84434 0.00219 0.53298 -0.05484
1403638130.445096970 0.04142 0.03428 0.30026 0.84106 -0.00393 0.53738 -0.06189
1403638130.645097017 0.04316 0.04023 0.38237 0.83989 0.00873 0.54023 -0.05150
1403638130.745096922 0.04432 0.04557 0.42042 0.83155 -0.00503 0.55194 -0.06215
1403638130.845097065 0.03818 0.04968 0.46141 0.82657 -0.01352 0.55823 -0.07053
1403638131.045097113 0.03737 0.04885 0.47292 0.80877 -0.02716 0.58397 -0.06428
1403638131.245096922 0.03328 0.05453 0.43040 0.81678 -0.00730 0.57485 -0.04857
1403638131.345097065 0.03091 0.06436 0.40347 0.82176 0.00172 0.56820 -0.04324
1403638131.545097113 0.01681 0.05796 0.33318 0.82075 0.00354 0.57015 -0.03591
1403638131.745096922 0.01084 0.04991 0.24877 0.82278 0.00922 0.56759 -0.02825
1403638131.845097065 0.00326 0.04679 0.20460 0.82356 0.01521 0.56677 -0.01719
1403638132.045097113 -0.00711 0.04267 0.13820 0.82909 0.03095 0.55825 -0.00322
1403638132.145097017 -0.00751 0.04436 0.13700 0.83423 0.04311 0.54971 0.00450
1403638132.245096922 -0.00678 0.04669 0.16711 0.82967 0.04056 0.55678 -0.00161
1403638132.345097065 -0.00643 0.05036 0.21722 0.82207 0.03316 0.56831 -0.01122
1403638132.445096970 -0.00540 0.05563 0.27411 0.81777 0.02546 0.57432 -0.02744
1403638132.545097113 -0.00432 0.06026 0.33143 0.80517 0.01065 0.59097 -0.04844
1403638132.645097017 -0.00121 0.06616 0.37926 0.79558 0.00064 0.60271 -0.06155
1403638132.745096922 0.00263 0.07608 0.40965 0.80245 -0.00053 0.59330 -0.06379
1403638132.945096970 -0.00316 0.09582 0.43410 0.79119 -0.01506 0.60726 -0.07095
1403638133.145097017 0.00234 0.08129 0.39679 0.79646 0.00263 0.60198 -0.05717
1403638133.245096922 0.00786 0.04369 0.37008 0.79790 -0.00433 0.60129 -0.04236
1403638133.345097065 0.00689 0.00544 0.34257 0.80160 -0.01308 0.59726 -0.02356
1403638133.445096970 0.00177 -0.03978 0.31768 0.80631 -0.02228 0.59106 -0.00349
1403638133.545097113 -0.00809 -0.08907 0.29698 0.80638 -0.04148 0.58986 0.00975
1403638133.645097017 -0.02254 -0.13736 0.27614 0.80881 -0.06056 0.58487 0.00935
1403638133.745096922 -0.03833 -0.17865 0.25855 0.81136 -0.07432 0.57962 0.01443
1403638133.845097065 -0.04756 -0.21450 0.24294 0.81255 -0.08098 0.57658 0.02751
1403638133.945096970 -0.04561 -0.23445 0.23011 0.81412 -0.08365 0.57374 0.03224
1403638134.345097065 0.06859 -0.14997 0.22881 0.81041 -0.06826 0.58178 0.01077
1403638134.445096970 0.10868 -0.11531 0.22393 0.81377 -0.06776 0.57721 -0.00279
1403638134.645097017 0.15363 -0.02659 0.23366 0.81300 -0.07296 0.57721 -0.02317
1403638134.745096922 0.16797 0.01397 0.23574 0.81884 -0.06616 0.56935 -0.03120
1403638134.845097065 0.17553 0.05580 0.23914 0.82470 -0.06003 0.56162 -0.02910
1403638135.145097017 0.18106 0.15309 0.25272 0.82693 -0.04688 0.55977 -0.02524
1403638135.445096970 0.16134 0.14016 0.21968 0.82890 -0.04340 0.55756 -0.01311
1403638135.545097113 0.14778 0.11475 0.20867 0.83312 -0.04329 0.55136 -0.00595
1403638135.645097017 0.14478 0.08193 0.20264 0.83421 -0.04455 0.54965 0.00171
1403638135.745096922 0.12992 0.03955 0.20672 0.82862 -0.05989 0.55660 0.00145
1403638135.945096970 0.09221 -0.02534 0.20336 0.83738 -0.05758 0.54330 0.01750
1403638136.045097113 0.07233 -0.06080 0.21684 0.83667 -0.05795 0.54387 0.02890
1403638136.145097017 0.05334 -0.10544 0.23640 0.82650 -0.07032 0.55766 0.03112
1403638136.245096922 0.03175 -0.15191 0.24586 0.82007 -0.08076 0.56575 0.02985
1403638136.345097065 0.01081 -0.19409 0.24277 0.82001 -0.08244 0.56488 0.04113
1403638136.445096970 -0.00475 -0.22578 0.23384 0.82278 -0.08197 0.56040 0.04757
1403638136.745096922 -0.00959 -0.20676 0.25349 0.82272 -0.09374 0.56026 0.02122
1403638136.845097065 -0.00300 -0.17078 0.26886 0.81900 -0.09122 0.56650 -0.00092
1403638136.945096970 0.00573 -0.12944 0.27349 0.80816 -0.09567 0.58058 -0.02555
1403638137.045097113 0.01255 -0.08820 0.26114 0.80238 -0.09566 0.58780 -0.03902
1403638137.145097017 0.01689 -0.05082 0.23198 0.80718 -0.08486 0.58292 -0.03827
1403638137.245096922 0.01910 -0.01967 0.19564 0.81660 -0.06956 0.57196 -0.03435
1403638137.345097065 0.02505 0.00215 0.15603 0.82274 -0.05905 0.56434 -0.03363
1403638137.445096970 0.01485 0.01498 0.12526 0.82897 -0.05161 0.55630 -0.02593
1403638137.545097113 0.02002 0.03449 0.08657 0.83790 -0.04068 0.54414 -0.01320
1403638137.645097017 0.01884 0.04300 0.06063 0.84261 -0.03359 0.53748 -0.00009
1403638137.745096922 0.02016 0.04715 0.03955 0.84093 -0.03779 0.53979 0.00594
1403638137.845097065 0.01970 0.05287 0.02321 0.84345 -0.04002 0.53564 0.00901
1403638137.945096970 0.01968 0.05799 0.00946 0.85183 -0.03305 0.52248 0.01757
1403638138.045097113 0.02042 0.06229 0.00085 0.85669 -0.02683 0.51469 0.02158
1403638138.245096922 0.02111 0.06437 -0.00409 0.84633 -0.03695 0.53111 0.01653
1403638138.545097113 0.02161 0.06714 -0.00496 0.83946 -0.03858 0.54179 0.01696
1403638147.845097065 0.02767 0.06823 -0.00220 0.83401 -0.04033 0.55003 0.01627
1403638147.945096970 0.03590 0.06737 0.00516 0.82587 -0.04261 0.56196 0.01796
1403638148.045097113 0.04418 0.07396 0.02040 0.82014 -0.04321 0.57022 0.01883
1403638148.145097017 0.06695 0.07400 0.03622 0.81617 -0.04161 0.57600 0.01900
1403638148.245096922 0.06984 0.06717 0.07620 0.81462 -0.03917 0.57841 0.01731
1403638148.345097065 0.07877 0.05658 0.12376 0.81393 -0.03595 0.57964 0.01553
1403638148.545097113 0.09389 0.05035 0.19350 0.81990 -0.02955 0.57153 0.01544
1403638148.745096922 0.11690 0.05086 0.18215 0.82691 -0.02549 0.56161 0.01297
1403638149.045097113 0.16725 0.06248 0.21206 0.82463 -0.02168 0.56518 0.00931
1403638149.245096922 0.21128 0.06933 0.27577 0.81972 -0.02065 0.57233 0.00823
1403638149.545097113 0.28582 0.08148 0.35294 0.81705 -0.02104 0.57613 0.00693
1403638149.745096922 0.33066 0.10443 0.39455 0.81691 -0.01238 0.57663 0.00357
1403638149.945096970 0.37814 0.12067 0.40322 0.81722 -0.00457 0.57631 -0.00179
1403638150.245096922 0.43981 0.16013 0.38416 0.81707 0.01296 0.57621 0.01468
1403638150.445096970 0.48217 0.20918 0.35060 0.82611 0.01176 0.56336 0.00612
1403638150.545097113 0.50551 0.24477 0.33982 0.83038 0.01462 0.55699 -0.00364
1403638150.645097017 0.53259 0.27798 0.33734 0.83217 0.01888 0.55409 -0.01103
1403638150.745096922 0.57030 0.31425 0.33355 0.83127 0.02380 0.55514 -0.01562
1403638150.845097065 0.60201 0.35038 0.35494 0.82924 0.03220 0.55763 -0.01940
1403638150.945096970 0.64211 0.39255 0.37176 0.82597 0.04047 0.56181 -0.02257
1403638151.145097017 0.72343 0.48184 0.38575 0.81890 0.06449 0.56932 -0.03353
1403638151.245096922 0.76151 0.52907 0.38092 0.81746 0.08279 0.56811 -0.04632
1403638151.345097065 0.79529 0.58134 0.37268 0.81609 0.10294 0.56543 -0.06082
1403638151.445096970 0.83305 0.63510 0.36546 0.81351 0.12211 0.56324 -0.07776
1403638151.545097113 0.86039 0.69362 0.36862 0.81039 0.14040 0.56144 -0.09133
1403638151.645097017 0.89858 0.74734 0.36283 0.80777 0.15440 0.55986 -0.10108
1403638151.745096922 0.93636 0.81113 0.38420 0.80603 0.16427 0.55853 -0.10664
1403638152.045097113 1.04346 0.99480 0.45823 0.80626 0.17557 0.55410 -0.10999
1403638152.345097065 1.15071 1.19298 0.50562 0.80631 0.17712 0.55490 -0.10283
1403638152.645097017 1.25652 1.41535 0.49238 0.80915 0.17552 0.55208 -0.09833
1403638152.745096922 1.29293 1.49687 0.48813 0.80973 0.17658 0.54985 -0.10404
1403638152.845097065 1.32818 1.58171 0.49209 0.80724 0.18089 0.55004 -0.11442
1403638152.945096970 1.36257 1.66816 0.50487 0.80170 0.18943 0.55268 -0.12626
1403638153.045097113 1.39541 1.75567 0.52311 0.79988 0.20198 0.54851 -0.13615
1403638153.145097017 1.42850 1.84237 0.54497 0.80063 0.21307 0.54141 -0.14305
1403638153.245096922 1.46311 1.92892 0.56462 0.80035 0.22145 0.53735 -0.14714
1403638153.345097065 1.49895 2.01500 0.57978 0.79885 0.23102 0.53424 -0.15186
1403638153.445096970 1.53731 2.10381 0.59092 0.79586 0.24396 0.53153 -0.15673
1403638153.545097113 1.57554 2.19508 0.60456 0.79135 0.26268 0.52923 -0.15708
1403638153.645097017 1.61371 2.29172 0.62333 0.78596 0.28036 0.52663 -0.16224
1403638153.745096922 1.65146 2.39291 0.64488 0.77946 0.29397 0.52459 -0.17558
1403638153.845097065 1.69004 2.49675 0.66159 0.77329 0.30551 0.52344 -0.18627
1403638153.945096970 1.72857 2.60467 0.67378 0.76702 0.31150 0.52547 -0.19627
1403638154.045097113 1.76652 2.71392 0.67935 0.76364 0.31402 0.52611 -0.20361
1403638154.145097017 1.80357 2.82342 0.67956 0.75913 0.31613 0.53017 -0.20666
1403638154.245096922 1.83923 2.93369 0.67576 0.75441 0.31728 0.53601 -0.20709
1403638154.345097065 1.87177 3.04370 0.66897 0.75090 0.31580 0.54127 -0.20843
1403638154.445096970 1.90131 3.15208 0.65909 0.74593 0.31286 0.54884 -0.21091
1403638154.645097017 1.94163 3.36002 0.63919 0.74700 0.31276 0.54611 -0.21432
1403638154.745096922 1.95538 3.46433 0.63937 0.74929 0.32032 0.53813 -0.21534
1403638154.845097065 1.96511 3.56803 0.64597 0.74906 0.32992 0.53335 -0.21354
1403638154.945096970 1.97144 3.67244 0.65884 0.74670 0.33911 0.53113 -0.21294
1403638155.045097113 1.97176 3.77656 0.67929 0.74184 0.34808 0.53029 -0.21751
1403638155.145097017 1.96613 3.88167 0.70215 0.73608 0.35722 0.52928 -0.22459
1403638155.245096922 1.95639 3.98724 0.72024 0.73067 0.36265 0.52957 -0.23273
1403638155.345097065 1.94200 4.09121 0.73210 0.72425 0.36807 0.53237 -0.23782
1403638155.445096970 1.92306 4.19451 0.73812 0.71685 0.37624 0.53448 -0.24270
1403638155.545097113 1.89769 4.29721 0.73734 0.71128 0.38421 0.53186 -0.25215
1403638155.745096922 1.82661 4.49603 0.72315 0.69598 0.40100 0.52308 -0.28495
1403638155.845097065 1.78458 4.59022 0.70971 0.68844 0.41506 0.51428 -0.29881
1403638155.945096970 1.73906 4.67918 0.69419 0.68365 0.43381 0.49873 -0.30934
1403638156.045097113 1.69040 4.76361 0.68414 0.67886 0.45600 0.47980 -0.31781
1403638156.145097017 1.64068 4.84476 0.68259 0.67193 0.47561 0.46348 -0.32786
1403638156.245096922 1.59171 4.92442 0.68928 0.66423 0.49066 0.45104 -0.33854
1403638156.345097065 1.54465 5.00342 0.69863 0.65858 0.50537 0.43810 -0.34488
1403638156.445096970 1.50041 5.08218 0.70380 0.65478 0.51462 0.42881 -0.35008
1403638156.545097113 1.45986 5.16182 0.70315 0.65184 0.52016 0.42371 -0.35357
1403638156.745096922 1.38735 5.32820 0.68598 0.64891 0.52421 0.42111 -0.35607
1403638157.045097113 1.29982 5.59749 0.64578 0.65254 0.52224 0.42149 -0.35185
1403638157.345097065 1.24037 5.89646 0.65477 0.65531 0.52237 0.42052 -0.34764
1403638157.545097113 1.21052 6.11419 0.67044 0.64339 0.52878 0.42766 -0.35148
1403638157.645097017 1.19340 6.22634 0.67251 0.63207 0.53539 0.43027 -0.35877
1403638157.745096922 1.17559 6.33943 0.67350 0.61726 0.54681 0.43127 -0.36605
1403638157.845097065 1.15523 6.45259 0.68045 0.60376 0.55954 0.42505 -0.37645
1403638158.045097113 1.10604 6.67645 0.71211 0.58320 0.58159 0.40490 -0.39709
1403638158.145097017 1.08074 6.78688 0.72287 0.57842 0.58699 0.39440 -0.40659
1403638158.445096970 1.01822 7.10807 0.72556 0.56615 0.59827 0.38954 -0.41208
1403638158.645097017 0.98263 7.32031 0.71272 0.56111 0.60003 0.39696 -0.40933
1403638158.845097065 0.94156 7.52616 0.69881 0.57007 0.59579 0.38851 -0.41124
1403638159.045097113 0.90140 7.72929 0.71052 0.58123 0.59664 0.37674 -0.40530
1403638159.145097017 0.88462 7.83662 0.72424 0.58846 0.60056 0.36815 -0.39687
1403638159.345097065 0.85425 8.06247 0.74589 0.58932 0.59658 0.37087 -0.39906
1403638159.445096970 0.84323 8.18524 0.75318 0.58106 0.58487 0.38453 -0.41525
1403638159.545097113 0.83525 8.30860 0.76514 0.57499 0.57051 0.39329 -0.43501
1403638159.645097017 0.83246 8.42474 0.78339 0.57446 0.55774 0.39252 -0.45261
1403638159.745096922 0.83805 8.53512 0.80736 0.57531 0.55105 0.38959 -0.46216
1403638159.845097065 0.85330 8.63443 0.83915 0.57051 0.55269 0.39615 -0.46056
1403638159.945096970 0.87557 8.72388 0.87747 0.56378 0.56152 0.40613 -0.44934
1403638160.145097017 0.92821 8.86752 0.98012 0.56062 0.57456 0.40855 -0.43436
1403638160.245096922 0.95591 8.93226 1.04011 0.56716 0.58464 0.39809 -0.42195
1403638160.645097017 1.06356 9.18279 1.30738 0.57821 0.59736 0.38148 -0.40411
1403638160.745096922 1.08854 9.25275 1.36248 0.57749 0.59440 0.38308 -0.40798
1403638160.845097065 1.11672 9.32144 1.41536 0.57783 0.58325 0.38799 -0.41880
1403638160.945096970 1.14884 9.38997 1.46618 0.58073 0.56733 0.39818 -0.42702
1403638161.045097113 1.18572 9.45318 1.51370 0.58714 0.55350 0.40956 -0.42563
1403638161.145097017 1.22564 9.51075 1.55840 0.59761 0.54148 0.41954 -0.41670
1403638161.245096922 1.26869 9.56149 1.59986 0.61230 0.52921 0.42864 -0.40162
1403638161.345097065 1.31602 9.61099 1.64039 0.62842 0.51469 0.43729 -0.38596
1403638161.445096970 1.36441 9.65503 1.67952 0.64414 0.50552 0.43947 -0.36932
1403638161.545097113 1.41241 9.69901 1.71601 0.65553 0.49996 0.44026 -0.35566
1403638161.645097017 1.45572 9.74202 1.74459 0.66377 0.49337 0.44083 -0.34880
1403638161.745096922 1.51726 9.79818 1.76936 0.66893 0.48593 0.44117 -0.34895
1403638161.845097065 1.56475 9.83445 1.79195 0.67080 0.47837 0.44674 -0.34873
1403638161.945096970 1.61987 9.87903 1.81434 0.67313 0.46952 0.45424 -0.34657
1403638162.045097113 1.67288 9.91982 1.82213 0.67681 0.46276 0.45825 -0.34321
1403638162.245096922 1.81033 10.00113 1.87525 0.68620 0.45527 0.45480 -0.33915
1403638162.445096970 1.93641 10.08325 1.91869 0.69007 0.44861 0.45299 -0.34256
1403638162.645097017 2.10182 10.16032 1.96039 0.68597 0.45280 0.45907 -0.33716
1403638162.845097065 2.26298 10.23235 2.02808 0.68810 0.45459 0.45769 -0.33224
1403638162.945096970 2.35339 10.26908 2.07055 0.69052 0.44554 0.45930 -0.33723
1403638163.045097113 2.44632 10.30284 2.11747 0.68747 0.43697 0.46865 -0.34178
1403638163.145097017 2.54447 10.33385 2.15117 0.68850 0.42886 0.47471 -0.34162
1403638163.245096922 2.64398 10.35788 2.16781 0.69304 0.42383 0.47973 -0.33156
1403638163.345097065 2.74593 10.37874 2.17397 0.69839 0.41678 0.48679 -0.31872
1403638163.445096970 2.84950 10.39919 2.17932 0.70425 0.40634 0.49481 -0.30673
1403638163.545097113 2.95197 10.41376 2.18360 0.70999 0.39653 0.49975 -0.29821
1403638163.645097017 3.05051 10.43147 2.20622 0.71460 0.39043 0.50162 -0.29205
1403638163.745096922 3.14893 10.44085 2.21942 0.71703 0.38641 0.50368 -0.28785
1403638163.845097065 3.24617 10.45147 2.25009 0.71777 0.38323 0.50547 -0.28712
1403638164.045097113 3.43532 10.45987 2.32749 0.72218 0.37832 0.49980 -0.29243
1403638164.245096922 3.62634 10.45899 2.42022 0.72152 0.37528 0.49802 -0.30090
1403638164.345097065 3.73139 10.45222 2.46144 0.71999 0.37419 0.49859 -0.30498
1403638164.545097113 3.93601 10.42643 2.52673 0.71906 0.37403 0.49713 -0.30970
1403638164.645097017 4.04543 10.40555 2.55024 0.72072 0.37156 0.49574 -0.31104
1403638164.745096922 4.15552 10.38101 2.56910 0.72157 0.36853 0.50053 -0.30495
1403638164.845097065 4.27039 10.34860 2.58531 0.71669 0.37144 0.51322 -0.29151
1403638164.945096970 4.38036 10.31358 2.59610 0.71270 0.37296 0.52351 -0.28089
1403638165.045097113 4.48752 10.27205 2.60578 0.71221 0.36305 0.52850 -0.28573
1403638165.145097017 4.59098 10.22618 2.60977 0.71803 0.35127 0.52680 -0.28901
1403638165.245096922 4.69316 10.17614 2.60911 0.72774 0.34869 0.51900 -0.28186
1403638165.345097065 4.79510 10.12285 2.60567 0.73825 0.34510 0.50870 -0.27771
1403638165.445096970 4.89716 10.06714 2.59872 0.74137 0.34043 0.50767 -0.27703
1403638165.545097113 5.00382 10.00796 2.58906 0.73534 0.33666 0.51936 -0.27603
1403638165.645097017 5.10228 9.94519 2.57554 0.72585 0.33445 0.53461 -0.27473
1403638165.745096922 5.20167 9.87628 2.55675 0.71874 0.33392 0.54549 -0.27268
1403638165.845097065 5.29597 9.80186 2.53100 0.72123 0.33723 0.54273 -0.26751
1403638165.945096970 5.38498 9.72258 2.50861 0.72750 0.34127 0.53440 -0.26211
1403638166.045097113 5.47023 9.63912 2.49561 0.73477 0.34507 0.52388 -0.25807
1403638166.145097017 5.55452 9.55520 2.49326 0.73745 0.35160 0.51927 -0.25081
1403638166.245096922 5.63639 9.47298 2.50736 0.73799 0.35581 0.51665 -0.24868
1403638166.345097065 5.71544 9.39428 2.53948 0.73688 0.35973 0.51633 -0.24700
1403638166.445096970 5.79205 9.31452 2.58819 0.73656 0.36245 0.51559 -0.24552
1403638166.545097113 5.86581 9.23994 2.63517 0.73591 0.36354 0.51502 -0.24704
1403638166.645097017 5.93728 9.16848 2.67607 0.73553 0.36405 0.51450 -0.24850
1403638166.845097065 6.07450 9.03181 2.73288 0.74540 0.35685 0.49850 -0.26178
1403638166.945096970 6.14744 8.96846 2.74594 0.75609 0.35523 0.48175 -0.26469
1403638167.045097113 6.22635 8.90823 2.75566 0.76158 0.35839 0.47320 -0.26009
1403638167.145097017 6.31170 8.85144 2.76965 0.76175 0.36287 0.47272 -0.25415
1403638167.245096922 6.40523 8.80214 2.79258 0.75919 0.36686 0.47646 -0.24907
1403638167.345097065 6.50431 8.75963 2.82258 0.75647 0.36827 0.48061 -0.24725
1403638167.445096970 6.60674 8.72466 2.85744 0.75507 0.36680 0.48331 -0.24847
1403638167.545097113 6.71663 8.68738 2.88230 0.75208 0.36321 0.48844 -0.25276
1403638167.645097017 6.82110 8.65829 2.90469 0.75076 0.35417 0.49216 -0.26213
1403638167.745096922 6.93290 8.62745 2.91897 0.75225 0.34266 0.49549 -0.26682
1403638167.845097065 7.04921 8.59577 2.92866 0.75708 0.32825 0.49711 -0.26826
1403638167.945096970 7.16996 8.56183 2.93461 0.76148 0.31388 0.50183 -0.26420
1403638168.045097113 7.29456 8.52526 2.93969 0.76586 0.30090 0.50700 -0.25664
1403638168.145097017 7.42396 8.48632 2.95119 0.76938 0.29024 0.51130 -0.24976
1403638168.245096922 7.55606 8.44154 2.97130 0.77295 0.28060 0.51659 -0.23864
1403638168.345097065 7.69053 8.39163 2.99680 0.77677 0.26995 0.52237 -0.22559
1403638168.445096970 7.82698 8.33985 3.02914 0.77980 0.25970 0.52874 -0.21190
1403638168.545097113 7.96499 8.28734 3.05958 0.78486 0.25823 0.52909 -0.19333
1403638168.645097017 8.10339 8.23779 3.08109 0.78999 0.25996 0.52666 -0.17595
1403638168.745096922 8.24344 8.19327 3.09392 0.79285 0.26123 0.52525 -0.16508
1403638168.845097065 8.38320 8.15521 3.10108 0.79491 0.26131 0.52350 -0.16059
1403638168.945096970 8.52492 8.12477 3.10168 0.79582 0.26219 0.52221 -0.15881
1403638169.045097113 8.66824 8.10217 3.09934 0.79248 0.26381 0.52597 -0.16045
1403638169.145097017 8.81133 8.08522 3.09240 0.78691 0.26062 0.53268 -0.17062
1403638169.245096922 8.95294 8.07162 3.07937 0.78436 0.25435 0.53512 -0.18362
1403638169.345097065 9.09484 8.05787 3.06333 0.78246 0.23865 0.53952 -0.19933
1403638169.445096970 9.23791 8.04000 3.04639 0.78079 0.21935 0.54626 -0.20939
1403638169.545097113 9.38102 8.01425 3.03217 0.78068 0.20263 0.55349 -0.20765
1403638169.645097017 9.52192 7.97732 3.02468 0.78325 0.18917 0.55938 -0.19449
1403638169.745096922 9.66047 7.93163 3.02188 0.78803 0.17819 0.56315 -0.17354
1403638169.845097065 9.79437 7.87815 3.02737 0.79175 0.16932 0.56875 -0.14485
1403638169.945096970 9.92409 7.82332 3.04135 0.79215 0.15799 0.57778 -0.11711
1403638170.045097113 10.04802 7.77042 3.06003 0.78885 0.13990 0.59022 -0.09886
1403638170.145097017 10.16592 7.71992 3.07614 0.78958 0.11659 0.59602 -0.08787
1403638170.245096922 10.27719 7.66965 3.08386 0.79297 0.09108 0.59717 -0.07930
1403638170.345097065 10.38024 7.61867 3.08467 0.79767 0.06519 0.59530 -0.07140
1403638170.445096970 10.47695 7.56472 3.07889 0.80327 0.04161 0.59110 -0.06023
1403638170.545097113 10.56604 7.50785 3.07339 0.80511 0.01553 0.59033 -0.05540
1403638170.645097017 10.65178 7.44590 3.07583 0.80246 -0.00799 0.59472 -0.04793
1403638170.745096922 10.72704 7.37737 3.08555 0.80058 -0.02810 0.59742 -0.03701
1403638170.845097065 10.79351 7.30187 3.10042 0.79965 -0.04607 0.59821 -0.02414
1403638170.945096970 10.85115 7.22134 3.11259 0.79954 -0.06244 0.59729 -0.00898
1403638171.045097113 10.90011 7.13449 3.12011 0.79724 -0.07920 0.59843 0.00469
1403638171.145097017 10.94110 7.04457 3.12304 0.79477 -0.09321 0.59953 0.01452
1403638171.245096922 10.97434 6.95144 3.12345 0.79236 -0.10464 0.60069 0.01959
1403638171.345097065 10.99954 6.85492 3.12145 0.79059 -0.11159 0.60163 0.02361
1403638171.445096970 11.01532 6.75437 3.11714 0.78821 -0.11829 0.60331 0.02721
1403638171.545097113 11.02374 6.64919 3.11192 0.78526 -0.12581 0.60560 0.02799
1403638171.645097017 11.02336 6.53877 3.10523 0.78223 -0.13382 0.60768 0.03067
1403638171.745096922 11.01300 6.42305 3.09657 0.77897 -0.14489 0.60918 0.03341
1403638171.845097065 10.99158 6.30231 3.08821 0.77549 -0.15529 0.61090 0.03607
1403638171.945096970 10.95739 6.17593 3.08545 0.77022 -0.16252 0.61536 0.04094
1403638172.045097113 10.91033 6.04323 3.08820 0.76852 -0.16520 0.61615 0.04940
1403638172.145097017 10.84994 5.90599 3.09368 0.76845 -0.16613 0.61543 0.05593
1403638172.245096922 10.77790 5.76728 3.09289 0.76939 -0.16709 0.61369 0.05931
1403638172.345097065 10.69472 5.62663 3.08243 0.76976 -0.16671 0.61306 0.06200
1403638172.445096970 10.60311 5.48340 3.06150 0.76874 -0.16631 0.61447 0.06174
1403638172.545097113 10.50348 5.33744 3.03121 0.76638 -0.16652 0.61762 0.05898
1403638172.645097017 10.39329 5.19044 2.99313 0.76465 -0.16633 0.62017 0.05515
1403638172.745096922 10.27017 5.04174 2.94966 0.76519 -0.16516 0.62004 0.05244
1403638172.845097065 10.13432 4.88901 2.90289 0.76486 -0.16467 0.62096 0.04791
1403638172.945096970 9.98615 4.73304 2.85311 0.76674 -0.16370 0.61922 0.04339
1403638173.045097113 9.82678 4.57269 2.79963 0.77060 -0.16338 0.61488 0.03741
1403638173.145097017 9.65749 4.40793 2.74033 0.77575 -0.16331 0.60871 0.03189
1403638173.245096922 9.47995 4.23739 2.67404 0.78005 -0.15901 0.60418 0.03463
1403638173.345097065 9.29554 4.06123 2.60268 0.78461 -0.15306 0.59937 0.04146
1403638173.445096970 9.10680 3.88182 2.52495 0.78748 -0.14282 0.59683 0.05725
1403638173.545097113 8.91651 3.70029 2.43762 0.79077 -0.13579 0.59294 0.06833
1403638173.645097017 8.72760 3.52078 2.34832 0.79175 -0.13362 0.59159 0.07274
1403638173.745096922 8.53555 3.34446 2.25496 0.79221 -0.13380 0.59082 0.07372
1403638173.845097065 8.34382 3.16936 2.16178 0.79319 -0.13575 0.58912 0.07325
1403638173.945096970 8.14760 2.99896 2.07522 0.79306 -0.13561 0.58915 0.07462
1403638174.045097113 7.94794 2.83639 1.99493 0.79462 -0.13627 0.58689 0.07460
1403638174.145097017 7.74476 2.66727 1.92087 0.79502 -0.13597 0.58628 0.07566
1403638174.245096922 7.54059 2.50647 1.84562 0.79960 -0.13572 0.58004 0.07606
1403638174.345097065 7.34137 2.34659 1.76540 0.80489 -0.13582 0.57279 0.07498
1403638174.445096970 7.14726 2.18817 1.68028 0.80887 -0.13549 0.56733 0.07419
1403638174.545097113 6.95886 2.03036 1.60012 0.81187 -0.13651 0.56317 0.07120
1403638174.645097017 6.77461 1.87241 1.52590 0.81656 -0.13358 0.55666 0.07418
1403638174.745096922 6.59325 1.71576 1.45659 0.82112 -0.13175 0.55013 0.07591
1403638174.845097065 6.41683 1.55791 1.39480 0.82442 -0.13079 0.54538 0.07610
1403638174.945096970 6.24916 1.40013 1.33776 0.82594 -0.12983 0.54316 0.07710
1403638175.045097113 6.08888 1.24494 1.28884 0.82543 -0.12880 0.54401 0.07837
1403638175.245096922 5.79090 0.94333 1.20327 0.82546 -0.12888 0.54340 0.08200
1403638175.345097065 5.65143 0.79430 1.16720 0.82950 -0.12993 0.53687 0.08255
1403638175.445096970 5.52099 0.64780 1.13761 0.83505 -0.12820 0.52808 0.08601
1403638175.545097113 5.40266 0.50396 1.11610 0.84216 -0.12580 0.51666 0.08948
1403638175.645097017 5.29746 0.36375 1.10296 0.84944 -0.12728 0.50466 0.08706
1403638175.745096922 5.20901 0.22888 1.09478 0.85461 -0.12815 0.49610 0.08427
1403638175.845097065 5.13689 0.09678 1.08254 0.85807 -0.12696 0.49032 0.08479
1403638175.945096970 5.07920 -0.03432 1.05945 0.85841 -0.12274 0.49006 0.08899
1403638176.045097113 5.03798 -0.16453 1.03137 0.85351 -0.11557 0.49885 0.09651
1403638176.245096922 5.00562 -0.40941 0.98511 0.82627 -0.11018 0.54304 0.10127
1403638176.345097065 5.00071 -0.52194 0.97081 0.81735 -0.11009 0.55632 0.10163
1403638176.445096970 4.99941 -0.62684 0.96075 0.81506 -0.10964 0.55941 0.10352
1403638176.645097017 5.00541 -0.81251 0.95536 0.81663 -0.10959 0.55670 0.10580
1403638176.845097065 5.02469 -0.96926 0.97465 0.81686 -0.11239 0.55651 0.10196
1403638177.045097113 5.05149 -1.09950 0.99929 0.81864 -0.11287 0.55391 0.10134
1403638177.245096922 5.09090 -1.20927 0.99917 0.81946 -0.10921 0.55233 0.10721
1403638177.645097017 5.20707 -1.35668 0.93487 0.81739 -0.12619 0.55531 0.08707
1403638177.845097065 5.27755 -1.41494 0.88268 0.80858 -0.14347 0.56603 0.07228
1403638177.945096970 5.31116 -1.44845 0.85746 0.80158 -0.14743 0.57504 0.07115
1403638178.045097113 5.34003 -1.48435 0.84035 0.79696 -0.14802 0.58071 0.07562
1403638178.145097017 5.36346 -1.52340 0.83054 0.79442 -0.15180 0.58187 0.08533
1403638178.245096922 5.37986 -1.56456 0.82673 0.78979 -0.16301 0.58382 0.09391
1403638178.345097065 5.39092 -1.60701 0.83337 0.78487 -0.17906 0.58398 0.10431
1403638178.445096970 5.39342 -1.64909 0.84225 0.78065 -0.19927 0.58091 0.11586
1403638178.545097113 5.38953 -1.69164 0.84472 0.77906 -0.22264 0.57210 0.12729
1403638178.645097017 5.38081 -1.73431 0.84201 0.77693 -0.24686 0.56280 0.13672
1403638178.745096922 5.36790 -1.77886 0.83603 0.77164 -0.26868 0.55717 0.14817
1403638178.845097065 5.35157 -1.82657 0.82613 0.76781 -0.28725 0.54954 0.16109
1403638178.945096970 5.33229 -1.87616 0.81262 0.76697 -0.30152 0.54020 0.17035
1403638179.045097113 5.31199 -1.92835 0.79473 0.76924 -0.31125 0.52923 0.17698
1403638179.145097017 5.29202 -1.98534 0.77320 0.77121 -0.31707 0.52027 0.18443
1403638179.245096922 5.27324 -2.04758 0.74940 0.77237 -0.32213 0.51185 0.19412
1403638179.345097065 5.25777 -2.11481 0.72317 0.77178 -0.32990 0.50398 0.20378
1403638179.445096970 5.24483 -2.18577 0.69742 0.76209 -0.34219 0.50625 0.21409
1403638179.545097113 5.23432 -2.25916 0.66937 0.74741 -0.35748 0.51238 0.22595
1403638179.645097017 5.22298 -2.33372 0.63904 0.73505 -0.37457 0.51246 0.23829
1403638179.745096922 5.20946 -2.40831 0.61373 0.72346 -0.39166 0.50940 0.25243
1403638179.845097065 5.19308 -2.48283 0.59649 0.71246 -0.40863 0.50443 0.26641
1403638179.945096970 5.17610 -2.55902 0.58421 0.70523 -0.42590 0.49518 0.27579
1403638180.045097113 5.15937 -2.63602 0.57575 0.70245 -0.44085 0.48380 0.27956
1403638180.145097017 5.14223 -2.71457 0.57051 0.69797 -0.45141 0.47892 0.28231
1403638180.245096922 5.12381 -2.79488 0.56650 0.69519 -0.45590 0.47613 0.28664
1403638180.445096970 5.08694 -2.96230 0.54233 0.69566 -0.45960 0.47041 0.28904
1403638180.645097017 5.04860 -3.14170 0.50427 0.69957 -0.45430 0.46653 0.29420
1403638180.845097065 5.01759 -3.33199 0.48462 0.70719 -0.45274 0.46047 0.28787
1403638181.045097113 4.99859 -3.53908 0.48019 0.70653 -0.45015 0.46765 0.28195
1403638181.245096922 4.98415 -3.75773 0.45745 0.70092 -0.44891 0.47937 0.27820
1403638181.345097065 4.97527 -3.87255 0.43926 0.69090 -0.45313 0.48856 0.28043
1403638181.445096970 4.96281 -3.99129 0.41543 0.67845 -0.46431 0.49376 0.28340
1403638181.545097113 4.94502 -4.10931 0.39079 0.65949 -0.47744 0.50116 0.29319
1403638181.645097017 4.91886 -4.22737 0.36732 0.64282 -0.48886 0.50156 0.31022
1403638181.745096922 4.88489 -4.34139 0.34995 0.63492 -0.50155 0.48871 0.32634
1403638181.845097065 4.84377 -4.45146 0.34151 0.62885 -0.51449 0.47188 0.34231
1403638181.945096970 4.79849 -4.55753 0.34083 0.62382 -0.52792 0.45457 0.35428
1403638182.045097113 4.75162 -4.66127 0.34617 0.62016 -0.54107 0.44129 0.35763
1403638182.145097017 4.70438 -4.76460 0.35920 0.61714 -0.55139 0.43160 0.35892
1403638182.245096922 4.65638 -4.86960 0.37139 0.61382 -0.56059 0.42650 0.35645
1403638182.345097065 4.60779 -4.97770 0.37957 0.61073 -0.56777 0.42549 0.35157
1403638182.445096970 4.55569 -5.08907 0.38752 0.61229 -0.57005 0.42135 0.35015
1403638182.545097113 4.50009 -5.20393 0.40200 0.61860 -0.56653 0.41318 0.35449
1403638182.645097017 4.44411 -5.32333 0.42466 0.62422 -0.56231 0.40757 0.35785
1403638182.745096922 4.38943 -5.44663 0.45308 0.62629 -0.56018 0.40796 0.35710
1403638182.845097065 4.33699 -5.57481 0.48028 0.62649 -0.55803 0.41079 0.35690
1403638182.945096970 4.28672 -5.70627 0.50219 0.62445 -0.55520 0.41674 0.35796
1403638183.045097113 4.23679 -5.84030 0.51928 0.62109 -0.55040 0.42454 0.36205
1403638183.145097017 4.18761 -5.97609 0.53130 0.62077 -0.54404 0.42737 0.36880
1403638183.245096922 4.13993 -6.11205 0.53775 0.62359 -0.54115 0.42510 0.37092
1403638183.345097065 4.09433 -6.24638 0.53862 0.62795 -0.54335 0.41939 0.36683
1403638183.445096970 4.05195 -6.38085 0.53579 0.63287 -0.54633 0.41237 0.36187
1403638183.545097113 4.01289 -6.51769 0.53063 0.63717 -0.54684 0.40617 0.36055
1403638183.645097017 3.97786 -6.65641 0.52367 0.63599 -0.54692 0.40776 0.36072
1403638183.745096922 3.94758 -6.79995 0.52291 0.63118 -0.54149 0.41538 0.36861
1403638183.845097065 3.92141 -6.94219 0.52792 0.62716 -0.53475 0.42145 0.37827
1403638183.945096970 3.89999 -7.08208 0.53872 0.62408 -0.53266 0.42533 0.38197
1403638184.045097113 3.88329 -7.21868 0.55625 0.62413 -0.53456 0.42433 0.38034
1403638184.245096922 3.85980 -7.48499 0.59466 0.63079 -0.54379 0.41233 0.36930
1403638184.345097065 3.85267 -7.62104 0.60710 0.63054 -0.54420 0.41171 0.36981
1403638184.445096970 3.84971 -7.75943 0.61523 0.62748 -0.54229 0.41584 0.37317
1403638184.545097113 3.84972 -7.89734 0.62102 0.62550 -0.54046 0.41828 0.37644
1403638184.645097017 3.85251 -8.03434 0.62698 0.62355 -0.53977 0.42075 0.37789
1403638184.845097065 3.86782 -8.30138 0.64045 0.62263 -0.54111 0.42097 0.37725
1403638184.945096970 3.87941 -8.43609 0.64980 0.62212 -0.53919 0.42148 0.38025
1403638185.145097017 3.91001 -8.69474 0.67350 0.62315 -0.53987 0.41999 0.37925
1403638185.345097065 3.95255 -8.94829 0.70033 0.62667 -0.53509 0.41545 0.38518
1403638185.445096970 3.98107 -9.07462 0.71487 0.62860 -0.52808 0.41825 0.38867
1403638185.545097113 4.01648 -9.19757 0.72987 0.63394 -0.51665 0.42352 0.38964
1403638185.645097017 4.05709 -9.31828 0.74339 0.64051 -0.50500 0.43015 0.38691
1403638185.745096922 4.10300 -9.43463 0.75730 0.64291 -0.49872 0.44061 0.37922
1403638185.845097065 4.15272 -9.54629 0.77034 0.64264 -0.50384 0.45156 0.35951
1403638185.945096970 4.20279 -9.65307 0.77928 0.64205 -0.51158 0.45949 0.33903
1403638186.145097017 4.29125 -9.86170 0.78358 0.64945 -0.50783 0.45519 0.33633
1403638186.345097065 4.37191 -10.07210 0.78872 0.65494 -0.50222 0.44862 0.34288
1403638186.545097113 4.45320 -10.27824 0.81617 0.65544 -0.50075 0.44660 0.34670
1403638186.745096922 4.53980 -10.48179 0.83490 0.65915 -0.49526 0.44057 0.35516
1403638186.945096970 4.64374 -10.68355 0.83434 0.67255 -0.47727 0.44046 0.35480
1403638187.045097113 4.70920 -10.78552 0.83452 0.68018 -0.46557 0.45055 0.34292
1403638187.145097017 4.78071 -10.88443 0.84274 0.68637 -0.44878 0.46865 0.32843
1403638187.245096922 4.85497 -10.97974 0.85750 0.69275 -0.42901 0.48822 0.31255
1403638187.345097065 4.92887 -11.07202 0.87929 0.69954 -0.40708 0.50461 0.30050
1403638187.445096970 5.00045 -11.15608 0.90785 0.70432 -0.38835 0.51739 0.29227
1403638187.545097113 5.06647 -11.23396 0.93728 0.71085 -0.37717 0.52154 0.28360
1403638187.645097017 5.12862 -11.30336 0.96661 0.71919 -0.37298 0.51793 0.27458
1403638187.845097065 5.24803 -11.42647 1.01300 0.72767 -0.36560 0.51166 0.27393
1403638187.945096970 5.30749 -11.48331 1.03078 0.72852 -0.36080 0.51026 0.28056
1403638188.045097113 5.36876 -11.53574 1.04510 0.72636 -0.35616 0.51159 0.28952
1403638188.245096922 5.49608 -11.61176 1.06035 0.71815 -0.35128 0.51890 0.30267
1403638188.345097065 5.56584 -11.64096 1.06404 0.70499 -0.35352 0.53621 0.30083
1403638188.445096970 5.63322 -11.66000 1.06451 0.69319 -0.35468 0.55053 0.30101
1403638188.545097113 5.69566 -11.66696 1.06380 0.68470 -0.35589 0.56069 0.30027
1403638188.645097017 5.75118 -11.66165 1.06400 0.68487 -0.35485 0.56271 0.29731
1403638188.745096922 5.80021 -11.64188 1.07196 0.69185 -0.35259 0.55958 0.28964
1403638188.845097065 5.84083 -11.60893 1.08589 0.70168 -0.35013 0.55266 0.28217
1403638188.945096970 5.87832 -11.56973 1.11045 0.70839 -0.34824 0.54858 0.27564
1403638189.045097113 5.91159 -11.52212 1.14375 0.71387 -0.34499 0.54658 0.26949
1403638189.145097017 5.93884 -11.46402 1.17889 0.71842 -0.33768 0.54932 0.26096
1403638189.245096922 5.96140 -11.39897 1.20741 0.72501 -0.32783 0.55260 0.24804
1403638189.345097065 5.97942 -11.32793 1.22872 0.73558 -0.31579 0.55187 0.23375
1403638189.445096970 5.99252 -11.25354 1.24393 0.75119 -0.30671 0.54163 0.21971
1403638189.545097113 6.00239 -11.17687 1.26263 0.76307 -0.30011 0.53321 0.20821
1403638189.645097017 6.00977 -11.10278 1.28910 0.76965 -0.29556 0.52939 0.20007
1403638189.745096922 6.01835 -11.03194 1.31403 0.77589 -0.29596 0.52354 0.19056
1403638189.845097065 6.02807 -10.96535 1.33268 0.78091 -0.29671 0.51756 0.18515
1403638189.945096970 6.04171 -10.90626 1.34546 0.78523 -0.29670 0.51155 0.18357
1403638190.145097017 6.07951 -10.80262 1.36263 0.77583 -0.29231 0.52508 0.19220
1403638190.245096922 6.10216 -10.75825 1.36028 0.76806 -0.28684 0.53583 0.20170
1403638190.345097065 6.12511 -10.71513 1.35219 0.76435 -0.27202 0.54331 0.21585
1403638190.445096970 6.14933 -10.66906 1.33845 0.76442 -0.25530 0.54741 0.22546
1403638190.545097113 6.17521 -10.61552 1.32003 0.76679 -0.24753 0.54851 0.22339
1403638190.645097017 6.20251 -10.55362 1.29895 0.76967 -0.24401 0.54849 0.21731
1403638190.745096922 6.23151 -10.48376 1.28183 0.77092 -0.24224 0.54986 0.21133
1403638190.845097065 6.25772 -10.40802 1.26909 0.77092 -0.24639 0.55246 0.19940
1403638190.945096970 6.28472 -10.32954 1.26594 0.77183 -0.24847 0.55288 0.19200
1403638191.045097113 6.30962 -10.24684 1.27143 0.76920 -0.24912 0.55747 0.18844
1403638191.245096922 6.34502 -10.07060 1.30118 0.77543 -0.25174 0.54908 0.18397
1403638191.345097065 6.36576 -9.98682 1.32842 0.78186 -0.25432 0.53967 0.18100
1403638191.545097113 6.40408 -9.81480 1.37047 0.78519 -0.25684 0.53360 0.18109
1403638191.745096922 6.45670 -9.65211 1.39094 0.78688 -0.25319 0.53005 0.18912
1403638191.945096970 6.52372 -9.49191 1.38751 0.78789 -0.25094 0.52789 0.19389
1403638192.145097017 6.60710 -9.32900 1.39355 0.78717 -0.25080 0.52915 0.19354
1403638192.245096922 6.65561 -9.24822 1.40909 0.78441 -0.25140 0.53346 0.19211
1403638192.345097065 6.70781 -9.16627 1.43411 0.77864 -0.25194 0.54219 0.19045
1403638192.445096970 6.75990 -9.08341 1.46571 0.77607 -0.25204 0.54610 0.18967
1403638192.545097113 6.81141 -8.99815 1.50401 0.77325 -0.25157 0.55012 0.19016
1403638192.645097017 6.86232 -8.91074 1.54435 0.76719 -0.24950 0.55843 0.19319
1403638192.745096922 6.90854 -8.82242 1.58184 0.76035 -0.24949 0.56753 0.19372
1403638192.845097065 6.94719 -8.72857 1.61349 0.75351 -0.25017 0.57679 0.19223
1403638192.945096970 6.97796 -8.63097 1.64080 0.74116 -0.25343 0.59317 0.18600
1403638193.045097113 6.99917 -8.52960 1.66452 0.73242 -0.25579 0.60564 0.17704
1403638193.145097017 7.00239 -8.42597 1.68925 0.73755 -0.25099 0.60336 0.17023
1403638193.245096922 6.99385 -8.32085 1.72178 0.74780 -0.24310 0.59474 0.16730
1403638193.345097065 6.97222 -8.21348 1.76436 0.75587 -0.23479 0.58778 0.16746
1403638193.445096970 6.94470 -8.10510 1.81563 0.75913 -0.22629 0.58593 0.17089
1403638193.545097113 6.91111 -7.99486 1.86552 0.75950 -0.22160 0.58723 0.17091
1403638193.645097017 6.87337 -7.88026 1.90660 0.76443 -0.22071 0.58179 0.16869
1403638193.745096922 6.83178 -7.76301 1.93996 0.77273 -0.22355 0.57125 0.16304
1403638193.845097065 6.78693 -7.64379 1.96683 0.77839 -0.22538 0.56334 0.16116
1403638193.945096970 6.73938 -7.52591 1.99039 0.78194 -0.22720 0.55800 0.15996
1403638194.145097017 6.63841 -7.28914 2.02040 0.77764 -0.22738 0.56329 0.16211
1403638194.245096922 6.58524 -7.17550 2.02617 0.77233 -0.22636 0.57019 0.16479
1403638194.445096970 6.47193 -6.94024 2.03061 0.77704 -0.23056 0.56313 0.16102
1403638194.545097113 6.41267 -6.82647 2.03841 0.78078 -0.23256 0.55743 0.15987
1403638194.645097017 6.35255 -6.71414 2.05160 0.78490 -0.23470 0.55113 0.15843
1403638194.745096922 6.29194 -6.60686 2.06543 0.78979 -0.23670 0.54363 0.15710
1403638194.845097065 6.23601 -6.50443 2.07687 0.79357 -0.23793 0.53765 0.15675
1403638195.045097113 6.13251 -6.30130 2.08348 0.79712 -0.23823 0.53185 0.15803
1403638195.245096922 6.05305 -6.11665 2.06825 0.80507 -0.24161 0.51962 0.15321
1403638195.345097065 6.02838 -6.03724 2.05466 0.81162 -0.24466 0.50919 0.14882
1403638195.545097113 5.99504 -5.88956 2.02391 0.79792 -0.24152 0.53037 0.15398
1403638195.645097017 5.98886 -5.82417 2.00463 0.79107 -0.23880 0.54067 0.15765
1403638195.845097065 5.97558 -5.69540 1.97273 0.79476 -0.23984 0.53546 0.15528
1403638195.945096970 5.97294 -5.63790 1.96704 0.80013 -0.24044 0.52771 0.15330
1403638196.245096922 5.99520 -5.48723 1.99416 0.79469 -0.23716 0.53635 0.15672
1403638196.445096970 6.02608 -5.40705 2.02650 0.79108 -0.23647 0.54172 0.15750
1403638196.645097017 6.06170 -5.33495 2.03064 0.79785 -0.24093 0.53105 0.15290
1403638196.745096922 6.08245 -5.30838 2.02371 0.80208 -0.24363 0.52432 0.14970
1403638197.045097113 6.17790 -5.24300 1.99601 0.79300 -0.24065 0.53784 0.15480
1403638197.345097065 6.28952 -5.20378 2.01566 0.78685 -0.22892 0.54680 0.17170
1403638197.545097113 6.36694 -5.17525 2.06033 0.78257 -0.22455 0.55281 0.17764
1403638197.845097065 6.48163 -5.10170 2.15616 0.78070 -0.22496 0.55599 0.17541
1403638197.945096970 6.51951 -5.07363 2.17642 0.77412 -0.22593 0.56566 0.17242
1403638198.045097113 6.55580 -5.04412 2.18587 0.76621 -0.22589 0.57648 0.17194
1403638198.245096922 6.61749 -4.97074 2.15106 0.77139 -0.22938 0.56939 0.16772
1403638198.445096970 6.66623 -4.88401 2.08292 0.77905 -0.22666 0.55868 0.17199
1403638198.645097017 6.71039 -4.78872 2.00091 0.78262 -0.20880 0.55239 0.19691
1403638198.745096922 6.73698 -4.73463 1.96481 0.78211 -0.19677 0.55157 0.21295
1403638198.945096970 6.79121 -4.58273 1.90976 0.78103 -0.19081 0.55236 0.22020
1403638199.045097113 6.82914 -4.48757 1.89442 0.78200 -0.19339 0.55128 0.21720
1403638199.145097017 6.87144 -4.37809 1.88920 0.78199 -0.19605 0.55121 0.21500
1403638199.245096922 6.91497 -4.25622 1.89213 0.77965 -0.19896 0.55468 0.21186
1403638199.345097065 6.95889 -4.12487 1.90354 0.77667 -0.19942 0.55871 0.21179
1403638199.545097113 7.03740 -3.82838 1.94812 0.78138 -0.19453 0.55069 0.21987
1403638199.645097017 7.08259 -3.66652 1.97753 0.78467 -0.19027 0.54926 0.21539
1403638199.745096922 7.12961 -3.49360 2.01415 0.78655 -0.18889 0.55264 0.20061
1403638199.845097065 7.17798 -3.31300 2.04782 0.78924 -0.19316 0.55392 0.18158
1403638199.945096970 7.22230 -3.12822 2.07704 0.79107 -0.19446 0.55487 0.16885
1403638200.045097113 7.26697 -2.94103 2.10115 0.79221 -0.19049 0.55707 0.16058
1403638200.145097017 7.31092 -2.75249 2.12251 0.79460 -0.17656 0.55878 0.15876
1403638200.245096922 7.35484 -2.56038 2.14766 0.79244 -0.15953 0.56796 0.15498
1403638200.345097065 7.39637 -2.36307 2.17859 0.79067 -0.14301 0.57698 0.14659
1403638200.445096970 7.43604 -2.16008 2.21571 0.79202 -0.12504 0.58034 0.14239
1403638200.545097113 7.47054 -1.95304 2.25889 0.79467 -0.10882 0.58016 0.14168
1403638200.645097017 7.50278 -1.73824 2.30714 0.79759 -0.09227 0.57977 0.13857
1403638200.745096922 7.53401 -1.51438 2.36066 0.80128 -0.07624 0.57765 0.13585
1403638200.845097065 7.56387 -1.28251 2.41139 0.80535 -0.06779 0.57443 0.12977
1403638200.945096970 7.59590 -1.04260 2.45448 0.80768 -0.06907 0.57385 0.11651
1403638201.045097113 7.62536 -0.79678 2.49080 0.80725 -0.07506 0.57660 0.10124
1403638201.145097017 7.65315 -0.54808 2.51822 0.80725 -0.07835 0.57741 0.09385
1403638201.245096922 7.67975 -0.29779 2.53930 0.80516 -0.08267 0.58051 0.08884
1403638201.345097065 7.70444 -0.04929 2.55250 0.80609 -0.08373 0.57892 0.08974
1403638201.445096970 7.72573 0.19834 2.55888 0.80528 -0.08411 0.57963 0.09207
1403638201.545097113 7.74533 0.44527 2.55780 0.80379 -0.08487 0.58131 0.09375
1403638201.645097017 7.76375 0.69283 2.55148 0.80198 -0.08548 0.58346 0.09541
1403638201.745096922 7.77911 0.94037 2.53532 0.80155 -0.08710 0.58382 0.09532
1403638201.845097065 7.79350 1.18833 2.51301 0.80078 -0.08853 0.58479 0.09451
1403638201.945096970 7.80381 1.43693 2.48825 0.80226 -0.08651 0.58324 0.09346
1403638202.045097113 7.80905 1.68782 2.46869 0.80352 -0.08106 0.58330 0.08684
1403638202.145097017 7.81211 1.93837 2.45443 0.80709 -0.08049 0.58017 0.07437
1403638202.245096922 7.81336 2.18893 2.44685 0.81110 -0.08127 0.57574 0.06351
1403638202.345097065 7.81685 2.43577 2.44683 0.81439 -0.08063 0.57189 0.05673
1403638202.445096970 7.82273 2.67125 2.44881 0.81629 -0.07845 0.56964 0.05493
1403638202.545097113 7.83085 2.91223 2.44257 0.81746 -0.07868 0.56823 0.05181
1403638202.645097017 7.84000 3.14164 2.42952 0.81910 -0.07972 0.56593 0.04939
1403638202.745096922 7.85047 3.36509 2.41016 0.81932 -0.07992 0.56559 0.04928
1403638202.845097065 7.86230 3.58258 2.38453 0.81845 -0.07933 0.56680 0.05091
1403638202.945096970 7.87568 3.79746 2.35687 0.81780 -0.07989 0.56760 0.05150
1403638203.045097113 7.88836 4.00753 2.33138 0.81653 -0.08111 0.56933 0.05063
1403638203.145097017 7.90009 4.21331 2.31420 0.81566 -0.08043 0.57049 0.05258
1403638203.245096922 7.91060 4.41437 2.30410 0.81254 -0.07784 0.57491 0.05654
1403638203.345097065 7.92010 4.61129 2.29899 0.81087 -0.07891 0.57726 0.05512
1403638203.445096970 7.92687 4.80526 2.29070 0.80925 -0.07987 0.57956 0.05335
1403638203.545097113 7.93104 4.99493 2.27536 0.80994 -0.08113 0.57856 0.05182
1403638203.645097017 7.93187 5.17862 2.25900 0.81147 -0.08210 0.57640 0.05042
1403638203.745096922 7.92936 5.35792 2.24923 0.81086 -0.08261 0.57725 0.04957
1403638203.845097065 7.92513 5.53308 2.24698 0.81082 -0.08140 0.57739 0.05075
1403638203.945096970 7.91888 5.70370 2.25082 0.81116 -0.08049 0.57703 0.05085
1403638204.045097113 7.91007 5.87072 2.26048 0.81234 -0.08066 0.57552 0.04869
1403638204.145097017 7.89757 6.03231 2.27659 0.81479 -0.08121 0.57222 0.04569
1403638204.245096922 7.88448 6.18992 2.29924 0.81731 -0.08543 0.56848 0.03916
1403638204.345097065 7.87273 6.34296 2.32468 0.82093 -0.09445 0.56249 0.02748
1403638204.445096970 7.86246 6.48728 2.35001 0.82383 -0.10119 0.55736 0.02019
1403638204.545097113 7.85265 6.62241 2.37148 0.82359 -0.10401 0.55727 0.01851
1403638204.645097017 7.84525 6.75161 2.38752 0.82204 -0.10135 0.56007 0.01731
1403638204.745096922 7.84091 6.86890 2.39520 0.82284 -0.08887 0.56095 0.01913
1403638204.845097065 7.83827 6.97924 2.39615 0.82339 -0.06693 0.56304 0.02307
1403638204.945096970 7.83639 7.08520 2.38923 0.82299 -0.03824 0.56633 0.02211
1403638205.045097113 7.83462 7.19034 2.37768 0.82260 -0.00612 0.56846 0.01193
1403638205.145097017 7.83287 7.29656 2.36334 0.82219 0.02939 0.56840 -0.00807
1403638205.245096922 7.82980 7.40387 2.35395 0.81865 0.06876 0.56913 -0.03422
1403638205.345097065 7.82615 7.51256 2.35329 0.81194 0.10872 0.57002 -0.06332
1403638205.445096970 7.82179 7.62045 2.36035 0.80222 0.14864 0.57149 -0.08804
1403638205.545097113 7.81440 7.72644 2.37360 0.79169 0.18498 0.57368 -0.09954
1403638205.645097017 7.80059 7.83276 2.39372 0.78013 0.21276 0.57925 -0.10300
1403638205.745096922 7.78133 7.94151 2.42171 0.77009 0.23256 0.58448 -0.10607
1403638205.845097065 7.75284 8.05804 2.45339 0.76463 0.24883 0.58316 -0.11551
1403638205.945096970 7.71432 8.18104 2.49063 0.76096 0.26554 0.57764 -0.12949
1403638206.045097113 7.66462 8.30919 2.53399 0.75721 0.28210 0.57025 -0.14789
1403638206.145097017 7.60440 8.43892 2.58271 0.75027 0.29908 0.56596 -0.16533
1403638206.245096922 7.53773 8.56891 2.63188 0.74277 0.31546 0.56216 -0.18099
1403638206.345097065 7.46464 8.70161 2.67747 0.73715 0.32528 0.55670 -0.20222
1403638206.445096970 7.38561 8.82883 2.71609 0.73366 0.33001 0.55225 -0.21877
1403638206.545097113 7.30243 8.95404 2.74691 0.73021 0.33226 0.55092 -0.22997
1403638206.645097017 7.21587 9.06987 2.76981 0.72720 0.33432 0.55103 -0.23618
1403638206.745096922 7.11864 9.19506 2.78750 0.72441 0.34023 0.54817 -0.24286
1403638206.845097065 7.02689 9.29753 2.79512 0.72186 0.34670 0.54492 -0.24854
1403638206.945096970 6.92865 9.40134 2.79817 0.71819 0.34976 0.54495 -0.25476
1403638207.045097113 6.82674 9.49959 2.79712 0.71489 0.35093 0.54596 -0.26022
1403638207.145097017 6.72011 9.59395 2.78967 0.71264 0.35190 0.54724 -0.26237
1403638207.245096922 6.60776 9.67667 2.77410 0.71007 0.35432 0.54706 -0.26643
1403638207.345097065 6.49172 9.75527 2.75240 0.70473 0.36044 0.54628 -0.27388
1403638207.445096970 6.37192 9.82521 2.72699 0.69626 0.37143 0.54470 -0.28384
1403638207.545097113 6.24601 9.88562 2.70761 0.68882 0.38606 0.53777 -0.29544
1403638207.645097017 6.11702 9.93703 2.69228 0.68753 0.40038 0.52474 -0.30273
1403638207.745096922 5.98681 9.97847 2.68320 0.68944 0.41082 0.51091 -0.30801
1403638207.845097065 5.85674 10.01278 2.68133 0.69167 0.41807 0.49981 -0.31145
1403638207.945096970 5.72872 10.04127 2.68836 0.69538 0.42322 0.49019 -0.31153
1403638208.045097113 5.60601 10.06674 2.69997 0.69621 0.42547 0.48739 -0.31099
1403638208.145097017 5.48590 10.08887 2.70876 0.69382 0.42268 0.49091 -0.31458
1403638208.245096922 5.36930 10.10705 2.70947 0.69038 0.42021 0.49673 -0.31632
1403638208.345097065 5.25592 10.12200 2.70150 0.69181 0.42017 0.49627 -0.31396
1403638208.445096970 5.13917 10.13092 2.68674 0.69442 0.42186 0.49329 -0.31061
1403638208.545097113 5.03302 10.13837 2.67472 0.69429 0.42623 0.48853 -0.31246
1403638208.645097017 4.92361 10.14187 2.66955 0.68936 0.43548 0.48436 -0.31708
1403638208.745096922 4.81846 10.14383 2.67116 0.68516 0.44188 0.47959 -0.32449
1403638208.845097065 4.71576 10.14347 2.67772 0.68020 0.44744 0.47753 -0.33028
1403638208.945096970 4.61709 10.14046 2.68267 0.67523 0.45328 0.47735 -0.33277
1403638209.045097113 4.51822 10.13355 2.68113 0.67262 0.45649 0.47645 -0.33496
1403638209.145097017 4.42449 10.12538 2.67074 0.67138 0.45846 0.47516 -0.33659
1403638209.245096922 4.33283 10.11308 2.65390 0.67100 0.45924 0.47422 -0.33759
1403638209.345097065 4.24263 10.09882 2.63092 0.67184 0.45913 0.47226 -0.33884
1403638209.545097113 4.07020 10.06510 2.57099 0.66992 0.45672 0.47457 -0.34264
1403638209.745096922 3.91095 10.01799 2.45045 0.67141 0.45487 0.47462 -0.34210
1403638209.945096970 3.75823 9.96012 2.25504 0.66623 0.45581 0.48327 -0.33887
1403638210.145097017 3.60734 9.89206 2.06596 0.65852 0.45041 0.49427 -0.34521
1403638210.345097065 3.45044 9.79750 1.89685 0.65640 0.44911 0.49737 -0.34650
1403638210.445096970 3.38579 9.73799 1.81485 0.65763 0.44897 0.49605 -0.34623
1403638210.645097017 3.23727 9.59654 1.63276 0.65699 0.44607 0.49784 -0.34862
1403638210.745096922 3.14862 9.51764 1.53963 0.65767 0.44443 0.49753 -0.34988
1403638210.845097065 3.07309 9.43019 1.45748 0.65929 0.44432 0.49581 -0.34942
1403638210.945096970 3.00532 9.33118 1.37951 0.66313 0.44579 0.49074 -0.34744
1403638211.045097113 2.93510 9.22554 1.30221 0.66658 0.44651 0.48601 -0.34654
1403638211.145097017 2.85888 9.12999 1.25025 0.66942 0.44817 0.48171 -0.34493
1403638211.245096922 2.77826 9.01293 1.19674 0.67156 0.44876 0.47856 -0.34439
1403638211.445096970 2.64858 8.80435 1.09554 0.67875 0.44076 0.48091 -0.33727
1403638211.545097113 2.58432 8.68990 1.04077 0.68575 0.43026 0.48514 -0.33054
1403638211.645097017 2.52252 8.57207 0.98208 0.69490 0.41397 0.49031 -0.32455
1403638211.745096922 2.46732 8.45125 0.91779 0.70641 0.39442 0.49610 -0.31511
1403638211.945096970 2.37185 8.20281 0.79345 0.73214 0.34807 0.50709 -0.29271
1403638212.045097113 2.33264 8.07373 0.74193 0.74275 0.32672 0.51352 -0.27906
1403638212.145097017 2.29784 7.94121 0.69782 0.75103 0.30813 0.52181 -0.26217
1403638212.245096922 2.26714 7.80460 0.66356 0.75826 0.28936 0.53041 -0.24490
1403638212.345097065 2.23733 7.66487 0.63727 0.76583 0.27038 0.53669 -0.22882
1403638212.445096970 2.20955 7.52269 0.61750 0.77222 0.25163 0.54370 -0.21154
1403638212.545097113 2.18031 7.37551 0.60439 0.77837 0.22948 0.54945 -0.19896
1403638212.645097017 2.15140 7.22664 0.59773 0.78526 0.20793 0.55324 -0.18454
1403638212.845097065 2.09140 6.91770 0.60023 0.79664 0.16467 0.56169 -0.15084
1403638212.945096970 2.06280 6.76049 0.60884 0.80192 0.13986 0.56496 -0.13483
1403638213.045097113 2.03800 6.60144 0.62320 0.80692 0.11442 0.56752 -0.11705
1403638213.145097017 2.01396 6.44127 0.64010 0.81208 0.08650 0.56807 -0.10166
1403638213.245096922 1.99337 6.27900 0.65164 0.82019 0.05700 0.56232 -0.08845
1403638213.345097065 1.97762 6.11401 0.65732 0.82849 0.02539 0.55395 -0.07816
1403638213.445096970 1.96803 5.94472 0.66026 0.83413 -0.00681 0.54713 -0.06945
1403638213.545097113 1.96546 5.76983 0.66054 0.83487 -0.03500 0.54629 -0.05777
1403638213.645097017 1.96874 5.58590 0.65501 0.82773 -0.04671 0.55811 -0.03465
1403638213.745096922 1.97713 5.39872 0.65242 0.81909 -0.04940 0.57140 -0.01266
1403638213.845097065 1.98535 5.21053 0.65641 0.81427 -0.04941 0.57836 0.00350
1403638213.945096970 1.99299 5.02179 0.66617 0.81342 -0.04899 0.57949 0.01185
1403638214.045097113 1.99898 4.83429 0.67953 0.81615 -0.04895 0.57561 0.01313
1403638214.145097017 2.00301 4.64893 0.69696 0.82267 -0.04731 0.56638 0.01336
1403638214.245096922 2.00906 4.46564 0.71792 0.82935 -0.04434 0.55683 0.01202
1403638214.345097065 2.02028 4.28395 0.73264 0.83408 -0.04145 0.55000 0.00957
1403638214.445096970 2.03599 4.10656 0.74219 0.83567 -0.03713 0.54790 0.00851
1403638214.545097113 2.05613 3.92759 0.74752 0.83050 -0.03293 0.55599 0.00732
1403638214.645097017 2.07865 3.74862 0.74776 0.82408 -0.02917 0.56569 0.00622
1403638214.745096922 2.10271 3.57268 0.74216 0.81772 -0.02538 0.57503 0.00506
1403638214.845097065 2.12627 3.39959 0.73180 0.81374 -0.02227 0.58079 0.00363
1403638214.945096970 2.14795 3.22879 0.71619 0.81128 -0.01984 0.58431 0.00276
1403638215.045097113 2.16893 3.06111 0.69557 0.81053 -0.01853 0.58540 0.00161
1403638215.145097017 2.18892 2.89577 0.67172 0.81091 -0.01661 0.58493 0.00218
1403638215.245096922 2.20600 2.73478 0.64469 0.81305 -0.01512 0.58199 0.00386
1403638215.345097065 2.22267 2.57612 0.61673 0.81484 -0.01248 0.57950 0.00788
1403638215.445096970 2.23917 2.42247 0.59169 0.81450 -0.00866 0.57996 0.01321
1403638215.545097113 2.25489 2.27339 0.57502 0.81485 -0.00797 0.57945 0.01415
1403638215.645097017 2.26848 2.13090 0.56721 0.81291 -0.00790 0.58218 0.01373
1403638215.845097065 2.28600 1.86005 0.55559 0.81238 -0.01669 0.58283 0.00874
1403638215.945096970 2.29201 1.72977 0.54322 0.81217 -0.02122 0.58294 0.01107
1403638216.045097113 2.29524 1.60231 0.52502 0.81209 -0.02505 0.58286 0.01239
1403638216.145097017 2.29754 1.47796 0.50650 0.81212 -0.02668 0.58267 0.01560
1403638216.245096922 2.29654 1.35841 0.49414 0.81086 -0.02754 0.58430 0.01849
1403638216.345097065 2.29410 1.24238 0.48752 0.80989 -0.02811 0.58555 0.02063
1403638216.445096970 2.28902 1.13096 0.48771 0.80869 -0.02861 0.58712 0.02208
1403638216.645097017 2.27574 0.92159 0.48292 0.81054 -0.02731 0.58445 0.02620
1403638216.845097065 2.24617 0.72762 0.45712 0.80839 -0.02680 0.58714 0.03237
1403638216.945096970 2.23573 0.63693 0.43834 0.80604 -0.03385 0.58976 0.03660
1403638217.045097113 2.21881 0.55034 0.41807 0.80630 -0.04737 0.58830 0.03928
1403638217.145097017 2.19673 0.46862 0.39620 0.80823 -0.06286 0.58380 0.04467
1403638217.245096922 2.17399 0.38786 0.36880 0.80967 -0.07450 0.57983 0.05180
1403638217.345097065 2.15394 0.31595 0.34708 0.81043 -0.08231 0.57714 0.05773
1403638217.445096970 2.12255 0.24558 0.34122 0.81131 -0.08774 0.57470 0.06170
1403638217.545097113 2.10130 0.17281 0.33506 0.81229 -0.08836 0.57244 0.06848
1403638217.745096922 2.05504 0.04402 0.34687 0.81425 -0.08139 0.56876 0.08296
1403638217.945096970 2.00952 -0.05473 0.38479 0.81461 -0.07416 0.56814 0.09017
1403638218.245096922 1.95671 -0.14970 0.39694 0.80876 -0.07008 0.57762 0.08581
1403638218.445096970 1.92413 -0.17948 0.38790 0.80456 -0.07198 0.58473 0.07480
1403638218.745096922 1.85534 -0.18212 0.41263 0.81201 -0.07701 0.57442 0.06889
1403638218.845097065 1.83164 -0.17812 0.41377 0.81520 -0.08399 0.56842 0.07281
1403638219.045097113 1.78419 -0.15657 0.41338 0.81326 -0.10983 0.56830 0.05991
1403638219.245096922 1.74662 -0.14543 0.39381 0.80658 -0.11519 0.57605 0.06576
1403638219.345097065 1.71970 -0.13970 0.38025 0.80048 -0.11148 0.58418 0.07437
1403638219.445096970 1.68825 -0.12889 0.37526 0.79296 -0.10925 0.59418 0.07898
1403638219.745096922 1.58366 -0.08396 0.39474 0.79574 -0.11551 0.59045 0.06942
1403638219.945096970 1.49120 -0.05832 0.38334 0.80101 -0.12707 0.58267 0.05237
1403638220.145097017 1.38904 -0.04891 0.35628 0.80559 -0.12902 0.57613 0.04946
1403638220.245096922 1.32539 -0.04838 0.36364 0.80780 -0.11991 0.57366 0.06329
1403638220.345097065 1.27886 -0.05239 0.35606 0.80994 -0.11164 0.57086 0.07519
1403638220.745096922 1.05085 -0.04208 0.40550 0.80974 -0.10995 0.57024 0.08402
1403638221.145097017 0.84358 -0.00618 0.37481 0.81122 -0.11509 0.56713 0.08388
1403638221.445096970 0.70378 0.02684 0.36812 0.81456 -0.12076 0.56189 0.07864
1403638222.045097113 0.46814 0.08050 0.35594 0.80874 -0.11918 0.57022 0.08117
1403638222.245096922 0.39525 0.09452 0.37181 0.81561 -0.11864 0.56028 0.08241
1403638222.445096970 0.33138 0.11228 0.36832 0.82164 -0.12033 0.55126 0.08094
1403638222.745096922 0.25972 0.13309 0.33761 0.81194 -0.11994 0.56546 0.08135
1403638222.945096970 0.22031 0.14776 0.31041 0.80184 -0.11845 0.57983 0.08257
1403638223.145097017 0.17489 0.16562 0.28867 0.80734 -0.11842 0.57216 0.08249
1403638223.245096922 0.14667 0.17619 0.28721 0.81724 -0.12344 0.55777 0.07598
1403638223.545097113 0.07867 0.19543 0.27661 0.81113 -0.13642 0.56576 0.05809
1403638223.745096922 0.03747 0.18858 0.25895 0.81096 -0.12354 0.56670 0.07707
1403638223.945096970 0.00395 0.17829 0.23365 0.81232 -0.11473 0.56475 0.08958
1403638224.145097017 -0.02845 0.17504 0.20359 0.82018 -0.11539 0.55332 0.08851
1403638224.245096922 -0.03602 0.17475 0.18872 0.82360 -0.11677 0.54822 0.08662
1403638224.445096970 -0.04705 0.18030 0.16624 0.81300 -0.12134 0.56373 0.08074
1403638224.545097113 -0.04582 0.18243 0.15434 0.80574 -0.12102 0.57410 0.08098
1403638224.745096922 -0.04588 0.19755 0.12644 0.81830 -0.12074 0.55605 0.08134
1403638224.845097065 -0.05406 0.19199 0.13068 0.82109 -0.12125 0.55195 0.08033
1403638224.945096970 -0.04724 0.19926 0.12662 0.81379 -0.12536 0.56271 0.07334
1403638225.045097113 -0.04324 0.20253 0.12850 0.80718 -0.12843 0.57222 0.06739
1403638225.345097065 -0.03452 0.20235 0.14192 0.81703 -0.11843 0.55881 0.07858
1403638225.445096970 -0.03116 0.20052 0.14439 0.81298 -0.11670 0.56478 0.08042
1403638225.545097113 -0.02356 0.19905 0.14189 0.80263 -0.11434 0.57943 0.08347
1403638225.645097017 -0.02000 0.18995 0.13551 0.79226 -0.11231 0.59356 0.08600
1403638225.745096922 -0.01956 0.20467 0.10664 0.79447 -0.11161 0.59061 0.08679
1403638225.845097065 -0.02512 0.20661 0.08232 0.80576 -0.11284 0.57511 0.08523
1403638225.945096970 -0.03230 0.21449 0.04567 0.81589 -0.11399 0.56066 0.08365
1403638226.045097113 -0.03490 0.22556 0.01891 0.82603 -0.11437 0.54620 0.07910
1403638226.145097017 -0.02724 0.23562 0.03099 0.82382 -0.12859 0.54923 0.05604
1403638226.245096922 -0.01940 0.24492 0.01718 0.82888 -0.11301 0.54166 0.08243
1403638226.345097065 -0.01502 0.25151 0.00960 0.82508 -0.11371 0.54763 0.08014
