1311868164.363181 -0.0000008 -0.0000330 0.0000558 -0.0000210 0.0000317 0.0000168 1.0000000
1311868165.031122 0.1038264 -0.0031162 -0.0541003 0.0090014 -0.0110676 -0.0187785 0.9997219
1311868165.199145 0.1628238 -0.0001980 -0.0671915 0.0143393 -0.0286261 -0.0309075 0.9990093
1311868165.430962 0.2450983 0.0215849 -0.0771875 0.0057182 -0.0522300 -0.0382497 0.9978859
1311868166.063111 0.3249567 0.0649268 -0.1530313 -0.0172576 -0.0218266 -0.0262011 0.9992694
1311868166.499195 0.3341642 0.1350836 -0.2191194 -0.0557458 0.0020648 -0.0232244 0.9981727
1311868167.363275 0.5719756 0.1338075 -0.2578821 -0.0353645 -0.0647101 -0.0616750 0.9953684
1311868168.931215 0.6845682 0.0043414 -0.0789578 -0.0266416 -0.1150365 -0.0709596 0.9904653
1311868169.463229 0.7281697 -0.1018930 0.0151601 0.0106649 -0.2011400 -0.1186095 0.9722967
1311868169.831415 0.7842526 -0.1662679 0.0689349 0.0370276 -0.2453608 -0.1436513 0.9580142
1311868171.799464 1.1896453 -0.1505104 0.0503339 0.0139840 -0.3122843 -0.1792286 0.9328237
1311868172.099529 1.2611406 -0.1417117 0.0913330 -0.0051726 -0.3181619 -0.1898656 0.9288150
1311868172.463477 1.3293394 -0.1314994 0.1401635 -0.0308000 -0.3147126 -0.2054723 0.9261687
1311868172.763469 1.3690329 -0.1173185 0.2001601 -0.0620830 -0.3007571 -0.2092129 0.9283969
1311868173.099605 1.3786825 -0.1328618 0.2936376 -0.0827940 -0.2940427 -0.2214506 0.9260905
1311868173.631603 1.4010531 -0.1985580 0.3955722 -0.0801344 -0.3067182 -0.2213171 0.9222370
1311868173.999745 1.4298191 -0.2552516 0.4580432 -0.0590709 -0.3533237 -0.2487358 0.8998908
1311868174.331790 1.4878237 -0.3093342 0.5245699 -0.0431993 -0.3877512 -0.2667480 0.8812652
1311868174.567585 1.5112643 -0.3284456 0.5588872 -0.0423645 -0.4075551 -0.2716856 0.8707991
1311868175.031665 1.4960406 -0.4008528 0.6183774 -0.0171932 -0.4226740 -0.2531866 0.8700274
1311868175.231818 1.4628353 -0.4516050 0.6352686 0.0187698 -0.4269680 -0.2523814 0.8681300
1311868175.431994 1.4425333 -0.4773340 0.6665118 0.0358376 -0.4463522 -0.2218847 0.8661712
1311868175.667696 1.4286914 -0.5086209 0.7102553 0.0522765 -0.4627817 -0.2020117 0.8615634
1311868175.899663 1.4351597 -0.5438191 0.7546160 0.0673237 -0.4829133 -0.1993012 0.8500243
1311868176.899837 1.5500796 -0.6398783 1.0117373 0.0326770 -0.5422394 -0.2549260 0.7999509
1311868177.567851 1.4969424 -0.6876519 1.1480907 0.0243427 -0.5322342 -0.2738756 0.8007036
1311868177.931937 1.4987066 -0.7045799 1.2284319 0.0114024 -0.5518408 -0.2943935 0.7801757
1311868178.267968 1.5395615 -0.7320092 1.3136379 0.0157994 -0.5858483 -0.3271242 0.7412975
1311868178.531933 1.5804904 -0.7342247 1.3560171 -0.0013922 -0.6062390 -0.3315418 0.7228779
1311868178.831967 1.6455837 -0.7314074 1.3634181 -0.0091399 -0.6168168 -0.3301530 0.7144596
1311868179.300467 1.8038490 -0.7167109 1.3484244 -0.0194831 -0.6066073 -0.3339364 0.7212036
1311868179.668182 1.9047490 -0.7167034 1.3668413 -0.0390726 -0.5899615 -0.3447481 0.7290868
1311868180.168096 2.0115781 -0.7522315 1.4464130 -0.0470864 -0.6047752 -0.3589563 0.7093520
1311868180.568027 2.0778470 -0.7675827 1.5215894 -0.0667178 -0.6229474 -0.3702540 0.6858552
1311868181.568153 2.0611973 -0.8206615 1.6285416 -0.0666260 -0.6073561 -0.3689502 0.7003965
1311868182.032194 1.9251709 -0.8485563 1.6552556 -0.0605848 -0.6032882 -0.3656819 0.7061512
1311868182.368183 1.8253236 -0.8648043 1.6833304 -0.0627998 -0.6019183 -0.3565668 0.7117658
1311868182.700341 1.7140214 -0.9104748 1.7144475 -0.0448354 -0.6219590 -0.3440972 0.7019643
1311868183.036254 1.5927985 -0.9681628 1.7743105 -0.0197629 -0.6666739 -0.3530279 0.6561453
1311868183.368469 1.4679515 -1.0347555 1.8125792 0.0101712 -0.7000203 -0.3789697 0.6051860
1311868183.668587 1.3745865 -1.0664341 1.8335271 -0.0302577 -0.7299494 -0.3746461 0.5708753
1311868184.036316 1.2494869 -1.1074827 1.8377172 -0.0225946 -0.7253103 -0.3791716 0.5741457
1311868184.368210 1.1587487 -1.1262412 1.8461934 -0.0147298 -0.7259722 -0.3634381 0.5836610
1311868184.668352 1.0686443 -1.1453520 1.8731613 -0.0175058 -0.7479401 -0.3546088 0.5608312
1311868184.968436 0.9724778 -1.1983297 1.9068736 0.0041208 -0.7780294 -0.3552131 0.5181476
1311868185.268543 0.8896530 -1.2247078 1.9283309 -0.0125134 0.7929261 0.3582347 -0.4927266
1311868185.568460 0.8213695 -1.2345681 1.9450479 0.0319783 -0.7938680 -0.3370604 0.5051150
1311868185.868447 0.7719120 -1.2401791 1.9575448 0.0340949 -0.8006383 -0.3114777 0.5106833
1311868186.168524 0.7201962 -1.2424357 1.9897001 -0.0301197 0.8146285 0.3301347 -0.4759036
1311868186.500490 0.6820338 -1.2441021 2.0458555 -0.0151979 0.8384593 0.3585161 -0.4101479
1311868186.968636 0.7246092 -1.2529054 2.1074128 -0.0001233 0.8447059 0.3754673 -0.3814398
1311868187.336611 0.8092362 -1.2651641 2.1545656 0.0093292 0.8298954 0.3957306 -0.3931715
1311868187.668730 0.8427445 -1.2885239 2.2142706 0.0089763 0.8164980 0.4048733 -0.4114949
1311868188.000735 0.8460422 -1.3079381 2.2937686 0.0057388 0.8272008 0.4089908 -0.3852693
1311868188.336811 0.8112100 -1.3093656 2.4235969 0.0127374 0.8330465 0.4360798 -0.3401554
1311868188.703460 0.8345267 -1.3096187 2.5007222 0.0376147 0.8301894 0.4561132 -0.3183260
1311868189.168589 0.9606999 -1.3280964 2.5935113 0.0645274 0.8124059 0.4809555 -0.3232872
1311868189.636729 1.0579386 -1.3560786 2.6731539 0.0655566 0.7926377 0.5056705 -0.3342531
1311868190.236836 1.0456026 -1.4196887 2.8351130 0.0699314 0.7882510 0.5050446 -0.3445285
1311868191.305138 1.0074322 -1.4885650 2.9929452 0.0712687 0.7884484 0.4990055 -0.3525103
1311868192.604784 0.8761594 -1.5017803 2.9305420 0.0583364 0.7828814 0.4924644 -0.3757291
1311868193.238476 0.8160633 -1.5053091 2.8511505 0.0586346 0.8028898 0.4848624 -0.3418165
1311868193.640297 0.7606289 -1.5413481 2.8220520 0.0403954 0.8166907 0.4941906 -0.2952291
1311868194.140638 0.7206420 -1.5854404 2.8006206 0.0296616 0.8293071 0.4807652 -0.2832575
1311868194.942724 0.6752555 -1.6471486 2.7674041 0.0344382 0.8425196 0.4595048 -0.2789805
1311868195.508972 0.6412239 -1.6881809 2.8509355 0.0209286 0.8421473 0.4501145 -0.2962210
1311868196.068988 0.6527992 -1.6879517 2.9700148 0.0291877 0.8222713 0.4676615 -0.3229717
1311868196.709665 0.7319826 -1.6894560 3.0689831 0.0732414 0.7907138 0.4797337 -0.3731796
1311868197.405204 0.6894252 -1.7353091 3.2277210 0.0584892 0.7891057 0.5042898 -0.3458077
1311868197.869114 0.6356986 -1.7451222 3.3319707 0.0727149 0.7849141 0.5237560 -0.3229582
1311868198.905110 0.4883913 -1.7286973 3.3762088 0.0720793 0.7774398 0.5417038 -0.3113661
1311868200.037557 0.3145590 -1.7263893 3.3910811 0.0731208 0.8032113 0.5468699 -0.2245845
1311868200.605204 0.1943142 -1.7615092 3.4678319 0.0558223 0.8060648 0.5635403 -0.1719470
1311868202.137626 0.0245903 -1.7653451 3.5224175 0.0589558 0.8061743 0.5714194 -0.1417294
1311868202.973443 -0.1219696 -1.7782032 3.5271621 0.0333615 0.8126166 0.5706077 -0.1137894
1311868203.373566 -0.1451181 -1.8060763 3.4681754 0.0417587 0.8308852 0.5494787 -0.0771952
1311868203.805515 -0.1856436 -1.8516674 3.3980298 0.0374275 0.8373672 0.5445194 -0.0302303
1311868204.273553 -0.2812066 -1.9109837 3.3019574 0.0284326 0.8361199 0.5477226 0.0097423
1311868204.773695 -0.3634472 -1.9657738 3.2385073 0.0119436 0.8297987 0.5569441 0.0332376
1311868205.405669 -0.4330670 -2.0458059 3.1752901 0.0139084 0.8429713 0.5365705 0.0360288
1311868205.973702 -0.4552136 -2.0902505 3.1358376 0.0234619 0.8690934 0.4932061 0.0295626
1311868206.305562 -0.4700240 -2.1127162 3.0973110 0.0201885 0.8805166 0.4734387 0.0117824
1311868207.205787 -0.5226904 -2.0059426 3.1640527 -0.0092662 0.8665840 0.4957759 0.0561475
1311868207.505671 -0.5854845 -1.9809186 3.1933725 0.0042906 0.8604770 0.5038359 0.0755676
1311868207.905716 -0.6539057 -1.9343467 3.2401104 -0.0018647 0.8548731 0.5142017 0.0691754
1311868208.337811 -0.7055335 -1.8938578 3.3105640 -0.0157798 0.8478646 0.5257640 0.0666997
1311868208.773982 -0.7759260 -1.8607485 3.3650622 -0.0019497 0.8362377 0.5435207 0.0727182
1311868209.341866 -0.8125142 -1.7663748 3.3898120 -0.0011581 0.8181885 0.5712794 0.0648531
1311868210.805942 -0.8864864 -1.6200562 3.3363569 0.0049730 0.8160865 0.5693301 0.0992036
1311868211.642009 -1.0701332 -1.6056856 3.3281162 -0.0110263 0.8119635 0.5650761 0.1458862
1311868212.342124 -1.2221926 -1.5966437 3.3422871 -0.0150948 0.8057284 0.5733064 0.1479649
1311868213.406010 -1.3192992 -1.5662316 3.2427542 -0.0171459 0.8153656 0.5591024 0.1492972
1311868214.474262 -1.3957489 -1.5246278 3.1321509 0.0013338 0.8134341 0.5469516 0.1979069
1311868215.042220 -1.4464782 -1.5090344 3.0691147 -0.0196291 0.8070835 0.5261214 0.2672589
1311868215.506308 -1.4747920 -1.5179429 2.9987407 -0.0347912 0.8015946 0.5125721 0.3057867
1311868215.806559 -1.4653600 -1.5443609 2.9530935 -0.0351012 0.7994880 0.5000421 0.3309755
1311868216.206326 -1.4530287 -1.5810478 2.8797753 -0.0249281 0.7977774 0.4966671 0.3409570
1311868216.542390 -1.4622912 -1.6002496 2.8276186 -0.0213822 0.7989116 0.4928122 0.3441210
1311868216.942380 -1.4808625 -1.6298709 2.7669690 -0.0059578 0.8053738 0.4794399 0.3485324
1311868217.307288 -1.4873655 -1.6577229 2.7319865 -0.0054660 0.8156238 0.4705741 0.3365828
1311868218.710423 -1.4918540 -1.5866870 2.7480063 0.0106922 0.8191277 0.4582778 0.3448143
1311868219.110710 -1.5439458 -1.5308634 2.7606978 -0.0080208 0.8164251 0.4483815 0.3637853
1311868219.474442 -1.5860281 -1.4362949 2.8005586 0.0082439 0.8066543 0.4579473 0.3735307
1311868219.842777 -1.6090703 -1.3638301 2.8327093 0.0227064 0.7870891 0.4712066 0.3974160
1311868220.242513 -1.6249464 -1.3069394 2.8826411 0.0303912 0.7686295 0.4857329 0.4151489
1311868220.642648 -1.6559663 -1.2577062 2.9274700 0.0068025 0.7500470 0.5003865 0.4324310
1311868221.242676 -1.7173111 -1.2195677 2.9503555 -0.0004070 0.7385116 0.5125052 0.4381082
1311868222.410818 -1.7824664 -1.2002940 2.9170914 0.0025475 0.7440801 0.5207821 0.4184786
1311868223.210868 -1.8267124 -1.1597054 2.8169868 -0.0117247 0.7213804 0.5125210 0.4656126
1311868224.211401 -1.8899474 -1.1158067 2.7404945 0.0081931 0.7135134 0.5070738 0.4834332
1311868224.574703 -1.9386709 -1.0939783 2.6850874 0.0001870 0.7077379 0.4917274 0.5072584
1311868224.912106 -1.9909379 -1.0695431 2.6313198 -0.0066070 0.7037410 0.4893765 0.5149909
1311868225.310787 -2.0411420 -1.0516198 2.5884275 -0.0071168 0.7015264 0.4807148 0.5260451
1311868225.880247 -2.0996718 -1.0262464 2.5546679 -0.0038244 0.6876464 0.4782803 0.5462376
1311868226.411020 -2.1345916 -1.0022537 2.5082507 -0.0065055 0.6908115 0.4760489 0.5441642
1311868226.745829 -2.1405377 -0.9809799 2.4407101 -0.0056273 0.6902992 0.4804689 0.5409297
1311868227.144535 -2.1353362 -0.9482805 2.3248751 -0.0053078 0.6871088 0.4661885 0.5572447
1311868227.510861 -2.1238897 -0.9255894 2.2451141 0.0105841 0.6778248 0.4638851 0.5703088
1311868227.912471 -2.1283824 -0.8966544 2.1803801 0.0087386 0.6529475 0.4462946 0.6118858
1311868228.279971 -2.1578324 -0.8699440 2.1131094 0.0027030 0.6268209 0.4259903 0.6523959
1311868228.679035 -2.2066629 -0.8427429 2.0427158 -0.0091124 0.6181006 0.4120938 0.6693633
1311868229.012685 -2.2381659 -0.8151147 1.9856789 -0.0121443 0.6122113 0.4089326 0.6766269
1311868229.413148 -2.2150145 -0.8200780 1.9164400 -0.0104349 0.6058285 0.4275103 0.6708934
1311868229.812669 -2.1201501 -0.8366122 1.8463919 -0.0182435 0.6017408 0.4310271 0.6721538
1311868230.180570 -2.0305290 -0.8689924 1.7881434 -0.0154103 0.6049566 0.4349534 0.6667875
1311868230.443234 -1.9749101 -0.9001235 1.7355739 -0.0183126 0.5974689 0.4475575 0.6651224
1311868230.643420 -1.9305574 -0.8970710 1.6978463 -0.0030837 0.6043993 0.4633497 0.6480733
1311868230.884514 -1.8990345 -0.9114381 1.6530733 -0.0007210 0.6101573 0.4462677 0.6546394
1311868231.243144 -1.8432705 -0.9261429 1.5798061 -0.0385214 0.6129143 0.4289723 0.6624461
1311868231.743341 -1.7442446 -0.9684063 1.5269135 -0.0763824 0.6054143 0.4308483 0.6648376
1311868232.180728 -1.6681461 -1.0362613 1.5138031 -0.0909372 0.5957274 0.4346108 0.6692927
1311868232.643442 -1.5909563 -1.0986133 1.5073496 -0.0867771 0.6061745 0.4456179 0.6530291
1311868234.211483 -1.7086675 -1.0127935 1.4295251 -0.0514740 0.5916708 0.3926798 0.7021957
1311868234.711442 -1.8284078 -0.9435777 1.3791041 -0.0542973 0.5844610 0.3611076 0.7246092
1311868235.143595 -1.9139569 -0.8668430 1.3405528 -0.0575251 0.5764369 0.3634170 0.7296159
1311868235.579657 -1.9621834 -0.7832900 1.2935331 -0.0454938 0.5796250 0.3685040 0.7253758
1311868236.079629 -1.9760201 -0.6912243 1.2543428 -0.0361667 0.5760952 0.3618165 0.7320486
1311868236.579656 -1.9628620 -0.6036201 1.2022429 -0.0373266 0.5508130 0.3558954 0.7540227
1311868237.047783 -1.9671464 -0.5276623 1.1765981 -0.0136483 0.5278420 0.3506468 0.7734619
1311868237.511663 -1.9799420 -0.4454932 1.0968779 -0.0052152 0.5025914 0.3371912 0.7960382
1311868237.911846 -1.9992969 -0.3754758 0.9967024 -0.0205381 0.4740878 0.3099477 0.8238636
1311868238.311749 -2.0088301 -0.3019872 0.9219288 -0.0239135 0.4531271 0.3148569 0.8336481
1311868238.811727 -1.9776626 -0.2416782 0.8603676 -0.0294737 0.4525749 0.3210668 0.8313984
1311868239.179952 -1.9302078 -0.2072088 0.8195343 -0.0286276 0.4439222 0.3092890 0.8405081
1311868239.579832 -1.8905392 -0.1719933 0.7980760 -0.0252221 0.4078039 0.3107924 0.8581771
1311868239.947914 -1.8697355 -0.1316278 0.7649218 -0.0308420 0.3739522 0.2954141 0.8786006
1311868240.279833 -1.8597097 -0.0778858 0.6783829 -0.0399722 0.3541130 0.2754357 0.8928277
1311868240.579717 -1.8662672 -0.0329469 0.6223291 -0.0615629 0.3501940 0.2495396 0.9007242
1311868240.980015 -1.8632367 -0.0063095 0.5734470 -0.0720752 0.3432967 0.2715266 0.8962287
1311868241.311846 -1.8084114 -0.0593538 0.5493584 -0.0758919 0.3498495 0.2740673 0.8925989
1311868241.648036 -1.7379279 -0.1238405 0.5291735 -0.0641152 0.3435408 0.2857217 0.8923184
1311868242.011931 -1.6682268 -0.1796080 0.4897836 -0.0621242 0.3275395 0.2551258 0.9076173
1311868242.479984 -1.6183140 -0.1952929 0.4223639 -0.0616382 0.2847928 0.2216247 0.9305785
1311868242.948092 -1.5788031 -0.1798932 0.3948029 -0.0486660 0.2818063 0.2057622 0.9358839
1311868243.312010 -1.5440640 -0.1606341 0.3694660 -0.0349140 0.2830519 0.2157913 0.9338613
1311868243.680036 -1.5032175 -0.1282801 0.3070982 -0.0437683 0.2468692 0.1804287 0.9510970
1311868244.048067 -1.4575171 -0.0739512 0.2301305 -0.0638368 0.2078034 0.1578250 0.9632413
1311868244.448220 -1.4276845 0.0082612 0.1807919 -0.0601934 0.1824903 0.1348938 0.9720482
1311868244.848096 -1.3845712 0.0746924 0.1453119 -0.0628079 0.1905338 0.1475298 0.9684973
1311868245.179920 -1.3234013 0.1160475 0.1392756 -0.0743153 0.2058380 0.1370186 0.9660921
1311868245.648241 -1.2278945 0.1511412 0.1090933 -0.0522196 0.1658812 0.1302251 0.9761137
1311868245.980265 -1.1571261 0.1963649 0.0772350 -0.0635191 0.1470964 0.1500289 0.9756123
1311868246.380220 -1.1142945 0.2477028 0.0033798 -0.0846546 0.1297513 0.1290450 0.9794619
1311868246.780364 -1.0925491 0.3111212 -0.0734246 -0.0999856 0.1332412 0.1328697 0.9770339
1311868247.716208 -0.9595845 0.2630286 -0.0782804 -0.0937828 0.1383915 0.1392175 0.9760487
1311868248.080326 -0.8731256 0.2044365 -0.0340949 -0.0889295 0.1339644 0.1271117 0.9787685
1311868248.416340 -0.7982547 0.1632781 -0.0022838 -0.0974002 0.1127958 0.1192650 0.9816141
1311868248.780288 -0.6894658 0.1147126 0.0194728 -0.1164543 0.0840098 0.0789894 0.9864793
1311868249.180476 -0.5782183 0.0635602 0.0373285 -0.1328162 0.0813433 0.0753888 0.9849161
1311868249.516272 -0.5297841 0.0268678 0.0673338 -0.1208048 0.0854377 0.0740664 0.9862154
1311868249.848322 -0.4934832 -0.0332778 0.1190251 -0.1171350 0.0892042 0.0724192 0.9864469
1311868250.180457 -0.4711395 -0.1064951 0.1758734 -0.1041467 0.1016717 0.0708141 0.9868139
1311868250.580440 -0.4605675 -0.1809359 0.2287384 -0.0953259 0.0856947 0.0751650 0.9888982
1311868251.848729 -0.3680815 -0.1524978 0.1807060 -0.0776617 0.0738065 0.0460984 0.9931748
1311868252.216665 -0.2783434 -0.1225041 0.1179548 -0.0777538 0.0594127 0.0267601 0.9948409
1311868252.580747 -0.1833952 -0.0667689 0.0548319 -0.0864201 0.0388442 0.0068920 0.9954774
1311868252.948689 -0.0984551 -0.0145195 0.0174905 -0.1022297 0.0357566 0.0139091 0.9940206
1311868253.648742 0.0659191 0.0174854 0.0309256 -0.1100232 0.0414076 0.0209020 0.9928461
1311868254.448907 0.2618492 0.0486185 0.0326883 -0.1181900 -0.0191387 -0.0037113 0.9927996
1311868255.116728 0.4326057 0.1041791 -0.0087429 -0.1456829 -0.0725955 -0.0305665 0.9861907
1311868255.517093 0.4933601 0.1180705 -0.0198221 -0.1424269 -0.0842977 -0.0308905 0.9857252
1311868256.348901 0.6632789 0.0659519 0.0552462 -0.1445953 -0.0954769 -0.0568531 0.9832314
1311868256.984945 0.7947365 -0.0063486 0.1237528 -0.1225553 -0.1294879 -0.0710225 0.9814117
1311868257.617970 0.9230481 -0.1029813 0.1753729 -0.1253703 -0.1862059 -0.1302722 0.9657323
1311868258.349077 0.9668716 -0.2416272 0.2590650 -0.1489528 -0.2380258 -0.1751498 0.9436522
1311868259.017026 0.9558066 -0.3994474 0.3804991 -0.1272153 -0.2622783 -0.1799462 0.9394922
1311868259.649289 1.0190548 -0.4867781 0.5054492 -0.0920759 -0.2894446 -0.2310795 0.9243084
1311868262.253167 0.9876169 -0.4494702 0.5094101 -0.1116030 -0.3239607 -0.2326189 0.9102103
