1311868164.363181 -0.0000123 0.0000250 -0.0000218 -0.0000020 -0.0000304 -0.0000224 1.0000000
1311868164.899132 0.0681135 -0.0003513 -0.0443374 0.0101466 -0.0036789 -0.0154512 0.9998224
1311868164.930933 0.0751938 0.0017818 -0.0470768 0.0134021 -0.0030314 -0.0177467 0.9997481
1311868165.163146 0.1485512 0.0025049 -0.0605638 0.0146009 -0.0254525 -0.0276559 0.9991868
1311868165.731234 0.3109317 0.0444308 -0.0934335 -0.0028142 -0.0524866 -0.0368240 0.9979385
1311868166.331189 0.3192837 0.1201988 -0.1984664 -0.0431267 -0.0050955 -0.0192493 0.9988711
1311868167.831218 0.6630211 0.1309178 -0.2419699 -0.0419516 -0.0847767 -0.0659987 0.9933263
1311868169.063354 0.6903964 -0.0079895 -0.0573712 -0.0167316 -0.1283692 -0.0778183 0.9885271
1311868169.663240 0.7553844 -0.1351148 0.0489090 0.0330395 -0.2263532 -0.1405546 0.9632845
1311868171.263404 1.0518129 -0.1495794 0.0065165 0.0229103 -0.2769495 -0.1397323 0.9503941
1311868171.963415 1.2275875 -0.1349072 0.0737644 0.0049008 -0.3144865 -0.1873551 0.9305763
1311868172.563601 1.3384871 -0.1148048 0.1560965 -0.0347427 -0.3077094 -0.2101062 0.9273421
1311868173.167457 1.3759735 -0.1333646 0.3110193 -0.0836293 -0.2928026 -0.2256532 0.9253936
1311868173.931642 1.4222260 -0.2327139 0.4491633 -0.0642722 -0.3425950 -0.2391655 0.9062548
1311868174.567585 1.5115023 -0.3176972 0.5580316 -0.0388405 -0.4060264 -0.2725657 0.8714023
1311868175.131719 1.4801538 -0.4116873 0.6234758 -0.0044467 -0.4210660 -0.2548677 0.8704746
1311868175.431994 1.4413737 -0.4702989 0.6620879 0.0388805 -0.4443670 -0.2235528 0.8666316
1311868175.767584 1.4269191 -0.5156514 0.7250831 0.0645227 -0.4661522 -0.2010382 0.8591406
1311868176.099801 1.4570513 -0.5670432 0.7993175 0.0754793 -0.5082267 -0.2170885 0.8299886
1311868176.399921 1.5090425 -0.6035211 0.8916191 0.0661733 -0.5309435 -0.2448659 0.8085548
1311868176.699787 1.5417957 -0.6166564 0.9710439 0.0397637 -0.5377606 -0.2560325 0.8022965
1311868177.467848 1.4972613 -0.6848493 1.1219807 0.0392110 -0.5302538 -0.2758460 0.8007511
1311868177.832005 1.4868346 -0.6921849 1.2020559 0.0146248 -0.5385165 -0.2891595 0.7913108
1311868178.131987 1.5158128 -0.7119592 1.2722790 0.0095698 -0.5770380 -0.3190970 0.7517397
1311868178.467895 1.5666052 -0.7237709 1.3433887 0.0080099 -0.5984849 -0.3338231 0.7282265
1311868179.167985 1.7468550 -0.7211403 1.3397851 -0.0168743 -0.6111631 -0.3344899 0.7171551
1311868179.867839 1.9443710 -0.7274045 1.3816365 -0.0415104 -0.5850209 -0.3509175 0.7299892
1311868180.668185 2.0832155 -0.7762611 1.5226052 -0.0685361 -0.6195868 -0.3751561 0.6860561
1311868182.368183 1.8220767 -0.8661817 1.6711715 -0.0614756 -0.5980728 -0.3594102 0.7136903
1311868182.836155 1.6693739 -0.9297833 1.7249370 -0.0327088 -0.6373022 -0.3449531 0.6883192
1311868183.168211 1.5366651 -1.0037553 1.7816858 -0.0051185 -0.6781660 -0.3650774 0.6377956
1311868183.536275 1.4259688 -1.0451236 1.8067073 -0.0038293 -0.7152445 -0.3802578 0.5863571
1311868183.900249 1.3053429 -1.0816005 1.8280584 -0.0318153 -0.7240047 -0.3817664 0.5736369
1311868184.136827 1.2231548 -1.1136904 1.8235781 -0.0167619 -0.7224084 -0.3717370 0.5828009
1311868184.568437 1.1006305 -1.1388428 1.8560376 -0.0115187 -0.7340225 -0.3577219 0.5771597
1311868184.700710 1.0587540 -1.1482742 1.8677484 -0.0132958 -0.7493278 -0.3574201 0.5572987
1311868184.936308 0.9851588 -1.1923571 1.8944546 0.0045303 -0.7727758 -0.3573745 0.5244812
1311868185.268543 0.8927930 -1.2256091 1.9194665 -0.0151300 0.7897651 0.3612436 -0.4955252
1311868185.500443 0.8369086 -1.2358341 1.9352798 0.0265888 -0.7925783 -0.3438055 0.5029020
1311868185.636409 0.8124380 -1.2377266 1.9376193 0.0425220 -0.7922928 -0.3358501 0.5076109
1311868185.736700 0.7923202 -1.2438883 1.9419686 0.0450076 -0.7933697 -0.3251756 0.5126399
1311868185.836824 0.7776902 -1.2439319 1.9472961 0.0402089 -0.7960320 -0.3153346 0.5150538
1311868185.968391 0.7539619 -1.2399185 1.9575484 0.0330408 -0.8014567 -0.3199406 0.5041957
1311868186.068672 0.7382357 -1.2412890 1.9673815 -0.0341969 0.8057979 0.3263390 -0.4929737
1311868186.168524 0.7217649 -1.2424780 1.9812635 -0.0330849 0.8115206 0.3333584 -0.4787608
1311868186.336402 0.6972515 -1.2427042 2.0057366 -0.0258108 0.8262452 0.3485407 -0.4417827
1311868186.468526 0.6846999 -1.2468117 2.0327997 -0.0198569 0.8345592 0.3601023 -0.4164648
1311868186.736720 0.6912905 -1.2500124 2.0695443 -0.0088343 0.8406214 0.3699611 -0.3954826
1311868187.068458 0.7499212 -1.2623625 2.1108179 -0.0002857 0.8397808 0.3779661 -0.3897560
1311868187.400493 0.8162503 -1.2746499 2.1582739 0.0082879 0.8231786 0.4039079 -0.3989570
1311868187.837466 0.8514463 -1.3008707 2.2383974 0.0121168 0.8156635 0.4095839 -0.4083961
1311868188.169752 0.8350588 -1.3198055 2.3456178 0.0151398 0.8314453 0.4185801 -0.3650483
1311868188.400512 0.8116710 -1.3108656 2.4327173 0.0100202 0.8259603 0.4494260 -0.3401551
1311868188.668666 0.8357642 -1.3133180 2.4849567 0.0335623 0.8277986 0.4576623 -0.3227510
1311868189.000574 0.9220492 -1.3240170 2.5503497 0.0669361 0.8166642 0.4753588 -0.3203331
1311868189.536633 1.0518012 -1.3553371 2.6446567 0.0634453 0.7900000 0.5066056 -0.3394488
1311868190.536577 1.0357709 -1.4651985 2.9023435 0.0681183 0.7854515 0.5026187 -0.3546833
1311868193.838095 0.7425613 -1.5753391 2.7972512 0.0301545 0.8213554 0.4909838 -0.2887923
1311868196.437163 0.7084180 -1.7065870 3.0158949 0.0480432 0.8021091 0.4753427 -0.3582768
1311868197.437047 0.6921617 -1.7509913 3.2283359 0.0573788 0.7863585 0.5085611 -0.3459966
1311868198.705029 0.5315007 -1.7475321 3.3725307 0.0768455 0.7715386 0.5381987 -0.3304014
1311868200.337233 0.2600453 -1.7608378 3.4170077 0.0610219 0.8036757 0.5583584 -0.1965138
1311868202.405338 -0.0007869 -1.7779729 3.5204690 0.0554811 0.7978813 0.5858371 -0.1307753
1311868203.705515 -0.1546957 -1.8559246 3.4016004 0.0368387 0.8356334 0.5460870 -0.0463550
1311868204.973649 -0.3810143 -2.0118041 3.2021019 0.0239391 0.8229371 0.5654022 0.0502167
1311868206.237864 -0.4540146 -2.1260557 3.0934258 0.0250133 0.8767008 0.4802192 0.0126274
1311868207.573858 -0.5856005 -1.9893231 3.1964116 0.0040007 0.8582604 0.5085692 0.0687786
1311868208.573867 -0.7275845 -1.9003139 3.3308072 -0.0085178 0.8404663 0.5378292 0.0654496
1311868209.873884 -0.8420236 -1.7087607 3.3402915 0.0054124 0.8109269 0.5812815 0.0669328
1311868212.206126 -1.1870395 -1.6220024 3.3392968 -0.0119822 0.8017240 0.5802997 0.1426439
1311868213.706267 -1.3292072 -1.5728277 3.1978109 -0.0282506 0.8089517 0.5644301 0.1619185
1311868214.974404 -1.4307858 -1.5319874 3.0731421 -0.0088655 0.8036895 0.5367249 0.2567700
1311868216.106321 -1.4478033 -1.5892262 2.8983355 -0.0258408 0.7943751 0.5038873 0.3382277
1311868216.974559 -1.4738793 -1.6508627 2.7620049 -0.0038835 0.8040155 0.4853994 0.3434114
1311868219.274458 -1.5598700 -1.5096552 2.7736092 0.0030506 0.8133998 0.4556521 0.3615974
1311868220.042788 -1.6104834 -1.3577316 2.8562047 0.0348229 0.7778438 0.4799679 0.4041995
1311868220.810775 -1.6676054 -1.2646360 2.9469407 0.0085284 0.7417139 0.5146934 0.4299750
1311868223.943036 -1.8581581 -1.1457731 2.7736590 0.0067979 0.7133366 0.5155659 0.4746540
1311868225.542923 -2.0654736 -1.0518358 2.5840356 -0.0035638 0.6962962 0.4846625 0.5293970
1311868227.010946 -2.1357236 -0.9709832 2.3819742 0.0034616 0.6845763 0.4781813 0.5501691
1311868227.744281 -2.1216660 -0.9175646 2.2252803 0.0149906 0.6655943 0.4584083 0.5887456
1311868228.378967 -2.1722622 -0.8702014 2.1142380 0.0068644 0.6225518 0.4249020 0.6571457
1311868229.249047 -2.2334146 -0.8094544 1.9613619 0.0020783 0.6178691 0.4095664 0.6711846
1311868230.083190 -2.0578616 -0.8690394 1.8255334 -0.0099130 0.6015930 0.4369788 0.6686084
1311868230.543330 -1.9516779 -0.9011544 1.7360128 -0.0026518 0.5944114 0.4660490 0.6553369
1311868230.843194 -1.9070177 -0.9117517 1.6789961 0.0086676 0.6121792 0.4478321 0.6516194
1311868231.313322 -1.8394701 -0.9310503 1.5891852 -0.0452501 0.6112023 0.4341772 0.6602078
1311868231.943245 -1.7147520 -1.0030817 1.5369910 -0.0751218 0.6015680 0.4420281 0.6611232
1311868232.543326 -1.6086917 -1.0887728 1.5210967 -0.0846234 0.6053246 0.4480197 0.6524565
1311868234.543567 -1.8027804 -0.9743165 1.4161433 -0.0479079 0.5885766 0.3646302 0.7199495
1311868235.079664 -1.9122045 -0.8831379 1.3633599 -0.0529963 0.5793936 0.3637832 0.7274312
1311868235.643525 -1.9754970 -0.7759900 1.3049507 -0.0413425 0.5889688 0.3678330 0.7184048
1311868236.479602 -1.9754113 -0.6242846 1.2362218 -0.0399713 0.5593672 0.3573839 0.7468516
1311868237.179506 -1.9809811 -0.5059370 1.1872776 -0.0026224 0.5235736 0.3524004 0.7756789
1311868237.647688 -1.9970013 -0.4274145 1.0875777 -0.0141694 0.4993212 0.3238696 0.8034837
1311868238.147711 -2.0284262 -0.3295608 0.9720422 -0.0188676 0.4647860 0.3156774 0.8270223
1311868239.011813 -1.9602933 -0.2261061 0.8625535 -0.0276764 0.4498414 0.3333038 0.8281215
1311868239.947914 -1.8844862 -0.1358938 0.7846541 -0.0280073 0.3776424 0.2976939 0.8763448
1311868240.512225 -1.8751249 -0.0443809 0.6460754 -0.0566045 0.3550652 0.2556209 0.8974311
1311868241.779865 -1.7263782 -0.1487334 0.5326191 -0.0598901 0.3390775 0.2857401 0.8943110
1311868242.247919 -1.6447979 -0.1993214 0.4650928 -0.0667161 0.3100675 0.2348907 0.9188218
1311868243.312010 -1.5492308 -0.1627940 0.3798659 -0.0333730 0.2839465 0.2179080 0.9331542
1311868244.012101 -1.4691539 -0.0790930 0.2472747 -0.0619402 0.2138303 0.1609560 0.9615265
1311868244.712115 -1.4152050 0.0491874 0.1610162 -0.0606919 0.1798336 0.1344743 0.9725703
1311868245.380074 -1.2914716 0.1253859 0.1439744 -0.0608907 0.1885050 0.1341807 0.9709551
1311868245.916227 -1.1808381 0.1853482 0.1010293 -0.0577893 0.1532122 0.1550939 0.9742342
1311868246.416139 -1.1205578 0.2589671 0.0080950 -0.0835086 0.1288704 0.1289722 0.9796861
1311868247.948167 -0.9160970 0.2306923 -0.0386209 -0.0904031 0.1431701 0.1245711 0.9776562
1311868248.548298 -0.7700510 0.1579615 0.0191481 -0.0994356 0.0994058 0.1139869 0.9834826
1311868248.980371 -0.6491758 0.0971757 0.0372019 -0.1225136 0.0767665 0.0812191 0.9861546
1311868249.316586 -0.5630034 0.0620602 0.0567857 -0.1268951 0.0859431 0.0767244 0.9852029
1311868249.780683 -0.5087577 -0.0160438 0.1117350 -0.1161077 0.0889972 0.0757075 0.9863402
1311868250.216361 -0.4766734 -0.1095215 0.1882013 -0.1016709 0.1012955 0.0737714 0.9868941
1311868250.748430 -0.4590134 -0.2099768 0.2447631 -0.0886669 0.0859091 0.0779562 0.9892829
1311868252.316579 -0.2653314 -0.1047032 0.1037108 -0.0735262 0.0617628 0.0104657 0.9953240
1311868253.016742 -0.0947014 -0.0060652 0.0173864 -0.1015035 0.0383121 0.0168199 0.9939549
1311868254.548867 0.2887276 0.0571029 0.0287590 -0.1228052 -0.0327615 -0.0137956 0.9917940
1311868254.948966 0.3968306 0.0958281 0.0044349 -0.1425630 -0.0637578 -0.0295265 0.9872887
1311868255.817549 0.5383514 0.1181849 -0.0043613 -0.1454041 -0.0832458 -0.0347271 0.9852521
1311868256.484903 0.6903501 0.0570372 0.0713915 -0.1349281 -0.0994493 -0.0560247 0.9842588
1311868257.049224 0.8055425 -0.0049903 0.1322923 -0.1182020 -0.1349757 -0.0735779 0.9810179
1311868257.449069 0.8886918 -0.0648197 0.1648814 -0.1293000 -0.1702963 -0.1138738 0.9702131
1311868257.885261 0.9568425 -0.1374535 0.1925692 -0.1146799 -0.2001983 -0.1517165 0.9611198
1311868258.048909 0.9599788 -0.1658187 0.2086872 -0.1296182 -0.2214622 -0.1573739 0.9536179
1311868258.251845 0.9662002 -0.2083836 0.2378621 -0.1406780 -0.2431200 -0.1715160 0.9442905
1311868258.517262 0.9589213 -0.2754346 0.2891922 -0.1393208 -0.2345884 -0.1895284 0.9432057
1311868258.848932 0.9540212 -0.3606587 0.3486931 -0.1327638 -0.2552574 -0.1700375 0.9424992
1311868259.116919 0.9583392 -0.4109316 0.4002287 -0.1204794 -0.2639233 -0.1903109 0.9378757
1311868259.517235 0.9982405 -0.4735045 0.4826213 -0.0957982 -0.2869783 -0.2170538 0.9280915
