1403638561.427830 -0.3104059 -2.3002882 -0.0894027 -0.8022463 -0.0044525 0.0250543 0.5964507
1403638561.527829 -0.2490036 -2.2621922 -0.0925205 -0.8074781 -0.0084493 0.0136165 0.5896798
1403638562.277829 0.2067418 -2.0810189 -0.2174907 -0.8105898 0.0156900 -0.0239527 0.5849138
1403638562.777829 0.4877844 -2.0427594 -0.1908662 -0.8008747 0.1134971 -0.0656550 0.5843009
1403638563.527829 0.9985892 -2.1705399 -0.2491224 -0.7624527 0.2272872 -0.1377401 0.5899443
1403638563.627830 1.0722550 -2.2193594 -0.2681966 -0.7652918 0.2268779 -0.1404699 0.5857671
1403638563.777829 1.1833020 -2.3096206 -0.2823098 -0.7692180 0.2284207 -0.1351451 0.5812603
1403638563.927830 1.2984750 -2.4160080 -0.2778811 -0.7692232 0.2270809 -0.1301401 0.5829182
1403638564.077830 1.4185330 -2.5390563 -0.2688587 -0.7696519 0.2236706 -0.1245146 0.5848962
1403638564.427830 1.7210822 -2.8889546 -0.2664003 -0.7693600 0.2054699 -0.1258562 0.5916312
1403638564.777829 2.0379789 -3.3326902 -0.2302606 -0.7725217 0.2096410 -0.1127108 0.5886912
1403638564.927830 2.1812062 -3.5479071 -0.2410324 -0.7709855 0.2130090 -0.1097441 0.5900549
1403638565.077830 2.3300982 -3.7773516 -0.2915823 -0.7710211 0.2142790 -0.1076161 0.5899405
1403638565.227829 2.4878266 -4.0162134 -0.3733203 -0.7722267 0.2142384 -0.1074432 0.5884079
1403638565.477829 2.7687211 -4.4401960 -0.5274105 -0.7735181 0.2117402 -0.1139552 0.5863872
1403638565.627830 2.9466200 -4.7089844 -0.6081600 -0.7715976 0.2065776 -0.1263469 0.5882170
1403638565.927830 3.2907352 -5.2747908 -0.7180333 -0.7797470 0.1969593 -0.1485128 0.5754526
1403638566.077830 3.4475560 -5.5639906 -0.7654943 -0.7809435 0.1977173 -0.1506768 0.5730023
1403638566.277829 3.6416581 -5.9496956 -0.8558564 -0.7805777 0.1983078 -0.1492865 0.5736603
1403638566.477829 3.8219748 -6.3322330 -0.9759398 -0.7818426 0.1982088 -0.1459049 0.5728415
1403638566.727829 4.0320239 -6.8040714 -1.1601849 -0.8009906 0.1980644 -0.1377721 0.5479081
1403638566.777829 4.0731874 -6.8955479 -1.2009349 -0.8066159 0.1968977 -0.1369469 0.5402292
1403638566.927830 4.1972399 -7.1583943 -1.3272958 -0.8176965 0.1952429 -0.1330180 0.5249371
1403638567.077830 4.3242507 -7.3993931 -1.4543829 -0.8114278 0.1919101 -0.1338632 0.5355707
1403638567.227829 4.4522810 -7.6220479 -1.5852094 -0.7949957 0.1856439 -0.1422800 0.5597095
1403638567.377830 4.5750294 -7.8388596 -1.7274895 -0.7895687 0.1833026 -0.1478685 0.5666713
1403638567.827830 4.8906560 -8.4698219 -2.0808625 -0.8016660 0.1891286 -0.1532590 0.5459613
1403638567.977829 4.9815445 -8.6561928 -2.1632528 -0.8030858 0.1925314 -0.1510518 0.5432940
1403638568.127830 5.0685000 -8.8277435 -2.2293406 -0.8025736 0.1908080 -0.1545746 0.5436679
1403638568.427830 5.2215767 -9.1372967 -2.3246298 -0.8032494 0.1905189 -0.1575609 0.5419110
1403638569.177830 5.4932117 -9.6646023 -2.5286131 -0.8077673 0.1883244 -0.1608681 0.5349461
1403638569.677830 5.5843058 -9.8133125 -2.5904255 -0.8053039 0.1869076 -0.1649863 0.5378947
1403638569.927830 5.5954075 -9.8386631 -2.5960455 -0.8025485 0.1848698 -0.1677741 0.5418403
1403638570.427830 5.5555668 -9.8264017 -2.6366043 -0.7960328 0.2075848 -0.1447326 0.5498117
1403638571.927830 6.0407505 -10.4632063 -3.0304923 -0.6985653 0.4335417 -0.2725119 0.4997854
1403638572.377830 6.3066454 -10.9144726 -3.0562582 -0.6567541 0.5053811 -0.3209750 0.4585183
1403638572.527829 6.4049978 -11.0790319 -3.0662289 -0.6473768 0.5217603 -0.3374263 0.4413763
1403638572.677830 6.5096178 -11.2431936 -3.0750847 -0.6415886 0.5295994 -0.3471758 0.4328482
1403638572.977829 6.7461214 -11.5616589 -3.0444155 -0.6476771 0.5284665 -0.3563801 0.4174095
1403638573.127830 6.8775949 -11.7086906 -3.0257411 -0.6512052 0.5272280 -0.3543447 0.4152134
1403638573.277829 7.0187721 -11.8470469 -3.0149112 -0.6535954 0.5250819 -0.3519855 0.4161830
1403638573.427830 7.1710281 -11.9774628 -3.0021818 -0.6549019 0.5245462 -0.3522016 0.4146191
1403638573.577830 7.3361130 -12.0979280 -2.9761739 -0.6544727 0.5247378 -0.3552744 0.4124269
1403638573.727829 7.5107603 -12.2079659 -2.9349797 -0.6532013 0.5267044 -0.3595887 0.4081745
1403638573.877830 7.6969652 -12.3071947 -2.8903694 -0.6390087 0.5315515 -0.3779320 0.4077848
1403638574.027829 7.8883467 -12.3956146 -2.8558946 -0.6094918 0.5500613 -0.3939115 0.4132628
1403638574.177830 8.0751371 -12.4808016 -2.8336301 0.5704165 -0.5787264 0.4036877 -0.4204011
1403638574.477829 8.4144001 -12.6778183 -2.8226280 0.5159181 -0.6289678 0.4325030 -0.3888048
1403638574.627830 8.5662689 -12.7889833 -2.8168092 0.4969294 -0.6441249 0.4456553 -0.3735713
1403638574.777829 8.7091703 -12.9049559 -2.7969933 0.4936390 -0.6487816 0.4585857 -0.3536980
1403638574.927830 8.8452702 -13.0186567 -2.7707663 0.4957816 -0.6555413 0.4564880 -0.3407125
1403638575.077830 8.9800339 -13.1306543 -2.7551985 0.4943195 -0.6619238 0.4483419 -0.3413134
1403638575.227829 9.1152582 -13.2450714 -2.7510452 0.4900096 -0.6649294 0.4425603 -0.3491417
1403638575.377830 9.2497501 -13.3668575 -2.7578278 0.4929064 -0.6659018 0.4376300 -0.3494253
1403638575.527829 9.3853312 -13.4957886 -2.7738256 0.5004644 -0.6651273 0.4336419 -0.3451025
1403638575.677830 9.5263891 -13.6321182 -2.7839813 0.5111428 -0.6595582 0.4365319 -0.3363867
1403638575.827830 9.6752949 -13.7716150 -2.7767563 0.5210956 -0.6569557 0.4360569 -0.3266847
1403638575.977829 9.8384972 -13.9080162 -2.7463903 0.5231151 -0.6555991 0.4356642 -0.3267065
1403638576.127830 10.0123577 -14.0408468 -2.6990118 0.5235185 -0.6543319 0.4366886 -0.3272328
1403638576.277829 10.1971140 -14.1700764 -2.6484194 0.5233881 -0.6510390 0.4417856 -0.3271676
1403638576.427830 10.3911028 -14.2948008 -2.6110935 0.5268785 -0.6476204 0.4468352 -0.3214423
1403638576.577830 10.5948677 -14.4116879 -2.5860186 0.5329285 -0.6438121 0.4522642 -0.3113684
1403638576.727829 10.8100290 -14.5141783 -2.5689754 0.5339999 -0.6402498 0.4571894 -0.3096807
1403638576.877830 11.0343494 -14.6002350 -2.5608044 0.5283287 -0.6352459 0.4647254 -0.3183740
1403638577.027829 11.2604523 -14.6697817 -2.5619240 0.5196807 -0.6373757 0.4627683 -0.3309529
1403638577.227829 11.5580120 -14.7466230 -2.5512714 0.5136548 -0.6408030 0.4589635 -0.3389437
1403638577.877830 12.5192184 -14.8812265 -2.4511948 0.5207399 -0.6381212 0.4603116 -0.3312771
1403638578.677830 13.6987438 -14.8712263 -2.3690214 0.5085889 -0.6439976 0.4508093 -0.3512488
1403638578.777829 13.8370581 -14.8741722 -2.3709078 0.5117939 -0.6410212 0.4552000 -0.3463407
1403638578.977829 14.1093597 -14.8747606 -2.3760176 0.5171115 -0.6360917 0.4612968 -0.3393938
1403638579.127830 14.3148518 -14.8672132 -2.3594208 0.5182695 -0.6345859 0.4622270 -0.3391809
1403638579.277829 14.5179644 -14.8509884 -2.3259077 0.5171527 -0.6353583 0.4603893 -0.3419276
1403638582.227829 16.6319408 -14.3660078 -2.3583708 -0.7103899 0.3971811 -0.3010051 0.4969803
1403638584.077830 16.5723648 -13.9313736 -1.6920370 -0.7123482 0.3954080 -0.3066196 0.4921351
1403638584.477829 16.4565220 -13.7811623 -1.6609805 -0.6932809 0.3840195 -0.3206945 0.5186963
1403638585.177830 16.0047531 -13.5814238 -1.5848866 -0.7123079 0.3996599 -0.2979793 0.4940626
1403638585.577830 15.7102413 -13.4668694 -1.5983515 -0.7108544 0.3981060 -0.2992547 0.4966329
1403638586.277829 15.2414951 -13.2216825 -1.4431336 -0.7123091 0.4020909 -0.2968869 0.4927443
1403638586.827830 14.8852520 -13.0037727 -1.4266350 -0.7075937 0.3970912 -0.3055749 0.4982507
1403638587.227829 14.5855923 -12.8444767 -1.4939008 -0.7093799 0.3972568 -0.3034271 0.4968897
1403638587.627830 14.2669544 -12.6854124 -1.4969230 -0.7106656 0.4013780 -0.2989885 0.4944249
1403638588.027829 13.9505835 -12.5279799 -1.5571829 -0.7086248 0.4028975 -0.2984737 0.4964253
1403638588.627830 13.4647331 -12.2873516 -1.6561244 -0.7101246 0.3978308 -0.3042075 0.4948855
1403638589.027829 13.1158609 -12.1223373 -1.6383067 -0.7065223 0.4021042 -0.3001594 0.4990419
1403638589.227829 12.9397898 -12.0457764 -1.6643972 -0.7064214 0.4014357 -0.3017420 0.4987684
1403638589.577830 12.6263409 -11.9223461 -1.7128645 -0.7058030 0.4019746 -0.3011719 0.4995539
1403638589.927830 12.3061295 -11.8124390 -1.6994199 -0.7081631 0.4036324 -0.3007580 0.4951067
1403638590.277829 11.9882126 -11.7099657 -1.7318639 -0.7054806 0.4055294 -0.3009801 0.4972465
1403638590.477829 11.8077526 -11.6550760 -1.7722912 -0.7061526 0.4063190 -0.3009982 0.4956344
1403638591.277829 11.1367731 -11.4487352 -1.7635622 -0.7205878 0.4166966 -0.2872538 0.4739223
1403638591.527829 10.9790430 -11.3739691 -1.7750257 -0.7278123 0.4239912 -0.2771930 0.4622605
1403638591.777829 10.8737116 -11.2806015 -1.8135996 -0.7274335 0.4248618 -0.2764453 0.4625053
1403638591.977829 10.8288345 -11.1945238 -1.8360302 -0.7227942 0.4222577 -0.2798108 0.4700776
1403638592.177830 10.8145027 -11.0989017 -1.8227599 -0.7179794 0.4184810 -0.2805209 0.4802991
1403638592.577830 10.8286409 -10.9195099 -1.6857858 -0.7282082 0.3777426 -0.2533431 0.5126799
1403638592.977829 10.8957558 -10.7856312 -1.5046792 -0.7555463 0.3552396 -0.2337843 0.4982967
1403638593.627830 11.1502237 -10.5291233 -1.2554793 -0.7430080 0.3361745 -0.2661374 0.5139036
1403638594.227829 11.2899914 -10.2834530 -1.0700066 -0.7416564 0.3236381 -0.2513072 0.5310828
1403638594.427830 11.3015575 -10.2246532 -1.0024130 -0.7425976 0.3130645 -0.2566709 0.5335351
1403638595.227829 11.2031479 -10.0598602 -0.7331107 -0.7455558 0.3240253 -0.2423963 0.5295265
1403638595.627830 11.1203928 -10.0198517 -0.7252443 -0.7467713 0.3244663 -0.2422699 0.5275980
1403638595.877830 11.0606947 -10.0048418 -0.7077491 -0.7490226 0.3199698 -0.2487409 0.5241302
1403638596.127830 10.9917612 -9.9873257 -0.7471366 -0.7514195 0.3102838 -0.2630219 0.5195308
1403638596.577830 10.7738514 -9.8938828 -0.7632849 -0.7600350 0.2804482 -0.2997466 0.5038330
1403638596.777829 10.6078529 -9.7927771 -0.7141566 -0.7619825 0.2712540 -0.3106290 0.4993130
1403638596.977829 10.3874874 -9.6472187 -0.6413281 -0.7606589 0.2671163 -0.3162432 0.5000373
1403638597.177830 10.1172876 -9.4605865 -0.5838101 -0.7580959 0.2652965 -0.3217323 0.5013948
1403638597.377830 9.7941589 -9.2349234 -0.5501435 -0.7522539 0.2725293 -0.3162004 0.5097637
1403638597.577830 9.4218349 -8.9821043 -0.5362332 -0.7415487 0.2875502 -0.2981170 0.5277752
1403638597.777829 9.0162573 -8.7239847 -0.5457079 -0.7413122 0.2864359 -0.2980628 0.5287432
1403638597.977829 8.5767097 -8.4631262 -0.5744646 -0.7493570 0.2670323 -0.3027099 0.5249043
1403638598.177830 8.0939426 -8.1880016 -0.5865839 -0.7501401 0.2739834 -0.2756316 0.5350235
1403638598.377830 7.5841417 -7.9157047 -0.5870068 -0.7515867 0.2883767 -0.2474793 0.5391756
1403638598.577830 7.0739193 -7.6548162 -0.6106634 -0.7559010 0.2892044 -0.2377262 0.5370852
1403638598.777829 6.5669031 -7.4057069 -0.6542993 -0.7641393 0.2712183 -0.2253012 0.5401584
1403638599.027829 5.9396162 -7.1089797 -0.6843505 -0.7761849 0.2348735 -0.2007403 0.5496134
1403638599.277829 5.3159666 -6.8283672 -0.6782632 -0.7890984 0.1908538 -0.1739432 0.5573531
1403638599.527829 4.6972551 -6.5629792 -0.6358428 -0.8027732 0.1569604 -0.1496699 0.5554434
1403638599.727829 4.2134924 -6.3540721 -0.6163826 -0.8074614 0.1493674 -0.1409082 0.5530282
1403638599.927830 3.7418971 -6.1408310 -0.6244078 -0.8084835 0.1543561 -0.1364463 0.5512815
1403638600.127830 3.2847118 -5.9198179 -0.6463571 -0.8069806 0.1703208 -0.1227474 0.5520023
1403638600.327830 2.8547177 -5.6998343 -0.6816740 -0.8075349 0.1918928 -0.1005175 0.5485989
1403638600.527829 2.4755430 -5.4841537 -0.7101088 -0.8074510 0.2030484 -0.0905660 0.5464358
1403638600.727829 2.1590250 -5.2747769 -0.7049351 -0.8105336 0.2060311 -0.0891594 0.5409593
1403638600.927830 1.9040811 -5.0668368 -0.6792617 -0.8204981 0.1919057 -0.1059028 0.5279580
1403638601.127830 1.6918136 -4.8457279 -0.6652794 -0.8231949 0.1752723 -0.1258971 0.5251474
1403638601.327830 1.5013402 -4.6019354 -0.6661839 -0.8153647 0.1597244 -0.1439039 0.5375503
1403638601.527829 1.3109668 -4.3398094 -0.6570058 -0.8093653 0.1463709 -0.1249388 0.5548818
1403638601.727829 1.1198127 -4.0780702 -0.6277404 -0.8116390 0.1061155 -0.1034473 0.5650489
1403638601.927830 0.9210627 -3.8243599 -0.5740147 -0.8141757 0.0502766 -0.0769942 0.5732906
1403638602.127830 0.7159581 -3.5766521 -0.5262809 -0.8160930 0.0145879 -0.0556758 0.5750475
1403638602.377830 0.4405005 -3.2811749 -0.4936481 -0.8035890 -0.0260827 -0.0257508 0.5940550
1403638602.777829 -0.0068353 -2.9493213 -0.3578484 -0.7563480 -0.0798655 0.0680410 0.6457009
1403638603.177830 -0.3243281 -2.9213643 -0.1787450 -0.7547113 -0.1450955 0.1356186 0.6252726
1403638603.577830 -0.4932738 -3.0562572 -0.1156542 -0.7889049 -0.1831296 0.1365443 0.5704808
1403638603.777829 -0.5488033 -3.1348529 -0.1179662 -0.7740470 -0.1952335 0.1294423 0.5882005
1403638603.977829 -0.5935152 -3.2350135 -0.1481726 -0.7608949 -0.2060535 0.1149371 0.6044587
1403638604.177830 -0.6420673 -3.3727443 -0.1872025 -0.7573885 -0.2105346 0.1070425 0.6087527
1403638604.377830 -0.6994137 -3.5572212 -0.1964262 -0.7678101 -0.2016474 0.1213727 0.5958815
1403638604.777829 -0.8090960 -3.9952722 -0.1809702 -0.7854992 -0.1966674 0.1278095 0.5726935
1403638604.977829 -0.8576708 -4.2225323 -0.1803093 -0.7949077 -0.1957024 0.1285625 0.5597267
1403638605.177830 -0.9015914 -4.4426088 -0.1547861 -0.8060153 -0.1975535 0.1263685 0.5434546
1403638605.377830 -0.9493041 -4.6349664 -0.1217146 -0.8034732 -0.2053292 0.1155063 0.5467442
1403638605.577830 -1.0078125 -4.8098249 -0.1075072 -0.7869480 -0.2184401 0.0982142 0.5686394
1403638605.777829 -1.0866098 -4.9935293 -0.1029701 -0.7811055 -0.2240397 0.0908019 0.5757043
1403638605.977829 -1.1962346 -5.1929073 -0.0688066 -0.7809361 -0.2277721 0.0840008 0.5755020
1403638606.177830 -1.3377860 -5.4065051 -0.0380397 -0.7812254 -0.2300067 0.0779909 0.5750663
1403638606.377830 -1.5121851 -5.6392622 -0.0362916 -0.7899964 -0.2239153 0.0835986 0.5646051
1403638606.577830 -1.7141856 -5.8775072 -0.0609250 -0.8067364 -0.2094316 0.1032540 0.5428199
1403638606.777829 -1.9330565 -6.0976267 -0.1082821 -0.8121877 -0.2201197 0.1167710 0.5275064
1403638606.977829 -2.1694825 -6.2878218 -0.1592994 -0.8073500 -0.2497915 0.1391603 0.5161635
1403638607.177830 -2.4224372 -6.4378357 -0.1763792 -0.7937886 -0.2744475 0.1706167 0.5152361
1403638607.327830 -2.6155751 -6.5262365 -0.1842666 -0.7771906 -0.2820743 0.1889618 0.5298136
1403638607.527829 -2.8669727 -6.6271353 -0.2221060 -0.7702146 -0.2848749 0.2021940 0.5336041
1403638607.727829 -3.1025536 -6.7138987 -0.2827430 -0.7670196 -0.2871318 0.2024391 0.5368937
1403638607.927830 -3.3238645 -6.7892046 -0.3581200 -0.7711021 -0.2825825 0.2050685 0.5324430
1403638608.127830 -3.5303392 -6.8477144 -0.4505129 -0.7693246 -0.2782460 0.2045838 0.5374611
1403638608.277829 -3.6742644 -6.8825016 -0.5329089 -0.7632158 -0.2794927 0.1983696 0.5477544
1403638608.427830 -3.8092763 -6.9171076 -0.6249743 -0.7566158 -0.2788546 0.1973588 0.5575143
1403638608.577830 -3.9332325 -6.9554386 -0.7302465 -0.7587550 -0.2794598 0.1954520 0.5549700
1403638608.777829 -4.0808239 -7.0136886 -0.8621573 -0.7554133 -0.2759425 0.2007804 0.5593691
1403638608.977829 -4.2043285 -7.0823627 -0.9699841 -0.7631027 -0.2769350 0.2008677 0.5483006
1403638609.277829 -4.3550749 -7.1821852 -1.0871525 -0.7650151 -0.2698806 0.2111498 0.5452815
1403638609.777829 -4.5041337 -7.3193612 -1.3735514 -0.7651020 -0.2767643 0.1996170 0.5460529
1403638610.177830 -4.5637093 -7.4081764 -1.5592084 -0.7586623 -0.2731437 0.2038309 0.5552272
1403638610.377830 -4.5688677 -7.4532886 -1.6491394 -0.7565716 -0.2709303 0.2065090 0.5581669
1403638610.777829 -4.5100837 -7.5687151 -1.8700247 -0.7495185 -0.2691274 0.2097943 0.5672557
1403638610.977829 -4.4424973 -7.6446080 -1.9560199 -0.7569069 -0.2723244 0.2088444 0.5561613
1403638611.177830 -4.3557844 -7.7216706 -2.0403209 -0.7528374 -0.2714175 0.2127628 0.5606250
1403638611.577830 -4.1175461 -7.8994665 -2.1923518 -0.7485946 -0.2912978 0.1833031 0.5667025
1403638611.777829 -3.9915791 -8.0173407 -2.2395463 -0.7559314 -0.2861342 0.1892183 0.5575764
1403638611.927830 -3.8972855 -8.1119566 -2.2873673 -0.7623954 -0.2788881 0.1976136 0.5494758
1403638612.127830 -3.7690620 -8.2345858 -2.3528247 -0.7664111 -0.2748880 0.2017583 0.5443753
1403638612.477829 -3.5339079 -8.4265194 -2.4068837 -0.7648904 -0.2750548 0.1979338 0.5478228
1403638612.677830 -3.3921723 -8.5299006 -2.4566555 -0.7613137 -0.2789347 0.1877309 0.5543953
1403638612.877830 -3.2513809 -8.6373062 -2.5228214 -0.7588025 -0.2770788 0.1838021 0.5600561
1403638613.277829 -2.9796619 -8.8815479 -2.5904927 -0.7645664 -0.2729439 0.1851065 0.5537830
1403638613.477829 -2.8469715 -9.0113001 -2.5908313 -0.7636877 -0.2727197 0.1844504 0.5553226
1403638613.677830 -2.7169833 -9.1422768 -2.6085052 -0.7637958 -0.2616095 0.1865003 0.5598161
1403638613.877830 -2.5814705 -9.2775002 -2.6523809 -0.7619438 -0.2460263 0.1849718 0.5698230
1403638614.077830 -2.4303427 -9.4192867 -2.7179079 -0.7715424 -0.2219865 0.1638744 0.5732274
1403638614.227829 -2.3092492 -9.5305386 -2.7682800 -0.7821634 -0.1997179 0.1423693 0.5727688
1403638614.477829 -2.1043422 -9.7249317 -2.8212700 -0.7927982 -0.1722065 0.1252737 0.5710713
1403638614.677830 -1.9367754 -9.8803806 -2.8278437 -0.7982966 -0.1504967 0.1180699 0.5710803
1403638614.877830 -1.7582304 -10.0287037 -2.7999010 -0.8124084 -0.1132105 0.1100961 0.5612975
1403638615.077830 -1.5598470 -10.1586647 -2.7498951 -0.8206481 -0.0709922 0.0779750 0.5616196
1403638615.277829 -1.3410997 -10.2719641 -2.6841679 -0.8172339 -0.0270825 0.0277980 0.5749980
1403638615.477829 -1.1179190 -10.3800526 -2.6260624 -0.8134133 0.0245341 -0.0159250 0.5809504
1403638615.677830 -0.9000921 -10.4896832 -2.5877752 -0.8103983 0.0664191 -0.0468743 0.5802121
1403638615.877830 -0.6911550 -10.6048155 -2.5351658 -0.8081766 0.0907147 -0.0598529 0.5788257
1403638616.077830 -0.4840404 -10.7249908 -2.4844437 -0.8054783 0.1148953 -0.0757880 0.5764201
1403638616.327830 -0.2235820 -10.8813648 -2.4889259 -0.7997754 0.1561599 -0.1021564 0.5705589
1403638616.627830 0.0888128 -11.0770903 -2.5818539 -0.7949607 0.2013064 -0.1301864 0.5572833
1403638616.877830 0.3490844 -11.2379599 -2.6821499 -0.8078235 0.2252294 -0.1203388 0.5312357
1403638617.127830 0.6441164 -11.3700762 -2.7479687 -0.8026643 0.2123746 -0.1375033 0.5401108
1403638617.427830 1.0140276 -11.4926186 -2.7610254 -0.8121923 0.2014862 -0.1391410 0.5295156
1403638617.677830 1.3242321 -11.5529795 -2.7191381 -0.8142428 0.1935094 -0.1396812 0.5291995
1403638617.927830 1.6333103 -11.5684681 -2.6297789 -0.8133844 0.1873145 -0.1402964 0.5325750
1403638618.177830 1.9348011 -11.5482845 -2.5407963 -0.8132604 0.1853595 -0.1366610 0.5343906
1403638618.377830 2.1715455 -11.5118608 -2.4947109 -0.8130763 0.1827145 -0.1369999 0.5354936
1403638618.627830 2.4598904 -11.4414129 -2.4515486 -0.8120627 0.1824089 -0.1393905 0.5365179
1403638618.877830 2.7400756 -11.3420801 -2.3992949 -0.8079074 0.1892928 -0.1477808 0.5381587
1403638619.127830 3.0117397 -11.2189713 -2.3461876 -0.7919124 0.2180051 -0.1739151 0.5432328
1403638619.327830 3.2194495 -11.1130314 -2.3393459 -0.7752476 0.2621741 -0.2025085 0.5378162
1403638619.827830 3.6770935 -10.8503504 -2.4090462 -0.7426707 0.3382566 -0.2186693 0.5349826
1403638620.677830 4.4280496 -10.6630039 -2.4724941 -0.7426842 0.3375129 -0.2300743 0.5306327
1403638622.177830 5.5012579 -10.7621527 -2.6529770 -0.7410429 0.3087006 -0.2396487 0.5460110
1403638622.677830 5.6293960 -10.9063816 -2.7057147 -0.7382644 0.3064612 -0.2483009 0.5471690
1403638622.927830 5.6379619 -11.0092697 -2.6589813 -0.7234642 0.3033253 -0.2550925 0.5652620
1403638623.427830 5.5261106 -11.3051367 -2.6291089 -0.7423269 0.3184496 -0.2365065 0.5400049
1403638623.927830 5.3472009 -11.6713114 -2.5908484 -0.7455420 0.3185839 -0.2417152 0.5331464
1403638624.377830 5.1441813 -12.0313864 -2.5775385 -0.7435672 0.3282053 -0.2357971 0.5327184
1403638624.727829 4.9853854 -12.3249168 -2.6163492 -0.7335306 0.3248442 -0.2399272 0.5466663
1403638625.027829 4.8251963 -12.6046438 -2.6187429 -0.7496081 0.3109116 -0.2311042 0.5366679
1403638625.327830 4.6606474 -12.8857632 -2.6236229 -0.7524784 0.3098143 -0.2178204 0.5388373
1403638625.627830 4.5091591 -13.1702271 -2.6140060 -0.7539173 0.3081475 -0.2177346 0.5378155
1403638625.927830 4.3723459 -13.4528360 -2.5790529 -0.7618018 0.3111157 -0.2147204 0.5260802
1403638626.227829 4.2596855 -13.7227774 -2.5846062 -0.7623947 0.3135158 -0.2140933 0.5240481
1403638626.527829 4.1665096 -13.9779978 -2.6269979 -0.7613728 0.3036474 -0.2279930 0.5254798
1403638626.827830 4.0730553 -14.2071571 -2.6677799 -0.7689932 0.3074957 -0.2210990 0.5149865
1403638627.127830 4.0006495 -14.3905048 -2.6648331 -0.7713516 0.3070145 -0.2191606 0.5125694
1403638627.427830 3.9490938 -14.5358706 -2.6872711 -0.7719008 0.3034529 -0.2223704 0.5124811
1403638627.727829 3.9137030 -14.6427059 -2.7273674 -0.7668732 0.3009327 -0.2276214 0.5191661
1403638628.027829 3.8794146 -14.7201376 -2.7744141 -0.7683586 0.3006488 -0.2301509 0.5160096
1403638628.327830 3.8413410 -14.7674713 -2.8091755 -0.7696212 0.3032102 -0.2300026 0.5126848
1403638628.627830 3.8060303 -14.7785397 -2.8169413 -0.7544630 0.3137446 -0.2169015 0.5341384
1403638628.927830 3.7827787 -14.7978516 -2.8376999 -0.7559566 0.3111987 -0.2218868 0.5314615
1403638629.227829 3.7680044 -14.8208675 -2.8639717 -0.7606830 0.3041096 -0.2307576 0.5250044
1403638629.527829 3.7459860 -14.8298454 -2.8687677 -0.7695963 0.3086045 -0.2258498 0.5113479
1403638629.877830 3.7391605 -14.8067017 -2.8600721 -0.7535832 0.3227568 -0.2088286 0.5332271
1403638630.177830 3.7565413 -14.8037624 -2.9161949 -0.7501429 0.3053584 -0.2343526 0.5376995
1403638630.427830 3.7549639 -14.8005905 -2.9676228 -0.7642062 0.3133118 -0.2188405 0.5195513
1403638630.727829 3.7632227 -14.7807341 -2.9849682 -0.7824804 0.3026209 -0.2151470 0.4998567
1403638630.927830 3.7594690 -14.7956467 -2.9895802 -0.7807335 0.3024062 -0.2188416 0.5011129
1403638631.077830 3.7533731 -14.8052158 -2.9921837 -0.7809972 0.3021400 -0.2190650 0.5007647
1403638631.327830 3.7427626 -14.8212461 -2.9944229 -0.7808028 0.3029471 -0.2180534 0.5010217
