1403638130.245096922 0.20744 -0.01557 -0.07703 0.02578 0.01759 0.01331 0.99942
1403638130.345097065 0.24926 -0.02121 -0.09241 0.03085 0.02799 0.02381 0.99885
1403638130.445096970 0.28810 -0.02425 -0.10614 0.03719 0.03427 0.03248 0.99819
1403638130.645097017 0.35946 -0.03287 -0.13688 0.03834 0.03489 0.01674 0.99852
1403638130.745096922 0.39410 -0.03261 -0.15349 0.04241 0.04851 0.03379 0.99735
1403638130.845097065 0.42009 -0.03876 -0.15987 0.04869 0.05343 0.04564 0.99634
1403638131.045097113 0.43434 -0.02750 -0.16714 0.04432 0.08033 0.05488 0.99427
1403638131.245096922 0.40290 -0.03344 -0.15736 0.03807 0.05990 0.03044 0.99701
1403638131.345097065 0.37525 -0.03689 -0.14442 0.03722 0.04849 0.02046 0.99792
1403638131.545097113 0.30618 -0.03032 -0.12078 0.03088 0.04680 0.01534 0.99831
1403638131.745096922 0.22705 -0.01920 -0.09509 0.02903 0.04143 0.00679 0.99870
1403638131.845097065 0.18447 -0.01255 -0.08245 0.02324 0.03946 -0.00398 0.99894
1403638132.045097113 0.11968 -0.00674 -0.06165 0.01904 0.03102 -0.02490 0.99903
1403638132.145097017 0.11907 -0.00499 -0.06331 0.02118 0.02124 -0.03932 0.99878
1403638132.245096922 0.14573 -0.00489 -0.07468 0.02592 0.02960 -0.03385 0.99865
1403638132.345097065 0.18728 -0.00854 -0.09565 0.03153 0.04341 -0.02234 0.99831
1403638132.445096970 0.23732 -0.01308 -0.11766 0.04220 0.05082 -0.00731 0.99779
1403638132.545097113 0.29128 -0.01466 -0.14274 0.05227 0.07144 0.01644 0.99594
1403638132.645097017 0.33464 -0.03405 -0.15845 0.05768 0.08619 0.03189 0.99410
1403638132.745096922 0.36475 -0.03110 -0.16285 0.06077 0.07507 0.03422 0.99474
1403638132.945096970 0.38540 -0.03890 -0.17611 0.06340 0.09112 0.05051 0.99254
1403638133.145097017 0.35499 -0.02317 -0.15965 0.06404 0.08279 0.02816 0.99411
1403638133.245096922 0.33519 0.00501 -0.14823 0.05041 0.08085 0.02611 0.99511
1403638133.345097065 0.31363 0.04131 -0.13827 0.03042 0.07535 0.02334 0.99642
1403638133.445096970 0.28511 0.08383 -0.13597 0.00912 0.06714 0.02021 0.99750
1403638133.545097113 0.26515 0.13327 -0.13728 -0.01330 0.06529 0.02948 0.99734
1403638133.645097017 0.23700 0.17949 -0.13849 -0.02518 0.05971 0.04589 0.99684
1403638133.745096922 0.21787 0.21471 -0.14739 -0.04015 0.05305 0.05531 0.99625
1403638133.845097065 0.20220 0.24647 -0.15533 -0.06064 0.04886 0.05479 0.99546
1403638133.945096970 0.19221 0.25942 -0.15615 -0.07416 0.04541 0.05524 0.99468
1403638134.345097065 0.23429 0.17679 -0.05875 -0.07573 0.05560 0.05619 0.99399
1403638134.445096970 0.25277 0.14016 -0.02883 -0.07042 0.05016 0.06399 0.99420
1403638134.645097017 0.27532 0.05503 0.01833 -0.06111 0.05176 0.07962 0.99360
1403638134.745096922 0.28853 0.01202 0.02669 -0.05590 0.04204 0.07908 0.99441
1403638134.845097065 0.29586 -0.03168 0.03570 -0.05427 0.03236 0.07325 0.99531
1403638135.145097017 0.30854 -0.12830 0.04959 -0.05276 0.02968 0.06004 0.99636
1403638135.445096970 0.27246 -0.11891 0.04008 -0.06179 0.02689 0.05053 0.99645
1403638135.545097113 0.25988 -0.08921 0.02554 -0.06685 0.01863 0.04711 0.99648
1403638135.645097017 0.25248 -0.05500 0.02044 -0.07617 0.01711 0.04402 0.99598
1403638135.745096922 0.24604 -0.01851 0.00407 -0.08413 0.02638 0.05651 0.99450
1403638135.945096970 0.22774 0.04139 -0.03691 -0.09524 0.00990 0.04687 0.99430
1403638136.045097113 0.22887 0.07348 -0.06121 -0.10530 0.01039 0.04083 0.99355
1403638136.145097017 0.23871 0.11565 -0.09202 -0.11379 0.02761 0.04896 0.99191
1403638136.245096922 0.23704 0.15958 -0.12098 -0.11846 0.03826 0.05791 0.99053
1403638136.345097065 0.22580 0.19809 -0.14181 -0.12908 0.03695 0.05327 0.98951
1403638136.445096970 0.21048 0.22604 -0.15637 -0.13541 0.03123 0.04976 0.98905
1403638136.745096922 0.22735 0.20027 -0.16584 -0.12228 0.03153 0.07400 0.98923
1403638136.845097065 0.24410 0.16268 -0.16019 -0.10304 0.03923 0.08343 0.99040
1403638136.945096970 0.25245 0.12149 -0.14925 -0.08559 0.05774 0.09903 0.98971
1403638137.045097113 0.24261 0.08103 -0.13088 -0.07403 0.06754 0.10600 0.98930
1403638137.145097017 0.22084 0.04450 -0.10958 -0.06941 0.06000 0.09686 0.99106
1403638137.245096922 0.19101 0.01622 -0.08642 -0.06465 0.04491 0.08271 0.99346
1403638137.345097065 0.15693 -0.00502 -0.06888 -0.06014 0.03468 0.07398 0.99484
1403638137.445096970 0.12555 -0.02051 -0.05252 -0.06279 0.02365 0.06407 0.99569
1403638137.545097113 0.09237 -0.03315 -0.03546 -0.06777 0.00772 0.04891 0.99647
1403638137.645097017 0.09901 -0.02351 0.00578 -0.07417 -0.00257 0.03640 0.99658
1403638137.745096922 0.05176 -0.04815 -0.01520 -0.08232 0.00114 0.03652 0.99594
1403638137.845097065 0.03186 -0.05146 -0.00924 -0.08604 -0.00352 0.03702 0.99560
1403638137.945096970 0.01892 -0.05518 -0.00509 -0.08922 -0.01995 0.02776 0.99543
1403638138.045097113 0.00990 -0.05917 -0.00219 -0.08865 -0.02959 0.02080 0.99541
1403638138.245096922 0.00444 -0.05925 -0.00024 -0.08994 -0.00945 0.03072 0.99543
1403638138.545097113 0.00346 -0.06005 -0.00048 -0.09136 0.00321 0.03082 0.99534
1403638147.845097065 0.00775 -0.05830 0.00308 -0.09212 0.01311 0.03223 0.99514
1403638147.945096970 0.01786 -0.05612 0.00619 -0.09524 0.02737 0.03245 0.99455
1403638148.045097113 0.03555 -0.05391 0.00885 -0.09627 0.03729 0.03189 0.99415
1403638148.145097017 0.06129 -0.05233 0.01098 -0.09565 0.04430 0.03000 0.99398
1403638148.245096922 0.09732 -0.04905 0.00884 -0.09300 0.04692 0.02869 0.99415
1403638148.345097065 0.14843 -0.04869 -0.00203 -0.09006 0.04810 0.02683 0.99441
1403638148.545097113 0.22429 -0.04518 -0.01626 -0.08651 0.03735 0.02219 0.99530
1403638148.745096922 0.22845 -0.04399 0.00566 -0.08225 0.02494 0.02098 0.99608
1403638149.045097113 0.28689 -0.05317 0.03609 -0.07693 0.02849 0.01944 0.99644
1403638149.245096922 0.37647 -0.06314 0.05057 -0.07549 0.03660 0.01867 0.99630
1403638149.545097113 0.48338 -0.07622 0.08208 -0.07423 0.04108 0.01948 0.99620
1403638149.745096922 0.53450 -0.09048 0.11153 -0.06618 0.04100 0.01402 0.99687
1403638149.945096970 0.55805 -0.10753 0.14782 -0.05706 0.04062 0.01033 0.99749
1403638150.245096922 0.56025 -0.14437 0.21527 -0.06060 0.03907 -0.01336 0.99731
1403638150.445096970 0.54434 -0.19187 0.26917 -0.05347 0.02378 -0.00704 0.99826
1403638150.545097113 0.54305 -0.22453 0.29608 -0.04323 0.01632 -0.00382 0.99892
1403638150.645097017 0.55265 -0.25524 0.32323 -0.03435 0.01311 -0.00324 0.99932
1403638150.745096922 0.57375 -0.29110 0.35066 -0.02775 0.01435 -0.00521 0.99950
1403638150.845097065 0.60319 -0.32339 0.38183 -0.01951 0.01732 -0.01044 0.99961
1403638150.945096970 0.63623 -0.36198 0.41364 -0.01174 0.02238 -0.01590 0.99955
1403638151.145097017 0.68808 -0.44900 0.48577 0.01178 0.03217 -0.03115 0.99893
1403638151.245096922 0.70353 -0.49634 0.52623 0.03223 0.03186 -0.03963 0.99819
1403638151.345097065 0.71455 -0.54565 0.56536 0.05483 0.03003 -0.04863 0.99686
1403638151.445096970 0.72543 -0.59924 0.60441 0.07943 0.02954 -0.05563 0.99485
1403638151.545097113 0.74209 -0.65347 0.64252 0.10150 0.02972 -0.06377 0.99234
1403638151.645097017 0.76488 -0.70734 0.67778 0.11835 0.02979 -0.07033 0.99003
1403638151.845097065 0.82451 -0.81933 0.73951 0.13723 0.02877 -0.07897 0.98697
1403638152.045097113 0.90371 -0.93568 0.79200 0.14183 0.02668 -0.08343 0.98601
1403638152.345097065 0.99680 -1.12019 0.88171 0.13847 0.02768 -0.08870 0.98600
1403638152.645097017 1.03657 -1.32567 0.99690 0.13456 0.02446 -0.08972 0.98653
1403638152.745096922 1.05458 -1.40202 1.03398 0.13993 0.02242 -0.08725 0.98606
1403638152.845097065 1.07063 -1.48179 1.07050 0.15049 0.02483 -0.08542 0.98460
1403638152.945096970 1.09643 -1.56519 1.10286 0.16432 0.03049 -0.08659 0.98213
1403638153.045097113 1.12914 -1.64765 1.13152 0.17877 0.02795 -0.09160 0.97922
1403638153.145097017 1.16505 -1.73286 1.16025 0.19000 0.02151 -0.09695 0.97675
1403638153.245096922 1.19788 -1.81498 1.19141 0.19758 0.01820 -0.10169 0.97483
1403638153.345097065 1.23022 -1.89756 1.22524 0.20630 0.01625 -0.10716 0.97247
1403638153.445096970 1.25961 -1.98227 1.26233 0.21758 0.01503 -0.11546 0.96907
1403638153.545097113 1.29081 -2.06860 1.29936 0.22815 0.01474 -0.13113 0.96464
1403638153.645097017 1.32582 -2.16118 1.33506 0.24242 0.01494 -0.14321 0.95943
1403638153.745096922 1.36387 -2.25933 1.36814 0.26117 0.01658 -0.14757 0.95380
1403638153.845097065 1.39648 -2.35824 1.40279 0.27682 0.01898 -0.15170 0.94868
1403638153.945096970 1.42568 -2.46271 1.44078 0.28882 0.02416 -0.15179 0.94496
1403638154.045097113 1.44953 -2.56657 1.48102 0.29697 0.02661 -0.15000 0.94265
1403638154.145097017 1.46922 -2.67205 1.52298 0.30122 0.03242 -0.15042 0.94106
1403638154.245096922 1.48356 -2.77720 1.56545 0.30273 0.03980 -0.15151 0.94011
1403638154.345097065 1.49222 -2.88176 1.60697 0.30369 0.04617 -0.14986 0.93978
1403638154.445096970 1.50031 -2.98522 1.64622 0.30470 0.05529 -0.14650 0.93949
1403638154.645097017 1.49869 -3.18502 1.70975 0.30825 0.05294 -0.14417 0.93883
1403638154.745096922 1.50296 -3.28597 1.72831 0.31381 0.04490 -0.14940 0.93658
1403638154.845097065 1.51293 -3.38608 1.74002 0.31815 0.04081 -0.15812 0.93387
1403638154.945096970 1.52691 -3.48642 1.74705 0.32312 0.04006 -0.16615 0.93080
1403638155.045097113 1.54654 -3.58801 1.74472 0.33219 0.04195 -0.17137 0.92656
1403638155.145097017 1.56530 -3.69198 1.73769 0.34344 0.04434 -0.17537 0.92159
1403638155.245096922 1.57869 -3.79712 1.72887 0.35357 0.04758 -0.17571 0.91752
1403638155.345097065 1.58613 -3.90075 1.71693 0.36106 0.05329 -0.17773 0.91390
1403638155.545097113 1.57820 -4.10640 1.68883 0.38280 0.05967 -0.18385 0.90338
1403638155.645097017 1.56006 -4.21003 1.66682 0.40043 0.06018 -0.18097 0.89626
1403638155.745096922 1.54048 -4.30968 1.64314 0.42049 0.06105 -0.18041 0.88708
1403638155.845097065 1.51450 -4.40477 1.61468 0.44028 0.05750 -0.18456 0.87680
1403638155.945096970 1.48403 -4.49487 1.58662 0.46019 0.04663 -0.19416 0.86508
1403638156.045097113 1.45573 -4.58087 1.55200 0.48022 0.03298 -0.20772 0.85156
1403638156.145097017 1.43359 -4.66434 1.51233 0.50002 0.02283 -0.21838 0.83772
1403638156.245096922 1.41897 -4.74596 1.46981 0.51769 0.01646 -0.22498 0.82529
1403638156.345097065 1.40995 -4.82682 1.43083 0.53151 0.00826 -0.23350 0.81419
1403638156.445096970 1.39747 -4.90775 1.39243 0.54121 0.00230 -0.23823 0.80643
1403638156.545097113 1.38450 -4.98879 1.35921 0.54727 -0.00063 -0.24105 0.80149
1403638156.745096922 1.34554 -5.15619 1.31282 0.55147 -0.00159 -0.24324 0.79794
1403638157.045097113 1.28067 -5.42346 1.27271 0.54639 -0.00376 -0.24374 0.80127
1403638157.345097065 1.26912 -5.71666 1.24221 0.54240 -0.00649 -0.24580 0.80333
1403638157.545097113 1.27307 -5.93200 1.22202 0.54860 0.00588 -0.24980 0.79788
1403638157.645097017 1.26934 -6.04432 1.21388 0.55825 0.01422 -0.25179 0.79042
1403638157.745096922 1.26396 -6.15694 1.20362 0.57060 0.02294 -0.25796 0.77932
1403638157.845097065 1.26177 -6.26864 1.19431 0.58689 0.02502 -0.26299 0.76536
1403638158.045097113 1.27088 -6.49345 1.15859 0.61746 0.01940 -0.27005 0.73854
1403638158.145097017 1.27156 -6.60376 1.14205 0.62899 0.01326 -0.26896 0.72929
1403638158.245096922 1.27023 -6.71239 1.12964 0.63677 0.00934 -0.26821 0.72284
1403638158.445096970 1.25999 -6.92460 1.11506 0.64043 0.01537 -0.27570 0.71666
1403638158.645097017 1.23805 -7.13743 1.10277 0.63928 0.02404 -0.27898 0.71618
1403638158.845097065 1.21514 -7.34097 1.08900 0.63904 0.01219 -0.27354 0.71879
1403638159.045097113 1.21466 -7.54494 1.06194 0.63466 -0.00405 -0.27680 0.72151
1403638159.145097017 1.21945 -7.65050 1.04881 0.63004 -0.01540 -0.28393 0.72263
1403638159.345097065 1.23187 -7.87527 1.03055 0.63001 -0.01361 -0.27932 0.72449
1403638159.445096970 1.23603 -7.99454 1.02743 0.63744 0.00332 -0.26135 0.72482
1403638159.545097113 1.24545 -8.11668 1.02196 0.64628 0.01500 -0.23896 0.72457
1403638159.645097017 1.26493 -8.22999 1.01970 0.65428 0.01542 -0.21865 0.72379
1403638159.745096922 1.28910 -8.33531 1.02319 0.65888 0.01303 -0.20742 0.72297
1403638159.845097065 1.32327 -8.43280 1.02960 0.65843 0.02085 -0.20977 0.72252
1403638160.145097017 1.48158 -8.65444 1.05433 0.64835 0.03531 -0.24254 0.72081
1403638160.245096922 1.54637 -8.71676 1.05637 0.64333 0.02238 -0.25721 0.72074
1403638160.345097065 1.61862 -8.77780 1.05485 0.63906 0.01136 -0.26877 0.72058
1403638160.645097017 1.82916 -8.96152 1.05604 0.63511 0.00141 -0.27662 0.72119
1403638160.745096922 1.89545 -9.02797 1.06111 0.63692 0.00325 -0.27227 0.72124
1403638160.845097065 1.96299 -9.08781 1.07260 0.64023 0.00769 -0.25729 0.72377
1403638160.945096970 2.02578 -9.14959 1.08478 0.63843 0.01527 -0.23980 0.73121
1403638161.045097113 2.08655 -9.20990 1.10010 0.62939 0.02155 -0.22923 0.74220
1403638161.145097017 2.14728 -9.26472 1.11953 0.61511 0.02407 -0.22410 0.75554
1403638161.245096922 2.20750 -9.31382 1.14125 0.59536 0.02326 -0.22199 0.77183
1403638161.345097065 2.26592 -9.35650 1.16714 0.57378 0.02163 -0.21829 0.78909
1403638161.445096970 2.32544 -9.40033 1.19858 0.55443 0.01438 -0.21940 0.80266
1403638161.545097113 2.37552 -9.43834 1.23200 0.53982 0.00877 -0.22148 0.81207
1403638161.645097017 2.42344 -9.47889 1.26538 0.53047 0.00468 -0.21918 0.81887
1403638161.745096922 2.46671 -9.51959 1.30245 0.52654 0.00230 -0.21261 0.82313
1403638161.845097065 2.50544 -9.56303 1.34171 0.52203 0.00615 -0.20642 0.82755
1403638161.945096970 2.54078 -9.60348 1.38842 0.51529 0.01150 -0.20022 0.83322
1403638162.245096922 2.67529 -9.71673 1.53083 0.50133 0.00504 -0.19168 0.84374
1403638162.445096970 2.77416 -9.78841 1.63997 0.50069 0.00171 -0.18383 0.84588
1403638162.645097017 2.87451 -9.85389 1.76710 0.49851 0.00901 -0.19064 0.84562
1403638162.845097065 2.99960 -9.91117 1.89798 0.49560 0.00689 -0.19470 0.84642
1403638162.945096970 3.07681 -9.93737 1.96543 0.49515 0.00744 -0.18440 0.84898
1403638163.045097113 3.16271 -9.96271 2.03514 0.49450 0.01704 -0.17553 0.85110
1403638163.145097017 3.23699 -9.98727 2.10711 0.48970 0.02149 -0.16894 0.85510
1403638163.245096922 3.29609 -10.00325 2.18700 0.47806 0.02279 -0.17032 0.86135
1403638163.345097065 3.34300 -10.01319 2.27920 0.46338 0.02576 -0.17155 0.86901
1403638163.445096970 3.38703 -10.02255 2.36906 0.44737 0.02933 -0.16918 0.87771
1403638163.545097113 3.43394 -10.03124 2.45446 0.43455 0.03015 -0.16538 0.88482
1403638163.645097017 3.48300 -10.03917 2.53354 0.42578 0.02919 -0.16325 0.88950
1403638163.745096922 3.53993 -10.04390 2.61463 0.42027 0.02987 -0.16181 0.89236
1403638163.845097065 3.60290 -10.04717 2.69046 0.41799 0.03138 -0.15940 0.89381
1403638164.045097113 3.74346 -10.04522 2.83228 0.41993 0.02518 -0.15181 0.89442
1403638164.245096922 3.90211 -10.03229 2.97044 0.42581 0.02482 -0.14428 0.89289
1403638164.345097065 3.97983 -10.01868 3.03933 0.42863 0.02647 -0.14121 0.89198
1403638164.545097113 4.11889 -9.98415 3.18617 0.43210 0.02620 -0.13835 0.89077
1403638164.645097017 4.18765 -9.95546 3.27135 0.43200 0.02418 -0.13560 0.89129
1403638164.745096922 4.25067 -9.92228 3.35679 0.42522 0.02761 -0.13633 0.89434
1403638164.845097065 4.31276 -9.88343 3.45476 0.41570 0.04025 -0.14658 0.89671
1403638164.945096970 4.37171 -9.84503 3.54666 0.40775 0.05043 -0.15416 0.89857
1403638165.045097113 4.42204 -9.79910 3.63426 0.40631 0.05560 -0.14331 0.90071
1403638165.145097017 4.46937 -9.75009 3.71860 0.40247 0.05123 -0.13155 0.90448
1403638165.245096922 4.50802 -9.69151 3.80848 0.39543 0.03928 -0.13248 0.90804
1403638165.345097065 4.54616 -9.63228 3.89603 0.39010 0.02484 -0.13107 0.91106
1403638165.445096970 4.58334 -9.56898 3.98135 0.38692 0.02254 -0.12761 0.91296
1403638165.545097113 4.61655 -9.50237 4.07328 0.38408 0.03569 -0.12550 0.91403
1403638165.645097017 4.64658 -9.43172 4.16515 0.38186 0.05355 -0.12501 0.91416
1403638165.745096922 4.67034 -9.35559 4.25781 0.38001 0.06664 -0.12623 0.91390
1403638165.845097065 4.68052 -9.27612 4.34683 0.37750 0.06337 -0.13142 0.91444
1403638165.945096970 4.69653 -9.18871 4.43519 0.37582 0.05288 -0.13729 0.91494
1403638166.045097113 4.71862 -9.10019 4.51023 0.37465 0.04022 -0.14233 0.91529
1403638166.145097017 4.74895 -9.01047 4.58207 0.37236 0.03473 -0.15151 0.91498
1403638166.245096922 4.79568 -8.92366 4.64230 0.37287 0.03189 -0.15602 0.91412
1403638166.345097065 4.85886 -8.83783 4.69359 0.37372 0.03203 -0.16022 0.91304
1403638166.445096970 4.93137 -8.75634 4.73758 0.37421 0.03171 -0.16318 0.91233
1403638166.545097113 5.00325 -8.67776 4.77761 0.37604 0.03188 -0.16334 0.91154
1403638166.645097017 5.06982 -8.60281 4.82017 0.37764 0.03174 -0.16307 0.91093
1403638166.845097065 5.17490 -8.46010 4.91094 0.38532 0.01381 -0.14914 0.91055
1403638166.945096970 5.21687 -8.38764 4.96363 0.38719 -0.00594 -0.14526 0.91047
1403638167.045097113 5.25757 -8.32036 5.02367 0.38512 -0.01615 -0.15007 0.91044
1403638167.145097017 5.30419 -8.25746 5.09013 0.38268 -0.01673 -0.15694 0.91030
1403638167.245096922 5.36280 -8.20031 5.15750 0.38045 -0.01241 -0.16313 0.91022
1403638167.345097065 5.42996 -8.14910 5.22662 0.37954 -0.00746 -0.16545 0.91023
1403638167.445096970 5.50024 -8.10304 5.30288 0.37980 -0.00411 -0.16367 0.91046
1403638167.545097113 5.56959 -8.06128 5.38215 0.38150 0.00209 -0.15844 0.91069
1403638167.645097017 5.63028 -8.02292 5.46683 0.38437 0.00688 -0.14575 0.91157
1403638167.745096922 5.68888 -7.98470 5.55813 0.38198 0.00945 -0.13349 0.91443
1403638167.845097065 5.74555 -7.94642 5.65323 0.37513 0.00856 -0.12048 0.91907
1403638167.945096970 5.80168 -7.90565 5.75486 0.36353 0.01016 -0.11031 0.92497
1403638168.045097113 5.85695 -7.86297 5.86157 0.34993 0.01224 -0.10349 0.93096
1403638168.145097017 5.91981 -7.81599 5.97097 0.33838 0.01392 -0.09806 0.93578
1403638168.245096922 5.99464 -7.76441 6.07774 0.32355 0.01612 -0.09599 0.94119
1403638168.345097065 6.06971 -7.70938 6.18908 0.30665 0.01902 -0.09382 0.94700
1403638168.445096970 6.15373 -7.65341 6.29540 0.28911 0.02256 -0.09226 0.95257
1403638168.545097113 6.23596 -7.59467 6.40232 0.27239 0.01991 -0.10083 0.95668
1403638168.645097017 6.31084 -7.53783 6.51275 0.25852 0.01494 -0.11127 0.95946
1403638168.745096922 6.37725 -7.48624 6.62975 0.24994 0.01248 -0.11793 0.96097
1403638168.845097065 6.43925 -7.44063 6.74964 0.24615 0.01021 -0.12027 0.96169
1403638168.945096970 6.50137 -7.39942 6.86961 0.24508 0.00870 -0.12199 0.96176
1403638169.045097113 6.55887 -7.36736 6.99537 0.24713 0.01392 -0.12251 0.96111
1403638169.145097017 6.61194 -7.33956 7.12321 0.25381 0.02324 -0.11457 0.96016
1403638169.245096922 6.65937 -7.31639 7.25348 0.26132 0.02752 -0.10242 0.95941
1403638169.345097065 6.70187 -7.29588 7.38556 0.26578 0.03321 -0.08083 0.96006
1403638169.445096970 6.74912 -7.26384 7.51738 0.26409 0.04062 -0.05933 0.96181
1403638169.545097113 6.79952 -7.22869 7.64785 0.25329 0.04673 -0.04643 0.96515
1403638169.645097017 6.85272 -7.17870 7.77588 0.23508 0.05027 -0.04227 0.96975
1403638169.745096922 6.91152 -7.12365 7.89855 0.21141 0.05021 -0.04420 0.97511
1403638169.845097065 6.97005 -7.06246 8.01651 0.18236 0.05256 -0.05181 0.98046
1403638169.945096970 7.03362 -7.00998 8.12137 0.15195 0.05967 -0.05715 0.98493
1403638170.045097113 7.09433 -6.95692 8.22811 0.12614 0.07245 -0.05176 0.98801
1403638170.145097017 7.15698 -6.90111 8.32506 0.10400 0.07740 -0.03796 0.99083
1403638170.245096922 7.20742 -6.85167 8.41934 0.08239 0.07749 -0.02058 0.99337
1403638170.345097065 7.24774 -6.79315 8.50576 0.06179 0.07419 -0.00258 0.99532
1403638170.445096970 7.28033 -6.73316 8.58869 0.03979 0.06816 0.01163 0.99681
1403638170.545097113 7.31200 -6.67133 8.66311 0.02181 0.06697 0.03119 0.99703
1403638170.645097017 7.34937 -6.59850 8.72944 0.00327 0.07241 0.04674 0.99627
1403638170.745096922 7.38820 -6.52388 8.78489 -0.01649 0.07575 0.05766 0.99532
1403638170.845097065 7.42592 -6.44158 8.82922 -0.03669 0.07687 0.06578 0.99419
1403638170.945096970 7.45922 -6.35482 8.86979 -0.05780 0.07616 0.07142 0.99285
1403638171.045097113 7.48714 -6.26519 8.90310 -0.07801 0.07810 0.07817 0.99081
1403638171.145097017 7.50774 -6.17251 8.92917 -0.09349 0.08021 0.08466 0.98877
1403638171.245096922 7.51696 -6.07962 8.95326 -0.10375 0.08292 0.09147 0.98691
1403638171.345097065 7.52140 -5.98383 8.96977 -0.11069 0.08493 0.09508 0.98564
1403638171.445096970 7.52177 -5.88613 8.98112 -0.11730 0.08772 0.09866 0.98428
1403638171.545097113 7.52090 -5.78346 8.98301 -0.12186 0.09130 0.10441 0.98281
1403638171.645097017 7.51208 -5.67796 8.97755 -0.12821 0.09486 0.10960 0.98110
1403638171.745096922 7.49584 -5.56262 8.96582 -0.13602 0.09831 0.11719 0.97883
1403638171.845097065 7.47442 -5.44313 8.94395 -0.14345 0.10199 0.12416 0.97653
1403638171.945096970 7.45407 -5.31905 8.90667 -0.15114 0.10871 0.12734 0.97423
1403638172.045097113 7.43249 -5.19088 8.85719 -0.15943 0.11039 0.12497 0.97303
1403638172.145097017 7.40839 -5.05676 8.79421 -0.16508 0.10979 0.12221 0.97250
1403638172.245096922 7.37444 -4.92363 8.72264 -0.16825 0.10784 0.12113 0.97231
1403638172.345097065 7.32811 -4.78752 8.64504 -0.16999 0.10711 0.11930 0.97232
1403638172.445096970 7.27146 -4.65244 8.56263 -0.16952 0.10862 0.11895 0.97227
1403638172.545097113 7.20295 -4.51404 8.47571 -0.16738 0.11230 0.12041 0.97205
1403638172.645097017 7.12464 -4.38199 8.37774 -0.16435 0.11498 0.12221 0.97203
1403638172.745096922 7.03216 -4.24635 8.27518 -0.16155 0.11454 0.12260 0.97250
1403638172.845097065 6.93154 -4.10801 8.16125 -0.15758 0.11541 0.12446 0.97281
1403638172.945096970 6.82412 -3.96602 8.03835 -0.15328 0.11279 0.12626 0.97357
1403638173.045097113 6.71233 -3.82277 7.90910 -0.14836 0.10677 0.12949 0.97459
1403638173.145097017 6.59160 -3.67330 7.76811 -0.14361 0.09843 0.13296 0.97571
1403638173.245096922 6.45816 -3.51800 7.62914 -0.14351 0.09199 0.12820 0.97699
1403638173.345097065 6.31710 -3.34422 7.49032 -0.14529 0.08520 0.12010 0.97837
1403638173.445096970 6.18940 -3.17811 7.33417 -0.15255 0.07873 0.10350 0.97970
1403638173.545097113 6.03683 -3.01726 7.18508 -0.15807 0.07271 0.09198 0.98044
1403638173.645097017 5.88515 -2.85320 7.03155 -0.16021 0.06975 0.08789 0.98069
1403638173.745096922 5.73369 -2.70244 6.88429 -0.16146 0.06792 0.08785 0.98061
1403638173.845097065 5.57623 -2.55142 6.73516 -0.16222 0.06495 0.09011 0.98048
1403638173.945096970 5.43800 -2.41438 6.57517 -0.16386 0.06294 0.08995 0.98036
1403638174.045097113 5.29619 -2.26426 6.40977 -0.16406 0.05900 0.09097 0.98047
1403638174.145097017 5.14298 -2.10370 6.24692 -0.16401 0.05810 0.09015 0.98061
1403638174.245096922 4.99016 -1.95621 6.09053 -0.16394 0.05040 0.08970 0.98109
1403638174.345097065 4.83516 -1.81132 5.93863 -0.16292 0.04121 0.09054 0.98161
1403638174.445096970 4.68014 -1.66733 5.78446 -0.16182 0.03423 0.09122 0.98200
1403638174.545097113 4.52929 -1.53044 5.63526 -0.16020 0.02936 0.09398 0.98216
1403638174.645097017 4.38597 -1.39138 5.48485 -0.16129 0.02096 0.09033 0.98254
1403638174.745096922 4.24901 -1.25420 5.33636 -0.16191 0.01255 0.08824 0.98277
1403638174.845097065 4.12196 -1.11682 5.18981 -0.16184 0.00651 0.08781 0.98288
1403638174.945096970 3.99298 -0.98054 5.05289 -0.16279 0.00395 0.08629 0.98287
1403638175.045097113 3.87946 -0.84210 4.92059 -0.16394 0.00461 0.08472 0.98281
1403638175.145097017 3.78082 -0.70886 4.78830 -0.16602 0.00440 0.08410 0.98252
1403638175.245096922 3.67963 -0.58429 4.66411 -0.16857 0.00338 0.08262 0.98222
1403638175.345097065 3.58547 -0.45560 4.53944 -0.16988 -0.00438 0.08365 0.98190
1403638175.445096970 3.50749 -0.32853 4.42300 -0.17213 -0.01542 0.08113 0.98161
1403638175.545097113 3.45105 -0.20463 4.31571 -0.17386 -0.03022 0.07775 0.98123
1403638175.645097017 3.39965 -0.07721 4.21334 -0.17259 -0.04461 0.08117 0.98063
1403638175.745096922 3.35123 0.04860 4.13079 -0.17055 -0.05455 0.08366 0.98028
1403638175.845097065 3.30415 0.17685 4.06543 -0.16991 -0.06108 0.08236 0.98011
1403638175.945096970 3.25407 0.30226 4.01595 -0.17089 -0.06167 0.07644 0.98038
1403638176.045097113 3.21051 0.42709 3.98350 -0.17341 -0.05231 0.06591 0.98125
1403638176.245096922 3.15625 0.66169 3.95931 -0.17578 -0.00146 0.05662 0.98280
1403638176.345097065 3.14142 0.76726 3.95355 -0.17658 0.01403 0.05600 0.98259
1403638176.445096970 3.13116 0.86879 3.94966 -0.17804 0.01767 0.05464 0.98235
1403638176.645097017 3.12365 1.05132 3.94471 -0.18003 0.01441 0.05349 0.98210
1403638176.845097065 3.14123 1.20471 3.94244 -0.17862 0.01431 0.05767 0.98212
1403638177.145097017 3.17985 1.39345 3.95759 -0.18022 0.00969 0.05537 0.98202
1403638177.445096970 3.18515 1.53259 4.02345 -0.18217 0.00751 0.05306 0.98180
1403638177.645097017 3.17447 1.59711 4.09294 -0.17449 0.01315 0.07787 0.98149
1403638177.845097065 3.15512 1.65521 4.17125 -0.17219 0.02759 0.09989 0.97960
1403638177.945096970 3.14490 1.68836 4.20964 -0.17371 0.03908 0.10328 0.97859
1403638178.045097113 3.14187 1.72297 4.23940 -0.17801 0.04607 0.10100 0.97775
1403638178.145097017 3.13975 1.75955 4.26016 -0.18832 0.04828 0.09878 0.97593
1403638178.245096922 3.14350 1.79784 4.27371 -0.20193 0.05224 0.10301 0.97257
1403638178.345097065 3.15076 1.83826 4.27840 -0.21926 0.05526 0.11054 0.96781
1403638178.445096970 3.15615 1.88096 4.27541 -0.23950 0.05525 0.12104 0.96174
1403638178.545097113 3.15778 1.92265 4.26841 -0.26133 0.04879 0.13460 0.95457
1403638178.645097017 3.15357 1.96564 4.25795 -0.28197 0.04214 0.14988 0.94671
1403638178.745096922 3.14610 2.00717 4.24613 -0.30324 0.04001 0.16159 0.93826
1403638178.845097065 3.13245 2.05395 4.23223 -0.32381 0.03557 0.16995 0.93005
1403638178.945096970 3.11321 2.10050 4.21392 -0.33889 0.02800 0.17702 0.92360
1403638179.045097113 3.08995 2.14829 4.19567 -0.34940 0.01739 0.18180 0.91900
1403638179.145097017 3.06381 2.20019 4.18177 -0.35865 0.00841 0.18276 0.91537
1403638179.245096922 3.03227 2.25552 4.17039 -0.36956 0.00049 0.18152 0.91130
1403638179.345097065 3.00069 2.31663 4.16183 -0.38192 -0.00591 0.18278 0.90592
1403638179.445096970 2.96975 2.38367 4.15125 -0.39713 0.00125 0.18683 0.89855
1403638179.545097113 2.93742 2.45373 4.14531 -0.41535 0.01430 0.19233 0.88898
1403638179.645097017 2.90534 2.52510 4.14308 -0.43485 0.02072 0.19916 0.87796
1403638179.745096922 2.87492 2.59687 4.13584 -0.45589 0.02431 0.20517 0.86573
1403638179.845097065 2.85061 2.67026 4.12045 -0.47643 0.02600 0.21142 0.85302
1403638179.945096970 2.83229 2.74402 4.10317 -0.49344 0.02222 0.22060 0.84105
1403638180.045097113 2.81740 2.81747 4.08538 -0.50452 0.01421 0.23108 0.83178
1403638180.145097017 2.80076 2.89291 4.06753 -0.51241 0.01274 0.23817 0.82495
1403638180.245096922 2.78997 2.96675 4.04292 -0.51832 0.01164 0.23948 0.82089
1403638180.445096970 2.75054 3.12607 4.00785 -0.52237 0.00621 0.24123 0.81786
1403638180.645097017 2.69557 3.29827 3.97508 -0.52377 0.00040 0.23424 0.81902
1403638180.845097065 2.66181 3.48384 3.94304 -0.51776 -0.00912 0.23662 0.82210
1403638181.045097113 2.64463 3.68678 3.91494 -0.51193 -0.00292 0.23734 0.82558
1403638181.245096922 2.60918 3.90373 3.89579 -0.50831 0.00986 0.23807 0.82756
1403638181.345097065 2.59173 4.01272 3.88700 -0.51275 0.02275 0.23977 0.82407
1403638181.445096970 2.55980 4.12892 3.87641 -0.52141 0.03414 0.24678 0.81613
1403638181.545097113 2.52925 4.24248 3.86328 -0.53707 0.05039 0.25124 0.80367
1403638181.645097017 2.49689 4.35532 3.83970 -0.55733 0.05922 0.25070 0.78932
1403638181.745096922 2.46634 4.46612 3.80979 -0.57745 0.05233 0.25212 0.77476
1403638181.845097065 2.43811 4.57192 3.76788 -0.59732 0.04144 0.25399 0.75959
1403638181.945096970 2.41550 4.67409 3.71873 -0.61405 0.02982 0.25879 0.74504
1403638182.045097113 2.39630 4.77404 3.66549 -0.62369 0.02121 0.26776 0.73408
1403638182.145097017 2.38716 4.87057 3.60838 -0.63013 0.01489 0.27561 0.72577
1403638182.245096922 2.37881 4.96771 3.55062 -0.63298 0.01271 0.28446 0.71990
1403638182.345097065 2.36463 5.06977 3.49410 -0.63293 0.01388 0.29287 0.71655
1403638182.445096970 2.34975 5.17313 3.43311 -0.63290 0.00971 0.29566 0.71549
1403638182.545097113 2.33818 5.28180 3.36700 -0.63438 -0.00082 0.29072 0.71627
1403638182.645097017 2.33377 5.39535 3.29724 -0.63475 -0.00884 0.28564 0.71794
1403638182.745096922 2.33533 5.51513 3.22761 -0.63306 -0.00979 0.28408 0.72003
1403638182.845097065 2.33653 5.63933 3.16000 -0.63187 -0.00760 0.28221 0.72183
1403638182.945096970 2.33355 5.76486 3.09370 -0.63140 -0.00163 0.27889 0.72357
1403638183.045097113 2.32614 5.89306 3.03029 -0.63238 0.00644 0.27216 0.72525
1403638183.145097017 2.31512 6.02351 2.97112 -0.63471 0.00849 0.26279 0.72664
1403638183.245096922 2.29947 6.15438 2.91697 -0.63494 0.00476 0.25911 0.72780
1403638183.345097065 2.28050 6.28285 2.86473 -0.63261 -0.00218 0.26339 0.72830
1403638183.445096970 2.25901 6.41205 2.81823 -0.63007 -0.01058 0.26880 0.72845
1403638183.545097113 2.23594 6.54352 2.77379 -0.62914 -0.01826 0.27011 0.72862
1403638183.645097017 2.21419 6.67782 2.73401 -0.62939 -0.01645 0.26981 0.72856
1403638183.745096922 2.19749 6.81651 2.69767 -0.63321 -0.00803 0.26030 0.72885
1403638183.845097065 2.18710 6.95634 2.66043 -0.63759 -0.00115 0.24892 0.72906
1403638183.945096970 2.18665 7.09431 2.62641 -0.63948 0.00355 0.24486 0.72876
1403638184.045097113 2.19254 7.23145 2.59468 -0.63912 0.00292 0.24719 0.72830
1403638184.245096922 2.21114 7.49757 2.53842 -0.63468 -0.00986 0.26162 0.72708
1403638184.345097065 2.21589 7.63205 2.51557 -0.63527 -0.01016 0.26153 0.72659
1403638184.445096970 2.21958 7.76787 2.49878 -0.63723 -0.00528 0.25755 0.72634
1403638184.545097113 2.22226 7.90494 2.48598 -0.63904 -0.00244 0.25399 0.72602
1403638184.645097017 2.22678 8.04031 2.47500 -0.64002 0.00047 0.25240 0.72572
1403638184.845097065 2.23949 8.30886 2.46147 -0.64026 0.00110 0.25365 0.72507
1403638184.945096970 2.24609 8.44456 2.45972 -0.64177 0.00166 0.25030 0.72490
1403638185.145097017 2.27450 8.70460 2.45893 -0.64143 -0.00022 0.25126 0.72487
1403638185.345097065 2.30998 8.95992 2.46684 -0.64352 -0.00645 0.24419 0.72540
1403638185.445096970 2.32857 9.08910 2.48088 -0.64289 -0.00540 0.23621 0.72861
1403638185.545097113 2.35185 9.21401 2.49673 -0.63759 -0.00409 0.22623 0.73639
1403638185.645097017 2.37561 9.33873 2.52644 -0.62953 -0.00242 0.21796 0.74578
1403638185.745096922 2.40086 9.45533 2.54896 -0.62011 0.00489 0.21658 0.75401
1403638185.845097065 2.43139 9.56821 2.58105 -0.60712 0.01482 0.23139 0.76003
1403638185.945096970 2.45758 9.67608 2.61268 -0.59474 0.02275 0.24905 0.76403
1403638186.145097017 2.49052 9.89364 2.67800 -0.59071 0.01493 0.24788 0.76772
1403638186.345097065 2.52284 10.10980 2.73510 -0.59307 0.00560 0.23975 0.76861
1403638186.545097113 2.57345 10.32760 2.78396 -0.59536 0.00347 0.23634 0.76791
1403638186.745096922 2.62065 10.53753 2.83961 -0.59913 -0.00387 0.22741 0.76767
1403638186.945096970 2.64920 10.75143 2.92896 -0.58929 -0.01151 0.21308 0.77923
1403638187.045097113 2.67826 10.85422 2.97808 -0.57356 -0.00780 0.20977 0.79181
1403638187.145097017 2.71148 10.95978 3.04095 -0.55327 0.00338 0.20314 0.80785
1403638187.245096922 2.75289 11.06027 3.09729 -0.52998 0.01587 0.19502 0.82513
1403638187.345097065 2.78583 11.16539 3.14619 -0.50813 0.02628 0.18326 0.84115
1403638187.445096970 2.84443 11.24790 3.18977 -0.49143 0.03380 0.17237 0.85302
1403638187.545097113 2.88786 11.34022 3.23466 -0.47827 0.03381 0.16790 0.86135
1403638187.645097017 2.95412 11.39926 3.27428 -0.46864 0.02575 0.17011 0.86647
1403638187.845097065 3.05241 11.52511 3.35649 -0.46407 0.01556 0.16533 0.87009
1403638187.945096970 3.08819 11.59383 3.40506 -0.46704 0.01388 0.15780 0.86993
1403638188.045097113 3.12543 11.65343 3.45130 -0.47192 0.01577 0.14894 0.86883
1403638188.245096922 3.18535 11.75334 3.56328 -0.48035 0.02586 0.13697 0.86593
1403638188.345097065 3.22016 11.78754 3.62070 -0.48038 0.04741 0.13885 0.86470
1403638188.445096970 3.24441 11.81285 3.68037 -0.48138 0.06586 0.13871 0.86296
1403638188.645097017 3.28058 11.82746 3.78749 -0.47879 0.08084 0.14001 0.86292
1403638188.745096922 3.30618 11.81075 3.83153 -0.47128 0.07462 0.14259 0.86718
1403638188.845097065 3.32905 11.78615 3.86694 -0.46358 0.06404 0.14524 0.87172
1403638188.945096970 3.34432 11.75085 3.89480 -0.45700 0.05819 0.14734 0.87524
1403638189.045097113 3.38678 11.70358 3.91696 -0.45029 0.05380 0.14827 0.87884
1403638189.145097017 3.41179 11.65454 3.94015 -0.43965 0.05446 0.14663 0.88444
1403638189.245096922 3.44364 11.59587 3.95773 -0.42400 0.05376 0.14575 0.89224
1403638189.345097065 3.46717 11.53138 3.98085 -0.40625 0.04753 0.14360 0.90115
1403638189.445096970 3.48474 11.46492 3.98850 -0.38936 0.03099 0.14489 0.90909
1403638189.545097113 3.50443 11.39774 4.00202 -0.37625 0.01792 0.14645 0.91470
1403638189.645097017 3.48568 11.37283 3.97394 -0.36482 0.01331 0.14663 0.91936
1403638189.745096922 3.55628 11.26595 4.01516 -0.35966 0.00353 0.15350 0.92037
1403638189.845097065 3.57970 11.20141 4.02424 -0.35561 -0.00385 0.15753 0.92125
1403638189.945096970 3.59467 11.14472 4.03979 -0.35430 -0.01095 0.15884 0.92148
1403638190.145097017 3.62620 11.04791 4.07826 -0.35953 0.00541 0.14978 0.92102
1403638190.245096922 3.63828 11.00556 4.10474 -0.36473 0.01777 0.13908 0.92050
1403638190.345097065 3.63542 10.96109 4.13377 -0.36849 0.02561 0.11854 0.92169
1403638190.445096970 3.63865 10.91104 4.16942 -0.36780 0.02793 0.09907 0.92419
1403638190.545097113 3.63553 10.86145 4.20456 -0.36178 0.02747 0.09372 0.92713
1403638190.645097017 3.63125 10.80147 4.24401 -0.35494 0.02610 0.09420 0.92976
1403638190.745096922 3.63017 10.73387 4.28595 -0.34918 0.02669 0.09586 0.93176
1403638190.845097065 3.63243 10.66495 4.31612 -0.34132 0.02951 0.10569 0.93352
1403638190.945096970 3.64639 10.59004 4.34886 -0.33640 0.02971 0.11173 0.93460
1403638191.045097113 3.66270 10.51102 4.38207 -0.33401 0.03536 0.11397 0.93499
1403638191.245096922 3.70408 10.34732 4.42631 -0.33167 0.02617 0.11933 0.93545
1403638191.345097065 3.73279 10.26317 4.44207 -0.33036 0.01574 0.12357 0.93560
1403638191.545097113 3.77774 10.10135 4.48487 -0.33173 0.01020 0.12571 0.93490
1403638191.745096922 3.82052 9.94345 4.53861 -0.33640 0.00621 0.11833 0.93423
1403638191.945096970 3.84004 9.79084 4.61829 -0.33926 0.00422 0.11383 0.93377
1403638192.145097017 3.87478 9.63659 4.70387 -0.33908 0.00643 0.11378 0.93383
1403638192.245096922 3.90688 9.55718 4.74727 -0.33835 0.01180 0.11465 0.93393
1403638192.345097065 3.94867 9.47849 4.78701 -0.33735 0.02229 0.11528 0.93403
1403638192.445096970 4.00153 9.40079 4.82386 -0.33671 0.02659 0.11550 0.93412
1403638192.545097113 4.05636 9.32019 4.85749 -0.33682 0.03145 0.11453 0.93405
1403638192.645097017 4.11463 9.23924 4.89121 -0.33825 0.04140 0.11071 0.93360
1403638192.745096922 4.17041 9.15436 4.92746 -0.33899 0.05249 0.10974 0.93289
1403638192.845097065 4.21626 9.06930 4.95277 -0.33804 0.06388 0.11058 0.93243
1403638192.945096970 4.25297 8.97860 4.97528 -0.33476 0.08483 0.11572 0.93131
1403638193.045097113 4.29625 8.88512 4.99152 -0.32884 0.09966 0.12215 0.93113
1403638193.145097017 4.29974 8.79190 4.98618 -0.32000 0.09655 0.12225 0.93452
1403638193.245096922 4.32768 8.68780 4.98027 -0.31345 0.08358 0.11815 0.93851
1403638193.345097065 4.35444 8.58385 4.95357 -0.30889 0.07374 0.11189 0.94161
1403638193.445096970 4.39783 8.47582 4.91488 -0.30693 0.06984 0.10315 0.94354
1403638193.545097113 4.44241 8.36506 4.87168 -0.30435 0.06997 0.09907 0.94481
1403638193.645097017 4.47095 8.25348 4.82927 -0.30166 0.06274 0.10000 0.94608
1403638193.745096922 4.48818 8.13436 4.79244 -0.29823 0.04973 0.10599 0.94729
1403638193.845097065 4.49761 8.01605 4.74675 -0.29690 0.04060 0.10906 0.94779
1403638193.945096970 4.50602 7.90263 4.69858 -0.29595 0.03416 0.11132 0.94808
1403638194.145097017 4.49139 7.67104 4.60710 -0.29735 0.04160 0.10978 0.94752
1403638194.245096922 4.47436 7.55409 4.57093 -0.29937 0.05051 0.10689 0.94679
1403638194.445096970 4.42349 7.31142 4.49440 -0.29884 0.04351 0.11264 0.94663
1403638194.545097113 4.40308 7.18772 4.45384 -0.29915 0.03734 0.11501 0.94651
1403638194.645097017 4.38902 7.06720 4.40996 -0.29916 0.03046 0.11776 0.94642
1403638194.745096922 4.38273 6.95189 4.35725 -0.29907 0.02168 0.12050 0.94634
1403638194.845097065 4.37671 6.84022 4.31690 -0.29977 0.01463 0.12182 0.94609
1403638195.045097113 4.35300 6.63111 4.24220 -0.30111 0.00775 0.12159 0.94578
1403638195.245096922 4.31795 6.44402 4.18929 -0.29863 -0.00685 0.12760 0.94577
1403638195.345097065 4.30640 6.35524 4.17749 -0.29676 -0.01929 0.13286 0.94547
1403638195.545097113 4.27336 6.20309 4.16276 -0.29932 0.00544 0.12608 0.94577
1403638195.645097017 4.25683 6.13325 4.16792 -0.30100 0.01761 0.12121 0.94573
1403638195.845097065 4.22770 6.00555 4.17500 -0.29937 0.01122 0.12364 0.94603
1403638195.945096970 4.21784 5.95043 4.17460 -0.29770 0.00219 0.12570 0.94635
1403638196.245096922 4.25184 5.80625 4.18915 -0.29874 0.01213 0.12067 0.94660
1403638196.445096970 4.28668 5.72871 4.20930 -0.29911 0.01908 0.11934 0.94653
1403638196.645097017 4.30442 5.65966 4.24470 -0.29761 0.00695 0.12607 0.94630
1403638196.745096922 4.30884 5.63151 4.26860 -0.29650 -0.00102 0.13056 0.94607
1403638197.045097113 4.32744 5.56785 4.37972 -0.29972 0.01488 0.12452 0.94575
1403638197.345097065 4.39296 5.53576 4.48013 -0.30747 0.02483 0.10477 0.94544
1403638197.545097113 4.46066 5.51272 4.53709 -0.30987 0.03240 0.09767 0.94519
1403638197.845097065 4.59053 5.45016 4.61316 -0.30797 0.03673 0.09905 0.94551
1403638197.945096970 4.62918 5.42427 4.64218 -0.30620 0.04852 0.10093 0.94536
1403638198.045097113 4.65533 5.39443 4.67224 -0.30581 0.06183 0.10040 0.94476
1403638198.245096922 4.65677 5.32827 4.74703 -0.30375 0.05304 0.10603 0.94535
1403638198.445096970 4.62655 5.25163 4.82278 -0.30531 0.03906 0.10187 0.94598
1403638198.645097017 4.57981 5.16741 4.90309 -0.31582 0.03001 0.07329 0.94551
1403638198.745096922 4.55573 5.11702 4.94158 -0.32223 0.02901 0.05428 0.94466
1403638198.945096970 4.52754 4.97501 5.03190 -0.32523 0.03041 0.04518 0.94406
1403638199.045097113 4.53059 4.88201 5.07663 -0.32437 0.02928 0.04891 0.94421
1403638199.145097017 4.53889 4.77520 5.12787 -0.32430 0.03003 0.05233 0.94403
1403638199.245096922 4.55448 4.65901 5.17685 -0.32334 0.03526 0.05623 0.94395
1403638199.345097065 4.57766 4.53294 5.22081 -0.32369 0.04076 0.05625 0.94361
1403638199.545097113 4.65298 4.25256 5.30126 -0.32795 0.03122 0.04840 0.94294
1403638199.645097017 4.70199 4.09327 5.33860 -0.32209 0.02824 0.04743 0.94510
1403638199.745096922 4.75264 3.92537 5.37681 -0.30933 0.03099 0.05443 0.94889
1403638199.845097065 4.80210 3.74956 5.41531 -0.29598 0.03179 0.06864 0.95219
1403638199.945096970 4.84465 3.57357 5.45456 -0.28597 0.03260 0.07701 0.95458
1403638200.045097113 4.88439 3.39512 5.49783 -0.27682 0.03415 0.07819 0.95713
1403638200.145097017 4.92773 3.21655 5.53904 -0.26742 0.03361 0.06753 0.96062
1403638200.245096922 4.97052 3.03387 5.57932 -0.25482 0.04198 0.05492 0.96451
1403638200.345097065 5.00825 2.84608 5.61795 -0.23874 0.05117 0.04513 0.96868
1403638200.445096970 5.05876 2.64889 5.65361 -0.22563 0.05302 0.03252 0.97223
1403638200.545097113 5.10903 2.45219 5.67913 -0.21582 0.05141 0.01941 0.97489
1403638200.645097017 5.15685 2.24991 5.70162 -0.20375 0.04999 0.00698 0.97772
1403638200.745096922 5.21511 2.03969 5.71834 -0.19186 0.04634 -0.00469 0.98032
1403638200.845097065 5.27691 1.81434 5.73427 -0.18186 0.04140 -0.00819 0.98242
1403638200.945096970 5.32327 1.58842 5.75517 -0.17072 0.04102 0.00035 0.98447
1403638201.045097113 5.36727 1.35249 5.78029 -0.16079 0.04455 0.01346 0.98589
1403638201.145097017 5.40335 1.11538 5.80645 -0.15591 0.04583 0.01995 0.98651
1403638201.245096922 5.43490 0.87088 5.83523 -0.15388 0.04981 0.02592 0.98649
1403638201.345097065 5.45889 0.63614 5.86301 -0.15440 0.04820 0.02655 0.98648
1403638201.445096970 5.47742 0.39772 5.89493 -0.15624 0.04903 0.02542 0.98617
1403638201.545097113 5.48822 0.16177 5.93157 -0.15793 0.05136 0.02517 0.98579
1403638201.645097017 5.49519 -0.07987 5.96943 -0.15985 0.05411 0.02470 0.98535
1403638201.745096922 5.49238 -0.32208 6.00867 -0.16093 0.05470 0.02602 0.98511
1403638201.845097065 5.48686 -0.56239 6.04716 -0.16107 0.05590 0.02786 0.98496
1403638201.945096970 5.47743 -0.80384 6.08678 -0.15918 0.05374 0.02706 0.98541
1403638202.045097113 5.47062 -1.05182 6.12592 -0.15119 0.05308 0.02603 0.98673
1403638202.145097017 5.47146 -1.29839 6.15488 -0.14062 0.04877 0.03262 0.98832
1403638202.245096922 5.47544 -1.54457 6.18386 -0.13196 0.04331 0.03956 0.98952
1403638202.345097065 5.48217 -1.78692 6.21052 -0.12598 0.03881 0.04302 0.99034
1403638202.445096970 5.48890 -2.02525 6.23551 -0.12340 0.03637 0.04247 0.99078
1403638202.545097113 5.49822 -2.25578 6.25939 -0.12085 0.03438 0.04441 0.99108
1403638202.645097017 5.49297 -2.48250 6.28731 -0.11936 0.03184 0.04680 0.99124
1403638202.745096922 5.48875 -2.70540 6.32378 -0.11958 0.03159 0.04717 0.99120
1403638202.845097065 5.46816 -2.92238 6.36222 -0.12073 0.03340 0.04604 0.99105
1403638202.945096970 5.45890 -3.14973 6.40517 -0.12237 0.03438 0.04630 0.99081
1403638203.045097113 5.43076 -3.35601 6.44497 -0.12228 0.03761 0.04750 0.99064
1403638203.145097017 5.42823 -3.56723 6.47702 -0.12383 0.03887 0.04599 0.99047
1403638203.245096922 5.42556 -3.76780 6.50657 -0.12601 0.04437 0.04124 0.99018
1403638203.345097065 5.42478 -3.96391 6.53542 -0.12550 0.04784 0.04297 0.99001
1403638203.445096970 5.42454 -4.15866 6.56225 -0.12468 0.05085 0.04458 0.98989
1403638203.545097113 5.41431 -4.34987 6.58923 -0.12422 0.04999 0.04672 0.98989
1403638203.645097017 5.40713 -4.53523 6.61211 -0.12372 0.04716 0.04840 0.99001
1403638203.745096922 5.40242 -4.70754 6.62262 -0.12292 0.04817 0.04934 0.99002
1403638203.845097065 5.40865 -4.87964 6.62835 -0.12305 0.04787 0.04774 0.99009
1403638203.945096970 5.41735 -5.04710 6.62777 -0.12221 0.04719 0.04703 0.99027
1403638204.045097113 5.42817 -5.21316 6.62395 -0.12027 0.04528 0.04854 0.99052
1403638204.145097017 5.44219 -5.37351 6.61669 -0.11811 0.04127 0.05070 0.99085
1403638204.245096922 5.45960 -5.53016 6.60846 -0.11490 0.03708 0.05778 0.99100
1403638204.345097065 5.47911 -5.68340 6.59711 -0.10976 0.03088 0.07180 0.99088
1403638204.445096970 5.50068 -5.82948 6.58637 -0.10716 0.02539 0.08168 0.99056
1403638204.545097113 5.51720 -5.96693 6.58009 -0.10729 0.02571 0.08492 0.99026
1403638204.645097017 5.53089 -6.09577 6.57608 -0.10486 0.02880 0.08308 0.99059
1403638204.745096922 5.53898 -6.21515 6.57631 -0.09979 0.02869 0.07152 0.99202
1403638204.845097065 5.54185 -6.32567 6.58080 -0.09136 0.02938 0.05087 0.99408
1403638204.945096970 5.54029 -6.43040 6.58795 -0.07519 0.03145 0.02702 0.99631
1403638205.045097113 5.53217 -6.53397 6.59639 -0.04930 0.03269 0.00555 0.99823
1403638205.145097017 5.52596 -6.63726 6.60064 -0.01323 0.03236 -0.01370 0.99929
1403638205.245096922 5.51227 -6.74119 6.60838 0.03021 0.03493 -0.03295 0.99839
1403638205.345097065 5.51346 -6.85365 6.60994 0.07599 0.03891 -0.05115 0.99504
1403638205.445096970 5.52311 -6.96331 6.61052 0.11815 0.04478 -0.07193 0.98937
1403638205.545097113 5.53533 -7.05826 6.60025 0.14823 0.05153 -0.09644 0.98289
1403638205.645097017 5.55204 -7.16085 6.58651 0.16633 0.06166 -0.11840 0.97699
1403638205.745096922 5.57678 -7.26496 6.56033 0.18000 0.07055 -0.13408 0.97193
1403638205.845097065 5.59641 -7.38028 6.53231 0.19692 0.07239 -0.14304 0.96722
1403638205.945096970 5.61815 -7.51437 6.49425 0.21732 0.06971 -0.14905 0.96213
1403638206.045097113 5.64150 -7.64997 6.44299 0.24160 0.06520 -0.15278 0.95605
1403638206.145097017 5.66281 -7.77983 6.37565 0.26583 0.06558 -0.15785 0.94875
1403638206.245096922 5.67616 -7.91370 6.30939 0.28807 0.06705 -0.16292 0.94127
1403638206.345097065 5.69248 -8.05514 6.23263 0.31094 0.06561 -0.16006 0.93456
1403638206.445096970 5.69770 -8.18361 6.15577 0.32771 0.06417 -0.15496 0.92977
1403638206.545097113 5.69142 -8.31395 6.07964 0.33854 0.06552 -0.15071 0.92649
1403638206.645097017 5.68107 -8.43658 6.00293 0.34521 0.06750 -0.14895 0.92417
1403638206.745096922 5.65994 -8.55179 5.92209 0.35460 0.06684 -0.15016 0.92046
1403638206.845097065 5.63088 -8.66660 5.84226 0.36304 0.06558 -0.15224 0.91691
1403638206.945096970 5.59853 -8.77753 5.75863 0.36991 0.06760 -0.15164 0.91412
1403638207.045097113 5.55638 -8.88184 5.67609 0.37513 0.07035 -0.14964 0.91211
1403638207.145097017 5.50812 -8.98287 5.58177 0.37748 0.07233 -0.14898 0.91109
1403638207.245096922 5.45228 -9.07370 5.48701 0.38216 0.07324 -0.14905 0.90905
1403638207.345097065 5.38744 -9.16194 5.39242 0.39181 0.07547 -0.15024 0.90456
1403638207.445096970 5.31619 -9.24321 5.29505 0.40587 0.07871 -0.15420 0.89738
1403638207.545097113 5.24645 -9.31522 5.18956 0.42343 0.07687 -0.15988 0.88839
1403638207.645097017 5.18087 -9.38022 5.08067 0.43720 0.06647 -0.16752 0.88112
1403638207.745096922 5.11304 -9.43570 4.97076 0.44755 0.05436 -0.17277 0.87572
1403638207.845097065 5.05665 -9.48158 4.85656 0.45431 0.04384 -0.17648 0.87209
1403638207.945096970 5.01118 -9.51897 4.73823 0.45728 0.03355 -0.18016 0.87024
1403638208.045097113 4.97106 -9.54994 4.62414 0.45829 0.03083 -0.18232 0.86935
1403638208.145097017 4.93104 -9.58001 4.51235 0.45997 0.03539 -0.17837 0.86911
1403638208.245096922 4.88534 -9.60503 4.40588 0.46014 0.04219 -0.17555 0.86930
1403638208.345097065 4.83230 -9.62696 4.30597 0.45801 0.04092 -0.17674 0.87024
1403638208.445096970 4.77527 -9.64449 4.21176 0.45627 0.03679 -0.17979 0.87071
1403638208.545097113 4.72281 -9.65959 4.11638 0.46036 0.03263 -0.18248 0.86816
1403638208.645097017 4.67383 -9.67210 4.01992 0.46961 0.03149 -0.18762 0.86213
1403638208.745096922 4.63366 -9.68150 3.91944 0.47948 0.02979 -0.18907 0.85642
1403638208.845097065 4.59798 -9.69057 3.82256 0.48758 0.03064 -0.19050 0.85149
1403638208.945096970 4.56054 -9.69647 3.73200 0.49305 0.03334 -0.19416 0.84741
1403638209.045097113 4.51905 -9.69628 3.64332 0.49684 0.03396 -0.19566 0.84482
1403638209.145097017 4.47161 -9.69513 3.55501 0.49918 0.03351 -0.19642 0.84328
1403638209.245096922 4.41971 -9.69081 3.47733 0.50059 0.03283 -0.19648 0.84245
1403638209.345097065 4.36192 -9.68301 3.40121 0.50159 0.03089 -0.19553 0.84216
1403638209.545097113 4.23432 -9.65956 3.26898 0.50364 0.03400 -0.19142 0.84175
1403638209.745096922 4.05797 -9.62449 3.16611 0.50211 0.03326 -0.19032 0.84294
1403638209.945096970 3.82928 -9.57801 3.09992 0.49990 0.04312 -0.19317 0.84316
1403638210.145097017 3.58846 -9.51609 3.04020 0.50248 0.05684 -0.18569 0.84250
1403638210.345097065 3.36603 -9.43235 2.97301 0.50303 0.06086 -0.18375 0.84232
1403638210.445096970 3.26452 -9.37765 2.94755 0.50362 0.05888 -0.18360 0.84213
1403638210.645097017 3.03415 -9.24958 2.86940 0.50386 0.06115 -0.17976 0.84265
1403638210.745096922 2.91960 -9.17453 2.83527 0.50428 0.06061 -0.17744 0.84293
1403638210.845097065 2.81432 -9.09994 2.78475 0.50326 0.05793 -0.17743 0.84373
1403638210.945096970 2.71399 -9.01237 2.74359 0.50266 0.05133 -0.17928 0.84413
1403638211.045097113 2.61957 -8.92092 2.68283 0.50191 0.04506 -0.18005 0.84477
1403638211.145097017 2.53147 -8.82617 2.63573 0.50157 0.03981 -0.18194 0.84483
1403638211.245096922 2.45135 -8.72691 2.58255 0.50146 0.03590 -0.18245 0.84496
1403638211.445096970 2.30321 -8.51742 2.48639 0.49137 0.03379 -0.17951 0.85158
1403638211.545097113 2.22392 -8.40929 2.44485 0.47997 0.03353 -0.17417 0.85917
1403638211.645097017 2.14392 -8.29762 2.40800 0.46589 0.03290 -0.16360 0.86896
1403638211.745096922 2.06946 -8.17966 2.38254 0.44742 0.03126 -0.15222 0.88072
1403638211.945096970 1.91118 -7.93917 2.32889 0.40253 0.02728 -0.12508 0.90641
1403638212.045097113 1.84727 -7.81383 2.30448 0.37903 0.02698 -0.11459 0.91787
1403638212.145097017 1.78839 -7.68663 2.27290 0.35402 0.02945 -0.10816 0.92850
1403638212.245096922 1.74436 -7.54865 2.24778 0.32911 0.03240 -0.10189 0.93822
1403638212.345097065 1.70380 -7.41741 2.21670 0.30452 0.03361 -0.09460 0.94720
1403638212.445096970 1.66878 -7.28033 2.18981 0.27949 0.03596 -0.08805 0.95543
1403638212.545097113 1.63920 -7.13787 2.16008 0.25679 0.03771 -0.07632 0.96271
1403638212.745096922 1.59752 -6.84882 2.08553 0.20636 0.03662 -0.05866 0.97603
1403638212.845097065 1.58154 -6.69478 2.05838 0.18100 0.03876 -0.04761 0.98156
1403638212.945096970 1.57231 -6.53858 2.02320 0.15420 0.03939 -0.03568 0.98661
1403638213.045097113 1.56963 -6.37989 1.99582 0.12580 0.03934 -0.02368 0.99099
1403638213.145097017 1.56841 -6.22216 1.95842 0.09765 0.03768 -0.00863 0.99447
1403638213.245096922 1.55604 -6.06141 1.93222 0.07095 0.02992 0.01002 0.99698
1403638213.345097065 1.53838 -5.89575 1.91106 0.04568 0.02016 0.03177 0.99825
1403638213.445096970 1.52906 -5.71878 1.88602 0.02125 0.01220 0.05467 0.99820
1403638213.545097113 1.51687 -5.52906 1.86666 -0.00280 0.01211 0.07219 0.99731
1403638213.645097017 1.50210 -5.32940 1.86749 -0.02770 0.02600 0.06940 0.99687
1403638213.745096922 1.50109 -5.13846 1.86828 -0.04767 0.04082 0.05864 0.99630
1403638213.845097065 1.50113 -4.94660 1.86170 -0.06105 0.04913 0.04979 0.99568
1403638213.945096970 1.51116 -4.76325 1.84607 -0.06823 0.05002 0.04477 0.99541
1403638214.045097113 1.52558 -4.57998 1.82753 -0.06953 0.04495 0.04416 0.99559
1403638214.145097017 1.53644 -4.40037 1.80796 -0.06909 0.03375 0.04322 0.99610
1403638214.245096922 1.55560 -4.22161 1.78659 -0.06675 0.02172 0.04200 0.99665
1403638214.345097065 1.57255 -4.04560 1.77857 -0.06365 0.01308 0.04092 0.99705
1403638214.445096970 1.58658 -3.86978 1.77301 -0.06074 0.01018 0.03795 0.99738
1403638214.545097113 1.59685 -3.69208 1.77373 -0.05799 0.01952 0.03468 0.99752
1403638214.645097017 1.60218 -3.51554 1.77981 -0.05570 0.03101 0.03154 0.99747
1403638214.745096922 1.60348 -3.34013 1.78908 -0.05320 0.04250 0.02851 0.99727
1403638214.845097065 1.59867 -3.16618 1.80480 -0.05065 0.04964 0.02620 0.99714
1403638214.945096970 1.59199 -2.99500 1.81907 -0.04874 0.05402 0.02428 0.99705
1403638215.045097113 1.58035 -2.82790 1.83575 -0.04726 0.05544 0.02355 0.99707
1403638215.145097017 1.56584 -2.66409 1.85153 -0.04688 0.05466 0.02149 0.99717
1403638215.245096922 1.54865 -2.50332 1.86676 -0.04760 0.05092 0.01925 0.99738
1403638215.345097065 1.52918 -2.34495 1.88038 -0.04965 0.04769 0.01476 0.99752
1403638215.445096970 1.51130 -2.19037 1.89222 -0.05214 0.04806 0.00863 0.99745
1403638215.545097113 1.49796 -2.04178 1.90094 -0.05281 0.04763 0.00741 0.99744
1403638215.645097017 1.49318 -1.89791 1.90236 -0.05264 0.05102 0.00730 0.99728
1403638215.845097065 1.48247 -1.62403 1.90118 -0.05326 0.05253 0.01738 0.99705
1403638215.945096970 1.47001 -1.49413 1.90192 -0.05779 0.05286 0.01975 0.99673
1403638216.045097113 1.45345 -1.36613 1.90251 -0.06115 0.05289 0.02213 0.99648
1403638216.145097017 1.43745 -1.24178 1.90199 -0.06481 0.05255 0.02162 0.99628
1403638216.245096922 1.42639 -1.12207 1.89876 -0.06774 0.05444 0.02062 0.99600
1403638216.345097065 1.41877 -1.00657 1.89136 -0.06992 0.05614 0.01981 0.99577
1403638216.445096970 1.41568 -0.89704 1.87882 -0.07163 0.05806 0.01929 0.99555
1403638216.645097017 1.40302 -0.69081 1.85313 -0.07453 0.05488 0.01609 0.99558
1403638216.845097065 1.36560 -0.49848 1.82708 -0.07953 0.05806 0.01208 0.99507
1403638216.945096970 1.34307 -0.40895 1.81388 -0.08712 0.06166 0.01556 0.99417
1403638217.045097113 1.31643 -0.32436 1.80001 -0.09681 0.06064 0.02559 0.99312
1403638217.145097017 1.28687 -0.24487 1.78245 -0.10980 0.05609 0.03583 0.99172
1403638217.245096922 1.25291 -0.17056 1.76800 -0.12232 0.05213 0.04173 0.99024
1403638217.345097065 1.22323 -0.09747 1.74865 -0.13152 0.04950 0.04518 0.98905
1403638217.445096970 1.20084 -0.02768 1.72675 -0.13782 0.04723 0.04758 0.98819
1403638217.645097017 1.17375 0.10170 1.67452 -0.14861 0.04274 0.03846 0.98722
1403638217.745096922 1.16939 0.15809 1.64878 -0.15274 0.04060 0.03073 0.98695
1403638217.945096970 1.17934 0.25085 1.59107 -0.15524 0.03974 0.02078 0.98686
1403638218.245096922 1.16803 0.33846 1.53348 -0.15012 0.05112 0.01918 0.98716
1403638218.445096970 1.15333 0.36196 1.49904 -0.14229 0.05975 0.02643 0.98767
1403638218.745096922 1.15639 0.34780 1.42178 -0.14044 0.04738 0.03433 0.98836
1403638218.845097065 1.15416 0.33432 1.39721 -0.14767 0.04064 0.03831 0.98746
1403638219.045097113 1.14064 0.30711 1.35422 -0.15068 0.04279 0.06693 0.98539
1403638219.245096922 1.11564 0.28038 1.32217 -0.15883 0.05286 0.06766 0.98356
1403638219.345097065 1.10024 0.26726 1.30671 -0.16442 0.06254 0.05929 0.98262
1403638219.445096970 1.08637 0.25381 1.28782 -0.16735 0.07475 0.05429 0.98156
1403638219.745096922 1.05042 0.20143 1.18745 -0.16271 0.07058 0.06505 0.98199
1403638219.945096970 1.00412 0.16377 1.10571 -0.15448 0.06218 0.08442 0.98242
1403638220.145097017 0.93961 0.14226 1.02116 -0.15287 0.05424 0.08795 0.98283
1403638220.245096922 0.90963 0.13729 0.97508 -0.15959 0.05033 0.07286 0.98320
1403638220.345097065 0.88608 0.13173 0.92508 -0.16536 0.04624 0.05962 0.98334
1403638220.745096922 0.82579 0.10849 0.71844 -0.17182 0.04592 0.05326 0.98262
1403638221.145097017 0.70930 0.06195 0.55185 -0.17439 0.04278 0.05783 0.98205
1403638221.445096970 0.64207 0.01700 0.43415 -0.17309 0.03710 0.06556 0.98202
1403638222.045097113 0.53199 -0.05470 0.23244 -0.17441 0.04724 0.06220 0.98157
1403638222.245096922 0.51136 -0.07398 0.16168 -0.17516 0.03525 0.06157 0.98198
1403638222.445096970 0.48024 -0.09576 0.10804 -0.17470 0.02457 0.06427 0.98221
1403638222.745096922 0.42247 -0.12023 0.05734 -0.17483 0.04161 0.06291 0.98171
1403638222.945096970 0.38115 -0.13599 0.03703 -0.17525 0.05900 0.06003 0.98092
1403638223.145097017 0.34113 -0.15869 0.00770 -0.17523 0.04962 0.06049 0.98141
1403638223.245096922 0.32491 -0.17005 -0.01169 -0.17239 0.03268 0.06911 0.98206
1403638223.545097113 0.28630 -0.19214 -0.05920 -0.16432 0.04384 0.08916 0.98139
1403638223.745096922 0.25352 -0.18765 -0.08697 -0.17336 0.04363 0.06798 0.98154
1403638223.945096970 0.21466 -0.17978 -0.10758 -0.17924 0.04078 0.05381 0.98149
1403638224.145097017 0.17210 -0.17879 -0.11958 -0.17854 0.02714 0.05564 0.98198
1403638224.245096922 0.15307 -0.18071 -0.12324 -0.17772 0.02125 0.05792 0.98215
1403638224.445096970 0.12543 -0.18763 -0.12051 -0.17539 0.04045 0.06382 0.98160
1403638224.545097113 0.11681 -0.19076 -0.11811 -0.17551 0.05287 0.06285 0.98105
1403638224.745096922 0.09218 -0.19994 -0.11324 -0.17558 0.03112 0.06345 0.98193
1403638224.845097065 0.08670 -0.20366 -0.11087 -0.17497 0.02625 0.06466 0.98210
1403638224.945096970 0.09064 -0.21105 -0.10985 -0.17155 0.03948 0.07143 0.98179
1403638225.045097113 0.09384 -0.21612 -0.10722 -0.16832 0.05138 0.07671 0.98140
1403638225.345097065 0.10898 -0.21674 -0.10509 -0.17231 0.03415 0.06299 0.98243
1403638225.445096970 0.11313 -0.21601 -0.10144 -0.17326 0.04140 0.06014 0.98217
1403638225.545097113 0.11230 -0.21473 -0.09432 -0.17483 0.05922 0.05556 0.98124
1403638225.645097017 0.10341 -0.21497 -0.08615 -0.17599 0.07665 0.05155 0.98005
1403638225.745096922 0.08231 -0.21863 -0.07749 -0.17631 0.07321 0.05056 0.98031
1403638225.845097065 0.05096 -0.22436 -0.06762 -0.17565 0.05432 0.05336 0.98150
1403638225.945096970 0.01568 -0.23053 -0.05969 -0.17489 0.03685 0.05588 0.98231
1403638226.045097113 -0.00705 -0.23890 -0.05081 -0.17110 0.01967 0.05953 0.98326
1403638226.145097017 0.00681 -0.24873 -0.04583 -0.15929 0.02447 0.08380 0.98336
1403638226.245096922 -0.00029 -0.25791 -0.03257 -0.17301 0.01422 0.05744 0.98314
1403638226.345097065 -0.00223 -0.26326 -0.02812 -0.17130 0.02079 0.05855 0.98326
1403638226.545097113 -0.01798 -0.26247 -0.02052 -0.17131 0.02300 0.05796 0.98324
