1311868164.363181 -0.0000025 -0.0000339 0.0000159 0.0000009 0.0000079 0.0000194 1.0000000
1311868164.930933 0.0756911 0.0016885 -0.0467806 0.0134848 -0.0031833 -0.0172213 0.9997557
1311868164.963119 0.0834361 0.0051952 -0.0494698 0.0138622 -0.0035362 -0.0190211 0.9997167
1311868165.063108 0.1117584 0.0032865 -0.0539309 0.0111337 -0.0148699 -0.0200523 0.9996263
1311868165.263005 0.1843055 0.0114897 -0.0693901 0.0153649 -0.0331018 -0.0330797 0.9987862
1311868166.263177 0.3135632 0.1071811 -0.1845051 -0.0333415 -0.0092580 -0.0248714 0.9990916
1311868167.131299 0.4833830 0.1487934 -0.2515788 -0.0387734 -0.0342535 -0.0423665 0.9977617
1311868167.731241 0.6451069 0.1364236 -0.2499822 -0.0370352 -0.0822123 -0.0644896 0.9938363
1311868168.799362 0.6775162 0.0291215 -0.0982513 -0.0261883 -0.1042776 -0.0650931 0.9920702
1311868169.199452 0.6955047 -0.0320048 -0.0328071 -0.0070377 -0.1478001 -0.0875204 0.9851121
1311868169.463229 0.7249831 -0.0940380 0.0188477 0.0130385 -0.2001218 -0.1181244 0.9725368
1311868169.963415 0.8028231 -0.1776545 0.0832378 0.0376983 -0.2481483 -0.1408952 0.9576794
1311868170.963440 0.9910566 -0.1605052 0.0076154 0.0238615 -0.2615177 -0.1330654 0.9556844
1311868171.663411 1.1444631 -0.1455227 0.0346054 0.0204163 -0.3034582 -0.1695523 0.9374158
1311868172.263475 1.2895030 -0.1310901 0.1145844 -0.0140833 -0.3175466 -0.1945364 0.9279663
1311868172.663612 1.3517089 -0.1136052 0.1791388 -0.0444618 -0.3049231 -0.2116245 0.9275021
1311868172.899539 1.3690033 -0.1102837 0.2430960 -0.0749797 -0.2951032 -0.2148443 0.9279731
1311868173.367650 1.3777069 -0.1640112 0.3473943 -0.0771299 -0.2949114 -0.2262912 0.9251327
1311868173.799549 1.4039288 -0.2135786 0.4289684 -0.0755400 -0.3204592 -0.2262100 0.9167489
1311868174.231617 1.4654061 -0.2907628 0.5060031 -0.0449911 -0.3780198 -0.2636573 0.8863192
1311868174.431786 1.4963145 -0.3125274 0.5389360 -0.0403380 -0.3928364 -0.2712772 0.8777592
1311868174.667800 1.5112902 -0.3331552 0.5738645 -0.0410454 -0.4116358 -0.2677807 0.8701522
1311868174.899678 1.5038617 -0.3706640 0.6020907 -0.0265752 -0.4215976 -0.2592658 0.8685220
1311868175.131719 1.4761527 -0.4111328 0.6259156 -0.0046669 -0.4209496 -0.2541937 0.8707268
1311868175.400048 1.4413326 -0.4641574 0.6561407 0.0366727 -0.4411668 -0.2269523 0.8674788
1311868176.431678 1.5137045 -0.6050868 0.8991483 0.0616631 -0.5313860 -0.2460375 0.8082649
1311868176.699787 1.5393660 -0.6176796 0.9699510 0.0391056 -0.5374704 -0.2552426 0.8027749
1311868177.099730 1.5354621 -0.6461869 1.0413569 0.0317798 -0.5371528 -0.2637274 0.8005653
1311868177.467848 1.4961653 -0.6864405 1.1201440 0.0387376 -0.5299465 -0.2755576 0.8010768
1311868177.731996 1.4856319 -0.6896687 1.1806711 0.0209915 -0.5285158 -0.2864856 0.7988469
1311868177.967919 1.4976151 -0.7027817 1.2320321 0.0138735 -0.5533784 -0.2996928 0.7770226
1311868178.531933 1.5772120 -0.7306426 1.3500676 0.0009797 -0.6037932 -0.3333880 0.7240754
1311868178.867919 1.6514411 -0.7265030 1.3572307 -0.0094725 -0.6146641 -0.3309071 0.7159600
1311868179.232011 1.7771785 -0.7185739 1.3414919 -0.0100938 -0.6103365 -0.3376657 0.7164980
1311868179.532184 1.8697191 -0.7132877 1.3476954 -0.0306238 -0.5930637 -0.3423545 0.7281010
1311868179.899932 1.9557594 -0.7254323 1.3872809 -0.0396289 -0.5869435 -0.3516684 0.7281870
1311868180.268004 2.0302582 -0.7587243 1.4585842 -0.0504560 -0.6070964 -0.3619344 0.7056144
1311868180.531936 2.0726380 -0.7671505 1.5070982 -0.0650362 -0.6194602 -0.3707271 0.6889128
1311868181.232080 2.1006682 -0.8106984 1.5912079 -0.0634514 -0.6115978 -0.3638568 0.6996645
1311868181.900215 1.9719746 -0.8388940 1.6414163 -0.0624742 -0.6017380 -0.3684771 0.7058562
1311868182.200278 1.8695470 -0.8576310 1.6545647 -0.0592789 -0.6008819 -0.3620792 0.7101589
1311868182.536127 1.7693784 -0.8792571 1.6869210 -0.0561148 -0.6019055 -0.3545975 0.7133173
1311868182.868215 1.6566820 -0.9307104 1.7332627 -0.0306659 -0.6428230 -0.3447798 0.6833484
1311868183.200276 1.5254291 -1.0092690 1.7874979 -0.0001300 -0.6822886 -0.3672397 0.6321529
1311868183.500255 1.4323587 -1.0454949 1.8058817 0.0034182 -0.7106438 -0.3807198 0.5916300
1311868183.836230 1.3249003 -1.0743737 1.8274425 -0.0287789 -0.7244177 -0.3787129 0.5752976
1311868184.169015 1.2094910 -1.1161875 1.8243798 -0.0168127 -0.7243767 -0.3684291 0.5824566
1311868184.500438 1.1154658 -1.1354352 1.8475691 -0.0120978 -0.7298935 -0.3615078 0.5800183
1311868184.800366 1.0236650 -1.1657737 1.8791672 -0.0037611 -0.7608337 -0.3575659 0.5415391
1311868185.136538 0.9307212 -1.2098914 1.9110465 0.0171670 -0.7831019 -0.3643436 0.5036969
1311868185.468575 0.8441948 -1.2307583 1.9330977 0.0219079 -0.7938912 -0.3447289 0.5004187
1311868185.736700 0.7927765 -1.2423323 1.9410356 0.0448776 -0.7938432 -0.3245342 0.5123246
1311868186.000413 0.7477328 -1.2397466 1.9583346 0.0328860 -0.8032544 -0.3213772 0.5004175
1311868186.268650 0.7055797 -1.2422161 1.9940550 -0.0277347 0.8204308 0.3428863 -0.4566762
1311868186.668623 0.6824574 -1.2475923 2.0592899 -0.0068185 0.8405185 0.3686684 -0.3969454
1311868187.201269 0.7803001 -1.2657982 2.1257496 0.0029692 0.8352970 0.3814421 -0.3959444
1311868187.600502 0.8417209 -1.2874435 2.1914146 0.0052228 0.8146431 0.4079897 -0.4121574
1311868187.968459 0.8498371 -1.3081348 2.2706480 0.0049478 0.8221260 0.4112273 -0.3936705
1311868188.268577 0.8245760 -1.3186047 2.3839021 0.0153981 0.8323678 0.4288230 -0.3507670
1311868188.568686 0.8214063 -1.3091820 2.4622128 0.0277740 0.8278831 0.4558799 -0.3255943
1311868188.968696 0.9127852 -1.3221298 2.5435073 0.0590392 0.8186643 0.4728310 -0.3205215
1311868189.268669 0.9977852 -1.3385713 2.6006620 0.0641498 0.8024237 0.4916207 -0.3321297
1311868189.636729 1.0652804 -1.3626691 2.6624603 0.0638072 0.7899927 0.5082086 -0.3369927
1311868190.002005 1.0667922 -1.3931770 2.7606788 0.0682376 0.7843307 0.5099427 -0.3465940
1311868190.503067 1.0404303 -1.4602315 2.8913033 0.0678570 0.7860881 0.5026674 -0.3532512
1311868191.636913 0.9959683 -1.5151106 2.9969323 0.0601813 0.7875343 0.5001040 -0.3550549
1311868192.770014 0.8617799 -1.5056723 2.8915744 0.0572221 0.7837221 0.4933635 -0.3729582
1311868193.238476 0.8214728 -1.5154911 2.8404205 0.0581002 0.8001066 0.4875829 -0.3445527
1311868193.640297 0.7675645 -1.5510706 2.8103483 0.0393784 0.8138306 0.4971653 -0.2982545
1311868194.209517 0.7251537 -1.5991032 2.7782843 0.0298379 0.8241718 0.4881385 -0.2856068
1311868195.837123 0.6399208 -1.6966646 2.9127555 0.0178302 0.8271402 0.4673317 -0.3116446
1311868196.307425 0.6906851 -1.7016301 2.9931366 0.0346459 0.8079105 0.4749311 -0.3471610
1311868196.909608 0.7425515 -1.7137326 3.0955906 0.0716167 0.7799768 0.4828195 -0.3916535
1311868197.369073 0.7036447 -1.7455254 3.2073598 0.0586888 0.7861926 0.5046078 -0.3518918
1311868197.737277 0.6584500 -1.7594501 3.2942915 0.0646896 0.7835400 0.5237990 -0.3278949
1311868198.437155 0.5787641 -1.7526231 3.3684149 0.0829488 0.7717583 0.5324782 -0.3376029
1311868199.537263 0.4073883 -1.7308670 3.3581293 0.0806912 0.7826920 0.5435688 -0.2922584
1311868200.237169 0.2793446 -1.7570872 3.4023407 0.0617752 0.8034552 0.5551278 -0.2060985
1311868200.705281 0.1878385 -1.7839822 3.4708083 0.0601880 0.8033211 0.5667585 -0.1727354
1311868202.005324 0.0568676 -1.7838465 3.5068669 0.0582671 0.8052926 0.5705692 -0.1501984
1311868202.937647 -0.1039265 -1.7952907 3.5189874 0.0355027 0.8077968 0.5756999 -0.1215463
1311868203.473498 -0.1360585 -1.8366716 3.4443717 0.0367144 0.8329177 0.5476739 -0.0703803
1311868203.837454 -0.1801162 -1.8764791 3.3877685 0.0383814 0.8322735 0.5523873 -0.0267585
1311868204.173662 -0.2458991 -1.9121765 3.3111722 0.0277763 0.8328283 0.5528318 0.0015793
1311868204.573698 -0.3217444 -1.9543602 3.2500391 0.0222434 0.8256055 0.5629246 0.0315709
1311868204.905660 -0.3662473 -1.9961426 3.2204661 0.0273506 0.8241189 0.5638421 0.0464975
1311868205.305573 -0.4191102 -2.0535259 3.1708951 0.0154417 0.8359018 0.5477533 0.0315612
1311868205.705594 -0.4410817 -2.0925450 3.1465321 0.0261699 0.8611846 0.5061814 0.0381661
1311868206.105664 -0.4466455 -2.1133049 3.1103988 0.0238175 0.8716009 0.4891943 0.0208211
1311868206.473742 -0.4525754 -2.1106398 3.0919816 0.0189163 0.8787070 0.4769722 0.0036998
1311868207.437999 -0.5546774 -1.9985803 3.1852684 0.0048125 0.8602347 0.5050607 0.0699057
1311868207.737830 -0.6146830 -1.9662998 3.2203584 0.0031325 0.8564420 0.5115328 0.0695084
1311868208.105716 -0.6670964 -1.9314327 3.2667148 -0.0053920 0.8508082 0.5216861 0.0627693
1311868208.537898 -0.7237133 -1.8994923 3.3334842 -0.0086220 0.8416306 0.5359648 0.0657670
1311868209.137783 -0.7904702 -1.8208485 3.3928561 0.0010084 0.8232769 0.5646340 0.0583315
1311868210.073822 -0.8476498 -1.6797125 3.3447416 0.0076212 0.8177259 0.5711947 0.0707306
1311868211.342241 -0.9755236 -1.6312747 3.3239965 -0.0028874 0.8110570 0.5702147 0.1305123
1311868211.974041 -1.1426901 -1.6186327 3.3418393 -0.0089375 0.8058345 0.5735254 0.1470357
1311868212.842064 -1.2630291 -1.6078298 3.3188915 -0.0098400 0.8100354 0.5728205 0.1249898
1311868213.674238 -1.3292043 -1.5686512 3.2097812 -0.0269063 0.8107834 0.5620095 0.1614051
1311868214.142287 -1.3641448 -1.5502528 3.1651785 -0.0042544 0.8147780 0.5525287 0.1755865
1311868214.842297 -1.4160029 -1.5280068 3.1004233 -0.0058366 0.8106000 0.5359919 0.2358096
1311868215.342475 -1.4655424 -1.5261889 3.0328526 -0.0271649 0.8033263 0.5196585 0.2896273
1311868215.842289 -1.4542097 -1.5601084 2.9523020 -0.0325352 0.7986965 0.5026978 0.3291204
1311868216.275879 -1.4449877 -1.6014093 2.8781061 -0.0181144 0.7986158 0.4981188 0.3372868
1311868216.806393 -1.4685657 -1.6340392 2.7913928 -0.0015766 0.8018038 0.4883589 0.3444034
1311868217.274712 -1.4800980 -1.6679950 2.7404709 -0.0038540 0.8138993 0.4754848 0.3338670
1311868218.742485 -1.4895355 -1.5973899 2.7562861 0.0157078 0.8179255 0.4602192 0.3448906
1311868219.042799 -1.5312239 -1.5585158 2.7644548 -0.0054530 0.8159901 0.4530522 0.3589905
1311868219.410427 -1.5739468 -1.4683785 2.7986012 0.0066434 0.8111197 0.4575784 0.3642290
1311868219.810409 -1.6005944 -1.3825036 2.8349359 0.0249926 0.7866333 0.4761469 0.3922597
1311868220.174706 -1.6147325 -1.3315427 2.8848367 0.0331174 0.7725744 0.4839574 0.4096551
1311868220.510865 -1.6382844 -1.2880397 2.9259398 0.0186372 0.7580013 0.4932888 0.4263247
1311868220.974895 -1.6887946 -1.2452338 2.9533510 0.0068991 0.7400305 0.5154511 0.4319922
1311868222.242692 -1.7685077 -1.2238172 2.9476080 0.0050535 0.7471082 0.5179729 0.4165429
1311868223.076517 -1.8130789 -1.1772733 2.8466780 -0.0075665 0.7244689 0.5171100 0.4557245
1311868224.043743 -1.8633807 -1.1402460 2.7700567 0.0124699 0.7154028 0.5150759 0.4719535
1311868224.511812 -1.9234960 -1.1131426 2.7071416 0.0093633 0.7081316 0.4990573 0.4994034
1311868224.943076 -1.9904159 -1.0790402 2.6407609 -0.0029887 0.7034895 0.4913529 0.5134842
1311868225.479273 -2.0549014 -1.0555923 2.5906258 -0.0037228 0.6981295 0.4847380 0.5269065
1311868226.178896 -2.1174881 -1.0235865 2.5575700 -0.0042189 0.6870648 0.4774217 0.5477159
1311868226.511027 -2.1354861 -1.0038342 2.5074968 0.0005552 0.6914093 0.4817342 0.5384097
1311868226.844284 -2.1372743 -0.9791976 2.4265308 0.0022332 0.6843499 0.4838823 0.5454523
1311868227.144535 -2.1346326 -0.9554532 2.3420479 -0.0004467 0.6873372 0.4687893 0.5548009
1311868227.446682 -2.1243939 -0.9337773 2.2748632 0.0135619 0.6814137 0.4661003 0.5641294
1311868227.813722 -2.1270642 -0.9117579 2.2162101 0.0165296 0.6615385 0.4544595 0.5962886
1311868228.178968 -2.1492963 -0.8780575 2.1500189 0.0090651 0.6330302 0.4336592 0.6411944
1311868228.545801 -2.1911113 -0.8504742 2.0813136 0.0046132 0.6179775 0.4186566 0.6654391
1311868228.912667 -2.2335882 -0.8221639 2.0154893 -0.0089437 0.6114996 0.4070595 0.6784473
1311868229.281198 -2.2306764 -0.8076885 1.9549050 0.0027690 0.6183945 0.4095847 0.6706869
1311868229.647479 -2.1630521 -0.8246561 1.8941133 -0.0115139 0.6047021 0.4315379 0.6693115
1311868230.047030 -2.0654731 -0.8633064 1.8269701 -0.0099900 0.6011354 0.4349827 0.6703181
1311868230.414198 -1.9889218 -0.9005523 1.7639067 -0.0130968 0.6039826 0.4413998 0.6634755
1311868230.643420 -1.9359307 -0.9013823 1.7141900 0.0017619 0.6050675 0.4655212 0.6458949
1311868230.943429 -1.8900678 -0.9120083 1.6561512 -0.0044183 0.6098933 0.4460933 0.6549897
1311868231.412886 -1.8200551 -0.9323399 1.5755293 -0.0611185 0.6043230 0.4366652 0.6636126
1311868231.843239 -1.7347927 -0.9881035 1.5397667 -0.0732143 0.6061444 0.4399915 0.6585105
1311868232.343193 -1.6428446 -1.0625944 1.5259159 -0.0878684 0.5937719 0.4427581 0.6660925
1311868232.779268 -1.5826604 -1.1193795 1.5209565 -0.0757668 0.6080111 0.4467292 0.6519316
1311868234.011459 -1.6757729 -1.0381343 1.4757082 -0.0469329 0.5912510 0.4121694 0.6916184
1311868234.411591 -1.7665410 -0.9951412 1.4270569 -0.0465802 0.5914743 0.3721626 0.7137811
1311868234.811711 -1.8576747 -0.9291850 1.3870589 -0.0499734 0.5851085 0.3636051 0.7231473
1311868235.243614 -1.9410206 -0.8475513 1.3451469 -0.0513437 0.5750500 0.3702186 0.7277496
1311868235.679690 -1.9786150 -0.7655851 1.3015988 -0.0398793 0.5917575 0.3669581 0.7166411
1311868236.111800 -1.9837761 -0.6876211 1.2678585 -0.0306978 0.5748118 0.3638940 0.7322775
1311868236.543672 -1.9731997 -0.6088638 1.2263198 -0.0352790 0.5550052 0.3584813 0.7498105
1311868236.979635 -1.9773755 -0.5419151 1.2029779 -0.0145610 0.5329015 0.3500361 0.7702459
1311868237.347705 -1.9847732 -0.4754172 1.1592307 0.0045703 0.5140609 0.3462153 0.7847646
1311868237.711933 -1.9986329 -0.4090819 1.0694721 -0.0184845 0.4971214 0.3159236 0.8079115
1311868238.047724 -2.0198698 -0.3486984 0.9913968 -0.0177761 0.4693842 0.3151423 0.8246501
1311868238.611939 -2.0067036 -0.2724169 0.9106132 -0.0151039 0.4508582 0.3182087 0.8338117
1311868239.047859 -1.9538450 -0.2198543 0.8627161 -0.0256378 0.4489250 0.3306164 0.8297601
1311868239.479757 -1.9126712 -0.1841789 0.8261344 -0.0190053 0.4149035 0.3184528 0.8521043
1311868239.979870 -1.8843944 -0.1251077 0.7810518 -0.0257338 0.3734664 0.2954600 0.8789562
1311868240.311899 -1.8729224 -0.0743916 0.6946378 -0.0402148 0.3562490 0.2740794 0.8923844
1311868240.679815 -1.8825182 -0.0177618 0.6320304 -0.0566294 0.3475618 0.2582535 0.8996105
1311868241.479924 -1.7900245 -0.0919527 0.5607435 -0.0664062 0.3493915 0.2805636 0.8915155
1311868241.779865 -1.7290335 -0.1424090 0.5382023 -0.0574723 0.3398145 0.2862736 0.8940193
1311868242.111944 -1.6696405 -0.1831230 0.4923295 -0.0605317 0.3187846 0.2501557 0.9122140
1311868242.447942 -1.6329165 -0.1942510 0.4454092 -0.0582963 0.2898974 0.2293003 0.9273524
1311868242.847992 -1.6012253 -0.1829429 0.4157701 -0.0452522 0.2803334 0.2113990 0.9352411
1311868243.180098 -1.5688598 -0.1594432 0.4017536 -0.0352699 0.2880213 0.2201844 0.9312994
1311868243.512100 -1.5377976 -0.1413075 0.3615895 -0.0318465 0.2801708 0.1970251 0.9389735
1311868243.848171 -1.4945047 -0.0939282 0.2900736 -0.0549766 0.2421582 0.1719419 0.9532958
1311868244.180196 -1.4592307 -0.0433139 0.2309711 -0.0506465 0.2023599 0.1504691 0.9663563
1311868244.512251 -1.4375764 0.0195517 0.1872631 -0.0563930 0.1912429 0.1376640 0.9702034
1311868244.912189 -1.3897294 0.0858169 0.1573485 -0.0627672 0.1987944 0.1488224 0.9666401
1311868245.280237 -1.3222561 0.1246452 0.1512401 -0.0653638 0.2010333 0.1402970 0.9672797
1311868245.680250 -1.2382466 0.1634102 0.1255221 -0.0497222 0.1733929 0.1351877 0.9742622
1311868245.980265 -1.1767879 0.2051764 0.0921174 -0.0592349 0.1511742 0.1512068 0.9750764
1311868246.348101 -1.1354871 0.2563264 0.0268469 -0.0786702 0.1357348 0.1304810 0.9789595
1311868246.716264 -1.1219100 0.3172159 -0.0453117 -0.0934555 0.1363668 0.1331982 0.9772044
1311868247.748343 -0.9712734 0.2707178 -0.0597804 -0.0889936 0.1411197 0.1389477 0.9761449
1311868248.080326 -0.8943709 0.2182442 -0.0224027 -0.0835385 0.1382953 0.1282060 0.9784983
1311868248.416340 -0.8190572 0.1747695 0.0098188 -0.0926920 0.1173751 0.1203314 0.9814029
1311868248.748482 -0.7198938 0.1294488 0.0275636 -0.1102981 0.0929142 0.0816921 0.9861681
1311868249.116343 -0.6111155 0.0803576 0.0412143 -0.1252401 0.0853151 0.0782829 0.9853467
1311868249.416459 -0.5551320 0.0488243 0.0645239 -0.1219713 0.0866642 0.0775559 0.9856964
1311868249.780683 -0.5140020 -0.0134194 0.1118299 -0.1145843 0.0902494 0.0763668 0.9863537
1311868250.080466 -0.4899231 -0.0771733 0.1633550 -0.1029439 0.1044451 0.0744054 0.9863861
1311868250.480450 -0.4737211 -0.1582467 0.2219600 -0.0914275 0.0973099 0.0745882 0.9882350
1311868250.848395 -0.4648873 -0.2198570 0.2495240 -0.0807967 0.0853718 0.0739415 0.9903111
1311868251.748667 -0.3994009 -0.1599495 0.1994417 -0.0734869 0.0760291 0.0501534 0.9931284
1311868252.116709 -0.3145597 -0.1241606 0.1405411 -0.0745640 0.0679256 0.0377599 0.9941834
1311868252.480598 -0.2197043 -0.0764697 0.0730034 -0.0792770 0.0503366 0.0043514 0.9955714
1311868252.816693 -0.1333801 -0.0221280 0.0299259 -0.0946400 0.0385956 0.0114984 0.9946967
1311868254.049168 0.1491064 0.0349950 0.0452153 -0.1052729 0.0266835 0.0227176 0.9938257
1311868254.816878 0.3581899 0.0857153 0.0132909 -0.1374152 -0.0566793 -0.0283794 0.9884833
1311868255.049320 0.4120394 0.1051220 -0.0010553 -0.1443549 -0.0673485 -0.0293649 0.9867946
1311868255.748794 0.5179717 0.1239621 -0.0081004 -0.1422659 -0.0806154 -0.0323856 0.9860085
1311868256.348901 0.6558299 0.0735363 0.0564595 -0.1420623 -0.0930031 -0.0560678 0.9838827
1311868256.916906 0.7756785 0.0101594 0.1161551 -0.1204131 -0.1242201 -0.0651764 0.9827625
1311868257.485023 0.8911601 -0.0714546 0.1661838 -0.1290663 -0.1724190 -0.1167974 0.9695215
1311868258.048909 0.9540343 -0.1667062 0.2081206 -0.1297573 -0.2202839 -0.1578112 0.9537996
1311868258.648890 0.9518691 -0.3170277 0.3157791 -0.1347661 -0.2350320 -0.1834468 0.9449579
1311868259.185707 0.9553971 -0.4213696 0.4188476 -0.1166428 -0.2704833 -0.1930124 0.9359378
1311868259.785037 1.0297519 -0.4860595 0.5236144 -0.0920019 -0.2957352 -0.2257411 0.9236435
