1403638523.327829599 0.03076 -0.00518 0.38745 0.79877 0.00309 0.60037 -0.03900
1403638523.527829409 0.04902 -0.02159 0.32011 0.80526 0.01152 0.59168 -0.03661
1403638523.627829552 0.03190 -0.02765 0.25483 0.81533 0.01703 0.57784 -0.03225
1403638523.727829456 0.03466 -0.03385 0.19778 0.82270 0.02239 0.56716 -0.03141
1403638523.827829599 0.01522 -0.04187 0.15573 0.82535 0.02540 0.56327 -0.02969
1403638523.927829504 0.01258 -0.05026 0.11983 0.82508 0.02952 0.56381 -0.02213
1403638524.027829409 0.00222 -0.04759 0.09115 0.82654 0.03792 0.56141 -0.01434
1403638524.127829552 -0.00287 -0.04646 0.09171 0.83081 0.04510 0.55463 -0.01000
1403638524.227829456 -0.00714 -0.04444 0.12057 0.83427 0.04826 0.54902 -0.01565
1403638524.327829599 -0.00666 -0.04293 0.16929 0.83331 0.04782 0.55022 -0.02381
1403638524.427829504 -0.00505 -0.04060 0.22671 0.82924 0.04675 0.55588 -0.03425
1403638524.527829409 -0.00095 -0.03874 0.28791 0.82165 0.04594 0.56677 -0.03933
1403638524.627829552 0.00050 -0.03404 0.34509 0.81383 0.04314 0.57807 -0.04064
1403638524.727829456 0.01267 -0.03118 0.39272 0.80974 0.03663 0.58490 -0.02938
1403638524.827829599 0.01145 -0.02487 0.42816 0.80726 0.03121 0.58915 -0.01633
1403638525.027829409 0.02223 -0.01923 0.44777 0.80386 0.03324 0.59347 -0.02231
1403638525.327829599 0.02549 -0.02190 0.33466 0.80848 0.04738 0.58634 -0.01808
1403638525.427829504 0.02275 -0.02117 0.28145 0.81979 0.05043 0.56999 -0.02285
1403638525.527829409 0.01973 -0.02127 0.23090 0.83151 0.05098 0.55224 -0.03201
1403638525.627829552 0.01644 -0.02242 0.18732 0.83725 0.04916 0.54345 -0.03549
1403638525.727829456 0.01448 -0.02376 0.15259 0.83783 0.04552 0.54293 -0.03462
1403638525.827829599 0.01303 -0.02430 0.12669 0.83507 0.04043 0.54778 -0.03101
1403638525.927829504 0.01109 -0.02779 0.11038 0.83210 0.03724 0.55297 -0.02124
1403638526.027829409 0.00719 -0.04123 0.10577 0.83253 0.03731 0.55252 -0.01539
1403638526.127829552 0.00311 -0.06603 0.10960 0.83515 0.03038 0.54906 -0.01195
1403638526.227829456 -0.00153 -0.09902 0.12112 0.83606 0.02143 0.54811 -0.01053
1403638526.327829599 -0.00886 -0.13769 0.13643 0.83324 0.01230 0.55273 -0.00670
1403638526.427829504 -0.01851 -0.18105 0.15130 0.82800 0.00258 0.56070 -0.00404
1403638526.527829409 -0.02903 -0.22959 0.16265 0.82245 -0.00810 0.56876 -0.00477
1403638526.627829552 -0.04080 -0.28582 0.17116 0.81701 -0.01708 0.57636 -0.00325
1403638526.727829456 -0.05520 -0.34894 0.17781 0.81291 -0.02358 0.58191 0.00117
1403638526.827829599 -0.06903 -0.41601 0.18214 0.81106 -0.02542 0.58435 0.00897
1403638526.927829504 -0.08341 -0.48132 0.18457 0.81240 -0.02781 0.58233 0.01101
1403638527.027829409 -0.09370 -0.54298 0.18562 0.81715 -0.03505 0.57521 0.01293
1403638527.127829552 -0.09579 -0.59753 0.18635 0.82243 -0.04596 0.56682 0.01491
1403638527.227829456 -0.09741 -0.64301 0.18978 0.82318 -0.05853 0.56438 0.02053
1403638527.327829599 -0.09877 -0.67513 0.19589 0.81923 -0.06982 0.56814 0.03463
1403638527.427829504 -0.09241 -0.68558 0.19841 0.81586 -0.07498 0.57146 0.04678
1403638527.827829599 -0.03776 -0.55133 0.19683 0.81767 -0.06100 0.57136 0.03520
1403638527.927829504 -0.01987 -0.49288 0.19899 0.81982 -0.05572 0.56955 0.02004
1403638528.027829409 -0.00255 -0.43550 0.20348 0.81865 -0.04783 0.57218 0.01146
1403638528.127829552 0.01116 -0.37664 0.20298 0.81732 -0.03976 0.57480 0.00252
1403638528.227829456 0.02766 -0.32227 0.20034 0.81827 -0.03005 0.57399 -0.00846
1403638528.327829599 0.05560 -0.27490 0.19458 0.81877 -0.01978 0.57345 -0.01933
1403638528.427829504 0.08344 -0.23932 0.19997 0.81726 -0.01477 0.57572 -0.02058
1403638528.627829552 0.15197 -0.19523 0.17547 0.82016 -0.02280 0.57140 -0.01802
1403638528.827829599 0.21103 -0.18084 0.18623 0.81917 -0.03531 0.57230 -0.01326
1403638529.127829552 0.18336 -0.15750 0.22017 0.81961 -0.04486 0.57102 -0.01312
1403638529.227829456 0.14928 -0.13973 0.22975 0.82110 -0.03817 0.56950 0.00281
1403638529.327829599 0.11411 -0.12439 0.21928 0.82389 -0.03354 0.56564 0.01141
1403638529.427829504 0.07925 -0.10532 0.20536 0.83166 -0.02988 0.55432 0.01355
1403638529.527829409 0.05282 -0.09304 0.18414 0.84263 -0.02770 0.53768 0.01002
1403638529.627829552 0.03180 -0.08291 0.15576 0.84989 -0.02416 0.52629 0.01126
1403638529.727829456 0.01927 -0.06674 0.13923 0.84978 -0.02222 0.52655 0.01129
1403638529.827829599 0.00832 -0.06434 0.11426 0.84360 -0.02296 0.53639 0.00973
1403638529.927829504 0.00653 -0.05967 0.09736 0.83887 -0.02282 0.54378 0.00874
1403638530.127829552 0.01464 -0.05952 0.08086 0.84078 -0.02457 0.54075 0.00888
1403638530.227829456 0.03757 -0.05161 0.06983 0.84122 -0.03072 0.53970 0.01172
1403638530.327829599 0.05159 -0.06614 0.05247 0.84064 -0.03636 0.54023 0.01244
1403638530.427829504 0.06151 -0.07118 0.04461 0.84025 -0.04011 0.54050 0.01540
1403638530.527829409 0.06931 -0.08272 0.03620 0.83989 -0.04448 0.54075 0.01393
1403638530.627829552 0.07648 -0.08243 0.02954 0.84102 -0.04704 0.53872 0.01590
1403638530.727829456 0.07969 -0.08771 0.02169 0.84502 -0.04847 0.53232 0.01523
1403638530.827829599 0.08177 -0.09120 0.01465 0.84729 -0.04804 0.52877 0.01366
1403638531.127829552 0.08320 -0.09252 0.00640 0.84014 -0.04551 0.54034 0.01139
1403638538.927829504 0.08546 -0.08981 0.00548 0.83251 -0.04025 0.55242 0.01216
1403638539.027829409 0.09007 -0.09185 0.00674 0.82774 -0.04080 0.55949 0.01260
1403638539.127829552 0.09520 -0.09418 0.01002 0.82099 -0.04247 0.56922 0.01249
1403638539.227829456 0.10373 -0.09603 0.01991 0.81597 -0.04227 0.57640 0.01276
1403638539.327829599 0.11138 -0.09351 0.03481 0.81483 -0.04234 0.57801 0.01291
1403638539.427829504 0.12417 -0.10253 0.06643 0.81632 -0.04144 0.57596 0.01327
1403638539.527829409 0.12242 -0.10636 0.08856 0.81828 -0.04005 0.57329 0.01261
1403638539.627829552 0.14455 -0.10600 0.12478 0.81887 -0.03885 0.57256 0.01131
1403638539.827829599 0.16717 -0.10715 0.14701 0.82095 -0.03648 0.56973 0.01049
1403638540.027829409 0.20097 -0.10923 0.17889 0.83027 -0.03610 0.55613 0.00823
1403638540.127829552 0.22381 -0.11265 0.18520 0.83616 -0.03599 0.54725 0.00823
1403638540.227829456 0.25536 -0.11368 0.19694 0.83601 -0.03489 0.54753 0.00886
1403638540.327829599 0.28827 -0.11527 0.20731 0.82978 -0.03409 0.55696 0.00944
1403638540.427829504 0.32833 -0.11513 0.21885 0.82515 -0.03026 0.56404 0.00851
1403638540.527829409 0.37079 -0.12581 0.22661 0.82442 -0.02172 0.56555 0.00318
1403638540.627829552 0.41059 -0.11712 0.23560 0.82423 -0.00790 0.56618 -0.00532
1403638540.727829456 0.45310 -0.11326 0.24406 0.82280 0.01339 0.56804 -0.01223
1403638540.827829599 0.49743 -0.10713 0.25245 0.82146 0.03968 0.56850 -0.02093
1403638540.927829504 0.54061 -0.09425 0.25828 0.81970 0.06787 0.56782 -0.03256
1403638541.027829409 0.58694 -0.07897 0.26350 0.81732 0.09040 0.56708 -0.04734
1403638541.127829552 0.62907 -0.05457 0.26472 0.81454 0.10661 0.56712 -0.05947
1403638541.227829456 0.67777 -0.03660 0.26162 0.81345 0.11712 0.56586 -0.06624
1403638541.427829504 0.76994 0.02265 0.26655 0.81320 0.12248 0.56464 -0.06997
1403638541.627829552 0.86492 0.09834 0.29335 0.81112 0.12386 0.56761 -0.06756
1403638541.727829456 0.91504 0.14602 0.31843 0.80972 0.12726 0.56813 -0.07344
1403638541.827829599 0.96175 0.19748 0.34891 0.80892 0.13324 0.56625 -0.08517
1403638541.927829504 1.00873 0.24853 0.37936 0.80794 0.14454 0.56305 -0.09656
1403638542.027829409 1.03770 0.30835 0.40111 0.80612 0.15987 0.55917 -0.10925
1403638542.127829552 1.09227 0.36537 0.42230 0.80318 0.17832 0.55523 -0.12174
1403638542.227829456 1.13091 0.42458 0.43610 0.79930 0.19830 0.55062 -0.13643
1403638542.327829599 1.17888 0.48239 0.44462 0.79438 0.22056 0.54599 -0.14902
1403638542.427829504 1.21516 0.54546 0.45009 0.78335 0.24023 0.55102 -0.15819
1403638542.527829409 1.25587 0.60649 0.45365 0.77020 0.25864 0.56117 -0.15809
1403638542.627829552 1.29130 0.66897 0.45770 0.76241 0.27257 0.56621 -0.15441
1403638542.727829456 1.32076 0.73425 0.46719 0.76351 0.27603 0.56228 -0.15714
1403638542.827829599 1.34528 0.80437 0.48480 0.76904 0.27182 0.55464 -0.16452
1403638542.927829504 1.36297 0.87622 0.50771 0.77514 0.26761 0.54673 -0.16922
1403638543.127829552 1.39172 1.02309 0.56302 0.78243 0.25987 0.53931 -0.17151
1403638543.427829504 1.43783 1.25276 0.60786 0.78497 0.25557 0.53840 -0.16923
1403638543.527829409 1.45639 1.33308 0.61404 0.78364 0.26210 0.53624 -0.17223
1403638543.627829552 1.47394 1.41510 0.61698 0.77957 0.27708 0.53321 -0.17660
1403638543.727829456 1.48844 1.49860 0.61824 0.77300 0.29623 0.52944 -0.18552
1403638543.827829599 1.50113 1.58387 0.62383 0.76345 0.31913 0.52647 -0.19528
1403638543.927829504 1.51257 1.67153 0.63751 0.75412 0.33977 0.52144 -0.20964
1403638544.027829409 1.52304 1.76191 0.65827 0.74770 0.35414 0.51500 -0.22429
1403638544.127829552 1.53325 1.85314 0.68203 0.74419 0.36338 0.50833 -0.23609
1403638544.227829456 1.54266 1.94667 0.70254 0.74128 0.36759 0.50497 -0.24575
1403638544.327829599 1.55383 2.03865 0.71737 0.73947 0.37070 0.50311 -0.25028
1403638544.627829552 1.60103 2.31005 0.73976 0.73380 0.37157 0.50829 -0.25517
1403638544.727829456 1.61677 2.40172 0.75477 0.72926 0.37180 0.51279 -0.25881
1403638544.927829504 1.64859 2.57672 0.78060 0.73383 0.37529 0.50466 -0.25685
1403638545.127829552 1.68275 2.74980 0.78699 0.73225 0.37580 0.50545 -0.25903
1403638545.427829504 1.73946 3.00339 0.75797 0.72967 0.37699 0.50779 -0.26002
1403638545.627829552 1.77320 3.17074 0.73432 0.72509 0.38931 0.49979 -0.26998
1403638545.727829456 1.78936 3.25644 0.73167 0.71908 0.40342 0.49278 -0.27813
1403638545.827829599 1.80486 3.34274 0.73664 0.70890 0.42169 0.48640 -0.28819
1403638545.927829504 1.82004 3.42768 0.74808 0.69747 0.44287 0.47780 -0.29849
1403638546.027829409 1.83466 3.51369 0.76420 0.68548 0.46340 0.47030 -0.30693
1403638546.127829552 1.84885 3.59946 0.78020 0.67501 0.47944 0.46520 -0.31318
1403638546.227829456 1.86157 3.68781 0.79082 0.66874 0.48873 0.45974 -0.32026
1403638546.327829599 1.87336 3.77662 0.79587 0.66557 0.49344 0.45502 -0.32632
1403638546.527829409 1.89697 3.95390 0.78815 0.66400 0.49644 0.44949 -0.33258
1403638546.727829456 1.91578 4.13578 0.79012 0.65518 0.50742 0.44554 -0.33876
1403638546.927829504 1.93264 4.32577 0.82206 0.64771 0.51776 0.44367 -0.33993
1403638547.127829552 1.94307 4.51667 0.84110 0.64192 0.52578 0.44632 -0.33510
1403638547.427829504 1.93814 4.81209 0.83513 0.64295 0.52496 0.44403 -0.33743
1403638547.627829552 1.91984 5.01503 0.81159 0.64846 0.51826 0.43840 -0.34453
1403638547.827829599 1.90213 5.22488 0.77198 0.64663 0.52027 0.44299 -0.33904
1403638548.027829409 1.87857 5.44233 0.73032 0.64576 0.52134 0.44205 -0.34028
1403638548.127829552 1.86356 5.55579 0.72129 0.64301 0.52524 0.43869 -0.34381
1403638548.227829456 1.83565 5.66793 0.71945 0.63772 0.53191 0.43353 -0.34990
1403638548.327829599 1.82424 5.78723 0.72562 0.62985 0.54170 0.42663 -0.35755
1403638548.427829504 1.80311 5.90452 0.74144 0.62038 0.55404 0.41855 -0.36467
1403638548.527829409 1.78158 6.02432 0.75990 0.61210 0.56264 0.41240 -0.37243
1403638548.627829552 1.76041 6.14444 0.77229 0.60501 0.56962 0.40852 -0.37763
1403638548.727829456 1.73938 6.26768 0.78039 0.60064 0.57414 0.40529 -0.38122
1403638548.927829504 1.69687 6.51257 0.80543 0.59620 0.57860 0.40161 -0.38533
1403638549.127829552 1.65190 6.76110 0.85478 0.59611 0.57882 0.40039 -0.38640
1403638549.327829599 1.60484 7.01680 0.92567 0.59754 0.57623 0.40022 -0.38824
1403638549.527829409 1.56149 7.27814 0.99912 0.60014 0.57210 0.39913 -0.39144
1403638549.627829552 1.54062 7.41409 1.02656 0.59939 0.56997 0.40132 -0.39345
1403638549.827829599 1.50422 7.67681 1.08353 0.60027 0.56960 0.40137 -0.39261
1403638550.027829409 1.47312 7.94510 1.16402 0.60179 0.56976 0.39965 -0.39180
1403638550.227829456 1.45475 8.21646 1.27056 0.60236 0.57009 0.39718 -0.39294
1403638550.427829504 1.42877 8.49086 1.39754 0.60102 0.57020 0.39750 -0.39451
1403638550.627829552 1.41495 8.75906 1.49805 0.60141 0.56580 0.39600 -0.40169
1403638550.727829456 1.41154 8.89480 1.53985 0.60016 0.56290 0.39771 -0.40593
1403638550.827829599 1.41064 9.03107 1.57869 0.59799 0.56022 0.40148 -0.40912
1403638550.927829504 1.41137 9.16574 1.61423 0.59349 0.55550 0.40853 -0.41508
1403638551.027829409 1.41484 9.29629 1.64500 0.59056 0.55166 0.41302 -0.41990
1403638551.127829552 1.42105 9.41882 1.67283 0.58970 0.54915 0.41450 -0.42294
1403638551.327829599 1.44785 9.63898 1.74500 0.59462 0.54598 0.41071 -0.42385
1403638551.427829504 1.46908 9.74232 1.78169 0.60506 0.53915 0.41045 -0.41803
1403638551.527829409 1.49635 9.83869 1.81307 0.61948 0.52602 0.41324 -0.41084
1403638551.627829552 1.53081 9.93098 1.83853 0.63556 0.50771 0.41760 -0.40485
1403638551.727829456 1.57259 10.01887 1.85957 0.65041 0.48897 0.42460 -0.39698
1403638551.827829599 1.62239 10.10102 1.87580 0.66338 0.47088 0.43368 -0.38746
1403638551.927829504 1.67943 10.17704 1.89280 0.66985 0.45992 0.44593 -0.37540
1403638552.027829409 1.74252 10.24753 1.91657 0.67142 0.45365 0.45872 -0.36465
1403638552.127829552 1.80870 10.31144 1.94819 0.67436 0.44979 0.46437 -0.35677
1403638552.227829456 1.87928 10.36884 1.98654 0.67920 0.44779 0.46276 -0.35217
1403638552.427829504 2.02957 10.46750 2.06090 0.68011 0.44173 0.46442 -0.35586
1403638552.527829409 2.11154 10.51110 2.09210 0.67642 0.43727 0.46875 -0.36266
1403638552.627829552 2.19736 10.54939 2.11830 0.67293 0.43608 0.47228 -0.36599
1403638552.827829599 2.37459 10.59900 2.14939 0.67112 0.44116 0.47156 -0.36415
1403638553.027829409 2.56209 10.62288 2.16552 0.66766 0.45306 0.47224 -0.35491
1403638553.227829456 2.75114 10.62536 2.16659 0.65971 0.45200 0.47818 -0.36307
1403638553.327829599 2.84521 10.61985 2.17046 0.65397 0.45062 0.48395 -0.36750
1403638553.427829504 2.93834 10.60341 2.17946 0.64884 0.45354 0.48993 -0.36508
1403638553.527829409 3.02911 10.57747 2.19379 0.64447 0.45698 0.49505 -0.36160
1403638553.627829552 3.11511 10.53818 2.21253 0.64165 0.45946 0.49879 -0.35832
1403638553.827829599 3.27357 10.42591 2.27055 0.64296 0.46288 0.49700 -0.35402
1403638554.027829409 3.41624 10.28960 2.34022 0.64975 0.46347 0.48923 -0.35167
1403638554.227829456 3.54703 10.13555 2.38801 0.65699 0.47094 0.48019 -0.34058
1403638554.327829599 3.60908 10.06063 2.40286 0.66180 0.47610 0.47359 -0.33326
1403638554.427829504 3.66495 9.98574 2.41514 0.66446 0.47891 0.46979 -0.32930
1403638554.627829552 3.77926 9.83061 2.43178 0.66700 0.47883 0.46540 -0.33051
1403638554.827829599 3.89584 9.68334 2.46609 0.66852 0.47263 0.46213 -0.34080
1403638555.027829409 4.00345 9.53254 2.50506 0.67033 0.46611 0.46345 -0.34439
1403638555.127829552 4.06640 9.45702 2.51816 0.67462 0.46146 0.46631 -0.33838
1403638555.227829456 4.12921 9.37856 2.52376 0.68117 0.45310 0.46918 -0.33252
1403638555.327829599 4.19225 9.29904 2.52570 0.68622 0.44621 0.47247 -0.32677
1403638555.427829504 4.25396 9.21886 2.52560 0.68824 0.44339 0.47736 -0.31915
1403638555.527829409 4.32337 9.14243 2.51836 0.69020 0.43985 0.47971 -0.31628
1403638555.627829552 4.38741 9.06585 2.51433 0.69116 0.43836 0.48115 -0.31405
1403638555.827829599 4.50977 8.91023 2.53097 0.69310 0.43821 0.47936 -0.31274
1403638556.027829409 4.63349 8.75756 2.57568 0.69174 0.44113 0.48024 -0.31025
1403638556.227829456 4.76387 8.61399 2.61669 0.69837 0.44329 0.47060 -0.30711
1403638556.427829504 4.89645 8.48071 2.63772 0.70279 0.44449 0.46391 -0.30546
1403638556.527829409 4.97144 8.42362 2.64541 0.70618 0.44581 0.45911 -0.30294
1403638556.727829456 5.11844 8.31878 2.66792 0.70854 0.43599 0.45678 -0.31502
1403638556.827829599 5.20257 8.27005 2.68819 0.70553 0.43169 0.46110 -0.32134
1403638556.927829504 5.28969 8.22287 2.71511 0.70410 0.42827 0.46312 -0.32611
1403638557.027829409 5.38969 8.17735 2.74403 0.70279 0.42775 0.46473 -0.32733
1403638557.127829552 5.47850 8.13027 2.76026 0.70107 0.43009 0.46685 -0.32492
1403638557.227829456 5.57798 8.08439 2.77301 0.69970 0.43130 0.46848 -0.32394
1403638557.427829504 5.78451 7.99114 2.78607 0.69673 0.43571 0.47180 -0.31956
1403638557.527829409 5.89182 7.94640 2.79681 0.69381 0.44032 0.47555 -0.31399
1403638557.627829552 5.99756 7.90041 2.81348 0.69147 0.44297 0.47855 -0.31088
1403638557.827829599 6.20610 7.80906 2.85439 0.69039 0.44438 0.48058 -0.30811
1403638557.927829504 6.30675 7.76860 2.86523 0.69053 0.44607 0.48044 -0.30555
1403638558.027829409 6.40864 7.72547 2.87300 0.69311 0.44706 0.47666 -0.30419
1403638558.127829552 6.50760 7.68484 2.87400 0.69822 0.44780 0.46957 -0.30243
1403638558.327829599 6.70664 7.61816 2.88411 0.70614 0.45128 0.45852 -0.29574
1403638558.427829504 6.80798 7.59454 2.90451 0.70867 0.45487 0.45491 -0.28971
1403638558.527829409 6.91519 7.58115 2.93454 0.71192 0.45641 0.45037 -0.28642
1403638558.627829552 7.01371 7.57341 2.96511 0.71321 0.45250 0.44910 -0.29135
1403638558.827829599 7.23174 7.58347 3.03282 0.71299 0.44055 0.45055 -0.30751
1403638558.927829504 7.34786 7.59585 3.05680 0.70972 0.44013 0.45551 -0.30836
1403638559.027829409 7.46624 7.61171 3.07266 0.70441 0.44016 0.46315 -0.30912
1403638559.127829552 7.58366 7.62684 3.08436 0.70043 0.44002 0.46849 -0.31033
1403638559.227829456 7.70255 7.64530 3.08851 0.69702 0.44161 0.47260 -0.30949
1403638559.427829504 7.93658 7.68522 3.08170 0.69206 0.44706 0.47840 -0.30386
1403638559.527829409 8.04883 7.70728 3.07008 0.69019 0.44837 0.48066 -0.30259
1403638559.627829552 8.15949 7.73242 3.05567 0.68846 0.44896 0.48232 -0.30302
1403638559.727829456 8.26802 7.75657 3.03995 0.68751 0.44971 0.48273 -0.30343
1403638559.927829504 8.47209 7.81210 3.02630 0.68907 0.44730 0.48187 -0.30481
1403638560.027829409 8.57179 7.84195 3.01773 0.69492 0.43776 0.48425 -0.30159
1403638560.127829552 8.66980 7.87008 3.00393 0.70390 0.42185 0.48992 -0.29419
1403638560.227829456 8.76884 7.89902 2.98292 0.71433 0.40223 0.49809 -0.28258
1403638560.327829599 8.86796 7.92763 2.95934 0.72320 0.37934 0.50967 -0.27077
1403638560.427829504 8.96343 7.95245 2.93337 0.73114 0.35471 0.52205 -0.25902
1403638560.527829409 9.05168 7.96759 2.90865 0.73914 0.32918 0.53339 -0.24657
1403638560.627829552 9.14779 7.99630 2.86881 0.74927 0.30131 0.54023 -0.23656
1403638560.727829456 9.23493 8.00638 2.83550 0.75929 0.27392 0.54381 -0.22959
1403638560.827829599 9.32109 8.01862 2.80440 0.76647 0.25121 0.54887 -0.21946
1403638560.927829504 9.40168 8.01805 2.78567 0.77194 0.22886 0.55485 -0.20945
1403638561.027829409 9.48407 8.01178 2.77247 0.77424 0.20943 0.56391 -0.19674
1403638561.127829552 9.56156 7.99567 2.76730 0.77657 0.19039 0.57126 -0.18535
1403638561.227829456 9.63225 7.97670 2.76662 0.77764 0.17492 0.57754 -0.17641
1403638561.327829599 9.70247 7.94362 2.77553 0.77931 0.16500 0.58007 -0.17019
1403638561.427829504 9.76698 7.91030 2.78014 0.78572 0.16534 0.57469 -0.15827
1403638561.527829409 9.82544 7.87118 2.77882 0.79053 0.17002 0.57003 -0.14568
1403638561.627829552 9.88138 7.82981 2.77247 0.79355 0.17368 0.56640 -0.13890
1403638561.827829599 9.98538 7.74027 2.74445 0.79409 0.17818 0.56495 -0.13601
1403638561.927829504 10.03421 7.69541 2.72219 0.79419 0.17709 0.56619 -0.13167
1403638562.027829409 10.08107 7.64993 2.69690 0.79562 0.16970 0.56770 -0.12617
1403638562.127829552 10.12283 7.60214 2.67861 0.79761 0.15993 0.56937 -0.11859
1403638562.227829456 10.16071 7.55510 2.66486 0.79889 0.15173 0.57125 -0.11147
1403638562.327829599 10.19657 7.50960 2.65686 0.79997 0.14183 0.57344 -0.10532
1403638562.427829504 10.22860 7.46248 2.65307 0.80125 0.12794 0.57615 -0.09838
1403638562.527829409 10.25913 7.41559 2.65645 0.80414 0.10997 0.57733 -0.08923
1403638562.627829552 10.28761 7.36826 2.66635 0.80602 0.08739 0.57985 -0.08038
1403638562.727829456 10.31384 7.31824 2.67935 0.80835 0.06243 0.58102 -0.07136
1403638562.827829599 10.33532 7.26537 2.69108 0.80986 0.03670 0.58241 -0.05985
1403638562.927829504 10.35124 7.20827 2.69667 0.81101 0.01256 0.58309 -0.04591
1403638563.027829409 10.36302 7.14732 2.69804 0.81097 -0.01032 0.58402 -0.03369
1403638563.127829552 10.36964 7.08309 2.69316 0.81104 -0.03448 0.58338 -0.02648
1403638563.227829456 10.37304 7.01400 2.68420 0.80914 -0.05025 0.58532 -0.01306
1403638563.327829599 10.37243 6.94213 2.66965 0.80444 -0.06107 0.59087 -0.00304
1403638563.427829504 10.36780 6.86648 2.65098 0.79577 -0.06909 0.60165 0.00088
1403638563.527829409 10.35712 6.78793 2.62725 0.79356 -0.07168 0.60424 0.00440
1403638563.627829552 10.33893 6.70522 2.60672 0.79625 -0.07092 0.60075 0.00790
1403638563.827829599 10.27996 6.52393 2.59043 0.80058 -0.07139 0.59495 0.00160
1403638564.127829552 10.14846 6.21837 2.60190 0.79972 -0.06463 0.59682 -0.00877
1403638564.327829599 10.03294 5.99350 2.59754 0.79811 -0.05299 0.60014 -0.00702
1403638564.527829409 9.89289 5.75171 2.61504 0.79620 -0.04681 0.60316 -0.00853
1403638564.727829456 9.72496 5.49663 2.63866 0.79964 -0.05095 0.59805 -0.01761
1403638564.827829599 9.63566 5.36553 2.64296 0.79988 -0.05416 0.59737 -0.02031
1403638564.927829504 9.54105 5.23074 2.63437 0.79903 -0.05669 0.59820 -0.02229
1403638565.027829409 9.44055 5.09072 2.60587 0.79898 -0.05771 0.59813 -0.02345
1403638565.127829552 9.33713 4.94502 2.56286 0.79965 -0.05831 0.59713 -0.02432
1403638565.227829456 9.23318 4.79281 2.50892 0.80052 -0.05785 0.59603 -0.02400
1403638565.327829599 9.12405 4.63449 2.45205 0.80148 -0.05701 0.59490 -0.02174
1403638565.427829504 9.01121 4.47336 2.39426 0.80243 -0.05579 0.59381 -0.01934
1403638565.527829409 8.89499 4.30630 2.34014 0.80045 -0.05409 0.59680 -0.01378
1403638565.627829552 8.77628 4.13708 2.29432 0.79894 -0.05071 0.59924 -0.00515
1403638565.727829456 8.64988 3.96555 2.25715 0.80017 -0.04441 0.59809 0.00700
1403638565.827829599 8.51674 3.79519 2.22701 0.80318 -0.04181 0.59413 0.01324
1403638565.927829504 8.37910 3.62824 2.20250 0.80565 -0.03984 0.59073 0.01926
1403638566.027829409 8.24111 3.46872 2.17822 0.80690 -0.04110 0.58892 0.02007
1403638566.127829552 8.09642 3.31026 2.14027 0.80715 -0.04176 0.58850 0.02059
1403638566.227829456 7.95517 3.15537 2.09739 0.80701 -0.04181 0.58869 0.02095
1403638566.327829599 7.81465 3.00532 2.04582 0.80809 -0.04194 0.58721 0.02046
1403638566.427829504 7.67474 2.85900 1.98623 0.80805 -0.04078 0.58736 0.02026
1403638566.527829409 7.53580 2.71498 1.92085 0.80848 -0.04019 0.58686 0.01833
1403638566.627829552 7.39919 2.57259 1.85036 0.81517 -0.03908 0.57767 0.01632
1403638566.727829456 7.26363 2.43252 1.77238 0.82744 -0.03802 0.56007 0.01491
1403638566.827829599 7.13435 2.29262 1.69059 0.83705 -0.03474 0.54582 0.01503
1403638566.927829504 7.01067 2.15583 1.60726 0.84326 -0.03213 0.53634 0.01448
1403638567.027829409 6.89555 2.01786 1.51935 0.84303 -0.03054 0.53684 0.01320
1403638567.127829552 6.78943 1.88399 1.43682 0.83060 -0.02765 0.55598 0.01498
1403638567.227829456 6.68722 1.75399 1.34978 0.81939 -0.02573 0.57242 0.01681
1403638567.327829599 6.58607 1.62697 1.25729 0.81385 -0.02421 0.58022 0.02004
1403638567.427829504 6.48446 1.50268 1.16604 0.81350 -0.02426 0.58063 0.02234
1403638567.527829409 6.38150 1.38345 1.08034 0.81612 -0.02522 0.57684 0.02405
1403638567.627829552 6.27927 1.26789 1.00381 0.82003 -0.02618 0.57113 0.02597
1403638567.727829456 6.17813 1.15732 0.93539 0.82317 -0.02673 0.56645 0.02848
1403638567.827829599 6.08053 1.05178 0.87587 0.82712 -0.02706 0.56055 0.03024
1403638567.927829504 5.98928 0.95181 0.82353 0.82852 -0.02973 0.55848 0.02781
1403638568.027829409 5.90403 0.85336 0.77711 0.82914 -0.02971 0.55751 0.02874
1403638568.127829552 5.82348 0.75920 0.73944 0.82833 -0.02807 0.55866 0.03126
1403638568.227829456 5.74581 0.67037 0.70919 0.82762 -0.02698 0.55966 0.03320
1403638568.427829504 5.60006 0.51057 0.65216 0.82882 -0.02751 0.55779 0.03426
1403638568.627829552 5.46704 0.36811 0.57953 0.83093 -0.02666 0.55459 0.03561
1403638568.827829599 5.35245 0.24607 0.50924 0.83199 -0.02611 0.55307 0.03513
1403638569.027829409 5.25693 0.14256 0.46581 0.83088 -0.02542 0.55471 0.03598
1403638569.227829456 5.18366 0.05701 0.45130 0.83252 -0.02309 0.55212 0.03928
1403638569.527829409 5.11005 -0.03400 0.41019 0.83104 -0.02190 0.55425 0.04130
1403638570.227829456 5.07310 -0.06946 0.37131 0.82483 -0.02779 0.56386 0.03082
1403638570.427829504 5.07768 -0.05197 0.33903 0.82402 -0.04426 0.56454 0.01795
1403638570.527829409 5.07857 -0.04175 0.31356 0.82255 -0.06601 0.56474 0.01145
1403638570.627829552 5.08270 -0.04772 0.27744 0.81861 -0.09492 0.56641 0.00716
1403638570.727829456 5.08753 -0.05512 0.24484 0.81050 -0.12226 0.57270 0.01261
1403638570.827829599 5.08711 -0.07503 0.21016 0.79791 -0.14908 0.58363 0.02188
1403638570.927829504 5.07975 -0.10519 0.17257 0.78806 -0.17158 0.59012 0.03575
1403638571.127829552 5.04027 -0.19563 0.08816 0.78241 -0.20799 0.58275 0.07051
1403638571.227829456 5.00600 -0.25183 0.05148 0.78484 -0.21641 0.57338 0.09182
1403638571.327829599 4.96610 -0.31521 0.02602 0.78534 -0.22109 0.56771 0.10988
1403638571.427829504 4.92303 -0.38171 0.01092 0.78326 -0.22712 0.56665 0.11755
1403638571.527829409 4.87576 -0.44971 0.00401 0.78028 -0.23055 0.56813 0.12345
1403638571.627829552 4.82433 -0.51983 -0.00391 0.77899 -0.23773 0.56546 0.13006
1403638571.827829599 4.71028 -0.66491 -0.03681 0.77723 -0.26559 0.55151 0.14564
1403638571.927829504 4.65089 -0.74177 -0.05785 0.77217 -0.28532 0.54664 0.15336
1403638572.027829409 4.58810 -0.82254 -0.07240 0.76544 -0.30517 0.54273 0.16252
1403638572.127829552 4.52234 -0.90808 -0.07741 0.75789 -0.32335 0.53934 0.17366
1403638572.227829456 4.45197 -0.99693 -0.07556 0.75217 -0.33833 0.53250 0.19030
1403638572.327829599 4.37975 -1.08960 -0.07406 0.74768 -0.35634 0.52204 0.20365
1403638572.427829504 4.30697 -1.18708 -0.07710 0.74273 -0.37316 0.51179 0.21720
1403638572.527829409 4.23500 -1.28827 -0.08270 0.73920 -0.38386 0.50344 0.22976
1403638572.627829552 4.16476 -1.39214 -0.08862 0.73591 -0.39049 0.49917 0.23829
1403638572.727829456 4.09591 -1.49955 -0.08978 0.73556 -0.39307 0.49422 0.24534
1403638572.827829599 4.02992 -1.61000 -0.08266 0.73768 -0.39226 0.48878 0.25109
1403638572.927829504 3.96794 -1.72281 -0.06835 0.73951 -0.39174 0.48573 0.25245
1403638573.027829409 3.91006 -1.83741 -0.05321 0.74192 -0.39063 0.48276 0.25279
1403638573.227829456 3.80674 -2.07184 -0.03719 0.74502 -0.38727 0.48219 0.24993
1403638573.427829504 3.72254 -2.31474 -0.02205 0.74706 -0.38560 0.48055 0.24957
1403638573.527829409 3.68835 -2.44000 -0.00784 0.74689 -0.38560 0.47924 0.25259
1403638573.627829552 3.66123 -2.56848 0.01543 0.74658 -0.38593 0.47880 0.25383
1403638573.727829456 3.64033 -2.69843 0.04359 0.74597 -0.38776 0.47591 0.25823
1403638573.827829599 3.62627 -2.83199 0.07413 0.73895 -0.39167 0.47760 0.26915
1403638573.927829504 3.61809 -2.96778 0.09901 0.72656 -0.40007 0.48141 0.28339
1403638574.027829409 3.61363 -3.10303 0.11665 0.70823 -0.41809 0.48870 0.29117
1403638574.127829552 3.60952 -3.23471 0.12843 0.68658 -0.44085 0.49604 0.29699
1403638574.227829456 3.60162 -3.36179 0.13622 0.66524 -0.46437 0.49916 0.30439
1403638574.327829599 3.58718 -3.48418 0.14127 0.64943 -0.48549 0.49317 0.31517
1403638574.427829504 3.56693 -3.60510 0.14071 0.63744 -0.50384 0.48126 0.32894
1403638574.527829409 3.54237 -3.72145 0.13872 0.62609 -0.52082 0.46987 0.34056
1403638574.627829552 3.51437 -3.83632 0.14408 0.61645 -0.53145 0.46287 0.35115
1403638574.727829456 3.48285 -3.94920 0.15617 0.61359 -0.53556 0.45249 0.36323
1403638574.827829599 3.45020 -4.05872 0.17363 0.61577 -0.53841 0.44084 0.36961
1403638574.927829504 3.41828 -4.16717 0.18974 0.61813 -0.54303 0.43304 0.36812
1403638575.127829552 3.35275 -4.37833 0.20679 0.61649 -0.55131 0.43454 0.35662
1403638575.327829599 3.28023 -4.59211 0.20451 0.61501 -0.55356 0.44022 0.34863
1403638575.427829504 3.23839 -4.70289 0.19522 0.62007 -0.55323 0.43636 0.34501
1403638575.527829409 3.19569 -4.81735 0.18370 0.62479 -0.55118 0.43338 0.34355
1403638575.627829552 3.15084 -4.93266 0.17586 0.63152 -0.54674 0.42749 0.34571
1403638575.727829456 3.10526 -5.05198 0.17637 0.63779 -0.54223 0.42196 0.34808
1403638575.827829599 3.06118 -5.17308 0.18449 0.64363 -0.53971 0.41562 0.34886
1403638575.927829504 3.02115 -5.29981 0.20297 0.64557 -0.53854 0.41497 0.34787
1403638576.027829409 2.98451 -5.43297 0.22955 0.64602 -0.53729 0.41583 0.34793
1403638576.127829552 2.95020 -5.57036 0.26188 0.64578 -0.53664 0.41646 0.34864
1403638576.227829456 2.91884 -5.71153 0.29612 0.64491 -0.53501 0.41793 0.35099
1403638576.327829599 2.89128 -5.85664 0.32392 0.64589 -0.53191 0.41631 0.35578
1403638576.427829504 2.86767 -6.00367 0.34589 0.64787 -0.52985 0.41288 0.35925
1403638576.527829409 2.84921 -6.15310 0.36261 0.65155 -0.52623 0.40691 0.36468
1403638576.627829552 2.83753 -6.30480 0.37596 0.65421 -0.52401 0.40221 0.36831
1403638576.727829456 2.83399 -6.45813 0.38511 0.65338 -0.52159 0.40367 0.37159
1403638576.827829599 2.83830 -6.61319 0.39040 0.64927 -0.51809 0.41017 0.37655
1403638576.927829504 2.84953 -6.76708 0.39039 0.64358 -0.51825 0.41863 0.37679
1403638577.027829409 2.86715 -6.91917 0.38758 0.63870 -0.52116 0.42593 0.37287
1403638577.127829552 2.88877 -7.06888 0.38950 0.63489 -0.52376 0.43108 0.36981
1403638577.227829456 2.91220 -7.21654 0.39765 0.63326 -0.52545 0.43333 0.36757
1403638577.327829599 2.93806 -7.36298 0.41287 0.63567 -0.52264 0.42993 0.37140
1403638577.427829504 2.96731 -7.50632 0.43637 0.64037 -0.51775 0.42350 0.37751
1403638577.527829409 3.00200 -7.64759 0.46047 0.64099 -0.51721 0.42289 0.37787
1403638577.627829552 3.04213 -7.78669 0.47876 0.64005 -0.51924 0.42439 0.37500
1403638577.827829599 3.13304 -8.05761 0.49559 0.63950 -0.52196 0.42610 0.37018
1403638578.027829409 3.23807 -8.32318 0.49831 0.63986 -0.51986 0.42731 0.37112
1403638578.127829552 3.29560 -8.45459 0.50738 0.63831 -0.52056 0.43086 0.36870
1403638578.227829456 3.35662 -8.58459 0.52247 0.63301 -0.52563 0.43902 0.36093
1403638578.327829599 3.41556 -8.71456 0.54004 0.62952 -0.52949 0.44417 0.35506
1403638578.527829409 3.52772 -8.96820 0.56305 0.62827 -0.53047 0.44481 0.35500
1403638578.727829456 3.62742 -9.21307 0.56988 0.62899 -0.52795 0.44277 0.36000
1403638578.927829504 3.72552 -9.45061 0.56468 0.63394 -0.52159 0.43553 0.36929
1403638579.127829552 3.83206 -9.68016 0.57193 0.63539 -0.51851 0.43521 0.37150
1403638579.327829599 3.94965 -9.90230 0.60556 0.63382 -0.51975 0.43885 0.36815
1403638579.427829504 4.01057 -10.01197 0.62189 0.62923 -0.52485 0.44563 0.36059
1403638579.527829409 4.07150 -10.11985 0.63245 0.62608 -0.52700 0.45143 0.35569
1403638579.627829552 4.13242 -10.22585 0.64026 0.62378 -0.51882 0.46233 0.35774
1403638579.727829456 4.18964 -10.32752 0.64300 0.62966 -0.50262 0.47116 0.35903
1403638579.827829599 4.24655 -10.42242 0.63954 0.64526 -0.48256 0.47587 0.35259
1403638579.927829504 4.30232 -10.51189 0.62953 0.66626 -0.45946 0.48021 0.33822
1403638580.027829409 4.35961 -10.59478 0.61649 0.68401 -0.42969 0.49374 0.32206
1403638580.127829552 4.41565 -10.67070 0.60142 0.69725 -0.39331 0.51566 0.30535
1403638580.227829456 4.47236 -10.73585 0.58387 0.71326 -0.35684 0.53323 0.28211
1403638580.327829599 4.52534 -10.79277 0.56020 0.73094 -0.32549 0.54371 0.25329
1403638580.427829504 4.57304 -10.84440 0.53296 0.74477 -0.30517 0.54989 0.22319
1403638580.527829409 4.61484 -10.89352 0.50537 0.75337 -0.29103 0.55396 0.20212
1403638580.627829552 4.65351 -10.94225 0.47816 0.76165 -0.27760 0.55511 0.18622
1403638580.727829456 4.68793 -10.98924 0.45358 0.77263 -0.26219 0.55177 0.17274
1403638580.827829599 4.71926 -11.03539 0.43752 0.78085 -0.24957 0.54817 0.16581
1403638580.927829504 4.74850 -11.08019 0.43130 0.78521 -0.24169 0.54663 0.16195
1403638581.027829409 4.77760 -11.12438 0.43283 0.78642 -0.23991 0.54685 0.15792
1403638581.227829456 4.83431 -11.20742 0.45579 0.78713 -0.23787 0.54550 0.16209
1403638581.427829504 4.89049 -11.28259 0.48326 0.78499 -0.23964 0.54546 0.16980
1403638581.527829409 4.92527 -11.32141 0.50260 0.78372 -0.24214 0.54526 0.17274
1403638581.627829552 4.96120 -11.35880 0.52524 0.78137 -0.24339 0.54673 0.17696
1403638581.727829456 4.99524 -11.39397 0.54112 0.77666 -0.24322 0.55196 0.18164
1403638581.827829599 5.02992 -11.43008 0.55141 0.77495 -0.24470 0.55315 0.18330
1403638581.927829504 5.06329 -11.46276 0.55705 0.76822 -0.24407 0.56168 0.18653
1403638582.127829552 5.11574 -11.50662 0.56551 0.77103 -0.24559 0.55711 0.18661
1403638582.227829456 5.14027 -11.52649 0.58015 0.77708 -0.24800 0.54859 0.18355
1403638582.327829599 5.16410 -11.54219 0.60830 0.77565 -0.24617 0.55074 0.18561
1403638582.527829409 5.20666 -11.55972 0.68993 0.77222 -0.24351 0.55585 0.18818
1403638582.827829599 5.26153 -11.55156 0.87320 0.77622 -0.24488 0.55000 0.18712
1403638582.927829504 5.27771 -11.54719 0.92872 0.77768 -0.24572 0.54777 0.18648
1403638583.627829552 5.40894 -11.42754 1.18833 0.78459 -0.24967 0.53692 0.18383
1403638583.827829599 5.45170 -11.39038 1.25927 0.78462 -0.24795 0.53726 0.18504
1403638584.127829552 5.51845 -11.30667 1.32251 0.77632 -0.24377 0.54944 0.18978
1403638584.227829456 5.54180 -11.27535 1.32798 0.76670 -0.24018 0.56289 0.19401
1403638584.327829599 5.56137 -11.23835 1.32929 0.76085 -0.23897 0.57084 0.19530
1403638584.627829552 5.59166 -11.08950 1.32999 0.76064 -0.23906 0.57157 0.19385
1403638584.827829599 5.58912 -10.95904 1.35569 0.77221 -0.24355 0.55639 0.18657
1403638584.927829504 5.58826 -10.88728 1.36725 0.77814 -0.24773 0.54796 0.18129
1403638585.127829552 5.58622 -10.74386 1.38480 0.78088 -0.25039 0.54383 0.17825
1403638585.327829599 5.58687 -10.60129 1.38138 0.77744 -0.24938 0.54880 0.17947
1403638585.527829409 5.59062 -10.45644 1.36844 0.77783 -0.24912 0.54830 0.17971
1403638585.727829456 5.59605 -10.30979 1.38016 0.78375 -0.25013 0.54005 0.17753
1403638585.827829599 5.59817 -10.23734 1.39786 0.78826 -0.25237 0.53335 0.17463
1403638586.027829409 5.61617 -10.09451 1.45274 0.78760 -0.25560 0.53366 0.17193
1403638586.227829456 5.63804 -9.95785 1.49839 0.78128 -0.25442 0.54199 0.17639
1403638586.427829504 5.66403 -9.82362 1.52231 0.77543 -0.24776 0.54957 0.18788
1403638586.727829456 5.69441 -9.60697 1.52372 0.77481 -0.24798 0.55010 0.18858
1403638586.927829504 5.71481 -9.44871 1.49608 0.77321 -0.24946 0.55269 0.18561
1403638587.127829552 5.73031 -9.28419 1.45630 0.77305 -0.25038 0.55298 0.18417
1403638587.327829599 5.74196 -9.11684 1.43972 0.77679 -0.25051 0.54784 0.18359
1403638587.527829409 5.75451 -8.94379 1.44240 0.77713 -0.25255 0.54726 0.18109
1403638587.727829456 5.76665 -8.77267 1.43120 0.77694 -0.25381 0.54714 0.18050
1403638587.927829504 5.78380 -8.60449 1.39982 0.77616 -0.25548 0.54777 0.17958
1403638588.127829552 5.79603 -8.43864 1.35556 0.77600 -0.25333 0.54796 0.18271
1403638588.327829599 5.80539 -8.27074 1.30880 0.77771 -0.24775 0.54569 0.18973
1403638588.527829409 5.81852 -8.09641 1.28661 0.77733 -0.24912 0.54646 0.18729
1403638588.727829456 5.82713 -7.91391 1.29787 0.77498 -0.25213 0.55009 0.18232
1403638588.927829504 5.83227 -7.72895 1.30792 0.77397 -0.25417 0.55126 0.18020
1403638589.127829552 5.83560 -7.54246 1.29211 0.77408 -0.25437 0.55057 0.18157
1403638589.327829599 5.83713 -7.35515 1.25856 0.77298 -0.25458 0.55191 0.18191
1403638589.527829409 5.83362 -7.16784 1.23312 0.77328 -0.25493 0.55162 0.18104
1403638589.727829456 5.82431 -6.98201 1.23371 0.77474 -0.25544 0.54946 0.18062
1403638589.927829504 5.81674 -6.79608 1.24434 0.77597 -0.25659 0.54692 0.18142
1403638590.127829552 5.80599 -6.61111 1.23438 0.77493 -0.25823 0.54770 0.18119
1403638590.327829599 5.79576 -6.42913 1.20739 0.77367 -0.25881 0.54900 0.18179
1403638590.527829409 5.77694 -6.24842 1.17072 0.77469 -0.25991 0.54727 0.18108
1403638590.727829456 5.75927 -6.07227 1.15151 0.77770 -0.26188 0.54306 0.17801
1403638590.927829504 5.74192 -5.90390 1.16380 0.77933 -0.26235 0.54073 0.17726
1403638591.127829552 5.72624 -5.74034 1.19135 0.78290 -0.26424 0.53528 0.17528
1403638591.227829456 5.71987 -5.66535 1.19778 0.78801 -0.26573 0.52760 0.17339
1403638591.327829599 5.71848 -5.59364 1.19898 0.79372 -0.26837 0.51881 0.16977
1403638591.427829504 5.72175 -5.52641 1.19633 0.79693 -0.27054 0.51358 0.16713
1403638591.527829409 5.73004 -5.46454 1.18764 0.79948 -0.27289 0.50937 0.16402
1403638591.727829456 5.76320 -5.35802 1.15922 0.80029 -0.27501 0.50767 0.16177
1403638591.927829504 5.82062 -5.28139 1.13334 0.79517 -0.27237 0.51612 0.16473
1403638592.127829552 5.89707 -5.22837 1.13625 0.79084 -0.27028 0.52352 0.16566
1403638592.227829456 5.94371 -5.21030 1.15245 0.78623 -0.26679 0.53329 0.16207
1403638592.327829599 5.99026 -5.19556 1.17945 0.78162 -0.25993 0.54531 0.15540
1403638592.427829504 6.03492 -5.18359 1.21298 0.78136 -0.24822 0.55403 0.14463
1403638592.527829409 6.07626 -5.17448 1.25245 0.78680 -0.23384 0.55517 0.13434
1403638592.627829552 6.11464 -5.17011 1.29778 0.79441 -0.22091 0.55120 0.12767
1403638592.727829456 6.15239 -5.16913 1.34564 0.80178 -0.21163 0.54540 0.12206
1403638592.827829599 6.19019 -5.17186 1.38807 0.80814 -0.20642 0.53909 0.11696
1403638593.127829552 6.31207 -5.20658 1.48610 0.81308 -0.19867 0.53527 0.11370
1403638593.227829456 6.35974 -5.22699 1.51827 0.80962 -0.19675 0.54051 0.11685
1403638593.327829599 6.41047 -5.25172 1.55566 0.80704 -0.19201 0.54425 0.12493
1403638593.427829504 6.46136 -5.27747 1.59656 0.80248 -0.18635 0.55053 0.13498
1403638593.527829409 6.51179 -5.30116 1.63124 0.79858 -0.18428 0.55554 0.14030
1403638593.727829456 6.61522 -5.33793 1.68317 0.79452 -0.18366 0.56027 0.14528
1403638593.827829599 6.66540 -5.35104 1.70277 0.78803 -0.18453 0.56931 0.14438
1403638593.927829504 6.71228 -5.35953 1.72674 0.77875 -0.18209 0.58404 0.13888
1403638594.027829409 6.75447 -5.36357 1.75398 0.78119 -0.17925 0.58347 0.13103
1403638594.227829456 6.81982 -5.36195 1.81963 0.79196 -0.17146 0.57246 0.12523
1403638594.427829504 6.87261 -5.35333 1.88205 0.79092 -0.16085 0.57591 0.12998
1403638594.627829552 6.91494 -5.33020 1.96203 0.79113 -0.16207 0.57689 0.12264
1403638594.927829504 6.95909 -5.27695 2.08038 0.79295 -0.16794 0.57383 0.11723
1403638595.527829409 6.99066 -5.14796 2.14959 0.79666 -0.17257 0.56727 0.11728
1403638596.127829552 6.98144 -5.00064 2.12924 0.79999 -0.15736 0.56182 0.14005
1403638596.327829599 6.98209 -4.92291 2.10567 0.80351 -0.14072 0.55507 0.16271
1403638596.627829552 7.00237 -4.73068 2.13121 0.80394 -0.12380 0.55214 0.18303
1403638596.827829599 7.03867 -4.52905 2.18544 0.80416 -0.11551 0.55010 0.19333
1403638596.927829504 7.06437 -4.40364 2.22173 0.80311 -0.11362 0.55118 0.19570
1403638597.027829409 7.09425 -4.26391 2.25472 0.80197 -0.11362 0.55224 0.19737
1403638597.127829552 7.12712 -4.10835 2.28204 0.80031 -0.11249 0.55393 0.20003
1403638597.227829456 7.16479 -3.93735 2.30449 0.79817 -0.11353 0.55665 0.20042
1403638597.327829599 7.20772 -3.75020 2.32121 0.79620 -0.11684 0.56008 0.19679
1403638597.427829504 7.25265 -3.55063 2.33377 0.79407 -0.12264 0.56395 0.19071
1403638597.527829409 7.29557 -3.33944 2.33901 0.78935 -0.13155 0.57242 0.17876
1403638597.627829552 7.33745 -3.11788 2.33934 0.78580 -0.13885 0.57832 0.16963
1403638597.727829456 7.37761 -2.88966 2.33379 0.78492 -0.13939 0.57951 0.16923
1403638597.827829599 7.41642 -2.65376 2.32389 0.78769 -0.12948 0.57652 0.17438
1403638597.927829504 7.45447 -2.40788 2.31171 0.79058 -0.11806 0.57376 0.17844
1403638598.027829409 7.49104 -2.15155 2.30132 0.79170 -0.11137 0.57428 0.17611
1403638598.127829552 7.52737 -1.88391 2.29809 0.79218 -0.11513 0.57742 0.16057
1403638598.227829456 7.55871 -1.60790 2.30048 0.79310 -0.12452 0.57965 0.13962
1403638598.327829599 7.58814 -1.32942 2.30421 0.79562 -0.13157 0.57795 0.12506
1403638598.427829504 7.61623 -1.05151 2.30227 0.79774 -0.13498 0.57578 0.11778
1403638598.527829409 7.64036 -0.77550 2.29405 0.79953 -0.13463 0.57419 0.11372
1403638598.627829552 7.66194 -0.50247 2.27692 0.80293 -0.12942 0.57162 0.10870
1403638598.727829456 7.68257 -0.23146 2.25775 0.80496 -0.11900 0.57219 0.10236
1403638598.827829599 7.70004 0.03799 2.24186 0.80624 -0.10623 0.57444 0.09337
1403638598.927829504 7.71572 0.30635 2.23106 0.80887 -0.09066 0.57484 0.08407
1403638599.027829409 7.72897 0.57176 2.22440 0.81081 -0.07486 0.57608 0.07143
1403638599.127829552 7.74068 0.83587 2.22561 0.81221 -0.05650 0.57745 0.06063
1403638599.227829456 7.74838 1.09941 2.23170 0.81397 -0.03775 0.57759 0.04920
1403638599.327829599 7.75399 1.36339 2.24463 0.81619 -0.01957 0.57633 0.03605
1403638599.427829504 7.75732 1.62536 2.26344 0.81918 -0.00324 0.57291 0.02679
1403638599.527829409 7.75988 1.88496 2.28267 0.82141 0.00776 0.56994 0.01995
1403638599.627829552 7.76281 2.14147 2.29582 0.82309 0.01299 0.56759 0.01417
1403638599.727829456 7.76683 2.39611 2.29929 0.82431 0.01609 0.56578 0.01219
1403638599.827829599 7.77365 2.64763 2.29428 0.82481 0.01521 0.56509 0.01124
1403638599.927829504 7.78144 2.89766 2.28271 0.82586 0.01139 0.56370 0.00849
1403638600.027829409 7.79442 3.14392 2.26803 0.82513 0.00478 0.56491 0.00353
1403638600.127829552 7.81039 3.38399 2.25013 0.82716 -0.00481 0.56192 -0.00479
1403638600.227829456 7.83536 3.62149 2.23600 0.82993 -0.01666 0.55736 -0.01670
1403638600.327829599 7.85920 3.84840 2.21543 0.83156 -0.02633 0.55423 -0.02551
1403638600.427829504 7.88721 4.06216 2.19688 0.83272 -0.03465 0.55159 -0.03340
1403638600.527829409 7.91904 4.26565 2.18521 0.83341 -0.03761 0.55030 -0.03443
1403638600.627829552 7.95520 4.45604 2.18198 0.83472 -0.03918 0.54824 -0.03387
1403638600.727829456 7.99567 4.63222 2.18605 0.83688 -0.04056 0.54481 -0.03429
1403638600.827829599 8.04153 4.79322 2.19627 0.84091 -0.03757 0.53900 -0.03072
1403638600.927829504 8.09510 4.94064 2.20828 0.84420 -0.02533 0.53522 -0.01506
1403638601.027829409 8.15624 5.07885 2.21526 0.84517 -0.01407 0.53431 -0.00157
1403638601.127829552 8.22223 5.21233 2.21936 0.84405 -0.00831 0.53618 0.00505
1403638601.227829456 8.29361 5.34174 2.21883 0.84111 -0.00083 0.54070 0.01376
1403638601.327829599 8.37178 5.47409 2.21598 0.83378 0.00591 0.55169 0.02018
1403638601.427829504 8.45451 5.60845 2.21604 0.82938 0.00863 0.55853 0.00979
1403638601.527829409 8.54182 5.74317 2.22112 0.82519 0.01831 0.56455 -0.00188
1403638601.627829552 8.62793 5.87859 2.23258 0.82193 0.03544 0.56834 -0.01290
1403638601.727829456 8.71384 6.01227 2.24943 0.81948 0.05867 0.56955 -0.02501
1403638601.827829599 8.79589 6.14799 2.27370 0.81530 0.08660 0.57123 -0.03853
1403638601.927829504 8.87304 6.28554 2.30265 0.81092 0.11439 0.57144 -0.05265
1403638602.027829409 8.94701 6.42396 2.32871 0.80862 0.13464 0.56894 -0.06565
1403638602.127829552 9.01777 6.56201 2.34867 0.80560 0.15009 0.56836 -0.07384
1403638602.227829456 9.08490 6.70256 2.36318 0.79934 0.16690 0.57177 -0.07931
1403638602.327829599 9.14774 6.84641 2.37262 0.79082 0.18307 0.57664 -0.09267
1403638602.427829504 9.20216 6.99229 2.38970 0.77505 0.19110 0.58925 -0.12476
1403638602.527829409 9.24948 7.13540 2.41675 0.75150 0.19665 0.60902 -0.16025
1403638602.627829552 9.28576 7.26885 2.44836 0.73459 0.20505 0.61842 -0.18943
1403638602.727829456 9.30350 7.38465 2.48577 0.72856 0.22207 0.61482 -0.20465
1403638602.827829599 9.31013 7.48221 2.53016 0.72509 0.24335 0.60805 -0.21286
1403638602.927829504 9.29655 7.57530 2.57628 0.72375 0.26139 0.59694 -0.22697
1403638603.027829409 9.27638 7.65639 2.61822 0.72257 0.27501 0.58337 -0.24886
1403638603.127829552 9.24580 7.71539 2.65832 0.71494 0.28890 0.57864 -0.26567
1403638603.227829456 9.20874 7.76488 2.68814 0.71455 0.30460 0.56891 -0.27014
1403638603.327829599 9.16900 7.80868 2.70272 0.72674 0.32082 0.54702 -0.26401
1403638603.427829504 9.11738 7.82625 2.71990 0.73790 0.33146 0.52820 -0.25817
1403638603.527829409 9.07136 7.84718 2.72972 0.74182 0.33621 0.52073 -0.25595
1403638603.627829552 9.02648 7.86573 2.73701 0.73612 0.33804 0.52563 -0.25993
1403638603.727829456 8.97984 7.87680 2.73783 0.72796 0.34274 0.53544 -0.25672
1403638603.927829504 8.87900 7.88795 2.71732 0.71286 0.35303 0.55495 -0.24339
1403638604.127829552 8.74548 7.88694 2.67984 0.70448 0.35784 0.56621 -0.23465
1403638604.327829599 8.57106 7.87598 2.66408 0.71221 0.35244 0.55556 -0.24476
1403638604.427829504 8.47098 7.86135 2.66509 0.72019 0.35117 0.54485 -0.24728
1403638604.527829409 8.36552 7.84441 2.67293 0.72735 0.35312 0.53521 -0.24455
1403638604.627829552 8.25692 7.82635 2.67970 0.73043 0.35389 0.53086 -0.24375
1403638604.727829456 8.14653 7.80828 2.68080 0.73308 0.35102 0.52719 -0.24788
1403638604.827829599 8.03519 7.78743 2.68028 0.73540 0.34852 0.52403 -0.25122
1403638604.927829504 7.92337 7.76302 2.68325 0.73955 0.34941 0.51830 -0.24968
1403638605.027829409 7.81488 7.73930 2.68852 0.74669 0.35149 0.50782 -0.24703
1403638605.127829552 7.70962 7.71410 2.70281 0.75201 0.35359 0.49971 -0.24444
1403638605.327829599 7.51424 7.68075 2.74141 0.75291 0.35928 0.49809 -0.23655
1403638605.427829504 7.42070 7.66793 2.75349 0.74525 0.36473 0.50874 -0.22969
1403638605.527829409 7.33658 7.66527 2.76328 0.73498 0.36963 0.52270 -0.22352
1403638605.627829552 7.24446 7.66362 2.76527 0.72747 0.37444 0.53233 -0.21729
1403638605.827829599 7.04617 7.67185 2.77753 0.72460 0.37771 0.53560 -0.21313
1403638606.027829409 6.82159 7.70321 2.81406 0.72325 0.38110 0.53770 -0.20627
1403638606.227829456 6.57214 7.75869 2.83445 0.72338 0.38348 0.53806 -0.20038
1403638606.327829599 6.43898 7.79146 2.83451 0.72716 0.38145 0.53381 -0.20194
1403638606.427829504 6.29799 7.83244 2.82659 0.73726 0.37559 0.52115 -0.20925
1403638606.527829409 6.15583 7.87551 2.81342 0.74767 0.36861 0.50745 -0.21818
1403638606.627829552 6.01787 7.92852 2.79446 0.75372 0.36707 0.49700 -0.22395
1403638606.727829456 5.88329 7.98676 2.77134 0.75520 0.37355 0.48789 -0.22826
1403638606.827829599 5.75370 8.05145 2.74381 0.75276 0.38460 0.47978 -0.23506
1403638606.927829504 5.61952 8.12010 2.71566 0.74685 0.39892 0.47229 -0.24498
1403638607.027829409 5.51623 8.20320 2.70153 0.73873 0.41399 0.46489 -0.25841
1403638607.127829552 5.40357 8.28915 2.69365 0.73138 0.42348 0.45831 -0.27513
1403638607.227829456 5.30385 8.38243 2.69093 0.71878 0.42990 0.46341 -0.28946
1403638607.427829504 5.11395 8.57171 2.66758 0.70033 0.43297 0.47442 -0.31145
1403638607.527829409 5.02797 8.66387 2.64488 0.69929 0.43366 0.47241 -0.31585
1403638607.627829552 4.94437 8.75352 2.61697 0.69796 0.43490 0.47247 -0.31700
1403638607.727829456 4.86621 8.84031 2.58600 0.69547 0.43530 0.47597 -0.31669
1403638607.827829599 4.79300 8.92528 2.55121 0.69595 0.43494 0.47597 -0.31612
1403638607.927829504 4.72094 9.00734 2.51248 0.70008 0.43144 0.47153 -0.31846
1403638608.227829456 4.53507 9.24370 2.37121 0.69523 0.42728 0.48454 -0.31514
1403638608.427829504 4.42762 9.38659 2.25341 0.68677 0.42493 0.49835 -0.31532
1403638608.527829409 4.37215 9.45059 2.18751 0.68867 0.42556 0.49640 -0.31341
1403638608.727829456 4.26640 9.56530 2.05589 0.68516 0.42097 0.50147 -0.31916
1403638608.827829599 4.20797 9.61061 1.99726 0.68782 0.42239 0.49775 -0.31739
1403638608.927829504 4.16091 9.65562 1.94313 0.69180 0.42367 0.49217 -0.31574
1403638609.027829409 4.11181 9.69447 1.89800 0.69557 0.42363 0.48674 -0.31592
1403638609.227829456 4.01611 9.75961 1.82431 0.69719 0.41928 0.48438 -0.32173
1403638609.427829504 3.93643 9.80723 1.73491 0.69761 0.41797 0.48442 -0.32245
1403638609.627829552 3.85928 9.84277 1.61845 0.69776 0.42076 0.48548 -0.31686
1403638609.827829599 3.80612 9.86789 1.49535 0.69763 0.42236 0.48589 -0.31437
1403638610.127829552 3.73210 9.88068 1.36122 0.69329 0.41785 0.49242 -0.31979
1403638610.627829552 3.62464 9.82422 1.12000 0.67931 0.41025 0.51234 -0.32824
1403638610.827829599 3.57676 9.75001 1.01255 0.68738 0.41334 0.50070 -0.32551
1403638610.927829504 3.55236 9.70846 0.97083 0.69058 0.41528 0.49586 -0.32367
1403638611.227829456 3.48810 9.54808 0.84586 0.68654 0.41330 0.50011 -0.32822
1403638611.427829504 3.44725 9.41467 0.76529 0.68152 0.42267 0.50792 -0.31447
1403638611.527829409 3.42486 9.34437 0.73771 0.67882 0.42965 0.51233 -0.30352
1403638611.627829552 3.39966 9.27067 0.71936 0.68074 0.43248 0.51057 -0.29813
1403638611.827829599 3.33635 9.11890 0.67562 0.69059 0.42573 0.49787 -0.30653
1403638611.927829504 3.30365 9.04534 0.64653 0.69534 0.42218 0.49195 -0.31027
1403638612.127829552 3.24311 8.88934 0.58749 0.69981 0.41902 0.48625 -0.31345
1403638612.327829599 3.19029 8.73271 0.55538 0.70002 0.41953 0.48646 -0.31197
1403638612.527829409 3.14776 8.57600 0.52839 0.69694 0.41946 0.49279 -0.30901
1403638612.727829456 3.09899 8.41841 0.47745 0.69354 0.42259 0.50057 -0.29975
1403638612.927829504 3.05731 8.25463 0.41227 0.69210 0.41861 0.50594 -0.29964
1403638613.127829552 3.00023 8.09500 0.37326 0.69598 0.41692 0.50187 -0.29987
1403638613.327829599 2.93462 7.93448 0.36141 0.69820 0.41720 0.49912 -0.29889
1403638613.627829552 2.82966 7.69363 0.34757 0.69881 0.40820 0.50436 -0.30108
1403638613.827829599 2.75911 7.53035 0.30596 0.69808 0.39437 0.51410 -0.30473
1403638613.927829504 2.73271 7.44699 0.27521 0.70209 0.38545 0.51850 -0.29944
1403638614.027829409 2.68567 7.35071 0.23725 0.70890 0.37459 0.52312 -0.28893
1403638614.227829456 2.60739 7.15201 0.16233 0.72790 0.34798 0.52928 -0.26257
1403638614.327829599 2.56862 7.05066 0.13282 0.73557 0.33666 0.53070 -0.25290
1403638614.527829409 2.48471 6.84605 0.10016 0.74548 0.31893 0.53143 -0.24518
1403638614.627829552 2.44416 6.74190 0.09798 0.74980 0.30907 0.53270 -0.24190
1403638614.727829456 2.40688 6.63807 0.10427 0.75713 0.29478 0.53138 -0.23979
1403638614.927829504 2.33759 6.41768 0.14030 0.77788 0.25983 0.52634 -0.22439
1403638615.027829409 2.31410 6.30374 0.16885 0.78674 0.23929 0.52879 -0.21014
1403638615.127829552 2.29550 6.18666 0.20111 0.79294 0.21797 0.53639 -0.18976
1403638615.227829456 2.28271 6.06635 0.23808 0.79475 0.19709 0.54964 -0.16558
1403638615.327829599 2.27033 5.94548 0.27439 0.79753 0.17295 0.55988 -0.14342
1403638615.427829504 2.25905 5.82306 0.30578 0.80074 0.14705 0.56756 -0.12271
1403638615.527829409 2.24752 5.70149 0.32958 0.80442 0.12141 0.57226 -0.10339
1403638615.627829552 2.23471 5.58122 0.34936 0.80662 0.10018 0.57577 -0.08839
1403638615.727829456 2.22021 5.46390 0.36968 0.80833 0.08521 0.57723 -0.07841
1403638615.827829599 2.20397 5.34947 0.39721 0.80950 0.07417 0.57800 -0.07162
1403638615.927829504 2.18490 5.23240 0.42711 0.81039 0.06142 0.57886 -0.06655
1403638616.027829409 2.16502 5.11485 0.45239 0.81190 0.04952 0.57873 -0.05859
1403638616.127829552 2.14398 4.99631 0.46884 0.81273 0.03680 0.57942 -0.04900
1403638616.227829456 2.12283 4.87861 0.47032 0.81405 0.02033 0.57911 -0.03932
1403638616.327829599 2.10133 4.75986 0.45531 0.81484 0.00122 0.57905 -0.02699
1403638616.427829504 2.08021 4.63925 0.42905 0.81533 -0.01766 0.57855 -0.01435
1403638616.527829409 2.05900 4.52090 0.39730 0.81603 -0.03324 0.57702 -0.00514
1403638616.627829552 2.03846 4.40368 0.36341 0.81898 -0.04410 0.57211 0.00250
1403638616.727829456 2.01756 4.28664 0.32492 0.82614 -0.05384 0.56088 0.00391
1403638616.827829599 1.99959 4.16871 0.28349 0.83363 -0.06313 0.54870 -0.00111
1403638616.927829504 1.98784 4.04820 0.24631 0.83570 -0.06612 0.54519 -0.00147
1403638617.027829409 1.98283 3.92290 0.21897 0.83248 -0.06136 0.55061 0.00566
1403638617.127829552 1.98272 3.79528 0.20005 0.82865 -0.05467 0.55694 0.01285
1403638617.227829456 1.98687 3.66842 0.18778 0.82854 -0.04912 0.55753 0.01651
1403638617.327829599 1.99425 3.54362 0.18105 0.83173 -0.04643 0.55300 0.01597
1403638617.427829504 2.00705 3.42015 0.18137 0.83592 -0.04285 0.54692 0.01676
1403638617.627829552 2.04931 3.17952 0.20724 0.83735 -0.03690 0.54515 0.01680
1403638617.727829456 2.08400 3.06494 0.23306 0.83572 -0.03285 0.54785 0.01874
1403638617.827829599 2.12340 2.95238 0.26540 0.83567 -0.03022 0.54807 0.01911
1403638617.927829504 2.16711 2.84216 0.30436 0.83450 -0.02920 0.54995 0.01771
1403638618.127829552 2.26486 2.63106 0.37433 0.83420 -0.02777 0.55056 0.01480
1403638618.327829599 2.37813 2.43045 0.42180 0.83342 -0.02525 0.55187 0.01480
1403638618.527829409 2.50435 2.24114 0.45569 0.83284 -0.02316 0.55284 0.01424
1403638618.627829552 2.57334 2.15095 0.47085 0.83253 -0.02495 0.55316 0.01705
1403638618.727829456 2.64528 2.06369 0.48704 0.83229 -0.02700 0.55327 0.02134
1403638618.827829599 2.72150 1.97979 0.50924 0.83109 -0.03071 0.55482 0.02274
1403638618.927829504 2.80089 1.89768 0.53574 0.82838 -0.03567 0.55836 0.02748
1403638619.027829409 2.88215 1.81772 0.55941 0.82379 -0.04674 0.56380 0.03619
1403638619.127829552 2.96307 1.74047 0.57567 0.81998 -0.06244 0.56676 0.05021
1403638619.227829456 3.04479 1.66695 0.58550 0.81611 -0.08407 0.56816 0.06397
1403638619.327829599 3.12453 1.59659 0.58754 0.81218 -0.10892 0.56761 0.07943
1403638619.427829504 3.20183 1.52900 0.58157 0.80728 -0.13219 0.56766 0.09265
1403638619.527829409 3.27803 1.46573 0.57379 0.80305 -0.15046 0.56771 0.10092
1403638619.627829552 3.35337 1.40502 0.56442 0.79990 -0.16574 0.56742 0.10356
1403638619.727829456 3.42619 1.34483 0.55281 0.79712 -0.18040 0.56786 0.09792
1403638619.927829504 3.56358 1.22146 0.52044 0.79270 -0.19419 0.56983 0.09603
1403638620.127829552 3.68035 1.08588 0.48695 0.78889 -0.19590 0.57349 0.10188
1403638620.327829599 3.77875 0.93994 0.47786 0.78873 -0.19257 0.57364 0.10845
1403638620.627829552 3.89252 0.71837 0.49881 0.79375 -0.18776 0.56830 0.10838
1403638620.927829504 3.98006 0.48891 0.47736 0.80220 -0.18105 0.55856 0.10822
1403638621.127829552 4.03616 0.33370 0.44761 0.80051 -0.17205 0.56273 0.11367
1403638621.327829599 4.08855 0.18877 0.43902 0.79942 -0.16681 0.56553 0.11524
1403638621.527829409 4.13579 0.05260 0.43742 0.79623 -0.16236 0.57104 0.11651
1403638621.827829599 4.18775 -0.11982 0.38962 0.79152 -0.15822 0.57830 0.11845
1403638622.027829409 4.20569 -0.21755 0.34427 0.78664 -0.15670 0.58512 0.11949
1403638622.327829599 4.19936 -0.34142 0.27014 0.78771 -0.16253 0.58352 0.11224
1403638622.527829409 4.16773 -0.40782 0.25749 0.78880 -0.16066 0.58152 0.11751
1403638622.727829456 4.11918 -0.46071 0.26634 0.77949 -0.15621 0.59345 0.12573
1403638622.827829599 4.08799 -0.47769 0.28261 0.77000 -0.15557 0.60547 0.12768
1403638623.027829409 3.99329 -0.49700 0.32420 0.77610 -0.16008 0.59713 0.12440
1403638623.127829552 3.93492 -0.49832 0.33389 0.78179 -0.16391 0.58947 0.12029
1403638623.327829599 3.80242 -0.49341 0.33919 0.78818 -0.16889 0.58080 0.11367
1403638623.527829409 3.65585 -0.48425 0.32847 0.79141 -0.16985 0.57637 0.11233
1403638623.827829599 3.41539 -0.46220 0.35017 0.79246 -0.16788 0.57425 0.11854
1403638624.027829409 3.24349 -0.43942 0.37960 0.79483 -0.16976 0.57004 0.12033
1403638624.327829599 2.98103 -0.39787 0.38917 0.79434 -0.17749 0.56954 0.11467
1403638624.627829552 2.71760 -0.36059 0.35968 0.78129 -0.18343 0.58613 0.11135
1403638624.827829599 2.53027 -0.33546 0.33956 0.79096 -0.16740 0.57641 0.11875
1403638624.927829504 2.43320 -0.31669 0.34237 0.79553 -0.16229 0.57210 0.11619
1403638625.127829552 2.23176 -0.28095 0.35282 0.79813 -0.16135 0.57166 0.10082
1403638625.327829599 2.03158 -0.25152 0.34810 0.79960 -0.15916 0.57112 0.09555
1403638625.627829552 1.72891 -0.21248 0.36290 0.80068 -0.15740 0.57006 0.09572
1403638625.827829599 1.52883 -0.18800 0.39292 0.80791 -0.15943 0.55952 0.09379
1403638626.027829409 1.32702 -0.18278 0.39852 0.80967 -0.16029 0.55654 0.09486
1403638626.327829599 1.06106 -0.19031 0.38855 0.80809 -0.15769 0.55847 0.10121
1403638626.627829552 0.80845 -0.19518 0.34674 0.80944 -0.15296 0.55673 0.10702
1403638626.827829599 0.65374 -0.19479 0.32302 0.81547 -0.15460 0.54812 0.10334
1403638627.127829552 0.46106 -0.19697 0.32484 0.81768 -0.15353 0.54541 0.10176
1403638627.627829552 0.23232 -0.20102 0.27421 0.81518 -0.14850 0.54936 0.10786
1403638627.827829599 0.16718 -0.20111 0.24726 0.81089 -0.14778 0.55545 0.10999
1403638628.027829409 0.11654 -0.19494 0.21938 0.81360 -0.14770 0.55109 0.11198
1403638628.127829552 0.09072 -0.18890 0.20647 0.81455 -0.14835 0.54937 0.11263
1403638628.527829409 0.04186 -0.16075 0.17552 0.80882 -0.15850 0.55704 0.10198
1403638628.627829552 0.03617 -0.15331 0.17264 0.80190 -0.16303 0.56675 0.09580
1403638628.927829504 0.01141 -0.13249 0.15361 0.80282 -0.16018 0.56530 0.10134
1403638629.127829552 -0.00309 -0.14065 0.13037 0.80516 -0.15381 0.56215 0.10971
1403638629.327829599 -0.02013 -0.13545 0.12375 0.80711 -0.15142 0.55946 0.11248
1403638629.427829504 -0.02972 -0.12913 0.11920 0.81128 -0.15219 0.55332 0.11183
1403638629.527829409 -0.02826 -0.12808 0.11212 0.81592 -0.15473 0.54634 0.10886
1403638629.627829552 -0.02949 -0.12195 0.12394 0.81612 -0.16022 0.54582 0.10177
1403638629.727829456 -0.02347 -0.11792 0.12687 0.81192 -0.16791 0.55154 0.09169
1403638629.827829599 -0.01453 -0.12424 0.13137 0.80577 -0.17116 0.56009 0.08799
1403638629.927829504 -0.01232 -0.12186 0.13119 0.79963 -0.16846 0.56877 0.09331
1403638630.027829409 -0.00548 -0.13007 0.12262 0.79388 -0.16125 0.57696 0.10425
1403638630.127829552 -0.00461 -0.13372 0.09869 0.79431 -0.15646 0.57650 0.11065
1403638630.227829456 -0.00670 -0.13473 0.06745 0.79837 -0.15434 0.57094 0.11319
1403638630.327829599 -0.01028 -0.13441 0.03105 0.80492 -0.15382 0.56135 0.11545
1403638630.427829504 -0.00175 -0.13066 0.03015 0.81097 -0.16019 0.55364 0.10072
1403638630.527829409 0.00872 -0.12943 0.03948 0.80145 -0.15256 0.56772 0.10998
1403638630.627829552 0.01758 -0.12744 0.02832 0.80063 -0.15279 0.56866 0.11077
1403638630.727829456 0.02236 -0.13097 0.01069 0.82694 -0.14616 0.53352 0.10077
1403638630.827829599 0.01552 -0.12906 0.00649 0.82433 -0.14823 0.53608 0.10542
1403638631.027829409 -0.00004 -0.12731 0.00099 0.82527 -0.14667 0.53539 0.10375
