1403636581.913555384 -0.11183 -0.00012 0.02941 -0.01417 -0.01535 -0.01018 0.99973
1403636582.013555527 -0.17171 0.00248 0.04371 -0.01839 -0.02979 -0.00725 0.99936
1403636582.113555431 -0.21869 0.00307 0.05471 -0.02001 -0.04703 -0.00824 0.99866
1403636582.213555574 -0.24298 0.00057 0.05923 -0.01675 -0.05959 -0.00782 0.99805
1403636582.413555384 -0.19110 -0.00812 0.04701 -0.01294 -0.05537 -0.00724 0.99836
1403636582.513555527 -0.13319 -0.01274 0.03174 -0.01432 -0.04121 -0.00909 0.99901
1403636582.613555431 -0.06904 -0.01629 0.01456 -0.01891 -0.03323 -0.01186 0.99920
1403636582.713555574 -0.00462 -0.01768 -0.00322 -0.02277 -0.02848 -0.01149 0.99927
1403636582.813555479 0.05864 -0.01678 -0.01818 -0.02807 -0.02007 -0.00729 0.99938
1403636582.913555384 0.11843 -0.01511 -0.03303 -0.03551 -0.00493 -0.00253 0.99935
1403636583.013555527 0.16308 -0.01324 -0.04643 -0.03864 0.01180 -0.00218 0.99918
1403636583.113555431 0.18140 -0.01096 -0.05287 -0.03926 0.01936 -0.00460 0.99903
1403636583.313555479 0.13016 -0.00701 -0.03725 -0.04023 0.01438 -0.00983 0.99904
1403636583.413555384 0.07640 -0.00213 -0.01901 -0.03729 0.00977 -0.00963 0.99921
1403636583.513555527 0.01142 0.00394 0.00115 -0.03348 0.00360 -0.01206 0.99936
1403636583.613555431 -0.05587 0.00990 0.01879 -0.03558 -0.00624 -0.01543 0.99923
1403636583.713555574 -0.12219 0.01388 0.03573 -0.03112 -0.02451 -0.00976 0.99917
1403636583.813555479 -0.17963 0.01690 0.04929 -0.02891 -0.04547 -0.00263 0.99854
1403636583.913555384 -0.22507 0.01908 0.05938 -0.02961 -0.05837 -0.00506 0.99784
1403636584.013555527 -0.25223 0.01829 0.06304 -0.02531 -0.06319 -0.00965 0.99763
1403636584.113555431 -0.25464 0.01527 0.06112 -0.01868 -0.06345 -0.01033 0.99776
1403636584.213555574 -0.22801 0.01211 0.05534 -0.01595 -0.06370 -0.01131 0.99778
1403636584.313555479 -0.17922 0.00906 0.04333 -0.01600 -0.06049 -0.01132 0.99798
1403636584.413555384 -0.11675 0.00587 0.03101 -0.02097 -0.05716 -0.01629 0.99801
1403636584.513555527 -0.04564 0.00411 0.01755 -0.02600 -0.04910 -0.01990 0.99826
1403636584.613555431 0.02851 0.00259 0.00102 -0.03011 -0.03375 -0.01867 0.99880
1403636584.713555574 0.09682 -0.00102 -0.01403 -0.03674 -0.01263 -0.01763 0.99909
1403636584.813555479 0.15354 -0.00381 -0.02851 -0.04201 0.00545 -0.01724 0.99895
1403636584.913555384 0.19273 -0.00683 -0.04264 -0.04221 0.01682 -0.01330 0.99888
1403636585.213555574 0.15762 -0.00386 -0.02850 -0.05207 0.00975 -0.00695 0.99857
1403636585.313555479 0.11342 0.00202 -0.01434 -0.05771 0.00321 -0.01304 0.99824
1403636585.413555384 0.06241 0.00957 0.00196 -0.05939 -0.00360 -0.01970 0.99803
1403636585.513555527 0.00735 0.01578 0.03097 -0.05338 -0.01302 -0.02247 0.99824
1403636585.613555431 -0.03594 0.01598 0.02305 -0.04118 -0.02541 -0.02281 0.99857
1403636585.713555574 -0.06792 0.01808 0.01981 -0.02862 -0.03951 -0.01784 0.99865
1403636585.813555479 -0.08691 0.01846 0.01456 -0.02027 -0.05504 -0.01013 0.99823
1403636585.913555384 -0.09452 0.01712 0.00811 -0.01451 -0.07349 -0.00305 0.99719
1403636586.013555527 -0.09599 0.01668 0.00024 -0.01844 -0.09621 0.00212 0.99519
1403636586.113555431 -0.09578 0.01560 -0.00440 -0.03207 -0.11913 0.00509 0.99235
1403636586.213555574 -0.09327 0.01018 -0.01005 -0.04012 -0.13695 0.01013 0.98971
1403636586.313555479 -0.09279 0.00595 -0.01816 -0.04204 -0.15612 0.01498 0.98673
1403636586.413555384 -0.09416 0.00413 -0.02843 -0.04377 -0.17640 0.02069 0.98313
1403636586.513555527 -0.09540 0.00545 -0.03946 -0.04397 -0.19454 0.02053 0.97969
1403636586.613555431 -0.09385 0.01063 -0.04729 -0.04105 -0.20498 0.01997 0.97770
1403636586.813555479 -0.08631 0.02843 -0.04859 -0.03558 -0.19501 0.02187 0.97991
1403636587.013555527 -0.08377 0.03599 -0.03984 -0.02797 -0.18547 0.01467 0.98214
1403636587.313555479 -0.07863 0.05849 -0.02359 -0.02524 -0.19395 0.01146 0.98062
1403636587.413555384 -0.07631 0.07928 -0.01746 -0.02749 -0.19562 0.01382 0.98020
1403636587.513555527 -0.07424 0.10633 -0.01307 -0.02909 -0.19751 0.01807 0.97970
1403636587.613555431 -0.07110 0.13972 -0.01050 -0.03164 -0.19747 0.02171 0.97956
1403636587.713555574 -0.06630 0.17677 -0.00788 -0.03639 -0.19174 0.02561 0.98044
1403636587.813555479 -0.06133 0.21472 -0.00539 -0.04311 -0.18497 0.03026 0.98133
1403636587.913555384 -0.06012 0.25115 -0.00345 -0.04969 -0.18485 0.03375 0.98093
1403636588.013555527 -0.06218 0.28472 -0.00186 -0.05942 -0.19372 0.03475 0.97864
1403636588.113555431 -0.06545 0.31178 0.00020 -0.06450 -0.20162 0.03825 0.97659
1403636588.213555574 -0.06903 0.33223 0.00179 -0.06451 -0.20377 0.03776 0.97616
1403636588.713555574 -0.07142 0.30668 -0.00550 -0.05993 -0.19733 0.03981 0.97769
1403636588.813555479 -0.07319 0.27901 -0.00947 -0.05538 -0.20045 0.03790 0.97740
1403636588.913555384 -0.07512 0.24468 -0.01279 -0.05031 -0.20117 0.03767 0.97754
1403636589.013555527 -0.07531 0.20487 -0.01715 -0.04478 -0.19885 0.03538 0.97837
1403636589.113555431 -0.07399 0.16164 -0.02268 -0.03867 -0.19382 0.03172 0.97976
1403636589.213555574 -0.07153 0.11555 -0.02735 -0.03436 -0.19026 0.02963 0.98068
1403636589.313555479 -0.07096 0.06718 -0.03139 -0.02979 -0.19194 0.02659 0.98059
1403636589.413555384 -0.07365 0.01864 -0.03394 -0.02515 -0.19603 0.02337 0.98000
1403636589.513555527 -0.07677 -0.02967 -0.03575 -0.02295 -0.19576 0.02051 0.98017
1403636589.613555431 -0.08088 -0.07779 -0.03761 -0.02021 -0.19322 0.01886 0.98077
1403636589.713555574 -0.08528 -0.12470 -0.03987 -0.01750 -0.19142 0.01670 0.98121
1403636589.813555479 -0.09173 -0.16872 -0.04055 -0.01035 -0.19379 0.01566 0.98086
1403636589.913555384 -0.09910 -0.20624 -0.04060 -0.00224 -0.20044 0.01421 0.97960
1403636590.013555527 -0.10544 -0.23720 -0.04089 0.00693 -0.20185 0.01501 0.97928
1403636590.113555431 -0.10727 -0.25953 -0.04203 0.01315 -0.19591 0.01394 0.98044
1403636590.413555384 -0.10335 -0.25399 -0.05034 0.01178 -0.19197 0.01018 0.98128
1403636590.513555527 -0.09956 -0.22809 -0.05467 0.00475 -0.19076 0.00882 0.98159
1403636590.613555431 -0.09504 -0.19397 -0.05931 -0.00157 -0.18745 0.00759 0.98224
1403636590.713555574 -0.09138 -0.15415 -0.06178 -0.00775 -0.18676 0.00795 0.98234
1403636590.813555479 -0.08972 -0.11073 -0.06176 -0.01154 -0.19075 0.01146 0.98150
1403636591.013555527 -0.08905 -0.01663 -0.05668 -0.01615 -0.19723 0.01619 0.98009
1403636591.113555431 -0.08772 0.02870 -0.05307 -0.01441 -0.19561 0.01794 0.98041
1403636591.213555574 -0.08660 0.07099 -0.04872 -0.01511 -0.19608 0.02092 0.98025
1403636591.313555479 -0.08705 0.10816 -0.04410 -0.01816 -0.19872 0.02245 0.97963
1403636591.413555384 -0.09039 0.13716 -0.03936 -0.02274 -0.20040 0.02459 0.97914
1403636591.513555527 -0.09534 0.15870 -0.03288 -0.02674 -0.19935 0.02580 0.97922
1403636591.613555431 -0.09948 0.17623 -0.02484 -0.04067 -0.18917 0.02676 0.98074
1403636591.713555574 -0.10170 0.18727 -0.01681 -0.05280 -0.16940 0.02561 0.98380
1403636591.913555384 -0.09658 0.20067 -0.00551 -0.07374 -0.13373 0.02443 0.98797
1403636592.013555527 -0.09376 0.20924 0.00239 -0.08176 -0.13631 0.03139 0.98679
1403636592.113555431 -0.08960 0.22257 0.01627 -0.09219 -0.14303 0.03999 0.98460
1403636592.213555574 -0.08472 0.23757 0.03503 -0.10032 -0.15163 0.04663 0.98223
1403636592.313555479 -0.07813 0.24971 0.05754 -0.10206 -0.16025 0.04918 0.98055
1403636592.413555384 -0.06975 0.25459 0.08481 -0.09607 -0.16617 0.05231 0.98001
1403636592.513555527 -0.05853 0.25028 0.11577 -0.08363 -0.16438 0.04954 0.98160
1403636592.713555574 -0.03906 0.21336 0.17914 -0.04988 -0.15007 0.03086 0.98693
1403636592.813555479 -0.03335 0.17907 0.20634 -0.02541 -0.15028 0.02257 0.98806
1403636592.913555384 -0.03284 0.13300 0.22238 0.00406 -0.15544 0.01647 0.98770
1403636593.013555527 -0.03658 0.07743 0.22488 0.03299 -0.16200 0.00977 0.98619
1403636593.113555431 -0.04426 0.01547 0.21393 0.05940 -0.16698 0.00054 0.98417
1403636593.213555574 -0.05494 -0.04653 0.18944 0.08406 -0.16899 -0.00107 0.98203
1403636593.313555479 -0.06693 -0.10196 0.15353 0.10309 -0.17184 -0.00002 0.97972
1403636593.413555384 -0.08241 -0.14044 0.11217 0.11035 -0.17645 -0.00156 0.97810
1403636593.513555527 -0.10079 -0.15998 0.06621 0.10652 -0.17979 -0.00252 0.97792
1403636593.613555431 -0.12132 -0.16175 0.02325 0.09649 -0.18533 0.00397 0.97792
1403636593.713555574 -0.14182 -0.14752 -0.01863 0.07908 -0.19351 0.01488 0.97779
1403636593.813555479 -0.15948 -0.11750 -0.05650 0.04965 -0.19673 0.02838 0.97879
1403636593.913555384 -0.17120 -0.07526 -0.08970 0.01235 -0.18903 0.04389 0.98091
1403636594.013555527 -0.17657 -0.02589 -0.11681 -0.02804 -0.17667 0.05635 0.98226
1403636594.113555431 -0.17699 0.02827 -0.13198 -0.06654 -0.16888 0.06738 0.98108
1403636594.213555574 -0.17372 0.08455 -0.13249 -0.09749 -0.16815 0.07721 0.97789
1403636594.313555479 -0.16700 0.14234 -0.11588 -0.11904 -0.16889 0.07959 0.97518
1403636594.413555384 -0.15504 0.19837 -0.08512 -0.13339 -0.16623 0.07661 0.97401
1403636594.513555527 -0.13899 0.24856 -0.04348 -0.13922 -0.15724 0.06923 0.97524
1403636594.613555431 -0.12182 0.28368 0.00250 -0.13880 -0.14695 0.06882 0.97694
1403636594.713555574 -0.10694 0.29454 0.04654 -0.13394 -0.14076 0.06895 0.97851
1403636594.813555479 -0.09614 0.27966 0.08844 -0.11792 -0.13752 0.06308 0.98143
1403636594.913555384 -0.08929 0.23799 0.12651 -0.09323 -0.13433 0.05089 0.98523
1403636595.013555527 -0.08781 0.17368 0.15607 -0.05730 -0.13246 0.03589 0.98888
1403636595.113555431 -0.09079 0.09707 0.16870 -0.01724 -0.13643 0.02130 0.99027
1403636595.213555574 -0.09715 0.02114 0.16907 0.02007 -0.14309 0.01183 0.98943
1403636595.313555479 -0.10724 -0.04311 0.15666 0.05232 -0.14937 0.00426 0.98739
1403636595.413555384 -0.11870 -0.08642 0.13482 0.07111 -0.15329 -0.00165 0.98562
1403636595.513555527 -0.12975 -0.10273 0.10697 0.07886 -0.15720 -0.00333 0.98441
1403636595.613555431 -0.14130 -0.09155 0.07651 0.07994 -0.16222 -0.00500 0.98350
1403636595.713555574 -0.15329 -0.05798 0.04562 0.06894 -0.16546 -0.00476 0.98379
1403636595.813555479 -0.16550 -0.00819 0.01675 0.04417 -0.16535 -0.00416 0.98524
1403636595.913555384 -0.17843 0.04815 -0.01097 0.01279 -0.16441 0.00149 0.98631
1403636596.013555527 -0.19015 0.09863 -0.04222 -0.01851 -0.16711 0.00978 0.98572
1403636596.113555431 -0.20177 0.13218 -0.07566 -0.04621 -0.17089 0.01980 0.98401
1403636596.213555574 -0.21108 0.13950 -0.10790 -0.06122 -0.17136 0.02834 0.98290
1403636596.313555479 -0.21582 0.12021 -0.14216 -0.06515 -0.16793 0.03533 0.98301
1403636596.413555384 -0.21772 0.08446 -0.18058 -0.06710 -0.16302 0.03530 0.98370
1403636596.513555527 -0.21951 0.04452 -0.21841 -0.06490 -0.15773 0.03013 0.98489
1403636596.613555431 -0.22142 0.00875 -0.24788 -0.06319 -0.15599 0.02495 0.98542
1403636596.713555574 -0.22350 -0.01694 -0.26447 -0.06176 -0.15881 0.02357 0.98509
1403636596.813555479 -0.22343 -0.02753 -0.26304 -0.06000 -0.15666 0.01923 0.98564
1403636596.913555384 -0.21817 -0.02397 -0.24109 -0.06068 -0.15134 0.01335 0.98653
1403636597.013555527 -0.20723 -0.01064 -0.20070 -0.06298 -0.15392 0.00924 0.98603
1403636597.213555574 -0.17383 0.02701 -0.08599 -0.04984 -0.17355 0.00553 0.98355
1403636597.313555479 -0.14808 0.04402 -0.02315 -0.03589 -0.17326 -0.00130 0.98422
1403636597.413555384 -0.12220 0.05469 0.03958 -0.02034 -0.16937 -0.00922 0.98530
1403636597.513555527 -0.10107 0.05806 0.09556 -0.00204 -0.16571 -0.01875 0.98599
1403636597.613555431 -0.08823 0.05045 0.13520 0.02139 -0.15902 -0.02286 0.98678
1403636597.713555574 -0.08519 0.03113 0.15329 0.04511 -0.15042 -0.02498 0.98728
1403636597.813555479 -0.08945 0.00665 0.14975 0.06190 -0.14225 -0.02886 0.98747
1403636597.913555384 -0.09978 -0.01485 0.12780 0.07171 -0.13788 -0.03662 0.98717
1403636598.013555527 -0.11470 -0.03001 0.09345 0.07633 -0.14051 -0.04385 0.98616
1403636598.113555431 -0.13356 -0.03806 0.05340 0.07738 -0.15031 -0.04433 0.98461
1403636598.213555574 -0.15498 -0.03854 0.01614 0.07308 -0.16776 -0.04487 0.98209
1403636598.413555384 -0.19386 -0.02254 -0.01795 0.05771 -0.19129 -0.05114 0.97850
1403636598.513555527 -0.20515 -0.01029 -0.00652 0.05459 -0.18827 -0.05320 0.97915
1403636598.613555431 -0.20927 0.00182 0.02101 0.06070 -0.17555 -0.05368 0.98113
1403636598.713555574 -0.21121 0.01250 0.05710 0.07176 -0.15806 -0.05347 0.98337
1403636598.813555479 -0.21748 0.02120 0.09543 0.08463 -0.13567 -0.05206 0.98576
1403636599.013555527 -0.24265 0.03847 0.16284 0.09148 -0.09565 -0.04937 0.98997
1403636599.113555431 -0.25392 0.04352 0.18661 0.09808 -0.07710 -0.04556 0.99114
1403636599.213555574 -0.25984 0.04677 0.20358 0.10382 -0.04839 -0.04230 0.99252
1403636599.313555479 -0.26403 0.04881 0.21844 0.10491 -0.01874 -0.03694 0.99362
1403636599.413555384 -0.26955 0.05047 0.23143 0.10109 -0.00297 -0.03654 0.99420
1403636599.513555527 -0.27597 0.05177 0.24216 0.09283 -0.00172 -0.03690 0.99500
1403636599.613555431 -0.28304 0.05319 0.24957 0.08636 -0.00756 -0.03416 0.99565
1403636599.713555574 -0.28958 0.05499 0.25384 0.08386 -0.00851 -0.03356 0.99588
1403636599.813555479 -0.28968 0.05690 0.25368 0.08561 0.00891 -0.03295 0.99574
1403636600.113555431 -0.29293 0.06115 0.25293 0.08709 0.01931 -0.02251 0.99576
1403636624.413555384 -0.29377 0.06557 0.25010 0.08042 0.00796 -0.02162 0.99649
1403636624.513555527 -0.29503 0.07110 0.24640 0.07699 -0.00150 -0.02110 0.99681
1403636624.613555431 -0.29554 0.07848 0.24127 0.07375 -0.00554 -0.02286 0.99700
1403636624.713555574 -0.29801 0.08924 0.23487 0.07062 -0.00306 -0.02938 0.99707
1403636624.813555479 -0.29998 0.10290 0.22565 0.06754 -0.00360 -0.03935 0.99693
1403636624.913555384 -0.29838 0.11788 0.21243 0.06280 -0.01365 -0.05439 0.99645
1403636625.013555527 -0.28878 0.13205 0.19423 0.05887 -0.02597 -0.06715 0.99567
1403636625.113555431 -0.27174 0.14101 0.17531 0.05802 -0.03753 -0.07110 0.99507
1403636625.213555574 -0.24808 0.14437 0.15877 0.06150 -0.03882 -0.06294 0.99536
1403636625.313555479 -0.22408 0.14504 0.14600 0.06464 -0.03174 -0.05709 0.99577
1403636625.713555574 -0.21682 0.13932 0.15982 0.06965 -0.03215 -0.05788 0.99537
1403636625.813555479 -0.18782 0.13127 0.16566 0.07112 -0.02212 -0.05743 0.99557
1403636625.913555384 -0.14511 0.12190 0.16649 0.07332 -0.01263 -0.05458 0.99573
1403636626.013555527 -0.09546 0.11055 0.16556 0.07473 -0.00750 -0.05245 0.99580
1403636626.113555431 -0.04736 0.10033 0.16290 0.07860 -0.00634 -0.04317 0.99595
1403636626.213555574 -0.00371 0.09210 0.16180 0.08216 -0.00579 -0.03371 0.99603
1403636626.313555479 0.02880 0.08867 0.16169 0.08389 -0.00574 -0.02991 0.99601
1403636626.513555527 0.05441 0.09310 0.17187 0.08222 -0.00004 -0.03790 0.99589
1403636626.613555431 0.05953 0.10104 0.17718 0.08146 0.00728 -0.04517 0.99563
1403636626.913555384 0.04317 0.13149 0.17616 0.08418 -0.00343 -0.05265 0.99505
1403636627.013555527 0.02975 0.14284 0.17186 0.08370 -0.01264 -0.05465 0.99491
1403636627.113555431 0.01810 0.15451 0.16763 0.08342 -0.02144 -0.05566 0.99473
1403636627.313555479 0.02780 0.17267 0.15164 0.08525 -0.01035 -0.05443 0.99482
1403636627.513555527 0.06897 0.18848 0.12490 0.08460 -0.00898 -0.04894 0.99517
1403636627.613555431 0.08240 0.19922 0.11252 0.07735 -0.01117 -0.04554 0.99590
1403636627.713555574 0.07871 0.21218 0.10548 0.06877 -0.01855 -0.04358 0.99651
1403636627.913555384 0.05372 0.24146 0.10217 0.04360 -0.03897 -0.03961 0.99750
1403636628.013555527 0.05153 0.25489 0.10494 0.03423 -0.04216 -0.03892 0.99777
1403636628.213555574 0.08327 0.27591 0.11688 0.02666 -0.01528 -0.03171 0.99902
1403636628.313555479 0.11038 0.28441 0.12220 0.02744 -0.00508 -0.02307 0.99934
1403636628.513555527 0.15950 0.30720 0.13080 0.02978 -0.00333 -0.01548 0.99943
1403636628.813555479 0.18858 0.36949 0.14468 0.02379 -0.01092 -0.02033 0.99945
1403636628.913555384 0.19025 0.39670 0.15139 0.01460 -0.01922 -0.02278 0.99945
1403636629.013555527 0.19835 0.42469 0.15815 0.00816 -0.02547 -0.02286 0.99938
1403636629.213555574 0.23357 0.47801 0.17522 -0.00707 -0.02620 -0.01909 0.99945
1403636629.313555479 0.24703 0.50564 0.18858 -0.01597 -0.02162 -0.01388 0.99954
1403636629.513555527 0.26083 0.56570 0.22228 -0.02992 -0.00925 0.00448 0.99950
1403636629.613555431 0.25684 0.60077 0.24269 -0.04450 -0.01185 0.01111 0.99888
1403636629.813555479 0.23594 0.67997 0.28944 -0.08591 -0.02808 0.01963 0.99571
1403636629.913555384 0.22156 0.72304 0.31938 -0.10735 -0.03125 0.02620 0.99339
1403636630.113555431 0.22245 0.80974 0.38299 -0.13552 -0.02440 0.03290 0.98993
1403636630.213555574 0.23974 0.85347 0.41450 -0.14383 -0.01052 0.03314 0.98899
1403636630.513555527 0.30962 0.98276 0.50479 -0.15126 -0.00707 0.03063 0.98799
1403636630.813555479 0.38841 1.10131 0.59011 -0.14539 -0.01269 0.02311 0.98902
1403636631.113555431 0.43072 1.21379 0.69625 -0.13810 -0.00852 0.02787 0.98999
1403636631.413555384 0.45663 1.32370 0.81459 -0.13564 -0.00368 0.02623 0.99040
1403636631.813555479 0.46433 1.46192 0.97223 -0.13311 -0.00630 0.01818 0.99092
1403636632.113555431 0.50387 1.54459 1.07998 -0.13425 -0.00496 0.01399 0.99084
1403636632.413555384 0.53587 1.60601 1.18730 -0.13780 -0.00342 0.01360 0.99036
1403636632.613555431 0.53065 1.63481 1.26762 -0.12494 -0.01885 0.02995 0.99153
1403636632.713555574 0.52594 1.64993 1.30916 -0.10986 -0.02465 0.03262 0.99311
1403636632.813555479 0.52767 1.66677 1.35233 -0.09038 -0.02572 0.02573 0.99524
1403636633.013555527 0.55068 1.70440 1.44114 -0.05406 -0.01444 -0.00735 0.99841
1403636633.313555479 0.59567 1.75981 1.57945 -0.02446 -0.01588 -0.02117 0.99935
1403636633.513555527 0.60504 1.79589 1.68393 -0.01869 -0.02304 -0.01333 0.99947
1403636633.713555574 0.61445 1.83171 1.80066 -0.02304 -0.02793 -0.01021 0.99929
1403636633.913555384 0.65314 1.86847 1.91986 -0.02690 -0.02476 -0.00219 0.99933
1403636634.113555431 0.69698 1.91481 2.04345 -0.02783 -0.02072 0.00876 0.99936
1403636634.313555479 0.75677 1.97398 2.16734 -0.02935 -0.02042 -0.00354 0.99935
1403636634.413555384 0.79195 2.00413 2.23144 -0.02947 -0.01143 -0.01021 0.99945
1403636634.513555527 0.82109 2.03653 2.29672 -0.02864 -0.00496 -0.01434 0.99947
1403636634.713555574 0.86109 2.09766 2.42973 -0.01996 -0.00049 -0.02292 0.99954
1403636634.913555384 0.90272 2.15223 2.55188 -0.00607 -0.00816 -0.02727 0.99958
1403636635.113555431 0.96167 2.19873 2.66693 0.00317 -0.01450 -0.03347 0.99933
1403636635.313555479 1.00321 2.23883 2.78852 0.00993 -0.01957 -0.03058 0.99929
1403636635.513555527 1.04402 2.27841 2.91536 0.01462 -0.02256 -0.02100 0.99942
1403636635.713555574 1.11186 2.31908 3.04349 0.01443 -0.01942 -0.01736 0.99956
1403636635.813555479 1.15823 2.34229 3.10586 0.01574 -0.01190 -0.01112 0.99974
1403636635.913555384 1.21157 2.36909 3.16464 0.01714 -0.01076 -0.00370 0.99979
1403636636.013555527 1.26569 2.39883 3.22458 0.01549 -0.01963 -0.00459 0.99968
1403636636.113555431 1.31676 2.43369 3.28420 0.01157 -0.02644 -0.01346 0.99949
1403636636.213555574 1.37039 2.46693 3.34890 0.00864 -0.01979 -0.02212 0.99952
1403636636.313555479 1.43048 2.49879 3.41257 0.00685 -0.00793 -0.02759 0.99956
1403636636.513555527 1.54933 2.55943 3.53140 0.00513 0.01732 -0.03413 0.99925
1403636636.613555431 1.59427 2.59107 3.58599 0.00264 0.01917 -0.04160 0.99895
1403636636.813555479 1.65318 2.64311 3.69379 -0.00363 0.01759 -0.05920 0.99808
1403636637.013555527 1.67661 2.67633 3.79328 0.00252 0.00879 -0.04843 0.99878
1403636637.213555574 1.68142 2.69396 3.88400 0.00982 -0.00337 -0.03369 0.99938
1403636637.513555527 1.71006 2.70811 4.00483 0.01333 -0.01454 -0.03354 0.99924
1403636637.813555479 1.80023 2.71060 4.11620 0.01662 -0.01297 -0.03301 0.99923
1403636638.013555527 1.87697 2.71055 4.18693 0.01822 -0.00492 -0.03325 0.99927
1403636638.213555574 1.90750 2.71182 4.27300 0.01972 0.00090 -0.03296 0.99926
1403636638.413555384 1.90778 2.71484 4.36174 0.02361 -0.01639 -0.02200 0.99934
1403636638.513555527 1.90209 2.71990 4.40940 0.02641 -0.03495 -0.01289 0.99896
1403636638.713555574 1.91357 2.73617 4.51398 0.02337 -0.03695 -0.02257 0.99879
1403636638.813555479 1.93727 2.74661 4.57041 0.02272 -0.02681 -0.02722 0.99901
1403636638.913555384 1.96828 2.75840 4.62576 0.02402 -0.01889 -0.02526 0.99921
1403636639.013555527 2.00491 2.77013 4.68276 0.02703 -0.01581 -0.01772 0.99935
1403636639.113555431 2.03955 2.78469 4.74147 0.03103 -0.01456 -0.00708 0.99939
1403636639.313555479 2.07374 2.82928 4.87284 0.03219 -0.01641 -0.00284 0.99934
1403636639.413555384 2.07716 2.86162 4.94390 0.02801 -0.01665 -0.01493 0.99936
1403636639.513555527 2.07844 2.89809 5.01514 0.02390 -0.01521 -0.02780 0.99921
1403636639.613555431 2.07815 2.93348 5.08966 0.02001 -0.01123 -0.04064 0.99891
1403636639.713555574 2.07997 2.96528 5.16493 0.02060 -0.00349 -0.04122 0.99893
1403636639.913555384 2.09917 3.01978 5.30504 0.02506 0.00438 -0.03173 0.99917
1403636640.113555431 2.13909 3.06928 5.42468 0.03109 0.00606 -0.03665 0.99883
1403636640.213555574 2.16384 3.09411 5.47510 0.03997 0.00664 -0.03998 0.99838
1403636640.413555384 2.21755 3.14135 5.56616 0.05203 0.00455 -0.04580 0.99758
1403636640.713555574 2.25262 3.20575 5.70605 0.05983 0.00339 -0.04912 0.99699
1403636641.213555574 2.30844 3.28890 5.90539 0.05912 0.00112 -0.05039 0.99698
1403636641.513555527 2.30459 3.33179 6.01882 0.06120 0.00158 -0.03747 0.99742
1403636641.813555479 2.32171 3.37877 6.10556 0.05671 0.00269 -0.04484 0.99738
1403636642.013555527 2.36068 3.40820 6.14327 0.04884 0.00582 -0.04156 0.99792
1403636642.113555431 2.38496 3.42349 6.15680 0.03984 0.00789 -0.03883 0.99842
1403636642.213555574 2.40531 3.43817 6.16976 0.03282 0.00951 -0.03674 0.99874
1403636642.413555384 2.42448 3.46779 6.19791 0.01747 0.01217 -0.02905 0.99935
1403636642.513555527 2.42476 3.48225 6.21163 0.01058 0.01086 -0.02614 0.99954
1403636642.613555431 2.41690 3.49665 6.22431 0.00558 0.00381 -0.02409 0.99969
1403636642.713555574 2.40486 3.51026 6.23867 0.00215 -0.00447 -0.02223 0.99974
1403636642.913555384 2.39409 3.53581 6.26598 0.00032 -0.01467 -0.01952 0.99970
1403636643.113555431 2.41210 3.56174 6.29183 0.00129 -0.00630 -0.01776 0.99982
1403636643.613555431 2.44827 3.64055 6.37560 0.00471 -0.01881 -0.01732 0.99966
1403636643.913555384 2.52796 3.69383 6.43574 0.00609 -0.03414 -0.02177 0.99916
1403636644.213555574 2.58848 3.75063 6.55490 0.00650 -0.03158 -0.02120 0.99926
1403636644.313555479 2.60458 3.76867 6.60768 0.01070 -0.01577 -0.00923 0.99978
1403636644.413555384 2.61576 3.78874 6.66504 0.01381 -0.00204 0.00025 0.99990
1403636644.513555527 2.61948 3.81343 6.72371 0.01659 0.00815 0.00807 0.99980
1403636644.713555574 2.60651 3.88171 6.83937 0.01433 0.01426 0.00186 0.99979
1403636644.813555479 2.59189 3.92135 6.89657 0.00728 0.01361 -0.01550 0.99976
1403636644.913555384 2.57121 3.96267 6.95070 0.00276 0.00895 -0.02343 0.99968
1403636645.013555527 2.55167 4.00207 7.00291 0.00128 -0.00134 -0.02342 0.99972
1403636645.213555574 2.52984 4.08170 7.10431 -0.00031 -0.04314 -0.01790 0.99891
1403636645.413555384 2.55571 4.16092 7.22081 -0.00157 -0.03745 -0.01899 0.99912
1403636645.513555527 2.57310 4.19980 7.28833 -0.00182 -0.02997 -0.01909 0.99937
1403636645.713555574 2.60301 4.27770 7.44186 -0.00269 -0.02356 -0.02078 0.99950
1403636645.913555384 2.65285 4.35002 7.60159 -0.00079 -0.02288 -0.01720 0.99959
1403636646.013555527 2.69948 4.38321 7.68230 -0.00396 -0.01389 -0.01234 0.99982
1403636646.113555431 2.74625 4.41799 7.75969 -0.01331 -0.00614 -0.00183 0.99989
1403636646.213555574 2.79614 4.45429 7.83853 -0.03074 0.00152 0.01069 0.99947
1403636646.313555479 2.84122 4.49579 7.91832 -0.05371 0.01028 0.02500 0.99819
1403636646.413555384 2.87755 4.54018 7.99632 -0.08048 0.01907 0.03661 0.99590
1403636646.513555527 2.91133 4.58920 8.06880 -0.10595 0.02926 0.03711 0.99325
1403636646.613555431 2.94873 4.63870 8.13673 -0.12490 0.03205 0.03778 0.99093
1403636646.713555574 2.98780 4.68946 8.19291 -0.13808 0.02788 0.03820 0.98929
1403636646.813555479 3.03458 4.73798 8.24143 -0.14599 0.02714 0.03966 0.98812
1403636646.913555384 3.08550 4.78492 8.28689 -0.15051 0.02642 0.04117 0.98740
1403636647.113555431 3.17334 4.87717 8.37245 -0.15340 0.01649 0.04174 0.98714
1403636647.413555384 3.26164 5.01476 8.49810 -0.14819 0.01626 0.04420 0.98784
1403636647.613555431 3.29755 5.10833 8.57612 -0.14075 0.03227 0.04925 0.98829
1403636647.813555479 3.33978 5.20559 8.63138 -0.14611 0.02851 0.04695 0.98774
1403636647.913555384 3.35297 5.25795 8.64997 -0.15344 0.02673 0.04793 0.98663
1403636648.013555527 3.35964 5.31084 8.66867 -0.16687 0.02655 0.05199 0.98425
1403636648.113555431 3.35793 5.36369 8.68684 -0.18691 0.02623 0.05919 0.98024
1403636648.213555574 3.34972 5.41737 8.70352 -0.21069 0.02739 0.06763 0.97483
1403636648.313555479 3.33582 5.47057 8.71997 -0.23577 0.02861 0.07769 0.96828
1403636648.413555384 3.31931 5.52444 8.73220 -0.26170 0.02973 0.08649 0.96081
1403636648.513555527 3.30244 5.57848 8.74165 -0.28757 0.02964 0.09665 0.95241
1403636648.613555431 3.28085 5.63070 8.74822 -0.30866 0.03071 0.10449 0.94492
1403636648.713555574 3.26623 5.68021 8.75190 -0.32458 0.02637 0.10857 0.93924
1403636648.813555479 3.25696 5.72792 8.75216 -0.33368 0.01629 0.11448 0.93557
1403636648.913555384 3.25449 5.77476 8.74797 -0.33816 0.00319 0.11978 0.93343
1403636649.113555431 3.28035 5.86954 8.73849 -0.34251 0.00730 0.11578 0.93232
1403636649.213555574 3.30769 5.91989 8.73026 -0.34300 0.02131 0.10977 0.93266
1403636649.313555479 3.33690 5.96729 8.72057 -0.34194 0.02795 0.10583 0.93333
1403636649.613555431 3.45454 6.09354 8.68190 -0.33264 0.02732 0.10489 0.93681
1403636649.713555574 3.49954 6.13181 8.66499 -0.33591 0.03437 0.10828 0.93502
1403636649.813555479 3.53855 6.16934 8.64593 -0.34394 0.03655 0.10905 0.93192
1403636649.913555384 3.56998 6.20614 8.62692 -0.35110 0.03775 0.10886 0.92922
1403636650.013555527 3.59324 6.24186 8.60808 -0.35675 0.03696 0.10852 0.92714
1403636650.113555431 3.60561 6.27562 8.58669 -0.36268 0.03776 0.11075 0.92454
1403636650.213555574 3.60592 6.30786 8.56523 -0.37590 0.03744 0.11494 0.91874
1403636650.313555479 3.59997 6.33619 8.54327 -0.39511 0.03658 0.12333 0.90958
1403636650.413555384 3.58597 6.36246 8.51817 -0.41768 0.03355 0.13322 0.89815
1403636650.513555527 3.56454 6.38561 8.48917 -0.44014 0.02823 0.14408 0.88584
1403636650.613555431 3.53839 6.40714 8.46330 -0.45718 0.02369 0.15402 0.87562
1403636650.713555574 3.51304 6.42717 8.43963 -0.46994 0.02076 0.15965 0.86790
1403636650.813555479 3.49801 6.44571 8.41695 -0.47891 0.02100 0.16333 0.86228
1403636650.913555384 3.48803 6.46220 8.39474 -0.48594 0.02637 0.16113 0.85860
1403636651.013555527 3.48321 6.47650 8.37005 -0.48983 0.03225 0.15787 0.85680
1403636651.813555479 3.46812 6.51131 8.12101 -0.47740 0.04298 0.16017 0.86290
1403636651.913555384 3.44709 6.50819 8.08450 -0.48513 0.04959 0.16804 0.85671
1403636652.013555527 3.42567 6.50437 8.04791 -0.50072 0.05287 0.17520 0.84604
1403636652.113555431 3.39515 6.49951 8.00590 -0.52379 0.04744 0.18109 0.83102
1403636652.213555574 3.35941 6.49288 7.95987 -0.55192 0.03829 0.18958 0.81115
1403636652.313555479 3.32007 6.48334 7.91517 -0.57940 0.02830 0.20432 0.78851
1403636652.413555384 3.27533 6.47400 7.86998 -0.60289 0.02028 0.21903 0.76691
1403636652.513555527 3.23213 6.46521 7.82631 -0.61914 0.01671 0.23067 0.75045
1403636652.613555431 3.19391 6.45890 7.78000 -0.62955 0.01108 0.24132 0.73845
1403636652.713555574 3.16609 6.45672 7.73450 -0.63678 0.00345 0.24617 0.73069
1403636652.813555479 3.14741 6.46091 7.68391 -0.64026 0.00209 0.24807 0.72700
1403636653.013555527 3.13384 6.48152 7.58151 -0.64359 0.00679 0.24159 0.72621
1403636653.213555574 3.09882 6.51935 7.49391 -0.64428 0.01702 0.22674 0.73021
1403636653.313555479 3.08004 6.54132 7.45208 -0.64419 0.02384 0.21713 0.73302
1403636653.713555574 3.06355 6.60676 7.28065 -0.63517 0.03034 0.20626 0.74370
1403636654.213555574 2.98970 6.62343 7.10880 -0.63739 0.03840 0.21109 0.74007
1403636654.313555479 2.97276 6.61825 7.07590 -0.64643 0.03571 0.21334 0.73167
1403636654.413555384 2.96371 6.61042 7.03966 -0.65750 0.03168 0.21905 0.72022
1403636654.513555527 2.96143 6.60004 7.00311 -0.67096 0.02889 0.22496 0.70595
1403636654.613555431 2.96521 6.58811 6.96444 -0.68386 0.02644 0.23251 0.69107
1403636654.713555574 2.96229 6.57372 6.92619 -0.69204 0.02572 0.24191 0.67963
1403636654.913555384 2.95106 6.54475 6.85995 -0.70465 0.02246 0.24836 0.66429
1403636655.013555527 2.93614 6.53115 6.83032 -0.71070 0.02799 0.24210 0.65993
1403636655.313555479 2.87779 6.47890 6.75085 -0.71955 0.04394 0.23393 0.65238
1403636655.413555384 2.85627 6.45428 6.72696 -0.72417 0.04809 0.23633 0.64608
1403636655.513555527 2.83901 6.42306 6.70140 -0.73076 0.04873 0.23866 0.63770
1403636655.713555574 2.79771 6.34754 6.64715 -0.74057 0.03913 0.26529 0.61615
1403636655.813555479 2.76413 6.30718 6.62218 -0.74679 0.03633 0.27441 0.60472
1403636655.913555384 2.71799 6.26756 6.59604 -0.75569 0.03708 0.28246 0.58972
1403636656.013555527 2.67326 6.23061 6.56639 -0.76569 0.03953 0.28727 0.57414
1403636656.113555431 2.63721 6.19178 6.53451 -0.77425 0.03837 0.28899 0.56174
1403636656.213555574 2.60863 6.15437 6.49623 -0.78012 0.03343 0.29000 0.55335
1403636656.313555479 2.59059 6.11894 6.45355 -0.78304 0.03015 0.29179 0.54846
1403636656.413555384 2.58210 6.08555 6.40729 -0.78402 0.02854 0.29344 0.54626
1403636656.613555431 2.57873 6.02462 6.30795 -0.78507 0.02676 0.28926 0.54706
1403636656.713555574 2.57492 5.99750 6.25711 -0.78737 0.03391 0.27882 0.54878
1403636656.813555479 2.56446 5.97052 6.20649 -0.78975 0.03986 0.26722 0.55072
1403636657.013555527 2.52343 5.91103 6.12312 -0.79024 0.04468 0.25695 0.55452
1403636657.313555479 2.44622 5.79238 6.01638 -0.78463 0.05162 0.26529 0.55795
1403636657.413555384 2.42594 5.74309 5.98019 -0.78182 0.04990 0.27415 0.55777
1403636657.513555527 2.39982 5.69143 5.94151 -0.77835 0.04685 0.28401 0.55795
1403636657.613555431 2.37318 5.63928 5.90481 -0.77750 0.04378 0.28782 0.55744
1403636657.813555479 2.30069 5.53605 5.81988 -0.77901 0.04616 0.28945 0.55428
1403636657.913555384 2.25712 5.48409 5.77477 -0.77770 0.05042 0.29729 0.55160
1403636658.013555527 2.22061 5.43253 5.72452 -0.77782 0.04975 0.30148 0.54921
1403636658.113555431 2.18968 5.38080 5.66472 -0.78089 0.04165 0.29781 0.54752
1403636658.213555574 2.16130 5.33068 5.59885 -0.78433 0.03340 0.29287 0.54584
1403636658.313555479 2.13268 5.28218 5.52996 -0.78689 0.02568 0.28890 0.54469
1403636658.413555384 2.10182 5.23682 5.46501 -0.78829 0.02081 0.28795 0.54337
1403636658.513555527 2.06437 5.19330 5.39840 -0.78972 0.01487 0.28542 0.54282
1403636658.613555431 2.02903 5.15441 5.33527 -0.79184 0.00760 0.28079 0.54230
1403636658.713555574 1.98963 5.11948 5.27709 -0.79351 0.00482 0.27720 0.54174
1403636658.813555479 1.94955 5.08937 5.22024 -0.79643 0.00231 0.26946 0.54137
1403636658.913555384 1.88401 5.11704 5.15776 -0.79861 0.00674 0.26321 0.54120
1403636659.013555527 1.87360 5.04029 5.12542 -0.79886 0.01568 0.26279 0.54085
1403636659.113555431 1.82179 5.01487 5.08314 -0.79965 0.02420 0.25917 0.54112
1403636659.313555479 1.73138 4.96452 5.01415 -0.79920 0.02745 0.25902 0.54169
1403636659.413555384 1.69541 4.93708 4.98336 -0.79717 0.02206 0.26505 0.54202
1403636659.513555527 1.66571 4.91020 4.95244 -0.79599 0.01647 0.26894 0.54203
1403636659.713555574 1.61271 4.85898 4.89545 -0.79813 0.01874 0.26531 0.54061
1403636659.913555384 1.54713 4.81019 4.85887 -0.79982 0.01904 0.26545 0.53802
1403636660.013555527 1.50730 4.78695 4.84849 -0.79864 0.01364 0.27182 0.53675
1403636660.113555431 1.46347 4.76546 4.84265 -0.79729 0.00874 0.27836 0.53551
1403636660.213555574 1.41816 4.74710 4.83857 -0.79647 0.00644 0.28164 0.53505
1403636660.313555479 1.37320 4.73173 4.83590 -0.79502 0.00198 0.28683 0.53448
1403636660.413555384 1.33595 4.72330 4.83213 -0.79155 -0.00591 0.29729 0.53388
1403636660.713555574 1.25363 4.74330 4.80723 -0.79937 0.00164 0.27365 0.53490
1403636660.813555479 1.21752 4.76243 4.80582 -0.80436 0.00161 0.25824 0.53509
1403636661.013555527 1.13832 4.80342 4.82426 -0.80699 0.00518 0.24871 0.53562
1403636661.213555574 1.05910 4.84755 4.87059 -0.80578 0.01882 0.25138 0.53588
1403636661.413555384 1.00204 4.88361 4.92633 -0.80517 0.02216 0.25252 0.53613
1403636661.613555431 0.97784 4.91009 4.98638 -0.80265 0.02387 0.25837 0.53706
1403636661.813555479 0.98254 4.92581 5.04422 -0.80070 0.03648 0.26029 0.53833
1403636662.013555527 1.01493 4.92887 5.09378 -0.79957 0.04267 0.26011 0.53964
1403636662.313555479 1.07309 4.90150 5.16183 -0.80258 0.02351 0.25460 0.53898
1403636662.513555527 1.08981 4.87798 5.22399 -0.80070 0.00962 0.26485 0.53725
1403636662.613555431 1.09155 4.86700 5.25986 -0.79789 0.01324 0.27402 0.53676
1403636662.713555574 1.09143 4.85917 5.29833 -0.79509 0.02869 0.28230 0.53602
1403636662.913555384 1.07396 4.84501 5.36921 -0.79315 0.03757 0.28938 0.53457
1403636663.013555527 1.05787 4.83807 5.39994 -0.79087 0.03618 0.29657 0.53410
1403636663.113555431 1.04472 4.83163 5.42426 -0.78797 0.04074 0.30464 0.53352
1403636663.313555479 1.02363 4.82403 5.44236 -0.79258 0.01644 0.29675 0.53243
1403636663.413555384 1.00427 4.82460 5.44709 -0.79447 -0.00119 0.29274 0.53210
1403636663.513555527 0.97926 4.83118 5.45322 -0.79426 -0.01282 0.29354 0.53181
1403636663.713555574 0.92172 4.87394 5.46751 -0.79426 -0.02317 0.29275 0.53190
1403636663.913555384 0.88614 4.95811 5.48075 -0.80055 -0.03365 0.26981 0.53403
1403636664.013555527 0.88254 5.01412 5.49053 -0.80477 -0.03349 0.25350 0.53569
1403636664.113555431 0.88859 5.07771 5.50660 -0.80534 -0.02608 0.24758 0.53801
1403636664.213555574 0.90118 5.14511 5.52753 -0.80431 -0.01209 0.24558 0.54096
1403636664.313555479 0.91154 5.21423 5.55712 -0.80300 0.00039 0.24325 0.54408
1403636664.413555384 0.90961 5.28340 5.59635 -0.80113 0.00742 0.24215 0.54727
1403636664.513555527 0.90128 5.35230 5.64274 -0.79906 0.01208 0.24140 0.55053
1403636664.613555431 0.89034 5.41834 5.69408 -0.79533 0.02151 0.24354 0.55468
1403636664.713555574 0.88453 5.48137 5.74815 -0.79168 0.02783 0.24630 0.55840
1403636664.813555479 0.88742 5.54162 5.80082 -0.79020 0.02017 0.24547 0.56118
1403636664.913555384 0.89945 5.59856 5.85307 -0.78803 0.02013 0.24593 0.56403
1403636665.013555527 0.91642 5.65396 5.90381 -0.78421 0.01783 0.25233 0.56659
1403636665.113555431 0.93824 5.70750 5.95761 -0.78064 0.01355 0.25964 0.56833
1403636665.213555574 0.96821 5.76179 6.00849 -0.77782 0.01518 0.26500 0.56968
1403636665.313555479 1.00558 5.81777 6.05850 -0.77746 0.02757 0.26427 0.57005
1403636665.413555384 1.04125 5.87297 6.10608 -0.77848 0.02825 0.26149 0.56990
1403636665.513555527 1.07405 5.92638 6.15129 -0.78104 0.01692 0.25757 0.56864
1403636665.613555431 1.09701 5.97040 6.19251 -0.78331 0.00711 0.25216 0.56814
1403636665.813555479 1.17659 6.08368 6.28681 -0.78834 0.00685 0.24620 0.56379
1403636665.913555384 1.21546 6.13692 6.33536 -0.78719 0.02464 0.25079 0.56287
1403636666.013555527 1.25370 6.18830 6.38663 -0.78521 0.03666 0.25827 0.56160
1403636666.113555431 1.28450 6.23713 6.43750 -0.78544 0.03811 0.25883 0.56093
1403636666.313555479 1.32499 6.32400 6.54068 -0.78807 0.03630 0.25184 0.56054
1403636666.413555384 1.33997 6.36275 6.59244 -0.78620 0.04183 0.25457 0.56155
1403636666.513555527 1.35568 6.39577 6.64291 -0.78375 0.04258 0.25861 0.56306
1403636666.613555431 1.37693 6.42462 6.68991 -0.78260 0.03420 0.26047 0.56438
1403636666.713555574 1.40551 6.45097 6.73292 -0.78154 0.02249 0.26206 0.56570
1403636666.813555479 1.43503 6.47751 6.77487 -0.77883 0.01559 0.26764 0.56705
1403636666.913555384 1.46215 6.50589 6.81767 -0.77230 0.01924 0.28342 0.56821
1403636667.013555527 1.48286 6.53688 6.85842 -0.76725 0.02713 0.29498 0.56885
1403636667.113555431 1.49789 6.56988 6.89481 -0.77074 0.02897 0.28467 0.56928
1403636667.213555574 1.51037 6.60533 6.92551 -0.77847 0.02642 0.26266 0.56947
1403636667.313555479 1.51618 6.64008 6.95682 -0.78344 0.02130 0.24734 0.56973
1403636667.513555527 1.51995 6.70292 7.03127 -0.78228 0.01449 0.24925 0.57070
1403636667.613555431 1.52273 6.73384 7.06810 -0.77744 0.01460 0.26267 0.57130
1403636667.713555574 1.53156 6.76593 7.10237 -0.77399 0.01816 0.27128 0.57186
1403636667.913555384 1.56356 6.83381 7.16183 -0.77433 0.02394 0.27223 0.57073
1403636668.313555479 1.57209 6.98073 7.26734 -0.78196 0.00818 0.26653 0.56341
1403636668.613555431 1.53887 7.11290 7.36300 -0.78802 0.00845 0.26219 0.55697
1403636668.913555384 1.52207 7.26334 7.47245 -0.79901 -0.00700 0.23870 0.55187
1403636669.013555527 1.53214 7.31671 7.51324 -0.79917 0.00211 0.23848 0.55176
1403636669.113555431 1.54906 7.37029 7.55858 -0.79862 0.01336 0.24074 0.55143
1403636669.313555479 1.58102 7.46802 7.65794 -0.79953 0.01875 0.24115 0.54977
1403636669.513555527 1.59815 7.55863 7.77521 -0.80085 0.02350 0.23711 0.54942
1403636669.613555431 1.60380 7.60057 7.84075 -0.80315 0.02775 0.22862 0.54947
1403636669.713555574 1.61012 7.63967 7.90942 -0.80527 0.03368 0.21957 0.54972
1403636669.813555479 1.62581 7.67094 7.98112 -0.80314 0.04448 0.22280 0.55077
1403636669.913555384 1.64347 7.69087 8.05116 -0.79419 0.06633 0.24285 0.55307
1403636670.013555527 1.66881 7.70060 8.11703 -0.78761 0.07485 0.25942 0.55387
1403636670.113555431 1.69604 7.69903 8.17194 -0.78256 0.07884 0.26900 0.55589
1403636670.213555574 1.72472 7.69034 8.21707 -0.77746 0.09288 0.26995 0.56040
1403636670.313555479 1.74696 7.67166 8.25406 -0.77179 0.10895 0.26932 0.56563
1403636670.413555384 1.75999 7.64264 8.28269 -0.76407 0.11508 0.27263 0.57326
1403636670.513555527 1.76857 7.60161 8.29680 -0.75304 0.11847 0.27675 0.58507
1403636670.613555431 1.77548 7.54864 8.29477 -0.74048 0.11836 0.27662 0.60096
1403636670.713555574 1.78579 7.48410 8.27276 -0.72752 0.11573 0.27245 0.61895
1403636670.913555384 1.79157 7.33500 8.18563 -0.69232 0.12345 0.26671 0.65903
1403636671.013555527 1.78651 7.24629 8.11730 -0.66962 0.13241 0.26120 0.68254
1403636671.113555431 1.77783 7.14759 8.02453 -0.64970 0.12758 0.24764 0.70731
1403636671.213555574 1.76989 7.03942 7.90850 -0.63142 0.11329 0.23562 0.73004
1403636671.313555479 1.75990 6.92543 7.77139 -0.61928 0.08672 0.22431 0.74743
1403636671.413555384 1.74168 6.80914 7.61922 -0.61239 0.04660 0.20616 0.76178
1403636671.513555527 1.72156 6.69530 7.46614 -0.60033 0.01389 0.19645 0.77512
1403636671.613555431 1.69562 6.58564 7.31720 -0.58715 -0.00805 0.19692 0.78512
1403636671.713555574 1.66786 6.48144 7.17451 -0.57734 -0.02294 0.20101 0.79105
1403636671.813555479 1.63765 6.38820 7.03261 -0.57171 -0.03444 0.20330 0.79412
1403636671.913555384 1.61040 6.29942 6.90525 -0.56897 -0.04584 0.20903 0.79402
1403636672.013555527 1.59162 6.22726 6.77927 -0.56883 -0.06145 0.21253 0.79214
1403636672.113555431 1.58843 6.17037 6.65866 -0.57394 -0.07315 0.20257 0.79007
1403636672.213555574 1.59582 6.12819 6.54622 -0.57945 -0.07817 0.19252 0.78808
1403636672.313555479 1.60834 6.10117 6.44440 -0.58388 -0.07946 0.18536 0.78640
1403636672.413555384 1.62055 6.08448 6.35729 -0.59032 -0.07817 0.16783 0.78565
1403636672.513555527 1.62371 6.07901 6.28322 -0.59523 -0.05742 0.15286 0.78679
1403636672.613555431 1.61589 6.07599 6.22785 -0.59586 -0.02560 0.14909 0.78871
1403636672.713555574 1.59207 6.07203 6.18732 -0.59390 -0.00649 0.15446 0.78955
1403636672.813555479 1.55407 6.06904 6.15629 -0.58766 -0.00775 0.16813 0.79141
1403636672.913555384 1.52133 6.06636 6.12908 -0.57921 -0.01096 0.16878 0.79744
1403636673.013555527 1.49643 6.06457 6.10677 -0.56751 -0.01462 0.16348 0.80684
1403636673.113555431 1.47896 6.06206 6.08890 -0.55492 -0.02054 0.15778 0.81654
1403636673.213555574 1.46888 6.06360 6.07339 -0.54202 -0.03359 0.16147 0.82402
1403636673.313555479 1.47030 6.06885 6.06122 -0.53168 -0.04764 0.16594 0.82916
1403636673.513555527 1.48505 6.09908 6.06086 -0.52229 -0.05129 0.16406 0.83526
1403636673.613555431 1.49186 6.12613 6.07236 -0.52166 -0.04300 0.15659 0.83756
1403636673.713555574 1.49630 6.15642 6.09327 -0.52241 -0.03014 0.14728 0.83934
1403636673.813555479 1.50358 6.18962 6.11962 -0.52326 -0.01744 0.13821 0.84071
1403636674.113555431 1.54563 6.27812 6.22351 -0.52239 -0.01649 0.13743 0.84140
1403636674.313555479 1.55641 6.33039 6.32275 -0.52005 -0.00215 0.14527 0.84169
1403636674.413555384 1.55381 6.35494 6.37889 -0.51268 0.00659 0.15596 0.84427
1403636674.513555527 1.54698 6.37838 6.43734 -0.50176 0.01423 0.15972 0.85001
1403636674.613555431 1.53588 6.40240 6.49421 -0.49232 0.01598 0.15692 0.85600
1403636674.713555574 1.51989 6.42827 6.54744 -0.48466 0.01530 0.15365 0.86097
1403636674.813555479 1.49741 6.45439 6.60105 -0.47640 0.00440 0.15924 0.86468
1403636674.913555384 1.47787 6.48307 6.64974 -0.46989 -0.00875 0.16616 0.86690
1403636675.013555527 1.46446 6.51740 6.69495 -0.46587 -0.01946 0.17123 0.86791
1403636675.213555574 1.46740 6.60903 6.77993 -0.46999 -0.03946 0.15591 0.86790
1403636675.313555479 1.48350 6.66636 6.82306 -0.47447 -0.04449 0.14402 0.86727
1403636675.413555384 1.50969 6.72783 6.87264 -0.47671 -0.03529 0.12985 0.86870
1403636675.513555527 1.53583 6.79119 6.92839 -0.47246 -0.02480 0.11693 0.87321
1403636675.613555431 1.56025 6.85338 6.99127 -0.46714 -0.01766 0.10296 0.87799
1403636675.713555574 1.57996 6.91164 7.06038 -0.45773 -0.01124 0.09479 0.88395
1403636675.813555479 1.59620 6.96347 7.13496 -0.44121 0.00195 0.09671 0.89218
1403636675.913555384 1.60217 7.01261 7.20919 -0.41720 0.01506 0.11057 0.90194
1403636676.013555527 1.60793 7.05642 7.28491 -0.39286 0.01581 0.12088 0.91148
1403636676.113555431 1.60644 7.10146 7.35729 -0.37374 0.00816 0.11529 0.92030
1403636676.213555574 1.60300 7.14572 7.43148 -0.35882 -0.00398 0.09402 0.92865
1403636676.313555479 1.59873 7.19045 7.50309 -0.34238 -0.01824 0.07055 0.93673
1403636676.413555384 1.59706 7.23080 7.58098 -0.32460 -0.02618 0.04779 0.94428
1403636676.513555527 1.60340 7.26559 7.65977 -0.30194 -0.02965 0.04071 0.95200
1403636676.613555431 1.61863 7.29639 7.73706 -0.27823 -0.02552 0.04398 0.95917
1403636676.713555574 1.64158 7.32207 7.81811 -0.26112 -0.01994 0.04867 0.96387
1403636676.813555479 1.66996 7.34669 7.89805 -0.24863 -0.01498 0.05429 0.96696
1403636676.913555384 1.70382 7.37142 7.97506 -0.23802 -0.01243 0.05927 0.96937
1403636677.113555431 1.74322 7.42564 8.13531 -0.23598 -0.01269 0.04747 0.97052
1403636677.313555479 1.74743 7.47773 8.30402 -0.23777 -0.00684 0.03233 0.97076
1403636677.413555384 1.75572 7.49671 8.38900 -0.23052 0.00441 0.02404 0.97276
1403636677.513555527 1.76892 7.51062 8.46503 -0.21734 0.01630 0.01992 0.97576
1403636677.613555431 1.78667 7.51778 8.53618 -0.19971 0.02154 0.01934 0.97943
1403636677.713555574 1.81013 7.51898 8.60002 -0.17830 0.02013 0.02197 0.98352
1403636677.813555479 1.83386 7.51690 8.65658 -0.15343 0.01142 0.02580 0.98776
1403636677.913555384 1.85766 7.51441 8.70666 -0.12449 -0.00020 0.03249 0.99169
1403636678.013555527 1.88368 7.51472 8.75106 -0.09801 -0.00959 0.02932 0.99471
1403636678.113555431 1.90595 7.51994 8.79368 -0.07851 -0.01197 0.01637 0.99671
1403636678.213555574 1.92027 7.52884 8.83700 -0.06640 -0.01316 -0.00059 0.99771
1403636678.313555479 1.93222 7.53961 8.87906 -0.05380 -0.01334 -0.01337 0.99837
1403636678.413555384 1.94954 7.55044 8.91785 -0.03669 -0.01455 -0.01754 0.99907
1403636678.513555527 1.97185 7.56097 8.95329 -0.01949 -0.01714 -0.02421 0.99937
1403636678.713555574 2.03104 7.57865 9.01540 0.02052 -0.01733 -0.04909 0.99843
1403636678.813555479 2.05455 7.58572 9.04652 0.04032 -0.01836 -0.07396 0.99628
1403636678.913555384 2.07133 7.59027 9.07747 0.05721 -0.01951 -0.09674 0.99347
1403636679.013555527 2.08108 7.58758 9.10989 0.07638 -0.01970 -0.10783 0.99104
1403636679.113555431 2.08336 7.57757 9.14295 0.09948 -0.01696 -0.10948 0.98885
1403636679.213555574 2.08059 7.56042 9.17458 0.12773 -0.01249 -0.10089 0.98659
1403636679.313555479 2.07886 7.53867 9.20236 0.15724 -0.00958 -0.09326 0.98310
1403636679.413555384 2.08185 7.51724 9.22371 0.18465 -0.00927 -0.09440 0.97822
1403636679.513555527 2.08929 7.49670 9.23952 0.20911 -0.01119 -0.09968 0.97273
1403636679.613555431 2.10339 7.47884 9.25023 0.22745 -0.01456 -0.10490 0.96801
1403636679.713555574 2.12331 7.46360 9.25640 0.23975 -0.01957 -0.10997 0.96439
1403636679.813555479 2.15048 7.45113 9.25827 0.24702 -0.01629 -0.11560 0.96195
1403636679.913555384 2.18361 7.43917 9.25597 0.24980 -0.00637 -0.12176 0.96059
1403636680.013555527 2.22042 7.42927 9.24838 0.24745 -0.00176 -0.13239 0.95981
1403636680.113555431 2.25872 7.41687 9.23324 0.24140 0.00382 -0.14794 0.95907
1403636680.313555479 2.31506 7.38426 9.18702 0.23646 0.00912 -0.15256 0.95955
1403636680.513555527 2.33360 7.33401 9.11894 0.22397 0.00120 -0.16824 0.95996
1403636680.713555574 2.32062 7.25859 9.02864 0.22263 -0.00544 -0.15607 0.96231
1403636680.813555479 2.30702 7.21274 8.97745 0.22691 -0.01367 -0.13775 0.96403
1403636680.913555384 2.28600 7.16325 8.92579 0.23254 -0.02512 -0.11571 0.96535
1403636681.013555527 2.26020 7.11312 8.87562 0.23310 -0.04259 -0.10903 0.96538
1403636681.113555431 2.22942 7.06333 8.83056 0.23080 -0.05598 -0.11250 0.96485
1403636681.313555479 2.17585 6.95865 8.75573 0.22909 -0.03248 -0.12297 0.96506
1403636681.413555384 2.15751 6.90365 8.72156 0.23105 -0.02094 -0.12088 0.96517
1403636681.513555527 2.14208 6.84887 8.68469 0.23391 -0.01616 -0.11682 0.96508
1403636681.613555431 2.12616 6.79494 8.64496 0.23494 -0.01491 -0.11972 0.96450
1403636681.713555574 2.10682 6.74240 8.60495 0.23587 -0.01329 -0.12278 0.96391
1403636681.813555479 2.08758 6.68636 8.56302 0.23693 -0.01201 -0.12417 0.96348
1403636681.913555384 2.06769 6.63009 8.51991 0.23891 -0.01046 -0.12350 0.96310
1403636682.013555527 2.05618 6.57220 8.47152 0.24124 -0.01126 -0.12140 0.96278
1403636682.113555431 2.04738 6.51618 8.42064 0.24344 -0.01181 -0.11896 0.96252
1403636682.213555574 2.04190 6.46031 8.36583 0.24478 -0.01536 -0.11737 0.96233
1403636682.313555479 2.03347 6.40505 8.30941 0.24437 -0.02576 -0.11700 0.96225
1403636682.413555384 2.01881 6.35143 8.25699 0.24335 -0.03507 -0.11700 0.96222
1403636682.613555431 1.98058 6.24696 8.16287 0.24044 -0.01921 -0.11906 0.96314
1403636682.813555479 1.93972 6.14055 8.06810 0.23859 -0.00881 -0.11417 0.96434
1403636683.013555527 1.91415 6.03652 7.96009 0.23275 -0.00477 -0.12338 0.96467
1403636683.213555574 1.88496 5.93013 7.84208 0.23480 -0.00794 -0.11980 0.96460
1403636683.313555479 1.86279 5.87711 7.78314 0.23714 -0.01022 -0.11740 0.96430
1403636683.413555384 1.83413 5.82461 7.72330 0.23943 -0.01172 -0.11597 0.96389
1403636683.513555527 1.80181 5.77303 7.66369 0.24136 -0.01294 -0.11533 0.96347
1403636683.613555431 1.76681 5.72214 7.60479 0.24246 -0.01499 -0.11528 0.96317
1403636683.713555574 1.72634 5.67220 7.54597 0.24338 -0.02006 -0.11550 0.96282
1403636683.813555479 1.68956 5.62221 7.48672 0.24416 -0.02611 -0.11558 0.96247
1403636683.913555384 1.66035 5.57396 7.42651 0.24568 -0.02904 -0.11605 0.96194
1403636684.013555527 1.64025 5.52568 7.36432 0.24774 -0.02715 -0.11458 0.96164
1403636684.113555431 1.62655 5.47602 7.30303 0.24971 -0.02325 -0.11478 0.96121
1403636684.213555574 1.62113 5.42585 7.23921 0.25193 -0.02102 -0.11461 0.96070
1403636684.313555479 1.61909 5.37783 7.17427 0.25413 -0.01733 -0.11440 0.96022
1403636684.513555527 1.60081 5.28679 7.05129 0.25851 -0.01390 -0.11017 0.95961
1403636684.613555431 1.58181 5.24704 6.99322 0.26065 -0.01273 -0.10631 0.95948
1403636684.813555479 1.53125 5.17713 6.87821 0.26191 -0.01073 -0.10521 0.95928
1403636685.013555527 1.46466 5.12263 6.76288 0.25650 -0.00974 -0.11898 0.95914
1403636685.213555574 1.41448 5.07260 6.63771 0.25111 -0.01614 -0.12410 0.95983
1403636685.413555384 1.38514 5.01572 6.50398 0.24397 -0.01889 -0.12891 0.96099
1403636685.613555431 1.34199 4.95138 6.36776 0.24278 -0.02091 -0.12075 0.96231
1403636685.813555479 1.28023 4.88622 6.23811 0.24004 -0.01628 -0.12490 0.96256
1403636686.013555527 1.20060 4.81979 6.11537 0.24192 -0.01893 -0.12039 0.96261
1403636686.113555431 1.16517 4.78779 6.05104 0.24403 -0.02450 -0.11584 0.96251
1403636686.313555479 1.11660 4.72018 5.91954 0.24435 -0.02821 -0.11225 0.96275
1403636686.513555527 1.08382 4.65202 5.79439 0.24451 -0.03340 -0.11116 0.96267
1403636686.713555574 1.03742 4.58664 5.68403 0.24450 -0.03298 -0.11338 0.96243
1403636686.913555384 0.98961 4.52002 5.58541 0.24695 -0.02717 -0.11040 0.96234
1403636687.113555431 0.96746 4.45435 5.48463 0.24878 -0.02497 -0.10783 0.96221
1403636687.313555479 0.95285 4.39442 5.38805 0.24975 -0.02177 -0.10836 0.96198
1403636687.513555527 0.91873 4.33896 5.30169 0.24984 -0.01710 -0.11000 0.96187
1403636687.713555574 0.85895 4.29662 5.22576 0.25337 -0.01519 -0.10517 0.96152
1403636687.913555384 0.77545 4.26038 5.15670 0.25340 -0.01610 -0.10729 0.96126
1403636688.113555431 0.68010 4.23331 5.09019 0.25009 -0.01382 -0.11815 0.96089
1403636688.313555479 0.60205 4.20255 5.01548 0.25118 -0.01536 -0.11519 0.96094
1403636688.413555384 0.56931 4.18684 4.97471 0.25218 -0.01788 -0.11250 0.96095
1403636688.613555431 0.48906 4.15188 4.89769 0.24710 -0.01647 -0.12674 0.96052
1403636688.713555574 0.44337 4.13613 4.85995 0.24652 -0.01551 -0.13115 0.96010
1403636688.813555479 0.39407 4.11739 4.82103 0.24847 -0.01633 -0.13108 0.95959
1403636688.913555384 0.35037 4.09299 4.77968 0.25400 -0.01939 -0.13142 0.95804
1403636689.013555527 0.31302 4.06459 4.73570 0.26139 -0.02373 -0.12927 0.95624
1403636689.113555431 0.28413 4.03545 4.68929 0.26958 -0.02781 -0.12568 0.95434
1403636689.213555574 0.26320 4.00259 4.64298 0.27596 -0.03226 -0.12518 0.95244
1403636689.313555479 0.24910 3.96811 4.59624 0.28097 -0.03519 -0.12491 0.95090
1403636689.413555384 0.24426 3.93130 4.55159 0.28417 -0.03496 -0.12640 0.94976
1403636689.513555527 0.24828 3.89455 4.50771 0.28669 -0.03563 -0.12652 0.94896
1403636689.613555431 0.25895 3.85753 4.46593 0.28820 -0.04027 -0.12577 0.94842
1403636689.713555574 0.27045 3.82023 4.42899 0.28970 -0.04849 -0.12072 0.94823
1403636689.813555479 0.27863 3.78382 4.39818 0.29096 -0.05736 -0.11285 0.94832
1403636690.113555431 0.30123 3.68073 4.35637 0.28907 -0.05361 -0.10302 0.95024
1403636690.313555479 0.32616 3.62229 4.36441 0.28142 -0.05031 -0.11832 0.95093
1403636690.513555527 0.37291 3.56202 4.38941 0.28130 -0.04722 -0.11459 0.95158
1403636690.613555431 0.39339 3.53331 4.40994 0.28432 -0.04831 -0.10403 0.95184
1403636690.713555574 0.40997 3.50740 4.43639 0.28922 -0.04708 -0.08866 0.95198
1403636690.813555479 0.41490 3.48437 4.47224 0.29489 -0.04495 -0.06997 0.95190
1403636690.913555384 0.41092 3.47182 4.51670 0.29913 -0.03487 -0.05807 0.95180
1403636691.013555527 0.41158 3.47036 4.56550 0.30341 -0.01784 -0.04777 0.95149
1403636691.113555431 0.41852 3.48329 4.61618 0.30586 -0.00290 -0.04512 0.95100
1403636691.213555574 0.43434 3.51164 4.66323 0.30393 0.01289 -0.05623 0.95095
1403636691.313555479 0.45832 3.55260 4.70433 0.29823 0.02335 -0.07860 0.95097
1403636691.413555384 0.48635 3.60371 4.73855 0.29523 0.01706 -0.09480 0.95056
1403636691.513555527 0.52077 3.66292 4.76429 0.29511 -0.00104 -0.10276 0.94992
1403636691.613555431 0.56233 3.72585 4.78370 0.29579 -0.01086 -0.10802 0.94907
1403636691.713555574 0.60759 3.79060 4.80007 0.29237 -0.01486 -0.12224 0.94834
1403636691.813555479 0.64533 3.85837 4.81667 0.29124 -0.01499 -0.12906 0.94779
1403636691.913555384 0.68106 3.92368 4.83278 0.29286 -0.01716 -0.12599 0.94766
1403636692.013555527 0.71043 3.99034 4.84873 0.29574 -0.01000 -0.11900 0.94777
1403636692.113555431 0.73734 4.05867 4.86282 0.29574 -0.01036 -0.11853 0.94783
1403636692.213555574 0.76769 4.12877 4.87285 0.29268 -0.00977 -0.12633 0.94778
1403636692.313555479 0.80401 4.19830 4.87816 0.29207 -0.01202 -0.12664 0.94790
1403636692.413555384 0.84836 4.26749 4.87899 0.29232 -0.01516 -0.12420 0.94810
1403636692.513555527 0.89648 4.33390 4.87680 0.28926 -0.01453 -0.13081 0.94816
1403636692.613555431 0.95278 4.39672 4.87054 0.28890 -0.01519 -0.12970 0.94841
1403636692.713555574 1.01237 4.45829 4.85992 0.28699 -0.01766 -0.13168 0.94867
1403636692.813555479 1.06653 4.51727 4.85071 0.27971 -0.02122 -0.14897 0.94822
1403636692.913555384 1.11153 4.57153 4.84169 0.27518 -0.02302 -0.16073 0.94758
1403636693.213555574 1.22597 4.68776 4.80974 0.28279 -0.02802 -0.14498 0.94775
1403636693.413555384 1.26871 4.74329 4.79647 0.28746 -0.04678 -0.13602 0.94693
1403636693.513555527 1.28302 4.76284 4.79590 0.28814 -0.05842 -0.13411 0.94635
1403636693.613555431 1.29542 4.78095 4.80079 0.28800 -0.06952 -0.13557 0.94543
1403636693.813555479 1.32429 4.79739 4.83019 0.29016 -0.05976 -0.13459 0.94558
1403636693.913555384 1.34135 4.79961 4.85270 0.29309 -0.04487 -0.13029 0.94610
1403636694.013555527 1.35618 4.80176 4.87855 0.29598 -0.02910 -0.12652 0.94633
1403636694.113555431 1.36773 4.80374 4.90555 0.29773 -0.02022 -0.12460 0.94627
1403636694.513555527 1.43343 4.80834 4.99317 0.29738 -0.02745 -0.12789 0.94576
1403636694.813555479 1.45704 4.81230 5.05906 0.29590 -0.02462 -0.12564 0.94660
1403636695.013555527 1.44824 4.81686 5.10939 0.29937 -0.03093 -0.10834 0.94746
1403636695.213555574 1.44942 4.82976 5.16227 0.29288 -0.02901 -0.11759 0.94845
1403636695.413555384 1.47708 4.84430 5.20727 0.28752 -0.02450 -0.12345 0.94947
1403636695.613555431 1.51261 4.85997 5.24691 0.28338 -0.01966 -0.12902 0.95009
1403636696.013555527 1.52557 4.88174 5.32086 0.28054 -0.02623 -0.12542 0.95125
1403636696.213555574 1.51114 4.88997 5.35755 0.27491 -0.03479 -0.13486 0.95133
1403636696.413555384 1.49269 4.88734 5.39513 0.27732 -0.01283 -0.12695 0.95227
1403636697.013555527 1.46682 4.88788 5.42379 0.27186 -0.01113 -0.13522 0.95272
1403636697.213555574 1.45119 4.88394 5.40778 0.26349 -0.00434 -0.15652 0.95187
1403636697.413555384 1.45728 4.85631 5.35942 0.26696 -0.01484 -0.14320 0.95289
1403636697.513555527 1.46681 4.83543 5.32681 0.26929 -0.02270 -0.13460 0.95334
1403636697.713555574 1.49374 4.78730 5.25690 0.25001 -0.02351 -0.12709 0.95958
1403636697.813555479 1.50017 4.76309 5.22427 0.22943 -0.02393 -0.12130 0.96544
1403636697.913555384 1.50017 4.73447 5.19181 0.21096 -0.02340 -0.11379 0.97057
1403636698.013555527 1.49631 4.70613 5.16089 0.19676 -0.02386 -0.10629 0.97438
1403636698.213555574 1.47226 4.64069 5.10239 0.17918 -0.02274 -0.09689 0.97877
1403636698.413555384 1.43247 4.57351 5.05063 0.15116 -0.02214 -0.08891 0.98425
1403636698.513555527 1.40793 4.53839 5.02718 0.13142 -0.02331 -0.08332 0.98754
1403636698.613555431 1.37801 4.50299 5.00585 0.10905 -0.02302 -0.07519 0.99092
1403636698.713555574 1.34312 4.46908 4.98616 0.08519 -0.02321 -0.06430 0.99402
1403636698.813555479 1.30597 4.43111 4.96945 0.05853 -0.02335 -0.05318 0.99659
1403636698.913555384 1.26918 4.39630 4.95271 0.03159 -0.02247 -0.04034 0.99843
1403636699.013555527 1.23961 4.35932 4.93555 0.00558 -0.02201 -0.02741 0.99937
1403636699.213555574 1.20568 4.27906 4.90077 -0.04596 -0.01851 0.00334 0.99877
1403636699.313555479 1.19497 4.24142 4.88219 -0.07317 -0.01880 0.02108 0.99692
1403636699.413555384 1.18902 4.21120 4.86402 -0.09961 -0.01877 0.03671 0.99417
1403636699.513555527 1.18733 4.18628 4.84579 -0.12473 -0.01872 0.04894 0.99081
1403636699.613555431 1.18275 4.16677 4.82943 -0.14852 -0.01747 0.06161 0.98683
1403636699.813555479 1.15981 4.14432 4.80568 -0.19583 -0.01237 0.07134 0.97796
1403636699.913555384 1.14414 4.14083 4.79710 -0.21140 -0.00752 0.07004 0.97486
1403636700.113555431 1.10779 4.13969 4.77960 -0.22243 -0.00287 0.07460 0.97209
1403636700.413555384 1.02181 4.16039 4.75913 -0.23202 -0.00511 0.08447 0.96902
1403636700.513555527 0.98287 4.17571 4.75424 -0.24205 -0.00083 0.08452 0.96658
1403636700.613555431 0.94190 4.19460 4.74968 -0.25392 0.00444 0.08149 0.96377
1403636700.713555574 0.89799 4.21687 4.74401 -0.26861 0.00732 0.08024 0.95987
1403636700.913555384 0.82630 4.26001 4.71976 -0.28567 0.00294 0.08227 0.95478
1403636701.013555527 0.79981 4.28087 4.70329 -0.28843 -0.00380 0.08502 0.95371
1403636701.613555431 0.79214 4.42535 4.60762 -0.27743 -0.00523 0.07520 0.95778
1403636701.813555479 0.79917 4.48174 4.58639 -0.27987 -0.00099 0.07540 0.95707
1403636701.913555384 0.79393 4.51075 4.57772 -0.29071 -0.00160 0.08081 0.95339
1403636702.013555527 0.78496 4.54081 4.57036 -0.30586 -0.00074 0.08794 0.94801
1403636702.113555431 0.76868 4.57342 4.56673 -0.32479 0.00189 0.09664 0.94084
1403636702.213555574 0.74879 4.60576 4.56331 -0.34507 0.00386 0.10427 0.93276
1403636702.313555479 0.72550 4.63467 4.56084 -0.36066 0.00068 0.10996 0.92619
1403636702.413555384 0.69675 4.66705 4.55988 -0.37269 -0.00411 0.11114 0.92126
1403636702.513555527 0.66558 4.69826 4.56206 -0.38159 -0.00887 0.11154 0.91753
1403636702.613555431 0.63173 4.73131 4.56670 -0.38677 -0.01259 0.11191 0.91528
1403636702.813555479 0.55228 4.79957 4.58945 -0.39055 -0.02000 0.11185 0.91354
1403636703.213555574 0.43723 4.94721 4.67075 -0.38304 0.00215 0.12167 0.91568
1403636703.313555479 0.42674 4.98562 4.69017 -0.37943 0.01371 0.12921 0.91605
1403636703.513555527 0.42333 5.06781 4.70964 -0.38407 0.00781 0.11452 0.91614
1403636703.713555574 0.43941 5.14740 4.71577 -0.38522 -0.00315 0.10846 0.91642
1403636703.913555384 0.44660 5.22511 4.72918 -0.38097 0.00587 0.11182 0.91778
1403636704.313555479 0.41148 5.38055 4.76031 -0.37535 -0.00620 0.11267 0.91999
1403636704.513555527 0.40525 5.46484 4.77491 -0.37523 -0.01659 0.10952 0.92029
1403636704.713555574 0.41813 5.55379 4.79587 -0.37466 -0.02780 0.10986 0.92021
1403636704.913555384 0.41531 5.64981 4.84082 -0.37143 -0.03996 0.11372 0.92060
1403636705.113555431 0.40548 5.76241 4.91188 -0.37061 -0.04166 0.10968 0.92135
1403636705.213555574 0.40505 5.82549 4.95809 -0.37225 -0.02560 0.10083 0.92228
1403636705.313555479 0.41210 5.88747 5.00518 -0.37309 -0.01512 0.09489 0.92281
1403636705.513555527 0.44028 6.00735 5.10718 -0.37232 -0.01903 0.09834 0.92268
1403636705.713555574 0.45855 6.12524 5.22459 -0.37252 -0.02313 0.10054 0.92227
1403636705.813555479 0.46379 6.18699 5.29152 -0.37203 -0.01617 0.10146 0.92252
1403636705.913555384 0.47375 6.24863 5.35812 -0.37032 -0.00536 0.10429 0.92302
1403636706.013555527 0.49147 6.30869 5.42334 -0.36617 0.00554 0.11223 0.92374
1403636706.113555431 0.51174 6.37010 5.48385 -0.36127 0.01515 0.12131 0.92441
1403636706.313555479 0.54205 6.49577 5.59278 -0.36596 0.00672 0.10066 0.92515
1403636706.513555527 0.54683 6.61925 5.70578 -0.36874 -0.00775 0.08876 0.92525
1403636706.713555574 0.57369 6.73279 5.81443 -0.36973 -0.01519 0.08914 0.92473
1403636706.913555384 0.62174 6.84028 5.92659 -0.37119 -0.02207 0.09515 0.92340
1403636707.013555527 0.65444 6.89673 5.98238 -0.37339 -0.01920 0.09494 0.92260
1403636707.113555431 0.68542 6.95001 6.04257 -0.37637 -0.01435 0.09299 0.92168
1403636707.313555479 0.75602 7.05291 6.16663 -0.38260 -0.01635 0.09371 0.91900
1403636707.513555527 0.84930 7.15381 6.29256 -0.38497 -0.01828 0.09626 0.91771
1403636707.713555574 0.95756 7.24755 6.42689 -0.38035 -0.01600 0.11151 0.91796
1403636707.913555384 1.02858 7.35029 6.57614 -0.37643 -0.00998 0.11607 0.91909
1403636708.013555527 1.04774 7.40906 6.65816 -0.37520 -0.00785 0.11181 0.92014
1403636708.113555431 1.06362 7.46747 6.74182 -0.37447 -0.00637 0.10528 0.92122
1403636708.313555479 1.08367 7.58471 6.91140 -0.36870 0.00377 0.10861 0.92317
1403636708.413555384 1.09147 7.64524 6.99416 -0.36337 0.01294 0.12021 0.92376
1403636708.613555431 1.11692 7.77321 7.13624 -0.36315 0.01894 0.11893 0.92392
1403636708.713555574 1.13007 7.83623 7.20036 -0.36974 0.01415 0.10432 0.92315
1403636708.813555479 1.13917 7.90052 7.25968 -0.37644 0.01042 0.08963 0.92203
1403636709.013555527 1.15164 8.01913 7.37665 -0.38491 0.01288 0.08228 0.91919
1403636709.213555574 1.18374 8.10928 7.48157 -0.39175 0.01129 0.08189 0.91635
1403636709.413555384 1.22646 8.17381 7.58495 -0.39378 -0.00106 0.08522 0.91525
1403636709.713555574 1.26639 8.23957 7.75518 -0.39243 -0.00778 0.08625 0.91570
1403636709.913555384 1.28937 8.26616 7.88323 -0.38951 -0.00700 0.08540 0.91703
1403636710.113555431 1.33605 8.27624 8.01621 -0.38644 -0.00491 0.08357 0.91851
1403636710.313555479 1.36264 8.27461 8.16101 -0.37944 0.00084 0.08717 0.92110
1403636710.413555384 1.36943 8.27073 8.23807 -0.36925 0.00701 0.09879 0.92404
1403636710.513555527 1.37254 8.26289 8.31658 -0.35588 0.01036 0.10613 0.92843
1403636710.613555431 1.36918 8.25985 8.39151 -0.34275 0.01234 0.10700 0.93323
1403636710.713555574 1.36183 8.25613 8.46408 -0.32932 0.01259 0.10155 0.93866
1403636710.813555479 1.35245 8.25571 8.53421 -0.31545 0.01131 0.08846 0.94474
1403636710.913555384 1.34886 8.25373 8.59773 -0.30087 0.00602 0.07192 0.95093
1403636711.013555527 1.35010 8.25078 8.65720 -0.28904 0.00045 0.05535 0.95571
1403636711.113555431 1.35729 8.24714 8.71262 -0.27979 -0.00158 0.04499 0.95900
1403636711.213555574 1.36618 8.23943 8.76653 -0.27408 -0.00105 0.03837 0.96094
1403636711.313555479 1.37756 8.22728 8.81934 -0.26968 0.00110 0.03791 0.96220
1403636711.413555384 1.39404 8.20947 8.87067 -0.26695 0.00884 0.04069 0.96281
1403636711.513555527 1.41424 8.18944 8.91684 -0.26660 0.02324 0.04059 0.96267
1403636711.613555431 1.43333 8.16497 8.95755 -0.26986 0.03035 0.03538 0.96177
1403636711.913555384 1.48169 8.04857 9.04592 -0.27323 0.02137 0.04771 0.96053
1403636712.013555527 1.49771 8.00158 9.06523 -0.27016 0.01790 0.06181 0.96066
1403636712.213555574 1.54116 7.90623 9.08747 -0.26594 0.01810 0.06784 0.96143
1403636712.313555479 1.56771 7.85846 9.09119 -0.25998 0.01602 0.05249 0.96405
1403636712.413555384 1.59532 7.80685 9.09130 -0.25065 0.01476 0.03831 0.96721
1403636712.513555527 1.62791 7.75350 9.08691 -0.24048 0.01553 0.02866 0.97011
1403636712.613555431 1.66005 7.69707 9.07787 -0.22995 0.01902 0.02490 0.97270
1403636712.713555574 1.68714 7.63929 9.06517 -0.21993 0.02602 0.02512 0.97485
1403636712.813555479 1.70733 7.57768 9.05123 -0.21279 0.02674 0.02573 0.97639
1403636712.913555384 1.71851 7.51288 9.03580 -0.20930 0.02219 0.02664 0.97724
1403636713.113555431 1.72771 7.38021 8.99148 -0.20665 0.01775 0.02733 0.97787
1403636713.213555574 1.73733 7.31195 8.96046 -0.20462 0.01522 0.02999 0.97826
1403636713.413555384 1.77163 7.17196 8.88179 -0.20364 0.00942 0.03400 0.97841
1403636713.613555431 1.82196 7.03261 8.78769 -0.20212 0.00743 0.04523 0.97829
1403636713.813555479 1.85003 6.90234 8.69053 -0.20154 0.00446 0.05771 0.97777
1403636714.013555527 1.85771 6.78864 8.58949 -0.20723 0.00093 0.05391 0.97681
1403636714.213555574 1.84519 6.68758 8.48982 -0.21431 0.00151 0.04771 0.97560
1403636714.413555384 1.81883 6.59447 8.39186 -0.21597 -0.00076 0.05458 0.97487
1403636714.513555527 1.79585 6.55224 8.34346 -0.21264 -0.00974 0.05544 0.97551
1403636714.613555431 1.77100 6.51169 8.29681 -0.20273 -0.01743 0.05500 0.97753
1403636714.713555574 1.74912 6.47248 8.25458 -0.18833 -0.02255 0.04865 0.98064
1403636714.813555479 1.73557 6.43622 8.21176 -0.16932 -0.02573 0.03682 0.98454
1403636714.913555384 1.73606 6.40348 8.16427 -0.14728 -0.02796 0.02205 0.98845
1403636715.013555527 1.74017 6.37149 8.12448 -0.12507 -0.03065 0.01103 0.99161
1403636715.113555431 1.75234 6.34107 8.08538 -0.10775 -0.03360 0.00132 0.99361
1403636715.213555574 1.76825 6.31163 8.04979 -0.09536 -0.03490 -0.00407 0.99482
1403636715.313555479 1.77960 6.28531 8.02085 -0.08641 -0.03160 -0.00488 0.99575
1403636715.513555527 1.79092 6.23560 7.97624 -0.07530 -0.01812 0.00598 0.99698
1403636715.713555574 1.77894 6.20282 7.94268 -0.07394 -0.00383 0.01103 0.99719
1403636715.813555479 1.77233 6.19184 7.92463 -0.07904 0.00563 0.00175 0.99685
1403636716.013555527 1.76318 6.17354 7.87461 -0.08566 0.01795 -0.00594 0.99614
1403636716.213555574 1.76337 6.15127 7.79887 -0.08930 0.00535 0.00237 0.99599
1403636716.413555384 1.75673 6.13273 7.71196 -0.09519 -0.00536 0.00704 0.99542
1403636716.713555574 1.70275 6.10642 7.59485 -0.09040 -0.00523 -0.00038 0.99589
1403636716.813555479 1.67665 6.09774 7.55680 -0.07810 -0.00522 -0.00398 0.99692
1403636716.913555384 1.65121 6.08585 7.51874 -0.06081 -0.00645 -0.00864 0.99809
1403636717.013555527 1.63144 6.07366 7.47649 -0.03935 -0.00837 -0.01688 0.99905
1403636717.113555431 1.61805 6.06040 7.43178 -0.01759 -0.01029 -0.02547 0.99947
1403636717.313555479 1.59861 6.03852 7.33959 0.00761 -0.01241 -0.04606 0.99883
1403636717.513555527 1.58049 6.01196 7.24622 0.01425 -0.01174 -0.06601 0.99765
1403636717.713555574 1.54126 5.97392 7.15688 0.01959 -0.01037 -0.05762 0.99809
1403636717.913555384 1.48795 5.91650 7.07111 0.02834 -0.01261 -0.06911 0.99713
1403636718.013555527 1.46979 5.87735 7.02684 0.04089 -0.01275 -0.07555 0.99622
1403636718.113555431 1.45399 5.83321 6.98039 0.05981 -0.01340 -0.07706 0.99514
1403636718.213555574 1.44110 5.78758 6.92762 0.08049 -0.01523 -0.07561 0.99377
1403636718.313555479 1.41855 5.74154 6.88069 0.09709 -0.01731 -0.07420 0.99235
1403636718.413555384 1.39121 5.69185 6.83525 0.11305 -0.01955 -0.07483 0.99057
1403636718.513555527 1.35718 5.64104 6.79321 0.13052 -0.02061 -0.07465 0.98842
1403636718.613555431 1.32142 5.59161 6.75299 0.14591 -0.02266 -0.07231 0.98639
1403636718.713555574 1.28234 5.54560 6.71741 0.15945 -0.02604 -0.06648 0.98462
1403636718.813555479 1.24027 5.50232 6.68458 0.16654 -0.02617 -0.07060 0.98316
1403636718.913555384 1.20118 5.46358 6.65148 0.16830 -0.02400 -0.08247 0.98199
1403636719.113555431 1.14599 5.38810 6.58473 0.16953 -0.01598 -0.09429 0.98087
1403636719.313555479 1.10892 5.31453 6.51269 0.17096 -0.00378 -0.08899 0.98124
1403636719.513555527 1.05200 5.24923 6.43722 0.16997 0.00067 -0.08288 0.98196
1403636719.613555431 1.01815 5.21932 6.39620 0.16842 -0.00504 -0.08048 0.98241
1403636719.713555574 0.98791 5.19233 6.35240 0.16531 -0.01188 -0.08039 0.98289
1403636719.913555384 0.95279 5.14104 6.25693 0.15943 -0.01783 -0.07745 0.98400
1403636720.113555431 0.91696 5.09449 6.16858 0.15550 -0.02048 -0.07695 0.98462
1403636720.313555479 0.86717 5.05601 6.08999 0.15569 -0.02180 -0.07523 0.98470
1403636720.513555527 0.80749 5.02568 6.01826 0.15826 -0.02294 -0.07464 0.98431
1403636720.713555574 0.77149 4.99974 5.94880 0.16035 -0.02230 -0.07496 0.98396
1403636720.913555384 0.75768 4.98269 5.88256 0.14515 -0.02257 -0.07124 0.98658
1403636721.013555527 0.74477 4.97859 5.85314 0.13347 -0.01969 -0.06546 0.98869
1403636721.113555431 0.72886 4.97784 5.82594 0.12050 -0.01639 -0.05860 0.99085
1403636721.213555574 0.70968 4.97818 5.80213 0.10420 -0.01204 -0.05258 0.99309
1403636721.313555479 0.69451 4.98060 5.77626 0.09078 -0.00853 -0.04702 0.99472
1403636721.413555384 0.68615 4.98524 5.74860 0.07949 -0.00677 -0.04462 0.99581
1403636721.613555431 0.67672 4.99776 5.68740 0.05802 -0.00841 -0.04190 0.99740
1403636721.713555574 0.66749 5.00380 5.65697 0.04905 -0.00847 -0.04144 0.99790
1403636721.913555384 0.63168 5.01867 5.60196 0.04177 -0.00746 -0.04129 0.99825
1403636722.213555574 0.58681 5.03195 5.51069 0.04216 -0.00810 -0.04925 0.99786
1403636722.613555431 0.54190 5.03416 5.37652 0.03540 -0.00865 -0.04378 0.99838
1403636722.813555479 0.50331 5.03119 5.31345 0.02925 -0.00950 -0.04577 0.99848
1403636723.213555574 0.48417 5.00661 5.17092 0.03039 -0.00888 -0.03833 0.99876
1403636723.513555527 0.45517 4.98609 5.07089 0.01164 -0.00184 -0.04251 0.99903
1403636723.613555431 0.44629 4.97717 5.03568 0.00337 0.01127 -0.03439 0.99934
1403636723.813555479 0.43663 4.95498 4.95131 -0.01114 0.00012 -0.02557 0.99961
1403636724.013555527 0.41586 4.93296 4.86474 -0.02092 -0.01524 -0.01847 0.99949
1403636724.113555431 0.39738 4.92319 4.82603 -0.03125 -0.02205 -0.01486 0.99916
1403636724.213555574 0.37500 4.91471 4.79243 -0.04561 -0.02270 -0.00998 0.99865
1403636724.313555479 0.35090 4.90744 4.76395 -0.06360 -0.02051 -0.00529 0.99775
1403636724.413555384 0.33033 4.90025 4.73486 -0.08230 -0.01471 -0.00014 0.99650
1403636724.513555527 0.31657 4.89225 4.70762 -0.09727 -0.00914 0.00325 0.99521
1403636724.613555431 0.31102 4.87996 4.67806 -0.10776 -0.00583 0.00576 0.99414
1403636724.813555479 0.32101 4.85381 4.61309 -0.11706 -0.00620 0.00941 0.99306
1403636725.113555431 0.38519 4.80455 4.50704 -0.11041 -0.00790 0.02127 0.99363
1403636725.513555527 0.48608 4.75440 4.37470 -0.10996 -0.01023 0.01453 0.99378
1403636726.313555479 0.46640 4.69892 4.23962 -0.10645 -0.00594 0.01051 0.99424
1403636726.613555431 0.46344 4.67900 4.19874 -0.09602 0.00092 0.02590 0.99504
1403636726.913555384 0.51170 4.67786 4.12699 -0.09433 0.00392 0.01284 0.99545
1403636727.313555479 0.60745 4.68408 3.99811 -0.09304 -0.00081 -0.00903 0.99562
1403636727.813555479 0.68837 4.64232 3.83727 -0.09152 -0.00064 -0.00627 0.99578
1403636728.213555574 0.77750 4.55886 3.69226 -0.09283 0.00100 -0.00645 0.99566
1403636728.513555527 0.77499 4.47599 3.59835 -0.08657 0.00221 0.01363 0.99615
1403636728.713555574 0.75419 4.42536 3.53843 -0.07772 0.00123 0.00741 0.99695
1403636728.813555479 0.74901 4.39791 3.50509 -0.06740 -0.00038 -0.00620 0.99771
1403636728.913555384 0.74877 4.36943 3.46819 -0.05543 0.00042 -0.01631 0.99833
1403636729.013555527 0.74845 4.34036 3.43206 -0.04498 0.00228 -0.02169 0.99875
1403636729.313555479 0.71157 4.25679 3.32321 -0.02735 0.00110 -0.02700 0.99926
1403636729.613555431 0.66478 4.16978 3.20036 -0.02340 0.00097 -0.02656 0.99937
1403636729.913555384 0.64753 4.07055 3.05766 -0.02411 -0.00759 -0.02295 0.99942
1403636730.113555431 0.61886 4.00796 2.96679 -0.02376 -0.01231 -0.02272 0.99938
1403636730.413555384 0.55530 3.91804 2.84851 -0.02169 -0.01455 -0.02155 0.99943
1403636730.513555527 0.53539 3.88778 2.81170 -0.02158 -0.02210 -0.02219 0.99928
1403636730.613555431 0.52080 3.85670 2.77792 -0.02088 -0.02904 -0.02065 0.99915
1403636730.913555384 0.53063 3.76462 2.68973 -0.01893 -0.03404 -0.01474 0.99913
1403636731.113555431 0.54919 3.71169 2.65162 -0.01283 -0.01887 0.00614 0.99972
1403636731.313555479 0.55196 3.67855 2.62738 -0.01730 -0.00437 -0.00267 0.99984
1403636732.013555527 0.45097 3.65473 2.56678 -0.02011 -0.00455 -0.01317 0.99970
1403636732.513555527 0.33224 3.67708 2.51925 -0.02603 0.00689 -0.03933 0.99886
1403636732.713555574 0.32179 3.66849 2.46900 -0.02649 0.01727 -0.04665 0.99841
1403636732.913555384 0.31617 3.63758 2.40245 -0.02078 0.01795 -0.03406 0.99904
1403636733.113555431 0.29349 3.59846 2.32356 -0.01924 0.00606 -0.03223 0.99928
1403636733.413555384 0.28649 3.51976 2.17806 -0.01657 -0.00138 -0.03113 0.99938
1403636733.613555431 0.30048 3.45897 2.07012 -0.01505 -0.00825 -0.02818 0.99946
1403636733.913555384 0.28872 3.36594 1.92348 -0.01445 -0.01290 -0.02857 0.99940
1403636734.113555431 0.26183 3.30371 1.83626 -0.01617 -0.00280 -0.03159 0.99937
1403636734.413555384 0.24469 3.20039 1.69703 -0.01174 -0.00499 -0.02408 0.99963
1403636734.613555431 0.24703 3.13206 1.60486 -0.00943 -0.01289 -0.02291 0.99961
1403636734.913555384 0.21626 3.03202 1.48692 -0.00678 -0.01704 -0.02584 0.99950
1403636735.213555574 0.16025 2.94177 1.39420 -0.00550 -0.01708 -0.02236 0.99959
1403636735.613555431 0.17889 2.83133 1.27903 -0.01419 -0.01384 -0.01661 0.99967
1403636736.113555431 0.23215 2.71762 1.17754 -0.01184 -0.00933 -0.01992 0.99969
1403636736.213555574 0.24741 2.69484 1.15902 0.00036 -0.00582 -0.02405 0.99969
1403636736.313555479 0.26635 2.67208 1.13982 0.01141 -0.00482 -0.02888 0.99951
1403636736.613555431 0.29636 2.60218 1.09429 0.02430 -0.00268 -0.05250 0.99832
1403636736.913555384 0.27832 2.52309 1.05242 0.02958 -0.00158 -0.05738 0.99791
1403636737.113555431 0.25392 2.45783 1.02113 0.03894 -0.00159 -0.04552 0.99820
1403636737.313555479 0.21811 2.38811 0.99100 0.04521 -0.00572 -0.04290 0.99804
1403636737.513555527 0.19352 2.32034 0.95583 0.04908 -0.01456 -0.04442 0.99770
1403636737.713555574 0.19317 2.25732 0.91435 0.05434 -0.01995 -0.03423 0.99774
1403636738.113555431 0.27318 2.15975 0.83944 0.05240 -0.01961 -0.02999 0.99798
1403636738.413555384 0.33583 2.11903 0.80450 0.04635 -0.01718 -0.03180 0.99827
1403636738.613555431 0.35334 2.10395 0.79818 0.03046 -0.02151 -0.02477 0.99900
1403636738.713555574 0.35512 2.10174 0.80003 0.01462 -0.02054 -0.01690 0.99954
1403636738.813555479 0.35314 2.10197 0.80565 -0.00495 -0.01429 -0.00633 0.99987
1403636739.013555527 0.33573 2.11610 0.82308 -0.05001 -0.00401 0.02225 0.99849
1403636739.213555574 0.30215 2.15027 0.84331 -0.10751 -0.00126 0.03691 0.99352
1403636739.313555479 0.27902 2.17530 0.85239 -0.13898 -0.00069 0.03729 0.98959
1403636739.513555527 0.23723 2.23185 0.86495 -0.19492 -0.00048 0.04313 0.97987
1403636739.713555574 0.22732 2.27846 0.86945 -0.22608 0.00223 0.05880 0.97233
1403636739.913555384 0.21176 2.31693 0.87680 -0.23558 0.00349 0.06812 0.96946
1403636740.213555574 0.15847 2.38021 0.89312 -0.23851 0.00081 0.05328 0.96968
1403636740.613555431 0.04698 2.45160 0.92513 -0.22633 0.00807 0.05736 0.97233
1403636740.813555479 0.00312 2.48463 0.93080 -0.22167 0.00221 0.06008 0.97327
1403636741.113555431 -0.08469 2.53304 0.94181 -0.23055 0.00644 0.03586 0.97238
1403636741.313555479 -0.17328 2.55586 0.95461 -0.23943 0.01275 0.05457 0.96930
1403636741.413555384 -0.22313 2.56172 0.95982 -0.24205 0.00658 0.06517 0.96805
1403636741.613555431 -0.30384 2.57451 0.96470 -0.24634 -0.01152 0.07489 0.96622
1403636742.013555527 -0.40249 2.62023 0.97737 -0.24906 -0.00747 0.05167 0.96708
1403636742.113555431 -0.43291 2.63147 0.98509 -0.24549 -0.01517 0.05183 0.96789
1403636742.313555479 -0.47037 2.65082 1.00632 -0.23560 -0.01630 0.06144 0.96977
1403636742.513555527 -0.47764 2.66844 1.03024 -0.23113 -0.00300 0.06010 0.97106
1403636742.813555479 -0.48485 2.69917 1.06614 -0.22736 0.00841 0.05614 0.97216
1403636743.113555431 -0.55848 2.73360 1.11174 -0.23300 -0.00490 0.06652 0.97019
1403636743.213555574 -0.58891 2.74743 1.12608 -0.23712 -0.02382 0.07411 0.96836
1403636743.313555479 -0.60975 2.76181 1.14477 -0.24096 -0.03583 0.07825 0.96671
1403636743.613555431 -0.63047 2.83519 1.22683 -0.24698 -0.02043 0.07547 0.96586
1403636743.813555479 -0.65434 2.89878 1.30480 -0.25484 -0.00460 0.06727 0.96463
1403636743.913555384 -0.67563 2.93058 1.34704 -0.26076 0.00261 0.06903 0.96293
1403636744.113555431 -0.73168 2.99483 1.43761 -0.27356 0.00893 0.06862 0.95936
1403636744.213555574 -0.76750 3.02563 1.48374 -0.28042 0.01213 0.07248 0.95706
1403636744.413555384 -0.85406 3.08341 1.57756 -0.28512 0.01813 0.08503 0.95454
1403636744.713555574 -1.02234 3.17043 1.70782 -0.28061 0.02876 0.09489 0.95469
1403636744.913555384 -1.14018 3.23208 1.77379 -0.28565 0.01862 0.08036 0.95478
1403636745.013555527 -1.19109 3.25859 1.79883 -0.28406 0.01097 0.08019 0.95538
1403636745.113555431 -1.23612 3.28488 1.82106 -0.28078 0.00247 0.08067 0.95637
1403636745.313555479 -1.30319 3.33521 1.86459 -0.27285 -0.00047 0.07763 0.95892
1403636745.513555527 -1.33807 3.38777 1.90273 -0.27013 0.01451 0.06809 0.96030
1403636745.713555574 -1.34910 3.43375 1.92866 -0.27741 0.01856 0.06845 0.95813
1403636745.913555384 -1.33693 3.46596 1.93833 -0.29212 0.01554 0.06580 0.95399
1403636746.013555527 -1.32232 3.47783 1.93862 -0.30032 0.01301 0.06249 0.95170
1403636746.213555574 -1.27534 3.48209 1.93765 -0.31167 0.01166 0.05836 0.94833
1403636746.313555479 -1.24379 3.47557 1.93628 -0.31454 0.02425 0.05561 0.94730
1403636746.413555384 -1.21964 3.46116 1.93754 -0.31535 0.03351 0.05529 0.94677
1403636746.613555431 -1.20202 3.41776 1.94300 -0.30647 0.00952 0.07440 0.94892
1403636746.713555574 -1.20395 3.39230 1.94814 -0.29788 -0.00923 0.08986 0.95032
1403636746.813555479 -1.20465 3.36858 1.95686 -0.29026 -0.01499 0.10203 0.95138
1403636747.013555527 -1.19864 3.33828 1.98333 -0.28403 -0.00894 0.10486 0.95302
1403636747.213555574 -1.16018 3.32458 2.00672 -0.29155 0.00131 0.08051 0.95316
1403636747.413555384 -1.09661 3.31224 2.02575 -0.29712 0.00455 0.07206 0.95211
1403636747.913555384 -0.93828 3.25785 2.10178 -0.30492 0.00420 0.08793 0.94830
1403636748.013555527 -0.89040 3.24481 2.11821 -0.30206 0.01267 0.10304 0.94762
1403636748.413555384 -0.77123 3.22620 2.17724 -0.31249 0.00343 0.08704 0.94592
1403636748.713555574 -0.68246 3.22271 2.21931 -0.31097 0.01080 0.09195 0.94590
1403636748.913555384 -0.62365 3.22127 2.24167 -0.30990 0.01675 0.10502 0.94480
1403636749.213555574 -0.56668 3.24059 2.26607 -0.31428 0.02280 0.11556 0.94200
1403636749.413555384 -0.52071 3.26584 2.26168 -0.32511 0.01671 0.09541 0.94070
1403636749.613555431 -0.46073 3.28929 2.24340 -0.33099 0.01046 0.07787 0.94036
1403636749.813555479 -0.41556 3.30404 2.23282 -0.32799 0.01865 0.07590 0.94144
1403636749.913555384 -0.40084 3.30779 2.22860 -0.32518 0.02695 0.07557 0.94224
1403636750.213555574 -0.38478 3.29580 2.21324 -0.31527 0.02723 0.07654 0.94552
1403636750.413555384 -0.35626 3.27038 2.18420 -0.30876 0.01713 0.07902 0.94770
1403636750.613555431 -0.29872 3.23596 2.14054 -0.30214 0.01400 0.07632 0.95010
1403636750.913555384 -0.16837 3.17326 2.05578 -0.29771 0.00663 0.07148 0.95195
1403636751.313555479 0.00234 3.07116 1.95791 -0.29894 -0.01020 0.07838 0.95099
1403636751.513555527 0.07720 3.02752 1.92599 -0.29509 0.00314 0.09381 0.95085
1403636751.613555431 0.11613 3.00779 1.91109 -0.28904 0.00939 0.09706 0.95234
1403636751.813555479 0.17693 2.97928 1.88204 -0.27673 -0.00156 0.10228 0.95549
1403636752.013555527 0.23582 2.96775 1.85399 -0.27637 -0.01662 0.08667 0.95699
1403636752.213555574 0.29639 2.97290 1.83629 -0.27377 -0.00586 0.07561 0.95880
1403636752.313555479 0.32744 2.97585 1.83146 -0.26501 0.00392 0.07001 0.96169
1403636752.513555527 0.40080 2.97691 1.81657 -0.23388 0.01048 0.05635 0.97057
1403636752.713555574 0.47144 2.97670 1.79862 -0.19349 0.00289 0.04128 0.98023
1403636752.913555384 0.51840 2.98024 1.78677 -0.15095 -0.00200 0.01996 0.98834
1403636753.013555527 0.53217 2.97968 1.78557 -0.12951 -0.00459 0.00573 0.99155
1403636753.213555574 0.54276 2.96728 1.78717 -0.08229 -0.00850 -0.01855 0.99640
1403636753.413555384 0.52766 2.94956 1.79215 -0.03757 -0.00703 -0.04028 0.99846
1403636753.513555527 0.52397 2.93315 1.79478 -0.02080 -0.00585 -0.03801 0.99904
1403636753.813555479 0.53378 2.87134 1.79124 -0.00463 -0.00141 -0.03398 0.99941
1403636754.213555574 0.52370 2.77375 1.77833 -0.01423 0.01225 -0.03305 0.99928
1403636754.513555527 0.55147 2.67841 1.72478 -0.01378 0.01174 -0.03728 0.99914
1403636754.613555431 0.55465 2.64078 1.70109 -0.00522 0.00775 -0.04288 0.99904
1403636754.713555574 0.55090 2.59954 1.67636 0.00889 0.00604 -0.04683 0.99884
1403636754.913555384 0.53103 2.51300 1.62358 0.03842 0.00579 -0.05602 0.99767
1403636755.113555431 0.49339 2.42386 1.56304 0.05540 0.00473 -0.06134 0.99657
1403636755.313555479 0.46897 2.32625 1.49058 0.06212 -0.00390 -0.06101 0.99619
1403636755.413555384 0.46579 2.27368 1.45040 0.06220 -0.01543 -0.06153 0.99605
1403636755.713555574 0.45491 2.11259 1.34053 0.05851 -0.01563 -0.06141 0.99627
1403636755.913555384 0.42895 1.99821 1.28348 0.05818 -0.00656 -0.05708 0.99665
1403636756.113555431 0.40550 1.88079 1.22525 0.05841 -0.00244 -0.05542 0.99675
1403636756.313555479 0.39934 1.76149 1.15669 0.05948 0.00043 -0.05501 0.99671
1403636756.513555527 0.38188 1.64473 1.08616 0.06129 0.00179 -0.05616 0.99654
1403636756.713555574 0.34589 1.52728 1.01638 0.06350 0.00414 -0.05609 0.99640
1403636756.913555384 0.32419 1.40989 0.93674 0.06583 0.00524 -0.05576 0.99626
1403636757.113555431 0.31253 1.29347 0.84341 0.06818 0.00494 -0.05398 0.99620
1403636757.313555479 0.28341 1.17787 0.74954 0.06764 0.00341 -0.05709 0.99607
1403636757.513555527 0.23261 1.06721 0.65684 0.06822 -0.00377 -0.06309 0.99567
1403636757.613555431 0.21290 1.00587 0.61075 0.07347 -0.01402 -0.06695 0.99495
1403636757.713555574 0.19845 0.94163 0.56156 0.07981 -0.02668 -0.06969 0.99401
1403636757.913555384 0.19753 0.80721 0.47124 0.09199 -0.03851 -0.07066 0.99250
1403636758.013555527 0.20794 0.73985 0.43114 0.09712 -0.02766 -0.06890 0.99250
1403636758.213555574 0.21705 0.60766 0.36172 0.10426 -0.00301 -0.06472 0.99244
1403636758.313555479 0.21525 0.53828 0.32539 0.10578 0.00096 -0.06182 0.99247
1403636758.513555527 0.18821 0.40841 0.26298 0.10842 -0.02808 -0.04979 0.99246
1403636758.613555431 0.16599 0.34592 0.24284 0.11103 -0.04788 -0.03801 0.99193
1403636758.713555574 0.15588 0.29233 0.22442 0.11027 -0.04355 -0.03691 0.99226
1403636758.813555479 0.14491 0.23943 0.21634 0.10808 -0.02595 -0.04023 0.99299
1403636759.013555527 0.11868 0.14991 0.20978 0.10336 -0.00390 -0.05292 0.99323
1403636759.113555431 0.10169 0.10966 0.20893 0.10689 -0.00076 -0.04348 0.99332
1403636759.313555479 0.05874 0.04910 0.20737 0.11894 -0.00165 -0.01174 0.99283
1403636759.413555384 0.03349 0.03334 0.20948 0.11423 0.00041 -0.02652 0.99310
1403636759.613555431 -0.02568 0.02120 0.21466 0.10654 0.00520 -0.05373 0.99284
1403636759.913555384 -0.06885 0.01535 0.19035 0.10573 0.00061 -0.06079 0.99253
1403636760.013555527 -0.08130 0.01435 0.17813 0.10499 -0.00950 -0.06119 0.99254
1403636760.113555431 -0.09504 0.01361 0.16799 0.10428 -0.01829 -0.06066 0.99253
1403636760.313555479 -0.12189 0.01168 0.15598 0.10547 -0.00309 -0.05710 0.99278
1403636760.513555527 -0.15657 0.01347 0.14780 0.10350 0.00504 -0.06339 0.99260
1403636760.713555574 -0.19681 0.01509 0.13539 0.10119 -0.01225 -0.07085 0.99227
1403636760.913555384 -0.22858 0.00936 0.12236 0.10073 -0.00190 -0.07682 0.99194
1403636761.013555527 -0.24554 0.00299 0.11565 0.10144 -0.00590 -0.07561 0.99195
1403636761.113555431 -0.26381 -0.00628 0.10970 0.10262 -0.01730 -0.07190 0.99197
1403636761.213555574 -0.28163 -0.01695 0.10525 0.10239 -0.03175 -0.07264 0.99158
1403636761.313555479 -0.29408 -0.02973 0.10403 0.10227 -0.03758 -0.07249 0.99140
1403636761.413555384 -0.30021 -0.04575 0.10841 0.10313 -0.02738 -0.07142 0.99172
1403636761.613555431 -0.29911 -0.08085 0.11971 0.10364 -0.00033 -0.06840 0.99226
1403636761.713555574 -0.29623 -0.09878 0.12401 0.10666 0.00296 -0.05725 0.99264
1403636761.813555479 -0.29200 -0.11463 0.12677 0.10984 0.00277 -0.04623 0.99287
1403636762.013555527 -0.27906 -0.13323 0.12809 0.10478 0.00301 -0.05682 0.99287
1403636762.113555431 -0.27024 -0.13900 0.12612 0.09636 0.00584 -0.07758 0.99230
1403636762.313555479 -0.25965 -0.15884 0.11965 0.09078 -0.01562 -0.08610 0.99202
1403636762.513555527 -0.27395 -0.19457 0.12829 0.10029 -0.02534 -0.05641 0.99304
1403636762.613555431 -0.28982 -0.21325 0.14239 0.10994 -0.01503 -0.02966 0.99338
1403636762.713555574 -0.31181 -0.22582 0.16139 0.11187 -0.00375 -0.02571 0.99338
1403636762.913555384 -0.34049 -0.22288 0.17991 0.10820 0.04523 -0.03859 0.99235
1403636763.213555574 -0.36002 -0.18932 0.16098 0.06667 0.02572 -0.01513 0.99733
