1403636860.701666594 -0.00076 -0.09528 0.10970 0.85763 0.02397 0.51248 -0.03546
1403636860.901666403 -0.00670 -0.09716 0.12153 0.85878 0.03445 0.51052 -0.02596
1403636861.001666546 -0.00533 -0.09766 0.16527 0.85704 0.03846 0.51320 -0.02523
1403636861.101666451 -0.00117 -0.09817 0.22345 0.84977 0.03837 0.52516 -0.02511
1403636861.201666594 0.00538 -0.09944 0.28751 0.83762 0.04029 0.54408 -0.02731
1403636861.301666498 0.01070 -0.10080 0.34972 0.82413 0.04044 0.56420 -0.02930
1403636861.401666403 0.00957 -0.10022 0.41107 0.81309 0.03648 0.58024 -0.02961
1403636861.501666546 0.02389 -0.10754 0.42317 0.80588 0.03374 0.59044 -0.02833
1403636861.701666594 0.01776 -0.10947 0.37381 0.81229 0.03313 0.58168 -0.02709
1403636861.801666498 0.01406 -0.11005 0.32350 0.81878 0.03571 0.57239 -0.02641
1403636861.901666403 0.01064 -0.10971 0.26655 0.82670 0.03810 0.56050 -0.03097
1403636862.001666546 0.00870 -0.10400 0.20382 0.83839 0.03836 0.54250 -0.03633
1403636862.101666451 0.00043 -0.10227 0.15178 0.84709 0.03678 0.52859 -0.04100
1403636862.201666594 -0.00807 -0.10729 0.11757 0.85126 0.03812 0.52145 -0.04464
1403636862.301666498 -0.00691 -0.09910 0.10098 0.85470 0.04381 0.51575 -0.03968
1403636862.401666403 -0.00624 -0.10090 0.11938 0.85769 0.04646 0.51068 -0.03766
1403636862.501666546 -0.00493 -0.10207 0.16595 0.85569 0.04704 0.51404 -0.03671
1403636862.601666451 0.00090 -0.10496 0.22668 0.84995 0.04498 0.52432 -0.02536
1403636862.701666594 0.00751 -0.10592 0.29275 0.84229 0.04240 0.53709 -0.01701
1403636862.801666498 0.01248 -0.10546 0.36004 0.83711 0.03625 0.54547 -0.01995
1403636862.901666403 0.01448 -0.10516 0.42324 0.83378 0.02787 0.55090 -0.02347
1403636863.001666546 0.01346 -0.10504 0.46598 0.82800 0.02471 0.55943 -0.02893
1403636863.101666451 0.01277 -0.11051 0.47061 0.82194 0.03000 0.56825 -0.02453
1403636863.301666498 0.01219 -0.10912 0.39641 0.82011 0.04079 0.57057 -0.01411
1403636863.401666403 0.00895 -0.10711 0.33240 0.82236 0.04085 0.56742 -0.00887
1403636863.501666546 0.00810 -0.10727 0.26294 0.82711 0.03727 0.56070 -0.01096
1403636863.601666451 0.00299 -0.10696 0.19519 0.83501 0.03577 0.54851 -0.02481
1403636863.701666594 -0.00304 -0.10588 0.13719 0.84339 0.03293 0.53521 -0.03391
1403636863.801666498 -0.00665 -0.10638 0.09943 0.85106 0.02929 0.52293 -0.03711
1403636863.901666403 -0.00901 -0.10812 0.09464 0.85641 0.02978 0.51414 -0.03641
1403636864.001666546 -0.00988 -0.10952 0.12676 0.85734 0.03316 0.51217 -0.03947
1403636864.101666451 -0.00951 -0.11080 0.18654 0.85410 0.03721 0.51747 -0.03668
1403636864.201666594 -0.00638 -0.11199 0.25949 0.84967 0.03902 0.52511 -0.02833
1403636864.301666498 -0.00259 -0.11056 0.32990 0.84698 0.03732 0.52972 -0.02508
1403636864.401666403 -0.00027 -0.10850 0.39183 0.84261 0.03623 0.53651 -0.02917
1403636864.501666546 0.00294 -0.10702 0.44318 0.83254 0.03076 0.55205 -0.03431
1403636864.601666451 0.00583 -0.10507 0.47259 0.82102 0.02555 0.56893 -0.03996
1403636864.701666594 0.00608 -0.10784 0.46863 0.81545 0.03117 0.57666 -0.03913
1403636864.801666498 0.00730 -0.10677 0.43514 0.81816 0.03654 0.57285 -0.03364
1403636864.901666403 0.00694 -0.10508 0.38098 0.82347 0.03729 0.56524 -0.03176
1403636865.001666546 0.00752 -0.10466 0.32003 0.82984 0.03637 0.55629 -0.02414
1403636865.101666451 0.00773 -0.10440 0.25887 0.83678 0.03472 0.54602 -0.02122
1403636865.201666594 0.00815 -0.10230 0.20408 0.84204 0.02618 0.53757 -0.03610
1403636865.301666498 0.00723 -0.10068 0.16214 0.84413 0.02078 0.53339 -0.04999
1403636865.401666403 0.00681 -0.09994 0.13610 0.84515 0.02132 0.53172 -0.05040
1403636865.501666546 0.00722 -0.09912 0.13089 0.84977 0.02803 0.52459 -0.04368
1403636865.601666451 0.00795 -0.09725 0.15394 0.85533 0.03532 0.51514 -0.04231
1403636865.701666594 0.00783 -0.09351 0.20152 0.85506 0.03741 0.51518 -0.04545
1403636865.801666498 0.00944 -0.09015 0.26370 0.84869 0.03492 0.52573 -0.04607
1403636865.901666403 0.01262 -0.08828 0.33231 0.83903 0.03001 0.54132 -0.04578
1403636866.001666546 0.01406 -0.08729 0.40139 0.82447 0.02688 0.56304 -0.05004
1403636866.101666451 0.01365 -0.08749 0.46353 0.80851 0.02461 0.58571 -0.05143
1403636866.201666594 0.01197 -0.08859 0.50690 0.79855 0.02710 0.59913 -0.05122
1403636866.401666403 0.00965 -0.09044 0.50153 0.80394 0.03205 0.59248 -0.04017
1403636866.501666546 0.01067 -0.08978 0.45852 0.81053 0.03405 0.58353 -0.03706
1403636866.601666451 0.01191 -0.09189 0.40267 0.81670 0.03442 0.57505 -0.03368
1403636866.801666498 0.00789 -0.10064 0.30872 0.82952 0.03635 0.55660 -0.02785
1403636866.901666403 0.00249 -0.10200 0.27370 0.83535 0.03985 0.54673 -0.04109
1403636867.001666546 -0.00466 -0.10242 0.24652 0.84368 0.04017 0.53295 -0.05056
1403636867.101666451 -0.01093 -0.10279 0.23028 0.84985 0.04031 0.52299 -0.05123
1403636867.301666498 -0.03059 -0.10191 0.22253 0.85531 0.04976 0.51123 -0.06787
1403636867.501666546 -0.04487 -0.10262 0.23315 0.86548 0.04831 0.49520 -0.05812
1403636867.601666451 -0.05400 -0.10341 0.23449 0.88074 0.04967 0.46839 -0.04932
1403636867.701666594 -0.06542 -0.10423 0.23074 0.90602 0.04730 0.41817 -0.04487
1403636867.801666498 -0.07486 -0.10609 0.22547 0.93008 0.04612 0.36210 -0.04137
1403636867.901666403 -0.07989 -0.10791 0.22362 0.94284 0.04173 0.32828 -0.03936
1403636868.101666451 -0.08037 -0.10612 0.23274 0.93814 0.03758 0.34159 -0.04239
1403636868.201666594 -0.08342 -0.10531 0.23577 0.93430 0.03875 0.35131 -0.04645
1403636868.401666403 -0.09674 -0.09885 0.23656 0.93546 0.03448 0.34802 -0.05101
1403636868.601666451 -0.11161 -0.08690 0.24342 0.92972 0.02711 0.36442 -0.04570
1403636868.801666498 -0.12710 -0.07924 0.24867 0.93257 0.02993 0.35704 -0.04404
1403636869.101666451 -0.13422 -0.06748 0.25171 0.92899 0.03846 0.36481 -0.04914
1403636869.401666403 -0.13261 -0.06198 0.24796 0.92846 0.04334 0.36506 -0.05301
1403636869.701666594 -0.12320 -0.08964 0.24540 0.93016 0.04141 0.36129 -0.05058
1403636869.801666498 -0.11464 -0.11644 0.24458 0.93123 0.03809 0.35922 -0.04826
1403636869.901666403 -0.10118 -0.15125 0.24480 0.92974 0.03108 0.36408 -0.04530
1403636870.001666546 -0.08527 -0.19219 0.24471 0.92800 0.02322 0.36940 -0.04273
1403636870.101666451 -0.06802 -0.23782 0.24379 0.92915 0.01437 0.36736 -0.03897
1403636870.201666594 -0.04976 -0.28694 0.24338 0.93154 0.00988 0.36202 -0.03267
1403636870.301666498 -0.03180 -0.33617 0.24402 0.93123 0.00569 0.36312 -0.03026
1403636870.401666403 -0.01369 -0.38455 0.24317 0.92846 0.00130 0.37050 -0.02629
1403636870.501666546 0.00148 -0.42801 0.23912 0.92801 -0.00367 0.37172 -0.02458
1403636870.601666451 0.01249 -0.46362 0.23295 0.93089 -0.01006 0.36449 -0.02230
1403636870.701666594 0.02164 -0.49359 0.22836 0.93198 -0.01413 0.36192 -0.01519
1403636870.801666498 0.02999 -0.51321 0.22446 0.92862 -0.01894 0.37013 -0.01756
1403636870.901666403 0.03460 -0.52526 0.21920 0.92459 -0.02038 0.37979 -0.02156
1403636871.201666594 0.03335 -0.52599 0.20785 0.92931 -0.02795 0.36757 -0.02221
1403636871.401666403 0.02529 -0.49434 0.21557 0.92876 -0.02479 0.36923 -0.02140
1403636871.501666546 0.01811 -0.46336 0.21887 0.92836 -0.02037 0.37036 -0.02388
1403636871.601666451 0.00862 -0.42314 0.22237 0.92886 -0.01815 0.36905 -0.02640
1403636871.701666594 -0.00325 -0.37474 0.22728 0.92968 -0.01518 0.36645 -0.03445
1403636871.801666498 -0.01520 -0.32143 0.23161 0.92971 -0.01045 0.36565 -0.04268
1403636871.901666403 -0.02614 -0.26556 0.23354 0.92899 -0.00352 0.36723 -0.04590
1403636872.001666546 -0.03546 -0.20639 0.23431 0.92640 0.00233 0.37251 -0.05498
1403636872.101666451 -0.04380 -0.14762 0.23331 0.92346 0.00894 0.37808 -0.06477
1403636872.201666594 -0.05251 -0.09422 0.23065 0.92278 0.01535 0.37879 -0.06900
1403636872.301666498 -0.06206 -0.04660 0.22636 0.92475 0.02336 0.37261 -0.07377
1403636872.401666403 -0.07048 -0.00774 0.22177 0.92711 0.03111 0.36539 -0.07743
1403636872.501666546 -0.07488 0.01688 0.21939 0.92768 0.03574 0.36303 -0.07959
1403636872.601666451 -0.07692 0.02612 0.22006 0.92627 0.04023 0.36592 -0.08071
1403636872.801666498 -0.07420 0.00950 0.22334 0.92468 0.04214 0.37090 -0.07500
1403636872.901666403 -0.06779 -0.01585 0.22235 0.92602 0.03684 0.36869 -0.07211
1403636873.001666546 -0.05756 -0.05512 0.21988 0.92692 0.03095 0.36802 -0.06651
1403636873.101666451 -0.04503 -0.10394 0.21708 0.92717 0.02516 0.36877 -0.06108
1403636873.201666594 -0.03058 -0.15908 0.21498 0.92821 0.01736 0.36727 -0.05691
1403636873.301666498 -0.01531 -0.21824 0.21368 0.92911 0.00849 0.36595 -0.05244
1403636873.401666403 -0.00082 -0.27868 0.21180 0.92977 0.00105 0.36504 -0.04760
1403636873.501666546 0.01076 -0.33670 0.20828 0.93066 -0.00543 0.36319 -0.04409
1403636873.601666451 0.01943 -0.38978 0.20313 0.93243 -0.01267 0.35929 -0.03644
1403636873.701666594 0.02482 -0.43498 0.19758 0.93387 -0.01899 0.35581 -0.03030
1403636873.801666498 0.02759 -0.46776 0.19201 0.93493 -0.02034 0.35300 -0.02966
1403636873.901666403 0.02889 -0.48645 0.18761 0.93489 -0.02263 0.35293 -0.02998
1403636874.001666546 0.02955 -0.49345 0.18438 0.93431 -0.02552 0.35443 -0.02821
1403636874.201666594 0.02925 -0.48244 0.18361 0.93499 -0.02559 0.35264 -0.02808
1403636874.301666498 0.02678 -0.46213 0.18538 0.93583 -0.02071 0.35057 -0.02987
1403636874.401666403 0.02298 -0.42749 0.18693 0.93640 -0.01492 0.34878 -0.03584
1403636874.501666546 0.01803 -0.38161 0.18919 0.93563 -0.00949 0.35045 -0.04125
1403636874.601666451 0.01118 -0.32838 0.19201 0.93396 -0.00374 0.35461 -0.04434
1403636874.701666594 0.00174 -0.26805 0.19316 0.93265 0.00372 0.35716 -0.05082
1403636874.801666498 -0.00725 -0.20726 0.19171 0.93210 0.01018 0.35754 -0.05696
1403636874.901666403 -0.01537 -0.15030 0.18774 0.93239 0.01429 0.35514 -0.06574
1403636875.001666546 -0.02053 -0.10330 0.18440 0.93168 0.01783 0.35585 -0.07094
1403636875.101666451 -0.02102 -0.06840 0.18252 0.92704 0.01269 0.36827 -0.06933
1403636875.201666594 -0.02233 -0.04120 0.18064 0.92042 -0.00400 0.38607 -0.06136
1403636875.301666498 -0.02771 -0.02027 0.17748 0.91602 -0.02817 0.39638 -0.05478
1403636875.401666403 -0.04009 -0.00290 0.17404 0.91480 -0.05507 0.39642 -0.05431
1403636875.601666451 -0.09636 0.00576 0.16958 0.91684 -0.08941 0.38446 -0.05999
1403636875.801666498 -0.17157 -0.03309 0.16815 0.91462 -0.11757 0.38421 -0.04495
1403636875.901666403 -0.20910 -0.06431 0.16666 0.91410 -0.13577 0.38076 -0.03193
1403636876.001666546 -0.24193 -0.10292 0.16827 0.91182 -0.15809 0.37854 -0.01722
1403636876.101666451 -0.26608 -0.14940 0.17288 0.90607 -0.18082 0.38251 0.00456
1403636876.201666594 -0.27595 -0.19991 0.17660 0.89963 -0.20107 0.38702 0.02139
1403636876.301666498 -0.27146 -0.25146 0.17737 0.89625 -0.21764 0.38505 0.03333
1403636876.401666403 -0.25184 -0.30639 0.17532 0.89565 -0.23007 0.37831 0.04187
1403636876.501666546 -0.21829 -0.36154 0.17394 0.89441 -0.23504 0.37661 0.05426
1403636876.601666451 -0.17086 -0.41264 0.17473 0.89153 -0.22940 0.38530 0.06394
1403636876.701666594 -0.11395 -0.45061 0.17782 0.88962 -0.21637 0.39667 0.06638
1403636876.801666498 -0.05317 -0.47088 0.18160 0.89082 -0.19608 0.40515 0.06207
1403636876.901666403 0.00611 -0.46820 0.18425 0.89302 -0.16923 0.41342 0.05446
1403636877.001666546 0.06320 -0.44461 0.18445 0.89444 -0.13861 0.42334 0.03929
1403636877.101666451 0.11212 -0.40173 0.18345 0.89651 -0.10210 0.43070 0.01874
1403636877.201666594 0.15085 -0.34377 0.18272 0.89888 -0.06226 0.43371 -0.00519
1403636877.301666498 0.17524 -0.27451 0.18354 0.90014 -0.02560 0.43391 -0.02863
1403636877.401666403 0.18220 -0.20096 0.18420 0.90064 0.01069 0.43163 -0.04930
1403636877.501666546 0.17138 -0.13046 0.18271 0.90144 0.04129 0.42530 -0.06940
1403636877.601666451 0.14699 -0.06965 0.17757 0.90420 0.06071 0.41379 -0.08669
1403636877.701666594 0.10817 -0.02269 0.17316 0.90741 0.07126 0.40181 -0.10042
1403636877.801666498 0.06012 0.01028 0.16998 0.91102 0.07167 0.39163 -0.10737
1403636877.901666403 0.00827 0.02763 0.16620 0.91572 0.06264 0.38248 -0.10605
1403636878.001666546 -0.04423 0.03025 0.16148 0.92097 0.04851 0.37422 -0.09704
1403636878.101666451 -0.09267 0.01781 0.15557 0.92456 0.02821 0.37101 -0.08216
1403636878.201666594 -0.13490 -0.00968 0.15010 0.92532 0.00305 0.37327 -0.06659
1403636878.301666498 -0.16887 -0.05015 0.14476 0.92437 -0.02372 0.37690 -0.05405
1403636878.401666403 -0.19424 -0.10098 0.14115 0.92246 -0.05189 0.38015 -0.04311
1403636878.501666546 -0.20986 -0.16068 0.14100 0.92056 -0.07777 0.38179 -0.02768
1403636878.601666451 -0.20986 -0.22358 0.14546 0.91796 -0.10100 0.38349 -0.00960
1403636878.701666594 -0.19691 -0.28757 0.15359 0.91444 -0.11880 0.38679 0.00916
1403636878.801666498 -0.16922 -0.34388 0.16158 0.91014 -0.13027 0.39251 0.02488
1403636878.901666403 -0.13488 -0.39719 0.16817 0.90772 -0.13695 0.39536 0.03134
1403636879.001666546 -0.09493 -0.43776 0.17164 0.90793 -0.13940 0.39396 0.03218
1403636879.101666451 -0.04991 -0.46699 0.17622 0.90672 -0.13963 0.39678 0.03040
1403636879.201666594 -0.00148 -0.48103 0.18332 0.90171 -0.13510 0.40976 0.02762
1403636879.301666498 0.04455 -0.47865 0.19104 0.89689 -0.12417 0.42372 0.02492
1403636879.401666403 0.08589 -0.46083 0.19808 0.89456 -0.10438 0.43422 0.01791
1403636879.501666546 0.11750 -0.42636 0.20402 0.89463 -0.07731 0.44005 0.00439
1403636879.601666451 0.13761 -0.37919 0.20913 0.89649 -0.05015 0.44006 -0.01149
1403636879.701666594 0.14444 -0.32259 0.21528 0.89756 -0.02925 0.43882 -0.03100
1403636879.801666498 0.13713 -0.26218 0.22026 0.89952 -0.01093 0.43403 -0.04866
1403636879.901666403 0.11695 -0.20541 0.22202 0.90302 0.00302 0.42535 -0.06011
1403636880.001666546 0.08416 -0.16089 0.22241 0.90686 0.01130 0.41595 -0.06677
1403636880.101666451 0.04312 -0.13748 0.22332 0.90954 0.01562 0.40949 -0.06934
1403636880.201666594 -0.00173 -0.13630 0.22505 0.91030 0.01155 0.40867 -0.06482
1403636880.301666498 -0.04701 -0.15272 0.22668 0.90906 -0.00460 0.41340 -0.05180
1403636880.401666403 -0.09226 -0.17753 0.22990 0.90684 -0.02619 0.41936 -0.03312
1403636880.501666546 -0.13982 -0.19941 0.23774 0.90431 -0.04791 0.42397 -0.01349
1403636880.601666451 -0.18836 -0.20954 0.24652 0.90365 -0.06601 0.42315 0.00232
1403636880.701666594 -0.23430 -0.20358 0.25358 0.90626 -0.07740 0.41546 0.00930
1403636880.801666498 -0.27315 -0.18250 0.25822 0.90936 -0.08225 0.40773 0.00801
1403636880.901666403 -0.29896 -0.15058 0.26062 0.91030 -0.07788 0.40655 -0.00055
1403636881.001666546 -0.30935 -0.11374 0.26235 0.90750 -0.06704 0.41456 -0.00903
1403636881.101666451 -0.30512 -0.07585 0.26446 0.90275 -0.05031 0.42689 -0.01673
1403636881.201666594 -0.28964 -0.03863 0.26613 0.89904 -0.02941 0.43572 -0.03179
1403636881.301666498 -0.26333 -0.00826 0.26856 0.89669 -0.00634 0.43999 -0.04815
1403636881.401666403 -0.22652 0.00902 0.27127 0.89513 0.01359 0.44202 -0.05643
1403636881.501666546 -0.18045 0.01114 0.27339 0.89267 0.02894 0.44621 -0.05654
1403636881.601666451 -0.12920 -0.00174 0.27418 0.88925 0.04155 0.45243 -0.05301
1403636881.801666498 -0.02526 -0.06730 0.26669 0.88811 0.05659 0.45409 -0.04304
1403636881.901666403 0.01938 -0.11148 0.25883 0.89007 0.04857 0.45162 -0.03810
1403636882.001666546 0.05133 -0.15923 0.25062 0.89169 0.03619 0.44982 -0.03525
1403636882.101666451 0.06899 -0.20859 0.24116 0.89154 0.02408 0.45119 -0.03174
1403636882.201666594 0.07246 -0.25138 0.22597 0.89028 0.01391 0.45447 -0.02570
1403636882.301666498 0.06103 -0.28307 0.21018 0.88770 0.00698 0.45996 -0.01942
1403636882.401666403 0.04310 -0.29523 0.19466 0.88538 0.00655 0.46433 -0.02117
1403636882.501666546 0.02445 -0.29090 0.17870 0.88359 0.00972 0.46718 -0.03046
1403636882.601666451 0.01511 -0.27605 0.16573 0.87990 0.01667 0.47306 -0.04144
1403636882.701666594 0.02094 -0.25446 0.15450 0.86937 0.02629 0.49053 -0.05376
1403636882.801666498 0.03693 -0.23192 0.14127 0.85247 0.04296 0.51604 -0.07177
1403636882.901666403 0.05734 -0.21088 0.12243 0.83664 0.06215 0.53696 -0.08861
1403636883.001666546 0.07492 -0.19353 0.10069 0.82925 0.08123 0.54272 -0.10589
1403636883.101666451 0.09973 -0.16534 0.07022 0.82659 0.09947 0.54135 -0.11747
1403636883.201666594 0.11099 -0.15873 0.05372 0.82080 0.11445 0.54659 -0.12008
1403636883.301666498 0.12510 -0.14535 0.03173 0.81437 0.12421 0.55327 -0.12355
1403636883.401666403 0.13535 -0.13672 0.01581 0.81075 0.12862 0.55647 -0.12837
1403636883.501666546 0.14281 -0.13162 0.00557 0.80556 0.13351 0.56170 -0.13320
1403636883.701666594 0.15211 -0.12682 -0.00535 0.79488 0.14736 0.57171 -0.14001
1403636883.901666403 0.15740 -0.12503 -0.01353 0.79300 0.15135 0.57105 -0.14881
1403636884.101666451 0.15982 -0.12604 -0.01691 0.78601 0.15523 0.57793 -0.15523
1403636884.401666403 0.15790 -0.12709 -0.01648 0.77984 0.15569 0.58690 -0.15221
1403636897.401666403 0.14893 -0.13902 -0.01711 0.78352 0.15840 0.58234 -0.14794
1403636897.501666546 0.14050 -0.15091 -0.01740 0.78896 0.15654 0.57755 -0.13954
1403636897.601666451 0.12986 -0.16520 -0.01733 0.79713 0.15576 0.56871 -0.12994
1403636897.701666594 0.11747 -0.18173 -0.01230 0.80738 0.15904 0.55602 -0.11697
1403636897.801666498 0.10579 -0.19834 -0.00015 0.81527 0.16371 0.54482 -0.10814
1403636897.901666403 0.09726 -0.21256 0.01835 0.82035 0.16691 0.53693 -0.10428
1403636898.001666546 0.09469 -0.22277 0.04116 0.81504 0.16855 0.54418 -0.10566
1403636898.101666451 0.09642 -0.22951 0.05620 0.80879 0.16940 0.55213 -0.11097
1403636898.201666594 0.09883 -0.23490 0.06812 0.80538 0.17124 0.55576 -0.11473
1403636898.301666498 0.10324 -0.23758 0.08257 0.80416 0.17401 0.55624 -0.11678
1403636898.501666546 0.11542 -0.23837 0.12077 0.80369 0.17953 0.55397 -0.12236
1403636898.601666451 0.12473 -0.23887 0.14272 0.80346 0.18226 0.55312 -0.12363
1403636898.701666594 0.13186 -0.23405 0.16286 0.80347 0.18482 0.55220 -0.12392
1403636898.901666403 0.15908 -0.21806 0.19844 0.80439 0.18446 0.54974 -0.12934
1403636899.001666546 0.17440 -0.21626 0.20898 0.80569 0.18036 0.54772 -0.13541
1403636899.201666594 0.21675 -0.20841 0.23095 0.80458 0.16126 0.55679 -0.12897
1403636899.401666403 0.26518 -0.21280 0.24890 0.79958 0.12443 0.57824 -0.10404
1403636899.501666546 0.28547 -0.21932 0.25684 0.80330 0.10289 0.57902 -0.09411
1403636899.601666451 0.30939 -0.23239 0.25559 0.81043 0.08614 0.57272 -0.08822
1403636899.701666594 0.32031 -0.23753 0.26960 0.81457 0.07445 0.56921 -0.08326
1403636899.901666403 0.36487 -0.27075 0.26685 0.81778 0.06783 0.56762 -0.06663
1403636900.001666546 0.38232 -0.28558 0.27409 0.81426 0.06851 0.57329 -0.06016
1403636900.201666594 0.42937 -0.32400 0.28417 0.80531 0.06969 0.58594 -0.05740
1403636900.501666546 0.46663 -0.37800 0.34900 0.81445 0.07750 0.57196 -0.05935
1403636900.701666594 0.50631 -0.41818 0.38908 0.82109 0.08118 0.56145 -0.06319
1403636901.001666546 0.57535 -0.47310 0.41076 0.82062 0.07464 0.56086 -0.08023
1403636901.201666594 0.63720 -0.52561 0.40133 0.81817 0.07139 0.56403 -0.08585
1403636901.401666403 0.70552 -0.59420 0.40332 0.81676 0.07635 0.56649 -0.07850
1403636901.601666451 0.78331 -0.66734 0.42295 0.81506 0.08173 0.56931 -0.06983
1403636901.801666498 0.86409 -0.74251 0.42240 0.81254 0.08121 0.57291 -0.07044
1403636902.001666546 0.94004 -0.81938 0.39920 0.81197 0.08348 0.57359 -0.06877
1403636902.201666594 1.00883 -0.89971 0.38296 0.81120 0.08570 0.57442 -0.06820
1403636902.401666403 1.07516 -0.97503 0.37195 0.81240 0.08113 0.57310 -0.07058
1403636902.501666546 1.10869 -1.01518 0.35024 0.81332 0.08068 0.57224 -0.06739
1403636902.601666451 1.14135 -1.05526 0.32323 0.81332 0.08184 0.57282 -0.06075
1403636902.901666403 1.23164 -1.16092 0.27930 0.80970 0.08046 0.57849 -0.05720
1403636903.301666498 1.35445 -1.29935 0.33018 0.81219 0.08631 0.57351 -0.06320
1403636903.601666451 1.43139 -1.39045 0.37564 0.81326 0.09208 0.57121 -0.06207
1403636903.801666498 1.48434 -1.44368 0.37368 0.81893 0.08818 0.56277 -0.06980
1403636904.101666451 1.58200 -1.52833 0.40324 0.81554 0.08092 0.56732 -0.08059
1403636904.301666498 1.65581 -1.59446 0.45468 0.81421 0.07799 0.56923 -0.08338
1403636904.501666546 1.72909 -1.67095 0.49764 0.81260 0.07896 0.57208 -0.07852
1403636904.701666594 1.80264 -1.75443 0.52470 0.81264 0.08140 0.57275 -0.07032
1403636904.901666403 1.87992 -1.83965 0.54004 0.81288 0.08316 0.57306 -0.06258
1403636905.101666451 1.95227 -1.91948 0.54040 0.81245 0.08289 0.57433 -0.05664
1403636905.301666498 2.02588 -1.99406 0.55156 0.81311 0.08193 0.57403 -0.05129
1403636905.601666451 2.13245 -2.08440 0.60172 0.81575 0.09325 0.56868 -0.04948
1403636905.901666403 2.24283 -2.14225 0.61065 0.81677 0.09770 0.56513 -0.06293
1403636906.201666594 2.36189 -2.17733 0.57806 0.81975 0.10372 0.55958 -0.06423
1403636906.301666498 2.40853 -2.18305 0.57750 0.81441 0.10268 0.56713 -0.06759
1403636906.401666403 2.45464 -2.18705 0.58267 0.81077 0.09875 0.57229 -0.07334
1403636906.801666498 2.63327 -2.21956 0.60112 0.81288 0.09519 0.56945 -0.07678
1403636907.001666546 2.72403 -2.24351 0.59271 0.81272 0.10325 0.56913 -0.07017
1403636907.301666498 2.86517 -2.26886 0.59468 0.81923 0.10738 0.55877 -0.07151
1403636907.501666546 2.97108 -2.27759 0.59160 0.82104 0.10163 0.55561 -0.08287
1403636907.701666594 3.08805 -2.29025 0.61794 0.82129 0.09643 0.55491 -0.09087
1403636907.901666403 3.21779 -2.31070 0.65590 0.81972 0.09501 0.55710 -0.09312
1403636908.001666546 3.29039 -2.32417 0.65651 0.81572 0.09964 0.56300 -0.08778
1403636908.101666451 3.36406 -2.33987 0.65259 0.81192 0.10534 0.56819 -0.08279
1403636908.201666594 3.43610 -2.35638 0.65383 0.80917 0.10872 0.57157 -0.08202
1403636908.401666403 3.57246 -2.38772 0.65996 0.80869 0.11338 0.57120 -0.08303
1403636908.601666451 3.70614 -2.41766 0.64820 0.80988 0.11705 0.56837 -0.08572
1403636908.801666498 3.83800 -2.44518 0.64929 0.81371 0.11886 0.56200 -0.08896
1403636909.001666546 3.97795 -2.46966 0.68402 0.81743 0.11814 0.55619 -0.09218
1403636909.201666594 4.12939 -2.49254 0.72308 0.81842 0.11510 0.55491 -0.09494
1403636909.401666403 4.28984 -2.51738 0.74076 0.81766 0.11382 0.55655 -0.09339
1403636909.501666546 4.37622 -2.53141 0.74332 0.81458 0.11445 0.56144 -0.09024
1403636909.701666594 4.54743 -2.56100 0.72861 0.81156 0.10838 0.56636 -0.09416
1403636909.801666498 4.63397 -2.57615 0.71519 0.80664 0.11023 0.57374 -0.08944
1403636909.901666403 4.71686 -2.59344 0.69494 0.80237 0.11854 0.57994 -0.07625
1403636910.001666546 4.79930 -2.60870 0.67138 0.79701 0.12583 0.58718 -0.06459
1403636910.201666594 4.94588 -2.62719 0.62251 0.80129 0.12042 0.58130 -0.07432
1403636910.401666403 5.08168 -2.63380 0.60379 0.80817 0.11734 0.57128 -0.08205
1403636910.601666451 5.21553 -2.63732 0.60516 0.80903 0.12036 0.56946 -0.08184
1403636910.801666498 5.34704 -2.63969 0.59029 0.80958 0.12020 0.56847 -0.08348
1403636911.001666546 5.47638 -2.63664 0.56033 0.80444 0.11496 0.57550 -0.09201
1403636911.101666451 5.54142 -2.63643 0.55089 0.79714 0.11337 0.58546 -0.09460
1403636911.301666498 5.65891 -2.64367 0.54642 0.80607 0.11767 0.57322 -0.08847
1403636911.501666546 5.76596 -2.65196 0.56972 0.80814 0.11979 0.57058 -0.08369
1403636911.701666594 5.87171 -2.65827 0.59250 0.80864 0.11986 0.56998 -0.08283
1403636911.901666403 5.97696 -2.66226 0.59246 0.81170 0.11042 0.56578 -0.09407
1403636912.101666451 6.09085 -2.67001 0.57103 0.81355 0.10792 0.56363 -0.09392
1403636912.301666498 6.20830 -2.68479 0.55885 0.81022 0.11197 0.56868 -0.08722
1403636912.601666451 6.38488 -2.71364 0.56145 0.81120 0.10563 0.56772 -0.09219
1403636912.801666498 6.50538 -2.74209 0.53706 0.81130 0.09773 0.56746 -0.10112
1403636913.001666546 6.62667 -2.78378 0.49792 0.80663 0.10323 0.57467 -0.09186
1403636913.201666594 6.74241 -2.83494 0.45308 0.80077 0.10822 0.58293 -0.08518
1403636913.401666403 6.84859 -2.89038 0.43521 0.80507 0.10732 0.57670 -0.08813
1403636913.701666594 6.99983 -2.98309 0.42776 0.80857 0.10731 0.57214 -0.08578
1403636913.901666403 7.09814 -3.04944 0.41022 0.80743 0.10893 0.57383 -0.08317
1403636914.201666594 7.23900 -3.14817 0.42406 0.80725 0.10653 0.57389 -0.08747
1403636914.401666403 7.32868 -3.21770 0.42103 0.80680 0.10934 0.57481 -0.08195
1403636914.601666451 7.41520 -3.28769 0.42952 0.80634 0.11121 0.57563 -0.07812
1403636914.801666498 7.49802 -3.35209 0.46118 0.80467 0.11060 0.57827 -0.07665
1403636915.001666546 7.57407 -3.41375 0.47732 0.80788 0.10942 0.57429 -0.07448
1403636915.201666594 7.64377 -3.46855 0.47044 0.81192 0.10924 0.56890 -0.07211
1403636915.301666498 7.67967 -3.49220 0.45821 0.81679 0.10948 0.56203 -0.07065
1403636915.601666451 7.80173 -3.55408 0.42805 0.81332 0.10158 0.56688 -0.08269
1403636915.701666594 7.84675 -3.57183 0.43085 0.80967 0.09643 0.57168 -0.09116
1403636915.901666403 7.93390 -3.62049 0.45846 0.80702 0.09632 0.57510 -0.09330
1403636916.001666546 7.97730 -3.65004 0.47794 0.80610 0.10098 0.57653 -0.08734
1403636916.101666451 8.02032 -3.68150 0.49100 0.80538 0.10738 0.57757 -0.07896
1403636916.301666498 8.10058 -3.74355 0.50950 0.80567 0.11048 0.57689 -0.07667
1403636916.501666546 8.17456 -3.80248 0.53875 0.80644 0.10666 0.57753 -0.06886
1403636916.601666451 8.21136 -3.82905 0.54678 0.80746 0.09685 0.57896 -0.05865
1403636916.701666594 8.24654 -3.85409 0.54976 0.80852 0.08653 0.57991 -0.05015
1403636916.801666498 8.27984 -3.87573 0.54841 0.80885 0.07752 0.58112 -0.04526
1403636916.901666403 8.31260 -3.89492 0.54190 0.80930 0.07207 0.58159 -0.03982
1403636917.101666451 8.37321 -3.92675 0.51641 0.80969 0.06390 0.58214 -0.03786
1403636917.301666498 8.42805 -3.95421 0.47286 0.80995 0.04914 0.58343 -0.03424
1403636917.401666403 8.45481 -3.96870 0.44401 0.81004 0.03542 0.58491 -0.02167
1403636917.501666546 8.47968 -3.98211 0.41024 0.81042 0.01866 0.58548 -0.00969
1403636917.601666451 8.50359 -3.99353 0.37951 0.81009 0.00440 0.58628 -0.00250
1403636917.701666594 8.52365 -4.00334 0.35619 0.80920 -0.00590 0.58750 0.00338
1403636917.901666403 8.56029 -4.01792 0.33413 0.80784 -0.01926 0.58889 0.01519
1403636918.101666451 8.58569 -4.02601 0.32477 0.80958 -0.02368 0.58612 0.02202
1403636918.401666403 8.61481 -4.02114 0.30646 0.81808 -0.01946 0.57415 0.02680
1403636918.601666451 8.63825 -4.00209 0.32805 0.82597 -0.01635 0.56289 0.02598
1403636918.801666498 8.67842 -3.97265 0.38375 0.82144 -0.02144 0.56981 0.00974
1403636918.901666403 8.70188 -3.95664 0.41875 0.81544 -0.03002 0.57806 -0.00328
1403636919.001666546 8.72477 -3.94574 0.45529 0.81049 -0.04151 0.58422 -0.00887
1403636919.101666451 8.74728 -3.94046 0.49452 0.80767 -0.05015 0.58740 -0.01029
1403636919.301666498 8.78336 -3.95104 0.57791 0.80551 -0.05816 0.58971 -0.00382
1403636919.401666403 8.79659 -3.96504 0.61279 0.80500 -0.06053 0.59017 0.00270
1403636919.601666451 8.81637 -4.00341 0.66682 0.80516 -0.05368 0.59005 0.02604
1403636919.801666498 8.82594 -4.04361 0.69707 0.80356 -0.05283 0.59202 0.03185
1403636920.201666594 8.81490 -4.12155 0.68468 0.79964 -0.06200 0.59713 0.01288
1403636920.401666403 8.78684 -4.16948 0.64938 0.80060 -0.05033 0.59649 0.02656
1403636920.601666451 8.74232 -4.21710 0.62614 0.80711 -0.04427 0.58784 0.03250
1403636920.801666498 8.69163 -4.25634 0.63337 0.81563 -0.04508 0.57593 0.03204
1403636921.301666498 8.58155 -4.32562 0.69550 0.81027 -0.04730 0.58324 0.03254
1403636921.601666451 8.51401 -4.35405 0.67235 0.80741 -0.06016 0.58671 0.01552
1403636921.701666594 8.48660 -4.36560 0.65173 0.81662 -0.06186 0.57367 0.01446
1403636921.801666498 8.46046 -4.37961 0.62972 0.82562 -0.06092 0.56066 0.01752
1403636922.001666546 8.42244 -4.41383 0.59069 0.82008 -0.05833 0.56858 0.02812
1403636922.101666451 8.40819 -4.43180 0.57084 0.81386 -0.05956 0.57694 0.03498
1403636922.301666498 8.37979 -4.46379 0.54577 0.81491 -0.06494 0.57410 0.04596
1403636922.401666403 8.36633 -4.47733 0.54093 0.81850 -0.06868 0.56831 0.04857
1403636922.501666546 8.35426 -4.49025 0.53260 0.82175 -0.07455 0.56248 0.05275
1403636922.701666594 8.33957 -4.51488 0.50499 0.81672 -0.09090 0.56589 0.06687
1403636922.801666498 8.33633 -4.52398 0.48925 0.80690 -0.09913 0.57824 0.06882
1403636922.901666403 8.33194 -4.53086 0.47687 0.79980 -0.10838 0.58684 0.06464
1403636923.101666451 8.31484 -4.54435 0.46866 0.79455 -0.12211 0.59172 0.06038
1403636923.201666594 8.30101 -4.55406 0.46131 0.79583 -0.12984 0.58764 0.06684
1403636923.301666498 8.28307 -4.56572 0.44823 0.80027 -0.13618 0.57870 0.07829
1403636923.401666403 8.26397 -4.57804 0.43010 0.80615 -0.14117 0.56795 0.08734
1403636923.501666546 8.24610 -4.58995 0.40788 0.81238 -0.14626 0.55691 0.09220
1403636923.801666498 8.22686 -4.62872 0.37993 0.82094 -0.15300 0.54138 0.09775
1403636924.301666498 8.32239 -4.70084 0.36058 0.81854 -0.14768 0.54579 0.10147
1403636924.501666546 8.39897 -4.72901 0.36177 0.81074 -0.15536 0.55752 0.08794
1403636924.601666451 8.44214 -4.74639 0.37270 0.80441 -0.15956 0.56660 0.08019
1403636924.701666594 8.48488 -4.76772 0.38106 0.79962 -0.16228 0.57331 0.07474
1403636924.801666498 8.52525 -4.79307 0.38391 0.79454 -0.16379 0.58063 0.06889
1403636925.001666546 8.59221 -4.85861 0.36687 0.78905 -0.17022 0.58580 0.07250
1403636925.101666451 8.61567 -4.89670 0.34711 0.79040 -0.17187 0.58183 0.08485
1403636925.201666594 8.63512 -4.93679 0.32159 0.79455 -0.16900 0.57440 0.10095
1403636925.301666498 8.65377 -4.97686 0.29297 0.80128 -0.16826 0.56326 0.11128
1403636925.401666403 8.67347 -5.01504 0.26205 0.80957 -0.16987 0.54974 0.11632
1403636925.601666451 8.72802 -5.09055 0.20860 0.82048 -0.17506 0.53119 0.11835
1403636925.901666403 8.87088 -5.20707 0.19225 0.81810 -0.17570 0.53378 0.12219
1403636926.001666546 8.93674 -5.24541 0.20183 0.80751 -0.17235 0.54970 0.12672
1403636926.101666451 9.00474 -5.28297 0.20850 0.79576 -0.17310 0.56676 0.12484
1403636926.201666594 9.07104 -5.31703 0.20711 0.78746 -0.17637 0.57863 0.11825
1403636926.401666403 9.18934 -5.38115 0.18229 0.78054 -0.18220 0.58873 0.10469
1403636926.701666594 9.31822 -5.47710 0.12975 0.78753 -0.17571 0.58105 0.10629
1403636926.901666403 9.37607 -5.54380 0.12639 0.79209 -0.19121 0.56988 0.10615
1403636927.001666546 9.40231 -5.58106 0.12719 0.78957 -0.20603 0.56729 0.11094
1403636927.101666451 9.42607 -5.62193 0.12364 0.78563 -0.22159 0.56473 0.12151
1403636927.201666594 9.44754 -5.66428 0.11536 0.78028 -0.23979 0.56178 0.13438
1403636927.301666498 9.46464 -5.71300 0.10069 0.77502 -0.25735 0.55727 0.15023
1403636927.401666403 9.48026 -5.76150 0.08022 0.77557 -0.26923 0.54664 0.16493
1403636927.501666546 9.49659 -5.80895 0.05638 0.78079 -0.27886 0.53152 0.17346
1403636927.601666451 9.51572 -5.85546 0.03292 0.78574 -0.28730 0.51801 0.17815
1403636927.701666594 9.54122 -5.90532 0.01803 0.78757 -0.29186 0.51100 0.18285
1403636927.901666403 9.61109 -6.01367 0.01210 0.78524 -0.29759 0.51055 0.18484
1403636928.101666451 9.70145 -6.13654 0.00114 0.78013 -0.29589 0.51807 0.18827
1403636928.201666594 9.75707 -6.19859 -0.00606 0.77339 -0.29370 0.52854 0.19040
1403636928.301666498 9.81245 -6.26268 -0.01860 0.76546 -0.29280 0.54076 0.18953
1403636928.401666403 9.86678 -6.32549 -0.03600 0.75981 -0.29059 0.54961 0.19019
1403636928.601666451 9.96575 -6.44755 -0.06998 0.75988 -0.28605 0.55074 0.19347
1403636928.801666498 10.05763 -6.56165 -0.08080 0.77150 -0.28510 0.53511 0.19279
1403636929.001666546 10.15425 -6.67235 -0.05684 0.76776 -0.28406 0.54059 0.19397
1403636929.101666451 10.20532 -6.72528 -0.03250 0.75858 -0.28692 0.55344 0.18956
1403636929.201666594 10.25240 -6.77789 -0.00431 0.75378 -0.29036 0.55994 0.18435
1403636929.401666403 10.33268 -6.88032 0.04216 0.75402 -0.29379 0.56018 0.17701
1403636929.601666451 10.39330 -6.98488 0.06322 0.75945 -0.28493 0.55430 0.18654
1403636929.801666498 10.44402 -7.08500 0.06670 0.76320 -0.27699 0.54999 0.19574
1403636930.101666451 10.51165 -7.21643 0.06632 0.76057 -0.28162 0.55416 0.18744
1403636930.501666546 10.56927 -7.37656 0.14022 0.76211 -0.28160 0.55130 0.18964
1403636930.801666498 10.59104 -7.48801 0.16268 0.75865 -0.28772 0.55624 0.17964
1403636931.001666546 10.59211 -7.56276 0.15370 0.75204 -0.30300 0.55967 0.17146
1403636931.101666451 10.58498 -7.60472 0.14364 0.74776 -0.31054 0.55898 0.17875
1403636931.201666594 10.57166 -7.64783 0.13824 0.74416 -0.30979 0.55877 0.19502
1403636931.301666498 10.55389 -7.69117 0.14080 0.73919 -0.30877 0.56122 0.20808
1403636931.401666403 10.53087 -7.73131 0.14949 0.73805 -0.30754 0.55963 0.21797
1403636931.501666546 10.50303 -7.76596 0.16222 0.74055 -0.30388 0.55394 0.22889
1403636931.601666451 10.47321 -7.79341 0.17956 0.74352 -0.29935 0.54796 0.23938
1403636931.801666498 10.41616 -7.82787 0.20114 0.74522 -0.30548 0.54429 0.23470
1403636931.901666403 10.38953 -7.83566 0.20066 0.74703 -0.31282 0.54146 0.22561
1403636932.301666498 10.27222 -7.84178 0.16687 0.73994 -0.31168 0.54835 0.23380
1403636932.401666403 10.24136 -7.83492 0.16703 0.73964 -0.30747 0.54681 0.24370
1403636932.601666451 10.17153 -7.80061 0.18680 0.73496 -0.32116 0.54173 0.25143
1403636932.701666594 10.13590 -7.77399 0.20765 0.72881 -0.33762 0.53947 0.25262
1403636932.801666498 10.09981 -7.74291 0.23506 0.72334 -0.34960 0.53720 0.25685
1403636932.901666403 10.06195 -7.70625 0.26503 0.72052 -0.35979 0.53230 0.26086
1403636933.001666546 10.02312 -7.66693 0.28485 0.71931 -0.36792 0.52696 0.26370
1403636933.101666451 9.98280 -7.62558 0.29024 0.71618 -0.37727 0.52208 0.26867
1403636933.201666594 9.94312 -7.58155 0.28439 0.71713 -0.38697 0.51372 0.26848
1403636933.301666498 9.90467 -7.53587 0.27171 0.72553 -0.39683 0.49652 0.26381
1403636933.401666403 9.87042 -7.49209 0.25778 0.72989 -0.40348 0.48743 0.25861
1403636933.601666451 9.81333 -7.41695 0.22935 0.72237 -0.40118 0.49760 0.26386
1403636933.801666498 9.76523 -7.35102 0.22341 0.71509 -0.39370 0.51037 0.27049
1403636934.101666451 9.69304 -7.25189 0.24540 0.70166 -0.40994 0.51256 0.27730
1403636934.201666594 9.66295 -7.21693 0.23623 0.69304 -0.42412 0.50603 0.28939
1403636934.301666498 9.63127 -7.18047 0.21846 0.68216 -0.44121 0.49845 0.30255
1403636934.401666403 9.59902 -7.14300 0.19796 0.66729 -0.46307 0.49284 0.31208
1403636934.501666546 9.56535 -7.10462 0.18133 0.65181 -0.48633 0.48586 0.32026
1403636934.601666451 9.52720 -7.06708 0.17372 0.63771 -0.50603 0.47612 0.33253
1403636934.701666594 9.48570 -7.02914 0.17557 0.62709 -0.52291 0.46463 0.34269
1403636934.801666498 9.44186 -6.99127 0.18517 0.62424 -0.53304 0.45002 0.35168
1403636934.901666403 9.39819 -6.95338 0.20182 0.62431 -0.53949 0.43759 0.35737
1403636935.001666546 9.35537 -6.91858 0.22529 0.62425 -0.54275 0.43123 0.36025
1403636935.201666594 9.27748 -6.85788 0.29243 0.61676 -0.53880 0.44219 0.36575
1403636935.401666403 9.20358 -6.80102 0.34376 0.61487 -0.53688 0.45138 0.36048
1403636935.801666498 9.04500 -6.67766 0.36053 0.62338 -0.53301 0.44948 0.35392
1403636935.901666403 9.00265 -6.64814 0.34439 0.62912 -0.53502 0.44217 0.34993
1403636936.001666546 8.96009 -6.62126 0.32423 0.63561 -0.54078 0.43286 0.34086
1403636936.101666451 8.91728 -6.60042 0.30252 0.63947 -0.54340 0.42731 0.33645
1403636936.301666498 8.83324 -6.58148 0.26524 0.63680 -0.53822 0.43029 0.34591
1403636936.401666403 8.79247 -6.57797 0.25580 0.63194 -0.53517 0.43615 0.35217
1403636936.501666546 8.75338 -6.57734 0.25341 0.62662 -0.53231 0.44254 0.35799
1403636936.701666594 8.67423 -6.58244 0.25280 0.62113 -0.53340 0.44534 0.36244
1403636936.901666403 8.59689 -6.58981 0.23561 0.62120 -0.53317 0.44131 0.36754
1403636937.101666451 8.52427 -6.59842 0.23584 0.62180 -0.53352 0.43786 0.37015
1403636937.401666403 8.42719 -6.61029 0.25680 0.61733 -0.53839 0.44023 0.36775
1403636937.701666594 8.33489 -6.62255 0.22944 0.61847 -0.53623 0.43482 0.37533
1403636937.901666403 8.28278 -6.62893 0.18734 0.61709 -0.52858 0.43390 0.38928
1403636938.101666451 8.24483 -6.62698 0.13032 0.60751 -0.52233 0.44155 0.40391
1403636938.301666498 8.22170 -6.59958 0.07121 0.58984 -0.53624 0.45324 0.39888
1403636938.401666403 8.21101 -6.57475 0.04910 0.58037 -0.55118 0.46137 0.38277
1403636938.501666546 8.19459 -6.54436 0.03398 0.57503 -0.56491 0.46379 0.36758
1403636938.601666451 8.16888 -6.51345 0.02505 0.57547 -0.57230 0.45949 0.36080
1403636938.801666498 8.09210 -6.44930 0.02706 0.57883 -0.57367 0.45121 0.36369
1403636938.901666403 8.04216 -6.41597 0.03075 0.58546 -0.56941 0.44193 0.37109
1403636939.001666546 7.98846 -6.38340 0.03394 0.59199 -0.56620 0.43279 0.37637
1403636939.201666594 7.87893 -6.32449 0.02763 0.59433 -0.56152 0.43193 0.38065
1403636939.601666451 7.65898 -6.20829 -0.00081 0.59316 -0.54746 0.44493 0.38792
1403636939.801666498 7.54711 -6.13581 0.01166 0.58947 -0.54401 0.45186 0.39038
1403636940.001666546 7.43425 -6.04662 0.00427 0.58606 -0.55183 0.45002 0.38666
1403636940.101666451 7.37629 -5.99648 -0.00908 0.58244 -0.55904 0.44488 0.38771
1403636940.201666594 7.31611 -5.94428 -0.02742 0.57912 -0.56669 0.44082 0.38621
1403636940.301666498 7.25455 -5.89145 -0.04878 0.57582 -0.57128 0.43825 0.38731
1403636940.401666403 7.18985 -5.83843 -0.07250 -0.57244 0.57429 -0.43689 -0.38939
1403636940.501666546 7.12395 -5.78375 -0.09643 -0.56998 0.57699 -0.43526 -0.39083
1403636940.601666451 7.05601 -5.72864 -0.11573 -0.57113 0.58190 -0.42957 -0.38817
1403636940.701666594 6.98548 -5.67460 -0.12803 -0.57519 0.58448 -0.42082 -0.38788
1403636940.801666498 6.91372 -5.62166 -0.13092 -0.57883 0.58644 -0.41398 -0.38686
1403636940.901666403 6.84191 -5.57086 -0.12606 -0.58166 0.58655 -0.40895 -0.38781
1403636941.101666451 6.70093 -5.48279 -0.09566 -0.58046 0.58287 -0.41088 -0.39307
1403636941.201666594 6.63226 -5.44345 -0.07548 -0.57946 0.58080 -0.41337 -0.39501
1403636941.301666498 6.56493 -5.40495 -0.05580 -0.57777 0.57783 -0.41760 -0.39737
1403636941.501666546 6.43260 -5.32868 -0.03178 0.57930 -0.57134 0.42265 0.39918
1403636941.701666594 6.30541 -5.24846 -0.02818 0.58377 -0.56810 0.42264 0.39730
1403636941.901666403 6.18374 -5.16678 -0.02554 0.58657 -0.56788 0.42296 0.39313
1403636942.101666451 6.06577 -5.08571 0.00206 0.58538 -0.57013 0.42602 0.38832
1403636942.301666498 5.94649 -5.00348 0.02707 0.58120 -0.57253 0.43005 0.38662
1403636942.401666403 5.88579 -4.96162 0.03047 0.57783 -0.57521 0.43267 0.38476
1403636942.501666546 5.82237 -4.92141 0.02696 -0.57574 0.57860 -0.43297 -0.38247
1403636942.601666451 5.75603 -4.88134 0.01811 -0.57611 0.58184 -0.43021 -0.38010
1403636942.701666594 5.68735 -4.84182 0.00552 -0.57890 0.58347 -0.42430 -0.38000
1403636942.801666498 5.61710 -4.80427 -0.00901 -0.58046 0.58367 -0.42032 -0.38175
1403636942.901666403 5.54598 -4.77031 -0.01614 -0.57941 0.58078 -0.41992 -0.38814
1403636943.001666546 5.47483 -4.73779 -0.01574 -0.57832 0.57881 -0.41972 -0.39289
1403636943.101666451 5.40346 -4.70598 -0.00651 -0.57666 0.57675 -0.42041 -0.39759
1403636943.201666594 5.33342 -4.67403 0.00401 -0.57404 0.57690 -0.42217 -0.39931
1403636943.301666498 5.26464 -4.64123 0.00935 -0.57313 0.57713 -0.42110 -0.40140
1403636943.501666546 5.13095 -4.57210 0.00313 -0.57036 0.57779 -0.41963 -0.40591
1403636943.601666451 5.06618 -4.53565 -0.00897 -0.56978 0.57735 -0.41860 -0.40840
1403636943.701666594 5.00236 -4.49863 -0.02639 -0.56883 0.57680 -0.41867 -0.41043
1403636943.801666498 4.93964 -4.46038 -0.04963 -0.56911 0.57668 -0.41735 -0.41156
1403636943.901666403 4.87985 -4.41960 -0.07893 -0.57362 0.57676 -0.41723 -0.40524
1403636944.101666451 4.76626 -4.33816 -0.14681 0.59781 -0.57954 0.40513 0.37765
1403636944.201666594 4.71135 -4.30401 -0.17234 0.60622 -0.57854 0.40114 0.36998
1403636944.401666403 4.60850 -4.25744 -0.19471 0.60695 -0.57054 0.41102 0.37035
1403636944.501666546 4.55935 -4.24452 -0.19553 0.60472 -0.56084 0.41793 0.38093
1403636944.601666451 4.51286 -4.23438 -0.19051 0.60451 -0.54908 0.42084 0.39493
1403636944.801666498 4.43778 -4.20826 -0.16662 0.60799 -0.53753 0.42818 0.39758
1403636945.001666546 4.38124 -4.17650 -0.12890 0.60769 -0.53636 0.43849 0.38828
1403636945.601666451 4.27540 -4.02897 -0.11965 0.61090 -0.53822 0.43715 0.38212
1403636945.701666594 4.26551 -3.99694 -0.12517 0.61669 -0.54498 0.42648 0.37524
1403636945.801666498 4.25739 -3.96693 -0.13515 0.62313 -0.55108 0.41495 0.36855
1403636946.101666451 4.25062 -3.90580 -0.18583 0.61306 -0.54707 0.42409 0.38082
1403636946.601666451 4.28812 -3.82458 -0.37698 0.59985 -0.54741 0.43091 0.39350
1403636946.801666498 4.31405 -3.78314 -0.45230 0.58893 -0.56431 0.44240 0.37283
1403636947.001666546 4.32693 -3.74041 -0.51211 -0.57786 0.57979 -0.45443 -0.35131
1403636947.201666594 4.30587 -3.70375 -0.57955 0.58956 -0.57751 0.43786 0.35662
1403636947.301666498 4.28477 -3.68940 -0.60736 0.60485 -0.57480 0.41627 0.36123
1403636947.401666403 4.26270 -3.68164 -0.62722 0.61455 -0.57524 0.40202 0.36029
1403636947.601666451 4.22369 -3.69304 -0.63607 0.60741 -0.57424 0.41068 0.36422
1403636947.701666594 4.20494 -3.71050 -0.63168 0.60529 -0.56974 0.41397 0.37102
1403636947.901666403 4.17276 -3.75775 -0.63062 0.61244 -0.55698 0.40524 0.38790
1403636948.301666498 4.15889 -3.88538 -0.68435 0.61758 -0.55529 0.40402 0.38343
1403636948.501666546 4.17973 -3.96406 -0.72782 0.62363 -0.54454 0.40072 0.39243
1403636948.601666451 4.19998 -4.00662 -0.75079 0.62841 -0.53309 0.39589 0.40520
1403636948.801666498 4.27383 -4.09244 -0.78289 0.62186 -0.53135 0.41058 0.40296
1403636948.901666403 4.32478 -4.13410 -0.78794 0.61310 -0.53703 0.42603 0.39268
1403636949.001666546 4.37950 -4.17282 -0.78982 0.60329 -0.54200 0.44241 0.38283
1403636949.101666451 4.43281 -4.20894 -0.79614 0.60068 -0.54201 0.44782 0.38060
1403636949.301666498 4.53263 -4.27241 -0.82232 0.60408 -0.53897 0.44570 0.38205
1403636949.501666546 4.62798 -4.32416 -0.86619 0.60005 -0.54138 0.45291 0.37646
1403636949.701666594 4.71322 -4.36389 -0.90469 0.60111 -0.54566 0.45201 0.36959
1403636949.801666498 4.75062 -4.38162 -0.91323 0.60684 -0.54697 0.44430 0.36766
1403636949.901666403 4.78501 -4.39757 -0.91722 0.61136 -0.55078 0.43770 0.36236
1403636950.101666451 4.84631 -4.43706 -0.91170 0.61529 -0.55719 0.43073 0.35416
1403636950.401666403 4.92638 -4.52810 -0.91899 0.61751 -0.54957 0.42591 0.36776
1403636950.501666546 4.95407 -4.56470 -0.92801 0.61685 -0.54340 0.42665 0.37708
1403636950.701666594 5.01529 -4.63767 -0.94758 0.61634 -0.53512 0.42791 0.38815
1403636950.801666498 5.05101 -4.67327 -0.94914 0.61232 -0.53623 0.43464 0.38550
1403636950.901666403 5.08954 -4.70635 -0.94628 0.61011 -0.53748 0.43885 0.38249
1403636951.101666451 5.16703 -4.76639 -0.92114 0.60622 -0.54155 0.44552 0.37514
1403636951.301666498 5.23741 -4.81921 -0.90026 0.61292 -0.55051 0.43536 0.36295
1403636951.401666403 5.27043 -4.85080 -0.90391 0.61862 -0.55294 0.42699 0.35952
1403636951.601666451 5.33417 -4.92172 -0.91782 0.62284 -0.55222 0.42009 0.36146
1403636951.801666498 5.39978 -5.00938 -0.93339 0.61940 -0.54616 0.42476 0.37099
1403636951.901666403 5.43452 -5.05964 -0.92981 0.61896 -0.54129 0.42565 0.37778
1403636952.101666451 5.51256 -5.15704 -0.92166 0.61830 -0.53597 0.42616 0.38578
1403636952.201666594 5.55642 -5.20533 -0.92555 0.61443 -0.53659 0.43171 0.38493
1403636952.301666498 5.60192 -5.25154 -0.93598 0.60868 -0.53872 0.44012 0.38156
1403636952.401666403 5.64724 -5.29586 -0.94958 0.60369 -0.54059 0.44695 0.37888
1403636952.601666451 5.73356 -5.37538 -0.98993 0.60551 -0.53566 0.44534 0.38483
1403636952.801666498 5.81765 -5.43933 -1.02037 0.60984 -0.53671 0.43961 0.38311
1403636952.901666403 5.86202 -5.46876 -1.03151 0.61238 -0.54088 0.43562 0.37773
1403636953.001666546 5.90623 -5.49865 -1.04733 0.61241 -0.54830 0.43442 0.36824
1403636953.201666594 5.98906 -5.56108 -1.09188 0.60953 -0.55632 0.43701 0.35777
1403636953.401666403 6.05752 -5.63352 -1.14086 0.61175 -0.55246 0.43517 0.36218
1403636953.601666451 6.11831 -5.71224 -1.16311 0.61574 -0.54309 0.43169 0.37359
1403636953.801666498 6.18234 -5.79383 -1.15939 0.62656 -0.53719 0.41910 0.37842
1403636954.001666546 6.26160 -5.88211 -1.12837 0.62577 -0.53711 0.42300 0.37550
1403636954.201666594 6.35379 -5.97654 -1.10672 0.62352 -0.53837 0.42663 0.37332
1403636954.501666546 6.50946 -6.12914 -1.07282 0.62463 -0.54467 0.42149 0.36813
1403636954.701666594 6.62474 -6.24401 -1.05081 0.62109 -0.54524 0.42014 0.37475
1403636954.801666498 6.68436 -6.30442 -1.06175 0.61515 -0.54520 0.42472 0.37941
1403636954.901666403 6.74691 -6.36457 -1.07888 0.60934 -0.54580 0.42850 0.38365
1403636955.101666451 6.87176 -6.47619 -1.12456 0.60395 -0.54872 0.42640 0.39030
1403636955.401666403 7.06692 -6.63241 -1.15165 0.59663 -0.55554 0.42083 0.39788
1403636955.701666594 7.27653 -6.77543 -1.17432 0.59276 -0.56013 0.41625 0.40202
1403636955.901666403 7.42266 -6.86437 -1.18408 0.58961 -0.56422 0.41750 0.39963
1403636956.001666546 7.49664 -6.90806 -1.17812 0.58343 -0.57088 0.42417 0.39215
1403636956.101666451 7.57018 -6.95150 -1.16560 -0.57589 0.57745 -0.43255 -0.38445
1403636956.301666498 7.70107 -7.03085 -1.14238 -0.57274 0.58169 -0.43281 -0.38247
1403636956.501666546 7.81452 -7.10469 -1.14518 0.58296 -0.57022 0.41817 0.40018
1403636956.601666451 7.87351 -7.14129 -1.15295 0.58383 -0.56264 0.42698 0.40033
1403636956.701666594 7.93269 -7.17481 -1.16729 0.58511 -0.55695 0.44312 0.38872
1403636956.801666498 7.99070 -7.20326 -1.18193 0.59307 -0.54974 0.45672 0.37076
1403636956.901666403 8.04372 -7.22799 -1.18992 0.60857 -0.53626 0.46577 0.35373
1403636957.001666546 8.09116 -7.25114 -1.19029 0.62728 -0.51473 0.47232 0.34420
1403636957.101666451 8.13482 -7.27139 -1.18300 0.64703 -0.48944 0.47796 0.33669
1403636957.201666594 8.17565 -7.28884 -1.17071 0.66525 -0.46633 0.48235 0.32759
1403636957.301666498 8.21526 -7.30470 -1.15531 0.67728 -0.45033 0.48754 0.31750
1403636957.401666403 8.25313 -7.31860 -1.14507 0.68508 -0.43913 0.49228 0.30901
1403636957.501666546 8.29028 -7.33177 -1.14255 0.68922 -0.43269 0.49613 0.30268
1403636957.601666451 8.32704 -7.34375 -1.14703 0.69215 -0.42763 0.50032 0.29620
1403636957.701666594 8.36277 -7.35456 -1.15859 0.69663 -0.41989 0.50537 0.28811
1403636957.801666498 8.39819 -7.36464 -1.17588 0.70456 -0.40825 0.51141 0.27456
1403636957.901666403 8.43201 -7.37389 -1.19534 0.71567 -0.38970 0.51956 0.25693
1403636958.001666546 8.46384 -7.38152 -1.21336 0.72838 -0.36563 0.52814 0.23841
1403636958.101666451 8.49315 -7.39022 -1.22306 0.74111 -0.34052 0.53493 0.22058
1403636958.201666594 8.52045 -7.40115 -1.22420 0.75152 -0.31954 0.53932 0.20555
1403636958.301666498 8.54074 -7.41081 -1.21183 0.75901 -0.30010 0.54429 0.19390
1403636958.401666403 8.56592 -7.42514 -1.20274 0.76695 -0.28263 0.54519 0.18619
1403636958.501666546 8.58605 -7.43878 -1.18010 0.77225 -0.27146 0.54508 0.18121
1403636958.701666594 8.62373 -7.46972 -1.15692 0.77559 -0.26164 0.54592 0.17882
1403636959.101666451 8.70190 -7.53676 -1.16072 0.77609 -0.26634 0.54098 0.18462
1403636959.401666403 8.77350 -7.58715 -1.22177 0.77553 -0.26603 0.53750 0.19718
1403636959.801666498 8.88591 -7.62988 -1.31745 0.76870 -0.27428 0.54436 0.19378
1403636960.301666498 9.02279 -7.65442 -1.30511 0.77260 -0.27011 0.53720 0.20386
1403636960.501666546 9.08753 -7.65512 -1.31248 0.77061 -0.25985 0.54272 0.20998
1403636960.601666451 9.12316 -7.65048 -1.32080 0.77082 -0.25159 0.54623 0.21018
1403636960.701666594 9.16123 -7.63939 -1.33271 0.77049 -0.24975 0.55033 0.20273
1403636960.801666498 9.20089 -7.62142 -1.34819 0.77240 -0.25188 0.55169 0.18863
1403636960.901666403 9.23743 -7.60310 -1.36718 0.77681 -0.24495 0.55332 0.17438
1403636961.001666546 9.27459 -7.58179 -1.38344 0.78251 -0.22784 0.55664 0.16099
1403636961.101666451 9.31072 -7.55872 -1.39478 0.78799 -0.20699 0.56137 0.14522
1403636961.201666594 9.34505 -7.53353 -1.39962 0.79356 -0.18475 0.56540 0.12831
1403636961.301666498 9.37729 -7.50741 -1.39867 0.79863 -0.16236 0.56837 0.11307
1403636961.401666403 9.40915 -7.48265 -1.38927 0.80171 -0.14361 0.57116 0.10207
1403636961.501666546 9.43750 -7.45798 -1.37279 0.80411 -0.13097 0.57246 0.09241
1403636961.601666451 9.46602 -7.43382 -1.34952 0.80601 -0.11823 0.57408 0.08240
1403636961.701666594 9.49371 -7.40907 -1.32034 0.80737 -0.10410 0.57638 0.07148
1403636961.801666498 9.51954 -7.38413 -1.28749 0.80884 -0.08815 0.57816 0.06120
1403636961.901666403 9.54388 -7.35931 -1.25976 0.81116 -0.07032 0.57830 0.05138
1403636962.001666546 9.56791 -7.33247 -1.23765 0.81252 -0.05258 0.57929 0.03830
1403636962.101666451 9.59024 -7.30483 -1.22100 0.81455 -0.03379 0.57856 0.02519
1403636962.201666594 9.61099 -7.27648 -1.20261 0.81518 -0.01435 0.57892 0.01137
1403636962.301666498 9.63033 -7.24790 -1.17913 0.81436 0.00737 0.58031 -0.00134
1403636962.401666403 9.64744 -7.21756 -1.15039 0.81354 0.02849 0.58060 -0.01602
1403636962.501666546 9.66348 -7.18620 -1.11523 0.81240 0.05174 0.58014 -0.02762
1403636962.601666451 9.67735 -7.15305 -1.07684 0.81078 0.07769 0.57901 -0.03669
1403636962.701666594 9.68809 -7.11811 -1.04185 0.80818 0.10200 0.57849 -0.04236
1403636962.801666498 9.69759 -7.07922 -1.01217 0.80608 0.11852 0.57789 -0.04732
1403636962.901666403 9.70495 -7.03667 -0.98850 0.80434 0.12595 0.57814 -0.05410
1403636963.001666546 9.70966 -6.99067 -0.96944 0.80103 0.12467 0.58189 -0.06481
1403636963.101666451 9.71167 -6.94311 -0.95439 0.79575 0.12160 0.58891 -0.07195
1403636963.301666498 9.70100 -6.84470 -0.94359 0.80004 0.11274 0.58412 -0.07765
1403636963.501666546 9.67726 -6.74746 -0.94780 0.80499 0.10437 0.57908 -0.07594
1403636963.901666403 9.60506 -6.56394 -0.90337 0.80643 0.09636 0.58009 -0.06231
1403636964.101666451 9.55848 -6.47046 -0.84279 0.80589 0.09507 0.58123 -0.06060
1403636964.301666498 9.50046 -6.37465 -0.78624 0.80442 0.09759 0.58302 -0.05889
1403636964.501666546 9.43585 -6.27577 -0.75584 0.80316 0.10257 0.58405 -0.05746
1403636964.601666451 9.39993 -6.22289 -0.75094 0.80144 0.11177 0.58495 -0.05507
1403636964.701666594 9.35994 -6.16693 -0.75039 0.79993 0.12432 0.58422 -0.05781
1403636964.801666498 9.31553 -6.10725 -0.75312 0.79687 0.14113 0.58412 -0.06238
1403636964.901666403 9.26580 -6.04232 -0.75500 0.79231 0.15601 0.58447 -0.07938
1403636965.001666546 9.21196 -5.97340 -0.75031 0.78613 0.17517 0.58495 -0.09563
1403636965.101666451 9.15350 -5.90018 -0.73940 0.78314 0.19234 0.58069 -0.11174
1403636965.201666594 9.09089 -5.82716 -0.72077 0.78426 0.20633 0.57202 -0.12313
1403636965.301666498 9.02547 -5.75278 -0.69745 0.79161 0.21799 0.55629 -0.12792
1403636965.401666403 8.95919 -5.67534 -0.66893 0.80280 0.22666 0.53640 -0.12813
1403636965.501666546 8.89700 -5.59386 -0.63151 0.81076 0.22748 0.52281 -0.13264
1403636965.601666451 8.84369 -5.50782 -0.58140 0.80635 0.22025 0.52960 -0.14424
1403636965.701666594 8.79713 -5.42000 -0.52251 0.79596 0.20928 0.54533 -0.15894
1403636965.801666498 8.75443 -5.33444 -0.46921 0.78882 0.20299 0.55625 -0.16472
1403636965.901666403 8.71173 -5.25308 -0.42646 0.78432 0.20619 0.56393 -0.15595
1403636966.101666451 8.62403 -5.09730 -0.36349 0.78086 0.21079 0.57058 -0.14237
1403636966.301666498 8.52787 -4.94525 -0.32849 0.77980 0.20901 0.57355 -0.13880
1403636966.401666403 8.47730 -4.87093 -0.32269 0.78076 0.20046 0.57289 -0.14840
1403636966.501666546 8.42419 -4.79941 -0.32304 0.78263 0.18754 0.57050 -0.16385
1403636966.801666498 8.26154 -4.61682 -0.34337 0.78182 0.19042 0.57500 -0.14792
1403636967.001666546 8.14830 -4.51944 -0.33836 0.78280 0.18516 0.57461 -0.15086
1403636967.201666594 8.03050 -4.43650 -0.33970 0.78220 0.18934 0.57652 -0.14119
1403636967.401666403 7.90088 -4.36052 -0.35746 0.78136 0.19038 0.57845 -0.13648
1403636967.601666451 7.76164 -4.28985 -0.35258 0.78078 0.18948 0.58001 -0.13446
1403636967.801666498 7.61193 -4.22571 -0.35826 0.78093 0.18907 0.58040 -0.13241
1403636968.001666546 7.44945 -4.16284 -0.41407 0.78002 0.18899 0.58161 -0.13259
1403636968.201666594 7.27716 -4.10244 -0.48571 0.78046 0.18670 0.58064 -0.13743
1403636968.401666403 7.09017 -4.04824 -0.53576 0.78250 0.18729 0.57793 -0.13644
1403636968.601666451 6.89302 -4.00223 -0.55395 0.78317 0.18786 0.57714 -0.13509
1403636968.801666498 6.68983 -3.95763 -0.56010 0.78216 0.19449 0.57866 -0.12473
1403636969.001666546 6.47483 -3.90837 -0.55871 0.78348 0.19054 0.57715 -0.12944
1403636969.101666451 6.36533 -3.88385 -0.54954 0.78446 0.18738 0.57578 -0.13416
1403636969.201666594 6.25440 -3.86086 -0.53563 0.78933 0.18723 0.56911 -0.13420
1403636969.301666498 6.14198 -3.83919 -0.51521 0.79602 0.18731 0.55985 -0.13356
1403636969.401666403 6.03124 -3.81647 -0.48815 0.80025 0.18872 0.55407 -0.13035
1403636969.601666451 5.81769 -3.76754 -0.43755 0.80445 0.18885 0.54880 -0.12656
1403636969.801666498 5.62058 -3.71362 -0.40965 0.80450 0.18804 0.54926 -0.12546
1403636970.001666546 5.43818 -3.65404 -0.40573 0.80227 0.18586 0.55258 -0.12832
1403636970.101666451 5.35583 -3.62492 -0.40899 0.79598 0.18573 0.56126 -0.13004
1403636970.201666594 5.27277 -3.59296 -0.41493 0.79127 0.18528 0.56771 -0.13141
1403636970.401666403 5.10513 -3.52810 -0.43003 0.79421 0.18657 0.56326 -0.13098
1403636970.501666546 5.02253 -3.49602 -0.43641 0.79991 0.18752 0.55490 -0.13060
1403636970.601666451 4.93939 -3.46163 -0.43883 0.80443 0.18936 0.54801 -0.12930
1403636970.701666594 4.86073 -3.42663 -0.43563 0.80799 0.19179 0.54224 -0.12787
1403636970.801666498 4.78833 -3.38777 -0.42504 0.81159 0.19335 0.53639 -0.12740
1403636970.901666403 4.72208 -3.34632 -0.41645 0.81646 0.19523 0.52853 -0.12625
1403636971.001666546 4.66361 -3.30155 -0.41199 0.81853 0.19322 0.52508 -0.13028
1403636971.201666594 4.56960 -3.20475 -0.41585 0.81139 0.17765 0.53537 -0.15320
1403636971.301666498 4.53324 -3.15942 -0.42588 0.80662 0.16885 0.54174 -0.16544
1403636971.401666403 4.50192 -3.11940 -0.44143 0.80428 0.16349 0.54433 -0.17354
1403636971.601666451 4.45739 -3.05875 -0.48404 0.79972 0.17180 0.55157 -0.16337
1403636971.701666594 4.44185 -3.03622 -0.51173 0.79371 0.17968 0.56052 -0.15351
1403636971.901666403 4.41317 -3.00108 -0.57405 0.78642 0.18292 0.57011 -0.15187
1403636972.101666451 4.38061 -2.97955 -0.61593 0.78627 0.18518 0.56999 -0.15031
1403636972.201666594 4.36131 -2.97487 -0.62596 0.78984 0.18412 0.56501 -0.15171
1403636972.301666498 4.34184 -2.97276 -0.63006 0.79550 0.18275 0.55702 -0.15336
1403636972.701666594 4.29019 -2.98100 -0.57843 0.79246 0.18842 0.56253 -0.14164
1403636973.001666546 4.25868 -2.99607 -0.55495 0.79639 0.18247 0.56075 -0.13425
1403636973.101666451 4.24957 -3.00373 -0.55956 0.80086 0.17266 0.55900 -0.12778
1403636973.201666594 4.23978 -3.01121 -0.56877 0.80355 0.16457 0.55885 -0.12213
1403636973.301666498 4.23154 -3.01836 -0.58344 0.80384 0.15898 0.56120 -0.11676
1403636973.501666546 4.21908 -3.02893 -0.62596 0.80496 0.15166 0.56288 -0.11049
1403636973.801666498 4.20725 -3.03598 -0.70095 0.79856 0.14953 0.57337 -0.10581
1403636974.101666451 4.18639 -3.03776 -0.72497 0.80328 0.13990 0.56898 -0.10688
1403636974.201666594 4.17757 -3.04368 -0.72943 0.80814 0.12650 0.56681 -0.09821
1403636974.301666498 4.17299 -3.04824 -0.74154 0.81123 0.10907 0.56865 -0.08156
1403636974.401666403 4.16835 -3.05359 -0.75693 0.81300 0.08721 0.57213 -0.06392
1403636974.501666546 4.16333 -3.05892 -0.77720 0.81291 0.06207 0.57724 -0.04604
1403636974.701666594 4.15198 -3.06667 -0.82425 0.81436 0.01062 0.58019 -0.00946
1403636974.801666498 4.14318 -3.07052 -0.84190 0.81763 -0.01480 0.57555 0.00395
1403636974.901666403 4.13456 -3.07340 -0.85111 0.82134 -0.04124 0.56883 0.01122
1403636975.001666546 4.12808 -3.07768 -0.85639 0.82341 -0.06479 0.56341 0.01920
1403636975.101666451 4.12859 -3.08484 -0.84767 0.82140 -0.08235 0.56349 0.03160
1403636975.301666498 4.13821 -3.10405 -0.84052 0.81049 -0.09601 0.57502 0.05689
1403636975.501666546 4.14276 -3.11699 -0.86111 0.80837 -0.09862 0.57663 0.06566
1403636975.701666594 4.15423 -3.12862 -0.87467 0.81562 -0.09558 0.56686 0.06551
1403636976.001666546 4.18491 -3.14106 -0.85264 0.81656 -0.10990 0.56216 0.07164
1403636976.101666451 4.19985 -3.14693 -0.85021 0.80860 -0.13026 0.56889 0.07457
1403636976.201666594 4.21328 -3.15449 -0.85201 0.79937 -0.15596 0.57522 0.07623
1403636976.301666498 4.22387 -3.16663 -0.85937 0.79165 -0.18191 0.57729 0.08325
1403636976.501666546 4.23243 -3.20598 -0.88774 0.78038 -0.22568 0.57141 0.11647
1403636976.601666451 4.23214 -3.23178 -0.90828 0.77867 -0.23551 0.56464 0.13925
1403636976.701666594 4.22993 -3.25717 -0.93426 0.77721 -0.24186 0.55965 0.15570
1403636976.801666498 4.22796 -3.28211 -0.96621 0.77640 -0.24913 0.55557 0.16270
1403636976.901666403 4.22621 -3.30648 -1.00062 0.77893 -0.25643 0.54892 0.16187
1403636977.101666451 4.22460 -3.35826 -1.04614 0.78090 -0.26338 0.54421 0.15705
1403636977.501666546 4.23545 -3.49618 -1.07264 0.77797 -0.25087 0.55457 0.15581
1403636977.801666498 4.24034 -3.61283 -1.13423 0.77426 -0.25409 0.55899 0.15327
1403636978.001666546 4.23589 -3.69540 -1.18699 0.77216 -0.26074 0.55811 0.15586
1403636978.201666594 4.22473 -3.78315 -1.20977 0.77355 -0.25878 0.55398 0.16661
1403636978.401666403 4.20886 -3.86954 -1.20485 0.77912 -0.25970 0.54467 0.16990
1403636978.501666546 4.20458 -3.91204 -1.19536 0.78452 -0.26123 0.53610 0.16995
1403636978.601666451 4.20310 -3.95440 -1.18862 0.78969 -0.26383 0.52757 0.16867
1403636978.801666498 4.21248 -4.04425 -1.18970 0.79489 -0.26617 0.51863 0.16829
1403636979.001666546 4.24667 -4.14556 -1.20545 0.78382 -0.26235 0.53512 0.17449
1403636979.101666451 4.26947 -4.19846 -1.22119 0.77604 -0.25939 0.54647 0.17846
1403636979.301666498 4.31464 -4.29535 -1.27079 0.77837 -0.25958 0.54337 0.17752
1403636979.401666403 4.33986 -4.34250 -1.29242 0.78446 -0.26063 0.53468 0.17554
1403636979.601666451 4.40054 -4.43361 -1.30893 0.79040 -0.26385 0.52557 0.17154
1403636979.801666498 4.47810 -4.52840 -1.30016 0.79009 -0.26496 0.52426 0.17525
1403636979.901666403 4.52585 -4.57926 -1.28755 0.78465 -0.26513 0.53108 0.17887
1403636980.001666546 4.57697 -4.62989 -1.27799 0.78077 -0.26479 0.53549 0.18312
1403636980.201666594 4.68249 -4.72575 -1.27890 0.77716 -0.26682 0.53870 0.18611
1403636980.401666403 4.79486 -4.81634 -1.29909 0.76981 -0.26954 0.54813 0.18521
1403636980.601666451 4.90584 -4.90060 -1.33762 0.76356 -0.27219 0.55728 0.17982
1403636980.901666403 5.05277 -5.01340 -1.37242 0.77225 -0.26593 0.54736 0.18253
1403636981.201666594 5.19862 -5.11387 -1.38191 0.77182 -0.26777 0.54843 0.17836
1403636981.301666498 5.24737 -5.14435 -1.39406 0.76588 -0.27623 0.55556 0.16877
1403636981.601666451 5.37225 -5.23982 -1.44381 0.76989 -0.27431 0.54677 0.18184
1403636981.801666498 5.44918 -5.30443 -1.45457 0.77693 -0.27253 0.53368 0.19313
1403636982.001666546 5.53748 -5.36544 -1.43718 0.78583 -0.27984 0.51758 0.19044
1403636982.201666594 5.64545 -5.43263 -1.42782 0.79101 -0.28915 0.50791 0.18090
1403636982.401666403 5.77694 -5.51431 -1.43220 0.78122 -0.29430 0.52238 0.17379
1403636982.501666546 5.84805 -5.56353 -1.43374 0.77224 -0.29240 0.53618 0.17508
1403636982.601666451 5.91860 -5.61645 -1.42760 0.76804 -0.28877 0.54309 0.17825
1403636982.801666498 6.05687 -5.72786 -1.40809 0.77278 -0.28636 0.53853 0.17549
1403636983.001666546 6.18799 -5.84726 -1.40183 0.77593 -0.28181 0.53497 0.17981
1403636983.101666451 6.25765 -5.90861 -1.40627 0.77224 -0.27940 0.54042 0.18307
1403636983.301666498 6.38678 -6.02988 -1.43138 0.76940 -0.27376 0.54435 0.19174
1403636983.501666546 6.52300 -6.14702 -1.46993 0.76835 -0.27385 0.54486 0.19435
1403636983.701666594 6.65234 -6.25143 -1.48956 0.77388 -0.27701 0.53518 0.19482
1403636983.901666403 6.79044 -6.35092 -1.47737 0.77891 -0.27983 0.52597 0.19582
1403636984.101666451 6.93959 -6.44921 -1.44335 0.78061 -0.28452 0.52116 0.19516
1403636984.201666594 7.02264 -6.50166 -1.42843 0.77804 -0.28469 0.52399 0.19758
1403636984.301666498 7.10858 -6.55455 -1.42058 0.77392 -0.28431 0.52917 0.20049
1403636984.401666403 7.19534 -6.60519 -1.42166 0.77100 -0.28475 0.53265 0.20189
1403636984.501666546 7.28501 -6.65548 -1.42950 0.76854 -0.28439 0.53552 0.20415
1403636984.701666594 7.46112 -6.74444 -1.44741 0.76740 -0.28320 0.53728 0.20550
1403636984.901666403 7.64072 -6.82719 -1.44577 0.76508 -0.28749 0.54142 0.19715
1403636985.001666546 7.73033 -6.86731 -1.43744 0.76445 -0.28821 0.54253 0.19548
1403636985.201666594 7.89787 -6.93721 -1.42558 0.76624 -0.28604 0.53973 0.19936
1403636985.401666403 8.06642 -7.00014 -1.45125 0.76762 -0.28143 0.53949 0.20126
1403636985.501666546 8.16273 -7.03024 -1.46204 0.77173 -0.27215 0.53928 0.19884
1403636985.601666451 8.24733 -7.05606 -1.46086 0.77410 -0.26293 0.54140 0.19626
1403636985.701666594 8.33703 -7.07873 -1.45522 0.77562 -0.25425 0.54325 0.19657
1403636985.801666498 8.42688 -7.09755 -1.44075 0.77483 -0.24766 0.54750 0.19634
1403636985.901666403 8.51340 -7.10953 -1.42872 0.76562 -0.24076 0.56264 0.19825
1403636986.001666546 8.60158 -7.11310 -1.41885 0.75488 -0.23450 0.57853 0.20117
1403636986.201666594 8.75680 -7.10253 -1.43374 0.76265 -0.23550 0.56941 0.19665
1403636986.301666498 8.82995 -7.08664 -1.44917 0.77210 -0.23868 0.55660 0.19257
1403636986.401666403 8.90402 -7.06528 -1.46572 0.77679 -0.24174 0.55015 0.18838
1403636986.501666546 8.97806 -7.03980 -1.48276 0.77770 -0.24686 0.54912 0.18085
1403636986.601666451 9.05046 -7.01289 -1.49228 0.77673 -0.25115 0.55076 0.17400
1403636986.701666594 9.12089 -6.98471 -1.49248 0.77605 -0.25431 0.55184 0.16897
1403636986.801666498 9.19056 -6.95761 -1.48328 0.77488 -0.25778 0.55351 0.16351
1403636987.001666546 9.31668 -6.90636 -1.43762 0.77302 -0.25769 0.55563 0.16527
1403636987.201666594 9.43452 -6.86181 -1.38023 0.77156 -0.25535 0.55608 0.17398
1403636987.401666403 9.54128 -6.81164 -1.34049 0.76855 -0.25554 0.55980 0.17510
1403636987.501666546 9.59449 -6.78470 -1.33035 0.76672 -0.25002 0.56438 0.17638
1403636987.601666451 9.64348 -6.75573 -1.32435 0.76456 -0.24415 0.56898 0.17915
1403636987.801666498 9.72615 -6.68734 -1.31446 0.76408 -0.23925 0.57250 0.17658
1403636987.901666403 9.76139 -6.64847 -1.30103 0.76492 -0.24025 0.57252 0.17147
1403636988.001666546 9.79170 -6.60520 -1.28345 0.76699 -0.24474 0.57044 0.16255
1403636988.101666451 9.81796 -6.56234 -1.26729 0.76941 -0.25080 0.56700 0.15367
1403636988.301666498 9.85508 -6.48355 -1.24815 0.76641 -0.25827 0.56995 0.14520
1403636988.401666403 9.86812 -6.44867 -1.23811 0.75987 -0.25824 0.57828 0.14662
1403636988.501666546 9.87276 -6.41638 -1.22103 0.75569 -0.25600 0.58379 0.15027
1403636988.701666594 9.84897 -6.35476 -1.17552 0.75234 -0.25549 0.58824 0.15059
1403636988.901666403 9.79210 -6.29662 -1.14747 0.74807 -0.25462 0.59377 0.15163
1403636989.201666594 9.63037 -6.21443 -1.14104 0.74357 -0.25710 0.59859 0.15063
1403636989.301666498 9.55659 -6.18834 -1.14120 0.74985 -0.25513 0.59006 0.15640
1403636989.401666403 9.47348 -6.16389 -1.13447 0.75983 -0.25267 0.57651 0.16264
1403636989.501666546 9.38431 -6.13884 -1.12004 0.76757 -0.25275 0.56571 0.16408
1403636989.601666451 9.29287 -6.11340 -1.09948 0.77133 -0.25174 0.56021 0.16686
1403636989.801666498 9.10940 -6.05987 -1.06608 0.77589 -0.24800 0.55362 0.17318
1403636990.001666546 8.92923 -6.00262 -1.05228 0.76948 -0.24793 0.56263 0.17286
1403636990.201666594 8.74576 -5.93841 -1.03203 0.76524 -0.24567 0.56850 0.17569
1403636990.401666403 8.55524 -5.86514 -0.98872 0.77219 -0.24321 0.55998 0.17606
1403636990.601666451 8.36620 -5.78403 -0.95288 0.77675 -0.24299 0.55521 0.17135
1403636990.801666498 8.18049 -5.70215 -0.94243 0.78029 -0.24039 0.55162 0.17051
1403636991.001666546 8.00313 -5.61971 -0.95518 0.78076 -0.23915 0.55163 0.17009
1403636991.201666594 7.83659 -5.53803 -0.98092 0.78045 -0.23894 0.55152 0.17212
1403636991.401666403 7.67612 -5.45072 -0.98745 0.78137 -0.24111 0.54934 0.17191
1403636991.601666451 7.52390 -5.36496 -0.96045 0.78081 -0.24526 0.54859 0.17099
1403636991.801666498 7.38305 -5.28260 -0.90936 0.77747 -0.25848 0.55053 0.16014
1403636992.001666546 7.24597 -5.20995 -0.86143 0.77628 -0.26460 0.54928 0.16018
1403636992.201666594 7.11118 -5.15551 -0.84192 0.77208 -0.25773 0.55351 0.17636
1403636992.401666403 6.97485 -5.09833 -0.84134 0.77303 -0.25822 0.55030 0.18144
1403636992.501666546 6.91036 -5.06848 -0.84253 0.77584 -0.26024 0.54521 0.18193
1403636992.701666594 6.78827 -5.00695 -0.82206 0.77781 -0.26258 0.54013 0.18526
1403636992.901666403 6.66960 -4.94356 -0.79947 0.77801 -0.26344 0.53773 0.19011
1403636993.201666594 6.52257 -4.84656 -0.79730 0.77029 -0.26293 0.55160 0.18236
1403636993.301666498 6.47964 -4.81246 -0.79293 0.77170 -0.25420 0.55641 0.17398
1403636993.401666403 6.43669 -4.77707 -0.77798 0.77478 -0.24103 0.56099 0.16403
1403636993.501666546 6.39026 -4.74051 -0.75427 0.77924 -0.22519 0.56470 0.15227
1403636993.601666451 6.34295 -4.70303 -0.72651 0.78421 -0.20821 0.56726 0.14098
1403636993.701666594 6.29452 -4.66502 -0.70021 0.78930 -0.19499 0.56732 0.13089
1403636993.801666498 6.24649 -4.62743 -0.68082 0.79295 -0.18534 0.56692 0.12442
1403636994.101666451 6.09783 -4.51636 -0.64924 0.78875 -0.16617 0.57916 0.12177
1403636994.301666498 5.99091 -4.43451 -0.65156 0.77935 -0.16132 0.59266 0.12390
1403636994.601666451 5.79705 -4.28550 -0.66603 0.78056 -0.16460 0.59078 0.12091
1403636994.701666594 5.72511 -4.23234 -0.66158 0.78595 -0.17048 0.58332 0.11382
1403636994.801666498 5.65274 -4.17226 -0.64808 0.79116 -0.17859 0.57562 0.10405
1403636994.901666403 5.57268 -4.12395 -0.63887 0.79288 -0.18471 0.57259 0.09682
1403636995.101666451 5.41350 -4.02681 -0.62790 0.78820 -0.18020 0.57918 0.10397
1403636995.301666498 5.24887 -3.93652 -0.61557 0.78439 -0.17122 0.58526 0.11352
1403636995.501666546 5.06979 -3.84506 -0.57676 0.79166 -0.16756 0.57635 0.11409
1403636995.701666594 4.88890 -3.74804 -0.51882 0.79346 -0.16900 0.57410 0.11082
1403636995.901666403 4.70825 -3.65548 -0.48123 0.79442 -0.17828 0.57220 0.09854
1403636996.101666451 4.52547 -3.57244 -0.46657 0.79742 -0.17835 0.56773 0.09998
1403636996.301666498 4.34901 -3.50445 -0.45098 0.79945 -0.17130 0.56535 0.10912
1403636996.501666546 4.17812 -3.43711 -0.40344 0.80255 -0.15752 0.56619 0.10259
1403636996.601666451 4.09977 -3.40274 -0.37006 0.80553 -0.14466 0.56659 0.09571
1403636996.701666594 4.02205 -3.37174 -0.34226 0.80907 -0.12861 0.56702 0.08571
1403636996.801666498 3.94398 -3.33964 -0.32943 0.81258 -0.11084 0.56752 0.07313
1403636997.001666546 3.78830 -3.26649 -0.33459 0.81821 -0.07313 0.56867 0.04247
1403636997.101666451 3.72683 -3.23913 -0.33660 0.82038 -0.05509 0.56841 0.02914
1403636997.201666594 3.65956 -3.21039 -0.35298 0.82194 -0.04216 0.56769 0.01911
1403636997.301666498 3.59952 -3.18866 -0.37162 0.82284 -0.03220 0.56720 0.01331
1403636997.601666451 3.42955 -3.10694 -0.37551 0.82409 -0.02271 0.56593 0.00920
1403636997.901666403 3.29836 -3.03769 -0.31405 0.82585 -0.02519 0.56311 0.01573
1403636998.201666594 3.20882 -2.97471 -0.19877 0.82468 -0.03251 0.56442 0.01656
1403636998.601666451 3.13911 -2.89662 -0.08994 0.82131 -0.03702 0.56898 0.01832
1403636998.701666594 3.12891 -2.88157 -0.05317 0.81320 -0.03515 0.58051 0.02170
1403636998.801666498 3.11795 -2.86739 -0.01228 0.80811 -0.03399 0.58753 0.02474
1403636999.001666546 3.08673 -2.83286 0.05717 0.80699 -0.02889 0.58889 0.03384
1403636999.401666403 3.00360 -2.73141 0.12331 0.81118 -0.03229 0.58304 0.03186
1403636999.701666594 2.93225 -2.63743 0.12371 0.80668 -0.03708 0.58921 0.02676
1403637000.001666546 2.84139 -2.53553 0.10643 0.80647 -0.03475 0.58935 0.03258
1403637000.201666594 2.76753 -2.46055 0.11228 0.80926 -0.03312 0.58554 0.03395
1403637000.401666403 2.68822 -2.37833 0.12855 0.81011 -0.03533 0.58441 0.03046
1403637000.701666594 2.56031 -2.24503 0.13918 0.80931 -0.03520 0.58550 0.03115
1403637001.001666546 2.42588 -2.09962 0.17959 0.80849 -0.03767 0.58650 0.03076
1403637001.201666594 2.32457 -2.00216 0.18509 0.80760 -0.03967 0.58766 0.02951
1403637001.401666403 2.21344 -1.90417 0.20371 0.80900 -0.04244 0.58568 0.02622
1403637001.601666451 2.09233 -1.80897 0.24909 0.81358 -0.04448 0.57915 0.02631
1403637001.801666498 1.97597 -1.71666 0.27392 0.81283 -0.04645 0.58006 0.02606
1403637002.001666546 1.86104 -1.62770 0.27270 0.81522 -0.04625 0.57664 0.02759
1403637002.201666594 1.74619 -1.54313 0.25679 0.81597 -0.04646 0.57556 0.02768
1403637002.401666403 1.63357 -1.46078 0.23597 0.81648 -0.04382 0.57487 0.03089
1403637002.701666594 1.47303 -1.33562 0.25261 0.81587 -0.04035 0.57568 0.03626
1403637003.001666546 1.32084 -1.20290 0.27588 0.81531 -0.04614 0.57624 0.03301
1403637003.301666498 1.17487 -1.07029 0.24858 0.81402 -0.05024 0.57768 0.03356
1403637003.501666546 1.08109 -0.98265 0.24302 0.81142 -0.05272 0.58115 0.03282
1403637003.801666498 0.93529 -0.85378 0.27406 0.81236 -0.05492 0.57977 0.03047
1403637004.001666546 0.83930 -0.77402 0.27776 0.81699 -0.04991 0.57358 0.03223
1403637004.201666594 0.74610 -0.69563 0.25774 0.82036 -0.04555 0.56907 0.03307
1403637004.401666403 0.66436 -0.61821 0.25432 0.81931 -0.04664 0.57074 0.02840
1403637004.601666451 0.59323 -0.54070 0.29212 0.81246 -0.05087 0.58012 0.02812
1403637004.801666498 0.51332 -0.46547 0.33937 0.81118 -0.06787 0.58069 0.01342
1403637005.001666546 0.43448 -0.40746 0.33263 0.81810 -0.07155 0.57040 0.01532
1403637005.201666594 0.36336 -0.36779 0.29826 0.81696 -0.06373 0.57234 0.03062
1403637005.301666498 0.32778 -0.35144 0.27472 0.81892 -0.06125 0.56961 0.03400
1403637005.501666546 0.26213 -0.31714 0.23196 0.81693 -0.05552 0.57290 0.03642
1403637005.601666451 0.23014 -0.30165 0.21588 0.81615 -0.05414 0.57428 0.03425
1403637005.701666594 0.20295 -0.28482 0.20922 0.82034 -0.05627 0.56843 0.02765
1403637005.901666403 0.14801 -0.24729 0.23482 0.82037 -0.05368 0.56862 0.02782
1403637006.101666451 0.11617 -0.22184 0.24410 0.81598 -0.05279 0.57495 0.02866
1403637006.301666498 0.07988 -0.19294 0.25002 0.82024 -0.05487 0.56884 0.02502
1403637006.401666403 0.06429 -0.17950 0.24859 0.82674 -0.05618 0.55932 0.02250
1403637006.501666546 0.05335 -0.16899 0.24499 0.82928 -0.06029 0.55534 0.01626
1403637006.601666451 0.04872 -0.16354 0.24150 0.82473 -0.05812 0.56239 0.01253
1403637006.801666498 0.04079 -0.15246 0.23287 0.81597 -0.03367 0.57709 0.00503
1403637007.001666546 0.03657 -0.14930 0.21256 0.81769 0.00450 0.57541 -0.01634
1403637007.101666451 0.03510 -0.14894 0.20226 0.81647 0.02361 0.57641 -0.02409
1403637007.301666498 0.03028 -0.15089 0.18294 0.80922 0.04999 0.58451 -0.03180
1403637007.501666546 0.01693 -0.15004 0.16170 0.80725 0.05954 0.58617 -0.03463
1403637007.601666451 0.00617 -0.14776 0.14801 0.81184 0.06005 0.57967 -0.03595
1403637007.801666498 -0.01584 -0.13718 0.11888 0.82369 0.05913 0.56294 -0.03370
1403637008.001666546 -0.03014 -0.12089 0.10304 0.81220 0.04793 0.57981 -0.04299
1403637008.101666451 -0.03809 -0.11325 0.09468 0.81397 0.04706 0.57765 -0.03952
1403637008.301666498 -0.05342 -0.09868 0.08196 0.82941 0.04770 0.55580 -0.02993
1403637008.501666546 -0.05251 -0.07928 0.08761 0.82217 0.04273 0.56682 -0.03050
1403637008.601666451 -0.04679 -0.07050 0.09230 0.81605 0.03858 0.57572 -0.03339
1403637008.801666498 -0.03858 -0.05063 0.08873 0.81735 0.02311 0.57346 -0.05053
1403637009.101666451 -0.01657 -0.05516 0.05526 0.82067 0.02468 0.56927 -0.04279
1403637009.201666594 -0.00624 -0.06616 0.03918 0.81959 0.03210 0.57120 -0.03107
1403637009.301666498 0.00521 -0.07821 0.02120 0.81942 0.04291 0.57138 -0.01520
1403637009.401666403 0.01544 -0.08757 0.00827 0.81522 0.04457 0.57670 -0.02920
1403637009.501666546 0.01897 -0.09557 0.00455 0.80565 0.05881 0.58791 -0.04272
1403637009.701666594 0.00890 -0.10787 -0.00621 0.78907 0.03501 0.60881 -0.07417
1403637009.801666498 0.00739 -0.10874 -0.00641 0.78860 0.03174 0.60960 -0.07405
