1403637135.288319111 -0.01046 -0.04095 0.06907 0.83765 0.00609 0.54609 -0.00956
1403637135.388319016 -0.00564 -0.04294 0.11996 0.83698 0.00074 0.54723 -0.00035
1403637135.488318920 -0.00316 -0.03935 0.19611 0.82592 0.00251 0.56372 0.00904
1403637135.588319063 -0.00169 -0.02857 0.28954 0.81321 0.00684 0.58175 0.01448
1403637135.688318968 -0.00041 -0.03478 0.36716 0.80179 0.00910 0.59741 0.01238
1403637135.788319111 0.01017 -0.03348 0.43047 0.79304 0.00784 0.60912 0.00078
1403637135.888319016 0.00819 -0.03881 0.46550 0.79013 0.01160 0.61259 -0.01722
1403637136.088319063 0.01260 -0.03794 0.41518 0.79703 0.01495 0.60344 -0.01947
1403637136.188318968 0.01696 -0.03876 0.34089 0.80541 0.01740 0.59224 -0.01608
1403637136.288319111 0.01829 -0.03823 0.25696 0.81850 0.01909 0.57393 -0.01736
1403637136.388319016 0.01521 -0.03893 0.17882 0.83317 0.02054 0.55215 -0.02323
1403637136.488318920 0.00765 -0.03924 0.11752 0.84540 0.01978 0.53286 -0.03115
1403637136.588319063 0.00017 -0.04009 0.08887 0.85234 0.01784 0.52139 -0.03668
1403637136.788319111 -0.00521 -0.04200 0.15625 0.85325 0.01944 0.52011 -0.03276
1403637136.888319016 -0.00681 -0.04322 0.24455 0.84375 0.01934 0.53559 -0.02919
1403637136.988318920 -0.00621 -0.04609 0.34401 0.83060 0.01481 0.55624 -0.02183
1403637137.088319063 -0.00695 -0.04856 0.43383 0.81663 0.00502 0.57691 -0.01605
1403637137.188318968 -0.00877 -0.04821 0.49369 0.80367 -0.00334 0.59460 -0.02370
1403637137.288319111 -0.00918 -0.05049 0.51085 0.79580 -0.00151 0.60494 -0.02730
1403637137.488318920 -0.00396 -0.05242 0.42655 0.79522 0.00516 0.60568 -0.02733
1403637137.588319063 -0.00282 -0.05180 0.34521 0.80656 0.01279 0.59065 -0.02084
1403637137.688318968 -0.00390 -0.05087 0.25579 0.82324 0.01467 0.56736 -0.01280
1403637137.788319111 0.03449 -0.05451 0.17040 0.83616 0.03231 0.54536 -0.04874
1403637137.888319016 -0.01824 -0.05050 0.11660 0.84550 0.01635 0.53316 -0.02443
1403637137.988318920 -0.02674 -0.05227 0.09344 0.85456 0.02015 0.51841 -0.02397
1403637138.088319063 -0.02947 -0.05591 0.11727 0.86044 0.01944 0.50856 -0.02529
1403637138.188318968 -0.02777 -0.06002 0.18672 0.85541 0.02520 0.51668 -0.02595
1403637138.288319111 -0.02456 -0.06571 0.28296 0.84037 0.03166 0.54095 -0.01238
1403637138.388319016 -0.02355 -0.06621 0.38082 0.82032 0.02602 0.57128 -0.00644
1403637138.488318920 -0.02525 -0.06557 0.46004 0.80231 0.01868 0.59662 0.00014
1403637138.588319063 -0.02832 -0.06615 0.50216 0.79113 0.01351 0.61149 0.00142
1403637138.788319111 -0.02308 -0.06747 0.45769 0.79231 0.01022 0.60999 -0.00717
1403637138.888319016 -0.01591 -0.06912 0.38458 0.80166 0.00832 0.59766 -0.00793
1403637138.988318920 -0.01089 -0.06913 0.29660 0.81056 0.01017 0.58533 -0.01657
1403637139.088319063 -0.00849 -0.06760 0.21234 0.81662 0.01145 0.57610 -0.03339
1403637139.188318968 -0.00722 -0.06152 0.14146 0.82132 0.01309 0.56865 -0.04359
1403637139.288319111 -0.00596 -0.05687 0.09002 0.82344 0.01706 0.56519 -0.04712
1403637139.388319016 -0.00191 -0.05388 0.06175 0.82420 0.02279 0.56392 -0.04666
1403637139.488318920 -0.01735 -0.06259 0.05171 0.82244 0.03215 0.56542 -0.05338
1403637139.588319063 0.00833 -0.04099 0.04334 0.81904 0.03488 0.56979 -0.05740
1403637139.688318968 0.00624 -0.04691 0.03102 0.81582 0.03746 0.57438 -0.05577
1403637139.888319016 0.00821 -0.04948 0.01893 0.80868 0.03468 0.58461 -0.05546
1403637139.988318920 0.00838 -0.05140 0.01590 0.80377 0.02703 0.59175 -0.05536
1403637140.088319063 0.00939 -0.05207 0.01395 0.79777 0.01987 0.60026 -0.05352
1403637140.188318968 0.00782 -0.05411 0.01295 0.79256 0.01543 0.60742 -0.05141
1403637149.588319063 0.00718 -0.05730 0.00927 0.79953 0.01072 0.59877 -0.04586
1403637149.688318968 0.00888 -0.05690 0.00716 0.80407 0.02160 0.59206 -0.04969
1403637149.888319016 0.01052 -0.06162 0.00512 0.81508 0.02898 0.57588 -0.05629
1403637149.988318920 0.01303 -0.07014 0.00602 0.82626 0.03480 0.56002 -0.04959
1403637150.088319063 0.01719 -0.08327 0.01449 0.83636 0.04157 0.54545 -0.03565
1403637150.188318968 0.02796 -0.09896 0.03123 0.84004 0.04436 0.54010 -0.02564
1403637150.288319111 0.04824 -0.11421 0.05481 0.83739 0.04255 0.54455 -0.02074
1403637150.388319016 0.07351 -0.12816 0.08385 0.83054 0.03813 0.55527 -0.02079
1403637150.488318920 0.10422 -0.14117 0.10980 0.82445 0.03412 0.56455 -0.01989
1403637150.588319063 0.13576 -0.15398 0.13555 0.82213 0.03083 0.56818 -0.01791
1403637150.688318968 0.16592 -0.16822 0.16286 0.82116 0.02824 0.56977 -0.01591
1403637150.788319111 0.19811 -0.17985 0.18732 0.82090 0.02722 0.57027 -0.01323
1403637150.888319016 0.23175 -0.19294 0.20862 0.81775 0.02674 0.57485 -0.01051
1403637150.988318920 0.26615 -0.20887 0.22068 0.81307 0.02663 0.58147 -0.01003
1403637151.088319063 0.29654 -0.21047 0.24374 0.80875 0.02790 0.58740 -0.01066
1403637151.188318968 0.31818 -0.22044 0.26010 0.80549 0.02978 0.59175 -0.01145
1403637151.388319016 0.36538 -0.23730 0.29646 0.81451 0.02605 0.57909 -0.02353
1403637151.688318968 0.42312 -0.26370 0.38793 0.81777 0.03216 0.57414 -0.02429
1403637151.988318920 0.47524 -0.30215 0.43893 0.81829 0.03662 0.57319 -0.02280
1403637152.388319016 0.55456 -0.35402 0.50829 0.82156 0.03281 0.56860 -0.02549
1403637152.788319111 0.65290 -0.42313 0.50412 0.81894 0.03038 0.57252 -0.02531
1403637152.988318920 0.70594 -0.45359 0.52101 0.81510 0.03034 0.57803 -0.02384
1403637153.288319111 0.76842 -0.51759 0.55239 0.81739 0.03271 0.57490 -0.01702
1403637153.588319063 0.83237 -0.57450 0.56789 0.82158 0.03388 0.56895 -0.01265
1403637153.788319111 0.88134 -0.60357 0.60753 0.81902 0.03406 0.57262 -0.01250
1403637154.188318968 0.98127 -0.65711 0.62506 0.82411 0.02499 0.56526 -0.02648
1403637154.288319111 1.00870 -0.67000 0.61230 0.82902 0.01597 0.55771 -0.03790
1403637154.488318920 1.06991 -0.71015 0.57972 0.82438 0.01946 0.56488 -0.03058
1403637154.588319063 1.10746 -0.73605 0.56639 0.82202 0.02333 0.56853 -0.02247
1403637154.788319111 1.18542 -0.79717 0.53502 0.82911 0.02527 0.55851 -0.00045
1403637154.988318920 1.27277 -0.84601 0.51952 0.83357 0.00461 0.55229 0.01088
1403637155.088319063 1.32319 -0.87035 0.52351 0.83174 -0.00705 0.55486 0.01701
1403637155.288319111 1.43077 -0.92182 0.56087 0.82166 -0.02730 0.56865 0.02778
1403637155.388319016 1.49001 -0.93360 0.57528 0.81691 -0.03541 0.57477 0.03249
1403637155.588319063 1.61149 -0.96264 0.59078 0.81084 -0.06418 0.57997 0.04529
1403637155.688318968 1.64969 -0.99986 0.59437 0.81005 -0.07867 0.57923 0.04593
1403637155.888319016 1.74520 -1.05349 0.57315 0.80786 -0.11190 0.57587 0.05669
1403637155.988318920 1.79073 -1.08553 0.55428 0.80738 -0.13011 0.57135 0.06898
1403637156.188318968 1.87506 -1.16270 0.51872 0.79610 -0.17300 0.57305 0.08896
1403637156.288319111 1.90939 -1.20893 0.50272 0.79008 -0.19571 0.57212 0.10079
1403637156.488318920 1.96405 -1.31279 0.47170 0.77815 -0.24061 0.56605 0.12719
1403637156.588319063 1.98453 -1.37140 0.45358 0.77120 -0.26014 0.56344 0.14184
1403637156.688318968 2.00061 -1.43613 0.43044 0.76435 -0.27818 0.55998 0.15748
1403637156.888319016 2.02236 -1.57373 0.36741 0.76124 -0.30001 0.54457 0.18425
1403637156.988318920 2.03096 -1.64482 0.32783 0.76409 -0.30326 0.53603 0.19202
1403637157.088319063 2.04018 -1.71603 0.28323 0.76624 -0.30638 0.53116 0.19202
1403637157.388319016 2.07871 -1.95287 0.18564 0.76471 -0.31262 0.53486 0.17721
1403637157.688318968 2.09323 -2.20544 0.16851 0.76424 -0.31364 0.54033 0.16004
1403637157.888319016 2.08758 -2.42333 0.18723 0.76070 -0.30587 0.54775 0.16656
1403637157.988318920 2.07694 -2.53419 0.18609 0.75929 -0.30041 0.55043 0.17394
1403637158.088319063 2.06947 -2.63927 0.19742 0.75962 -0.29418 0.55049 0.18273
1403637158.288319111 2.03645 -2.87453 0.20333 0.75845 -0.29340 0.55071 0.18815
1403637158.388319016 2.01610 -2.98981 0.22038 0.75500 -0.30155 0.54961 0.19229
1403637158.488318920 1.98974 -3.10133 0.23096 0.74860 -0.31498 0.54858 0.19862
1403637158.588319063 1.95892 -3.21099 0.23554 0.73963 -0.33473 0.54740 0.20310
1403637158.688318968 1.92403 -3.32494 0.23113 0.72980 -0.35565 0.54454 0.21064
1403637158.788319111 1.88381 -3.43763 0.22140 0.72221 -0.37357 0.53821 0.22179
1403637158.888319016 1.83921 -3.54991 0.20750 0.71967 -0.38594 0.52922 0.23035
1403637158.988318920 1.79071 -3.66184 0.19793 0.72075 -0.39007 0.51971 0.24138
1403637159.088319063 1.74143 -3.77515 0.19526 0.72126 -0.39280 0.51393 0.24773
1403637159.188318968 1.69140 -3.88807 0.19356 0.71830 -0.39740 0.51573 0.24526
1403637159.388319016 1.58614 -4.11985 0.17646 0.71592 -0.40190 0.52005 0.23555
1403637159.588319063 1.46501 -4.35156 0.14157 0.72169 -0.39390 0.51641 0.23942
1403637159.688318968 1.40487 -4.47193 0.12208 0.72589 -0.38846 0.51263 0.24370
1403637159.788319111 1.34564 -4.59033 0.10504 0.72767 -0.38454 0.51130 0.24738
1403637159.888319016 1.28536 -4.71314 0.10375 0.72679 -0.38494 0.50950 0.25299
1403637159.988318920 1.22391 -4.83756 0.09548 0.72222 -0.39610 0.50440 0.25904
1403637160.088319063 1.16264 -4.96396 0.08646 0.71005 -0.41108 0.50471 0.26854
1403637160.188318968 1.10102 -5.08795 0.07586 0.69526 -0.42880 0.50414 0.28033
1403637160.288319111 1.03744 -5.21037 0.06155 0.68168 -0.44795 0.49749 0.29521
1403637160.388319016 0.97245 -5.33116 0.04159 0.66728 -0.46922 0.48778 0.31088
1403637160.488318920 0.90509 -5.44853 0.01878 0.65349 -0.49054 0.47305 0.32946
1403637160.588319063 0.83910 -5.56245 -0.00623 0.63974 -0.51191 0.45588 0.34763
1403637160.688318968 0.77445 -5.67395 -0.03305 0.62754 -0.53101 0.43935 0.36220
1403637160.788319111 0.71429 -5.78506 -0.05785 0.62038 -0.54512 0.42529 0.37027
1403637160.888319016 0.65713 -5.89598 -0.07640 0.61446 -0.55449 0.41798 0.37452
1403637160.988318920 0.61284 -6.01433 -0.08169 0.61100 -0.56267 0.41341 0.37305
1403637161.188318968 0.51748 -6.25629 -0.05778 0.59720 -0.57662 0.42554 0.36024
1403637161.288319111 0.48936 -6.42670 -0.06319 0.58575 -0.58199 0.43894 0.35429
1403637161.388319016 0.41039 -6.51425 -0.00257 0.58311 -0.58168 0.44482 0.35181
1403637161.488318920 0.34381 -6.64138 0.03408 0.58438 -0.58011 0.43937 0.35906
1403637161.588319063 0.26934 -6.76914 0.07078 -0.58147 0.58453 -0.43148 -0.36611
1403637161.688318968 0.18900 -6.89418 0.10379 -0.57449 0.58879 -0.42694 -0.37553
1403637161.788319111 0.10524 -7.01957 0.13286 -0.56579 0.58662 -0.42724 -0.39143
1403637161.888319016 0.01871 -7.14247 0.15931 -0.55481 0.58072 -0.43113 -0.41118
1403637161.988318920 -0.06754 -7.25453 0.18033 -0.54381 0.57527 -0.43678 -0.42727
1403637162.088319063 -0.15550 -7.35795 0.19450 -0.53658 0.57239 -0.44007 -0.43678
1403637162.288319111 -0.33154 -7.52728 0.19771 -0.52994 0.58423 -0.44622 -0.42275
1403637162.488318920 -0.51756 -7.64785 0.17669 -0.53516 0.59808 -0.44240 -0.40024
1403637162.588319063 -0.61864 -7.69365 0.16892 -0.54442 0.59989 -0.43156 -0.39686
1403637162.688318968 -0.72474 -7.73362 0.17214 -0.54221 0.59316 -0.43430 -0.40687
1403637162.788319111 -0.83632 -7.77048 0.17804 -0.52600 0.59055 -0.44566 -0.41948
1403637162.888319016 -0.95405 -7.79777 0.17630 -0.51319 0.59619 -0.44075 -0.43236
1403637162.988318920 -1.07921 -7.81651 0.16862 -0.50072 0.60568 -0.42619 -0.44810
1403637163.088319063 -1.20516 -7.82097 0.15635 -0.48468 0.61951 -0.40741 -0.46401
1403637163.188318968 -1.33134 -7.81365 0.14017 -0.46471 0.63498 -0.38589 -0.48160
1403637163.288319111 -1.45449 -7.79493 0.12132 -0.44205 0.65011 -0.36557 -0.49831
1403637163.388319016 -1.57486 -7.76828 0.09904 0.41761 -0.66679 0.35045 0.50812
1403637163.488318920 -1.69031 -7.73105 0.07318 0.39430 -0.68505 0.33878 0.51036
1403637163.588319063 -1.80349 -7.68630 0.04598 0.37743 -0.70379 0.32864 0.50421
1403637163.688318968 -1.91360 -7.63289 0.02714 -0.36699 0.72075 -0.31959 -0.49365
1403637163.788319111 -2.02756 -7.57466 0.01866 -0.35935 0.73292 -0.31496 -0.48425
1403637163.888319016 -2.14507 -7.50994 0.02276 -0.35159 0.74009 -0.31734 -0.47744
1403637163.988318920 -2.26927 -7.43873 0.03567 -0.34508 0.74106 -0.32182 -0.47768
1403637164.088319063 -2.40348 -7.36176 0.05587 -0.34408 0.73853 -0.32299 -0.48152
1403637164.188318968 -2.54655 -7.27736 0.08310 -0.34641 0.73366 -0.32314 -0.48715
1403637164.288319111 -2.69551 -7.18517 0.11568 -0.35425 0.72816 -0.31767 -0.49334
1403637164.388319016 -2.84710 -7.08626 0.14765 -0.36323 0.72536 -0.31150 -0.49486
1403637164.488318920 -3.00080 -6.98265 0.17275 -0.36821 0.72660 -0.31133 -0.48944
1403637164.588319063 -3.15913 -6.87681 0.18935 -0.36750 0.72846 -0.31957 -0.48184
1403637164.688318968 -3.32288 -6.76920 0.19876 -0.37060 0.72844 -0.32181 -0.47798
1403637164.788319111 -3.49023 -6.65905 0.20358 -0.37813 0.72173 -0.31389 -0.48744
1403637164.888319016 -3.65986 -6.54533 0.20252 -0.37955 0.71679 -0.30468 -0.49932
1403637164.988318920 -3.83137 -6.42870 0.19580 0.37457 -0.71775 0.29581 0.50698
1403637165.088319063 -4.00251 -6.31017 0.18542 0.36370 -0.72110 0.28719 0.51504
1403637165.188318968 -4.17373 -6.18968 0.17490 0.34796 -0.72432 0.27684 0.52691
1403637165.288319111 -4.34016 -6.06491 0.16479 0.33203 -0.73287 0.26138 0.53324
1403637165.388319016 -4.49885 -5.93696 0.16245 0.31880 -0.74647 0.24370 0.53081
1403637165.488318920 -4.65527 -5.80945 0.16886 0.30789 -0.75795 0.23134 0.52650
1403637165.588319063 -4.81009 -5.68274 0.18385 0.30138 -0.76402 0.21944 0.52659
1403637165.688318968 -4.96393 -5.55856 0.20155 0.30231 -0.76469 0.20285 0.53170
1403637165.788319111 -5.11235 -5.44107 0.21505 0.30631 -0.76334 0.18757 0.53694
1403637165.888319016 -5.25324 -5.33160 0.22228 0.31230 -0.76068 0.17551 0.54133
1403637165.988318920 -5.38609 -5.23043 0.22349 0.32364 -0.75581 0.16926 0.54347
1403637166.088319063 -5.51209 -5.14101 0.21413 0.33636 -0.75051 0.16751 0.54364
1403637166.288319111 -5.73031 -4.99545 0.15423 0.34738 -0.74024 0.17890 0.54714
1403637166.388319016 -5.82146 -4.93729 0.12569 0.34464 -0.72278 0.19966 0.56475
1403637166.488318920 -5.89430 -4.88394 0.10308 0.34433 -0.70795 0.21813 0.57678
1403637166.688318968 -5.98701 -4.77501 0.06875 0.36029 -0.71860 0.21658 0.55399
1403637166.788319111 -6.01000 -4.72297 0.05441 0.37397 -0.72496 0.20331 0.54152
1403637166.888319016 -6.02200 -4.68082 0.03802 0.38665 -0.72132 0.19021 0.54224
1403637166.988318920 -6.02209 -4.65152 0.02021 0.39681 -0.71041 0.18027 0.55259
1403637167.088319063 -6.00578 -4.63529 0.00800 0.40535 -0.69772 0.17300 0.56476
1403637167.188318968 -5.96491 -4.63253 0.00446 0.41044 -0.68620 0.16862 0.57640
1403637167.388319016 -5.81156 -4.66461 0.01956 0.40962 -0.68719 0.16733 0.57618
1403637167.488318920 -5.70498 -4.70617 0.02145 0.39803 -0.70478 0.18441 0.55754
1403637167.588319063 -5.58356 -4.75545 0.01808 0.38065 -0.72294 0.21012 0.53694
1403637167.688318968 -5.45465 -4.80845 0.01016 0.36751 -0.73310 0.23238 0.52297
1403637167.788319111 -5.32307 -4.86144 -0.00504 0.36852 -0.73714 0.24285 0.51171
1403637167.888319016 -5.19114 -4.91607 -0.02511 -0.37866 0.73842 -0.24773 -0.49999
1403637167.988318920 -5.06285 -4.97446 -0.04034 -0.39230 0.73495 -0.24566 -0.49558
1403637168.088319063 -4.93591 -5.03705 -0.04906 -0.40280 0.72932 -0.24560 -0.49550
1403637168.188318968 -4.81055 -5.10372 -0.06447 -0.40417 0.72942 -0.25374 -0.49011
1403637168.288319111 -4.68572 -5.17336 -0.09445 -0.40499 0.72437 -0.25960 -0.49385
1403637168.388319016 -4.56494 -5.24518 -0.13708 0.40483 -0.71514 0.26434 0.50479
1403637168.488318920 -4.44333 -5.31733 -0.18559 0.40200 -0.70651 0.27192 0.51507
1403637168.588319063 -4.31632 -5.38723 -0.23888 0.39964 -0.70695 0.27696 0.51362
1403637168.688318968 -4.19048 -5.45504 -0.28656 0.40128 -0.71079 0.27477 0.50819
1403637168.788319111 -4.06228 -5.52338 -0.32743 0.40231 -0.71404 0.27244 0.50406
1403637168.888319016 -3.93536 -5.59590 -0.34976 0.40548 -0.71416 0.26675 0.50438
1403637168.988318920 -3.80748 -5.65844 -0.39025 0.40793 -0.71388 0.26091 0.50587
1403637169.088319063 -3.67933 -5.72908 -0.42658 0.41269 -0.71092 0.25397 0.50968
1403637169.188318968 -3.54539 -5.80541 -0.45796 0.41877 -0.70498 0.25554 0.51219
1403637169.288319111 -3.40700 -5.88581 -0.47941 0.42875 -0.69573 0.26550 0.51151
1403637169.388319016 -3.26506 -5.96693 -0.49080 0.44169 -0.68451 0.28073 0.50750
1403637169.488318920 -3.11111 -6.05062 -0.49653 0.45957 -0.67013 0.29697 0.50152
1403637169.588319063 -2.95309 -6.13271 -0.49580 -0.48135 0.65070 -0.31362 -0.49652
1403637169.688318968 -2.78836 -6.21151 -0.48915 -0.50526 0.62775 -0.33065 -0.49125
1403637169.788319111 -2.61789 -6.28653 -0.48550 -0.52751 0.60865 -0.34825 -0.47959
1403637169.888319016 -2.44036 -6.35744 -0.48938 -0.54858 0.58910 -0.36141 -0.47053
1403637169.988318920 -2.25865 -6.41949 -0.49725 -0.56710 0.56906 -0.37311 -0.46408
1403637170.088319063 -2.06717 -6.48425 -0.51793 0.58421 -0.55231 0.38338 0.45461
1403637170.188318968 -1.86925 -6.54146 -0.53959 0.59863 -0.53470 0.39663 0.44545
1403637170.288319111 -1.66252 -6.59183 -0.56755 0.61373 -0.51574 0.40766 0.43722
1403637170.388319016 -1.44735 -6.63413 -0.59712 0.62376 -0.49914 0.42829 0.42233
1403637170.488318920 -1.22405 -6.66737 -0.63228 0.62794 -0.48318 0.45933 0.40156
1403637170.588319063 -1.00264 -6.69152 -0.66532 0.63052 -0.46293 0.49109 0.38336
1403637170.688318968 -0.78022 -6.70309 -0.71441 0.63545 -0.43953 0.51795 0.36707
1403637170.788319111 -0.57294 -6.69305 -0.74496 0.64557 -0.41587 0.53738 0.34859
1403637170.888319016 -0.36060 -6.68809 -0.78571 0.66423 -0.39411 0.54546 0.32549
1403637170.988318920 -0.16547 -6.64952 -0.82342 0.68470 -0.37110 0.55001 0.30158
1403637171.088319063 0.02323 -6.60513 -0.84814 0.70090 -0.35025 0.55699 0.27535
1403637171.188318968 0.20133 -6.55231 -0.86279 0.71464 -0.33124 0.56043 0.25590
1403637171.288319111 0.36831 -6.49250 -0.86950 0.71954 -0.31632 0.56860 0.24269
1403637171.388319016 0.52397 -6.42656 -0.86756 0.72375 -0.30114 0.57208 0.24129
1403637171.488318920 0.66871 -6.35228 -0.85758 0.72792 -0.28923 0.57117 0.24546
1403637171.588319063 0.80703 -6.26751 -0.84568 0.73091 -0.28387 0.56898 0.24787
1403637171.688318968 0.93835 -6.17195 -0.83681 0.73177 -0.28084 0.56679 0.25375
1403637171.788319111 1.06436 -6.06550 -0.83284 0.73039 -0.28105 0.56565 0.25997
1403637171.888319016 1.18549 -5.94793 -0.83414 0.72806 -0.28213 0.56483 0.26702
1403637171.988318920 1.29932 -5.81670 -0.84029 0.72546 -0.28474 0.56464 0.27167
1403637172.088319063 1.40849 -5.67126 -0.85100 0.72293 -0.28741 0.56450 0.27587
1403637172.188318968 1.51065 -5.51287 -0.86572 0.72158 -0.29745 0.56471 0.26824
1403637172.288319111 1.60571 -5.34479 -0.87737 0.72474 -0.31548 0.56018 0.24783
1403637172.388319016 1.69448 -5.17169 -0.87891 0.72579 -0.33155 0.55701 0.23032
1403637172.488318920 1.77375 -4.99852 -0.87068 0.72512 -0.34504 0.55525 0.21642
1403637172.588319063 1.84227 -4.82681 -0.85261 0.72320 -0.35351 0.55502 0.20971
1403637172.688318968 1.89764 -4.66112 -0.82726 0.72229 -0.36018 0.55381 0.20463
1403637172.788319111 1.94068 -4.50200 -0.79668 0.72368 -0.36787 0.54798 0.20169
1403637172.888319016 1.97003 -4.35005 -0.76570 0.73026 -0.38292 0.53025 0.19730
1403637172.988318920 1.99154 -4.20884 -0.74415 0.73840 -0.39972 0.50759 0.19325
1403637173.088319063 2.01108 -4.08176 -0.73898 0.74202 -0.41452 0.49097 0.19112
1403637173.188318968 2.02557 -3.97245 -0.74796 0.73792 -0.43246 0.48082 0.19306
1403637173.288319111 2.03968 -3.88448 -0.76356 0.72536 -0.45001 0.47857 0.20571
1403637173.388319016 2.04854 -3.81237 -0.77877 0.70871 -0.46600 0.48017 0.22364
1403637173.488318920 2.05185 -3.75651 -0.79592 0.69224 -0.48268 0.47978 0.24007
1403637173.588319063 2.04365 -3.71383 -0.81844 0.67621 -0.50076 0.47849 0.25106
1403637173.688318968 2.03081 -3.68366 -0.84712 0.65967 -0.52299 0.47634 0.25380
1403637173.788319111 2.00834 -3.66486 -0.88372 0.64673 -0.54517 0.46900 0.25410
1403637173.888319016 1.97535 -3.66002 -0.92508 0.63915 -0.56663 0.45485 0.25204
1403637173.988318920 1.92634 -3.67252 -0.96034 0.64106 -0.57210 0.43718 0.26573
1403637174.088319063 1.86591 -3.70665 -0.97500 0.64026 -0.55949 0.43264 0.29977
1403637174.188318968 1.80219 -3.75708 -0.97049 0.62932 -0.54289 0.44555 0.33274
1403637174.288319111 1.73665 -3.81450 -0.95522 0.61562 -0.53319 0.46287 0.34995
1403637174.388319016 1.66729 -3.86932 -0.93585 0.60886 -0.53366 0.47190 0.34900
1403637174.488318920 1.59371 -3.92176 -0.91073 0.59707 -0.54191 0.48452 0.33924
1403637174.588319063 1.50865 -3.96994 -0.87942 0.58773 -0.55028 0.48709 0.33837
1403637174.688318968 1.41033 -4.01605 -0.84673 0.58022 -0.55488 0.47871 0.35538
1403637174.788319111 1.30226 -4.05876 -0.81882 0.56909 -0.56058 0.46654 0.37978
1403637174.888319016 1.18914 -4.09646 -0.80054 -0.55785 0.57817 -0.44910 -0.39094
1403637174.988318920 1.07234 -4.12742 -0.78649 -0.54468 0.59942 -0.43166 -0.39710
1403637175.088319063 0.95192 -4.15545 -0.77530 -0.53024 0.61287 -0.42166 -0.40674
1403637175.188318968 0.82855 -4.18127 -0.76688 -0.51258 0.61889 -0.42280 -0.41891
1403637175.288319111 0.70213 -4.19958 -0.76114 -0.49506 0.61979 -0.42870 -0.43243
1403637175.388319016 0.57138 -4.21007 -0.75966 -0.48438 0.61782 -0.43098 -0.44490
1403637175.488318920 0.43804 -4.20775 -0.76452 -0.48005 0.62334 -0.43105 -0.44180
1403637175.588319063 0.30029 -4.19267 -0.77426 -0.48085 0.63271 -0.42865 -0.42979
1403637175.688318968 0.15686 -4.16768 -0.78420 -0.48603 0.64056 -0.42228 -0.41849
1403637175.788319111 0.00520 -4.13508 -0.78500 -0.49038 0.64296 -0.41831 -0.41371
1403637175.888319016 -0.15577 -4.09772 -0.77550 -0.49730 0.63841 -0.41118 -0.41958
1403637175.988318920 -0.32294 -4.05703 -0.75735 -0.50188 0.62949 -0.40796 -0.43062
1403637176.088319063 -0.49296 -4.01059 -0.73039 -0.49936 0.62181 -0.41483 -0.43808
1403637176.188318968 -0.66499 -3.95821 -0.70396 -0.49928 0.61377 -0.41885 -0.44561
1403637176.288319111 -0.83765 -3.89724 -0.68458 -0.49788 0.61059 -0.41960 -0.45082
1403637176.388319016 -1.01070 -3.82710 -0.67139 -0.49636 0.61159 -0.41764 -0.45295
1403637176.488318920 -1.18393 -3.74846 -0.66431 -0.49770 0.61632 -0.40911 -0.45285
1403637176.588319063 -1.35727 -3.66324 -0.66027 -0.49394 0.62537 -0.40020 -0.45252
1403637176.688318968 -1.53007 -3.57296 -0.66032 -0.48893 0.63680 -0.39072 -0.45031
1403637176.788319111 -1.70049 -3.47890 -0.66442 -0.48486 0.64653 -0.38265 -0.44777
1403637176.888319016 -1.87013 -3.38289 -0.67202 -0.48324 0.65509 -0.37406 -0.44431
1403637176.988318920 -2.03908 -3.28607 -0.68352 -0.48550 0.66249 -0.36381 -0.43936
1403637177.088319063 -2.20833 -3.19162 -0.70104 -0.49112 0.67345 -0.35069 -0.42695
1403637177.188318968 -2.37947 -3.10198 -0.72254 -0.49621 0.68472 -0.33881 -0.41247
1403637177.288319111 -2.55456 -3.02296 -0.74680 -0.49941 0.69112 -0.33143 -0.40385
1403637177.388319016 -2.73092 -2.95707 -0.77482 -0.50229 0.69389 -0.32572 -0.40016
1403637177.488318920 -2.90626 -2.90538 -0.81019 -0.50911 0.69153 -0.31410 -0.40489
1403637177.588319063 -3.08996 -2.86720 -0.83766 -0.51378 0.68747 -0.30150 -0.41535
1403637177.688318968 -3.26718 -2.84961 -0.86168 -0.51716 0.67932 -0.29309 -0.43030
1403637177.788319111 -3.43567 -2.84680 -0.87138 -0.51552 0.67247 -0.29022 -0.44474
1403637177.888319016 -3.60201 -2.85614 -0.88319 -0.50389 0.67864 -0.29071 -0.44837
1403637177.988318920 -3.75787 -2.87706 -0.89897 -0.49175 0.68618 -0.28145 -0.45621
1403637178.088319063 -3.90486 -2.90753 -0.91874 -0.48480 0.68737 -0.25898 -0.47478
1403637178.188318968 -4.03896 -2.94716 -0.94022 -0.47558 0.69171 -0.24013 -0.48754
1403637178.288319111 -4.16395 -3.00015 -0.95785 0.46848 -0.68978 0.22724 0.50308
1403637178.388319016 -4.26450 -3.06835 -0.96966 0.46496 -0.68443 0.21588 0.51842
1403637178.488318920 -4.34792 -3.15424 -0.97048 0.46180 -0.68248 0.20923 0.52649
1403637178.588319063 -4.41413 -3.24642 -0.96573 0.45684 -0.68461 0.20991 0.52777
1403637178.688318968 -4.46156 -3.35249 -0.96325 0.44596 -0.68893 0.22514 0.52517
1403637178.788319111 -4.49615 -3.46415 -0.96339 0.43232 -0.68961 0.24586 0.52638
1403637178.888319016 -4.52680 -3.57777 -0.96889 0.42043 -0.69038 0.26451 0.52597
1403637178.988318920 -4.53486 -3.69381 -0.97813 0.41185 -0.69086 0.27881 0.52474
1403637179.088319063 -4.53512 -3.81109 -0.99382 0.40868 -0.69124 0.28587 0.52292
1403637179.188318968 -4.53999 -3.90891 -1.01456 0.41132 -0.69506 0.28470 0.51639
1403637179.288319111 -4.53309 -4.01053 -1.03091 0.41734 -0.69675 0.27982 0.51193
1403637179.488318920 -4.49520 -4.20752 -1.00902 0.42354 -0.69679 0.27525 0.50926
1403637179.588319063 -4.47040 -4.30698 -0.99318 0.42362 -0.69597 0.27604 0.50987
1403637179.788319111 -4.39918 -4.50226 -1.00768 0.42605 -0.69206 0.26883 0.51698
1403637179.888319016 -4.35642 -4.60452 -1.05297 0.43255 -0.68409 0.25625 0.52845
1403637180.088319063 -4.23037 -4.81110 -1.17134 0.42975 -0.68512 0.25863 0.52824
1403637180.188318968 -4.14893 -4.91548 -1.22649 0.42272 -0.69241 0.27037 0.51843
1403637180.288319111 -4.06014 -5.01779 -1.27176 0.41812 -0.69786 0.27899 0.51023
1403637180.388319016 -3.96708 -5.11587 -1.30725 0.41680 -0.70417 0.28223 0.50077
1403637180.488318920 -3.87186 -5.21220 -1.33784 -0.42057 0.71508 -0.27653 -0.48509
1403637180.588319063 -3.77741 -5.31029 -1.35883 -0.42392 0.72061 -0.27038 -0.47740
1403637180.688318968 -3.68492 -5.41539 -1.36662 -0.42731 0.71074 -0.26460 -0.49218
1403637180.788319111 -3.58989 -5.52368 -1.36746 0.42455 -0.70415 0.26539 0.50350
1403637180.888319016 -3.49124 -5.63568 -1.36093 0.42625 -0.69766 0.25766 0.51497
1403637180.988318920 -3.38549 -5.74874 -1.34808 0.42868 -0.69355 0.24762 0.52336
1403637181.088319063 -3.27078 -5.86269 -1.32648 0.42893 -0.69247 0.24080 0.52775
1403637181.188318968 -3.14495 -5.97697 -1.29746 0.41902 -0.69829 0.25122 0.52316
1403637181.288319111 -3.01079 -6.09053 -1.25981 0.40650 -0.70220 0.26578 0.52061
1403637181.388319016 -2.87144 -6.20259 -1.21517 0.40001 -0.69973 0.27154 0.52596
1403637181.488318920 -2.72677 -6.31077 -1.16425 0.39976 -0.69890 0.26871 0.52870
1403637181.588319063 -2.57531 -6.41613 -1.10872 0.39981 -0.70310 0.26437 0.52526
1403637181.688318968 -2.41736 -6.51945 -1.04652 0.39828 -0.70730 0.26154 0.52220
1403637181.788319111 -2.25616 -6.62253 -0.98312 0.39217 -0.71090 0.26562 0.51987
1403637181.888319016 -2.09366 -6.72501 -0.92470 0.38706 -0.71197 0.27006 0.51996
1403637181.988318920 -1.93103 -6.82560 -0.87271 0.38520 -0.71257 0.27165 0.51969
1403637182.088319063 -1.76750 -6.92274 -0.82474 0.38339 -0.70884 0.27508 0.52430
1403637182.188318968 -1.60294 -7.01584 -0.78013 0.37919 -0.70627 0.28421 0.52595
1403637182.288319111 -1.43755 -7.10333 -0.74058 0.37364 -0.70418 0.29672 0.52581
1403637182.388319016 -1.27294 -7.18133 -0.70517 0.37020 -0.70099 0.30594 0.52722
1403637182.488318920 -1.10952 -7.24726 -0.66950 0.36921 -0.69389 0.31134 0.53410
1403637182.588319063 -0.94632 -7.30046 -0.62808 0.37360 -0.68801 0.30812 0.54049
1403637182.688318968 -0.78067 -7.33867 -0.58101 0.37608 -0.68737 0.30683 0.54032
1403637182.788319111 -0.61063 -7.36433 -0.53209 0.37379 -0.68899 0.31122 0.53732
1403637182.888319016 -0.43839 -7.37754 -0.48821 0.36951 -0.69163 0.31639 0.53386
1403637182.988318920 -0.26521 -7.37901 -0.45269 0.36332 -0.69414 0.32376 0.53042
1403637183.088319063 -0.09271 -7.36767 -0.43270 0.35626 -0.69700 0.33228 0.52617
1403637183.188318968 0.07726 -7.34352 -0.42978 0.35175 -0.69970 0.33830 0.52177
1403637183.288319111 0.24269 -7.30380 -0.43940 0.34935 -0.70207 0.34173 0.51795
1403637183.388319016 0.40246 -7.25036 -0.45389 0.34688 -0.70481 0.34469 0.51391
1403637183.488318920 0.55383 -7.18225 -0.47185 0.34573 -0.70499 0.34527 0.51405
1403637183.588319063 0.69651 -7.09867 -0.49390 0.34379 -0.70675 0.34806 0.51104
1403637183.688318968 0.83199 -6.99980 -0.51918 0.34106 -0.70759 0.35149 0.50936
1403637183.788319111 0.95828 -6.88447 -0.54799 -0.33895 0.71353 -0.35542 -0.49967
1403637183.988318920 1.16908 -6.61843 -0.58779 -0.33500 0.72705 -0.36116 -0.47826
1403637184.088319063 1.24831 -6.46433 -0.59408 -0.33347 0.73128 -0.36206 -0.47216
1403637184.188318968 1.31182 -6.29585 -0.59138 -0.33667 0.73247 -0.35679 -0.47206
1403637184.288319111 1.36072 -6.11633 -0.58893 -0.34714 0.72942 -0.34223 -0.47992
1403637184.488318920 1.43775 -5.74526 -0.62493 -0.37314 0.72899 -0.30702 -0.48484
1403637184.588319063 1.46641 -5.55711 -0.65434 -0.38167 0.73368 -0.29617 -0.47784
1403637184.688318968 1.49066 -5.37109 -0.68550 -0.38754 0.73834 -0.28896 -0.47029
1403637184.788319111 1.50652 -5.18906 -0.71321 -0.39137 0.74283 -0.28453 -0.46269
1403637184.888319016 1.51507 -5.01397 -0.73261 -0.39372 0.74522 -0.28162 -0.45861
1403637184.988318920 1.51398 -4.84844 -0.74238 -0.39568 0.74674 -0.27958 -0.45568
1403637185.088319063 1.50933 -4.68886 -0.74719 -0.39853 0.74760 -0.27575 -0.45412
1403637185.188318968 1.49361 -4.53861 -0.74058 -0.39839 0.74857 -0.27497 -0.45312
1403637185.288319111 1.47004 -4.39233 -0.73172 -0.40071 0.75018 -0.27121 -0.45067
1403637185.388319016 1.43144 -4.26122 -0.71285 -0.40675 0.75131 -0.26243 -0.44857
1403637185.488318920 1.38550 -4.14562 -0.68344 -0.41144 0.75209 -0.25486 -0.44734
1403637185.588319063 1.33375 -4.05050 -0.64514 -0.41034 0.74972 -0.25489 -0.45230
1403637185.688318968 1.27746 -3.96867 -0.60241 -0.40433 0.74174 -0.26279 -0.46614
1403637185.788319111 1.21705 -3.89511 -0.56423 -0.40105 0.73326 -0.26690 -0.47984
1403637185.888319016 1.15381 -3.82925 -0.53504 -0.40130 0.72776 -0.26614 -0.48836
1403637185.988318920 1.09040 -3.76935 -0.51369 -0.39925 0.72401 -0.26867 -0.49418
1403637186.088319063 1.02809 -3.71354 -0.49439 -0.39678 0.72033 -0.27225 -0.49958
1403637186.188318968 0.96802 -3.65980 -0.47068 0.39577 -0.71916 0.27399 0.50111
1403637186.388319016 0.85329 -3.56263 -0.39714 0.39480 -0.71740 0.27536 0.50364
1403637186.588319063 0.74659 -3.47210 -0.29666 0.38604 -0.71887 0.28600 0.50240
1403637186.788319111 0.64258 -3.37659 -0.20808 -0.38072 0.72710 -0.29029 -0.49204
1403637186.988318920 0.52817 -3.27323 -0.15309 -0.36622 0.73934 -0.30869 -0.47326
1403637187.188318968 0.38599 -3.16119 -0.12589 -0.36204 0.73565 -0.31224 -0.47985
1403637187.288319111 0.30168 -3.09853 -0.12281 -0.36587 0.73947 -0.29776 -0.48027
1403637187.388319016 0.21270 -3.03620 -0.12485 -0.37197 0.74428 -0.27990 -0.47890
1403637187.488318920 0.11826 -2.97693 -0.12790 -0.37528 0.74795 -0.26732 -0.47778
1403637187.588319063 0.02045 -2.92096 -0.13318 -0.37564 0.75130 -0.26073 -0.47587
1403637187.688318968 -0.08148 -2.87149 -0.14011 -0.37284 0.75427 -0.25992 -0.47382
1403637187.788319111 -0.18827 -2.82694 -0.14839 -0.37110 0.75675 -0.25888 -0.47180
1403637187.888319016 -0.30068 -2.78884 -0.15964 -0.37119 0.75913 -0.25673 -0.46908
1403637187.988318920 -0.41743 -2.75755 -0.17317 -0.37317 0.75758 -0.25311 -0.47197
1403637188.088319063 -0.53810 -2.73294 -0.18949 -0.37512 0.75419 -0.24986 -0.47755
1403637188.188318968 -0.66238 -2.71459 -0.20735 -0.37773 0.74794 -0.24634 -0.48706
1403637188.288319111 -0.78733 -2.70316 -0.22647 0.38008 -0.73848 0.24288 0.50119
1403637188.388319016 -0.91012 -2.69693 -0.24929 0.37690 -0.73393 0.24678 0.50832
1403637188.588319063 -1.14498 -2.69156 -0.30424 0.36156 -0.73230 0.25680 0.51678
1403637188.688318968 -1.25974 -2.68822 -0.33699 0.34603 -0.73754 0.26055 0.51809
1403637188.788319111 -1.37446 -2.68325 -0.37401 0.32471 -0.74611 0.26511 0.51730
1403637188.888319016 -1.49002 -2.67459 -0.41218 0.30719 -0.75460 0.26309 0.51673
1403637188.988318920 -1.61176 -2.65924 -0.45282 0.29933 -0.76098 0.25402 0.51652
1403637189.088319063 -1.72404 -2.64345 -0.47185 0.30097 -0.76615 0.23754 0.51576
1403637189.188318968 -1.84174 -2.62493 -0.49284 0.30284 -0.77413 0.22511 0.50828
1403637189.288319111 -1.96221 -2.60875 -0.51996 0.29954 -0.78004 0.22343 0.50188
1403637189.388319016 -2.08608 -2.59342 -0.55894 0.29329 -0.77736 0.23044 0.50655
1403637189.488318920 -2.21259 -2.58131 -0.59911 0.29063 -0.76939 0.23540 0.51785
1403637189.588319063 -2.34220 -2.56167 -0.62989 0.29410 -0.76309 0.23360 0.52595
1403637189.788319111 -2.59793 -2.52268 -0.65757 0.30247 -0.75927 0.22837 0.52903
1403637189.888319016 -2.72709 -2.49902 -0.67334 0.30539 -0.75906 0.22596 0.52869
1403637189.988318920 -2.85209 -2.47079 -0.66999 0.30557 -0.75711 0.22617 0.53128
1403637190.088319063 -2.97456 -2.44567 -0.65790 0.30493 -0.75452 0.22588 0.53544
1403637190.188318968 -3.09452 -2.42001 -0.64297 0.30391 -0.75337 0.22585 0.53765
1403637190.288319111 -3.21175 -2.39537 -0.62456 0.30173 -0.75296 0.22712 0.53891
1403637190.388319016 -3.32399 -2.36981 -0.59880 0.29996 -0.75377 0.22741 0.53864
1403637190.488318920 -3.43206 -2.34484 -0.56788 0.29758 -0.75363 0.22893 0.53952
1403637190.588319063 -3.53646 -2.31834 -0.54054 0.29931 -0.75297 0.22452 0.54133
1403637190.788319111 -3.72952 -2.26314 -0.50498 0.31696 -0.74644 0.22741 0.53912
1403637190.988318920 -3.90520 -2.20652 -0.48941 0.32675 -0.74118 0.24793 0.53143
1403637191.288319111 -4.14982 -2.10408 -0.50636 0.33659 -0.73466 0.25653 0.53025
1403637191.488318920 -4.29663 -2.02475 -0.52926 0.33936 -0.73176 0.25385 0.53378
1403637191.588319063 -4.36225 -1.98156 -0.53064 0.34237 -0.73108 0.24718 0.53592
1403637191.688318968 -4.42126 -1.93779 -0.52489 0.34540 -0.73713 0.23887 0.52941
1403637191.788319111 -4.47563 -1.89527 -0.51272 0.34736 -0.74299 0.23279 0.52261
1403637191.888319016 -4.52921 -1.85579 -0.49482 0.35333 -0.74233 0.22150 0.52445
1403637191.988318920 -4.57966 -1.82063 -0.46907 0.35898 -0.73999 0.21097 0.52824
1403637192.188318968 -4.66121 -1.77178 -0.39878 0.35989 -0.75078 0.20417 0.51490
1403637192.388319016 -4.72686 -1.76201 -0.30594 0.36679 -0.74706 0.19233 0.51998
1403637192.588319063 -4.77407 -1.79169 -0.23069 0.35446 -0.75960 0.20787 0.50415
1403637192.788319111 -4.81697 -1.85411 -0.17965 -0.34924 0.76524 -0.21517 -0.49612
1403637192.888319016 -4.84398 -1.89563 -0.15842 0.34888 -0.76122 0.21750 0.50151
1403637192.988318920 -4.87229 -1.94332 -0.12948 0.34813 -0.75699 0.22122 0.50679
1403637193.088319063 -4.90115 -1.99692 -0.09349 0.34401 -0.75861 0.22825 0.50406
1403637193.188318968 -4.93100 -2.05294 -0.05358 -0.33321 0.76919 -0.24281 -0.48823
1403637193.288319111 -4.96624 -2.11036 -0.01552 -0.32732 0.77508 -0.25017 -0.47908
1403637193.388319016 -5.01138 -2.16952 0.00899 -0.33352 0.76912 -0.24121 -0.48891
1403637193.488318920 -5.06242 -2.23113 0.02227 0.33987 -0.76124 0.23262 0.50088
1403637193.588319063 -5.11581 -2.29527 0.03744 0.34616 -0.75628 0.22509 0.50750
1403637193.788319111 -5.22452 -2.44209 0.08821 0.35247 -0.75268 0.21751 0.51179
1403637193.988318920 -5.32655 -2.60791 0.14886 0.35159 -0.74905 0.21943 0.51687
1403637194.088319063 -5.37251 -2.69343 0.16223 0.34864 -0.74552 0.22315 0.52236
1403637194.288319111 -5.45771 -2.87387 0.15849 0.34672 -0.74687 0.22472 0.52103
1403637194.488318920 -5.53019 -3.06471 0.16674 0.34703 -0.75019 0.22302 0.51677
1403637194.688318968 -5.59693 -3.27128 0.20591 0.34765 -0.75373 0.21988 0.51253
1403637194.888319016 -5.65889 -3.49088 0.25367 0.34726 -0.75982 0.21664 0.50513
1403637194.988318920 -5.69146 -3.60645 0.27100 0.34349 -0.75716 0.22123 0.50969
1403637195.088319063 -5.72319 -3.72362 0.28256 0.34091 -0.75144 0.22462 0.51833
1403637195.188318968 -5.75410 -3.84292 0.28634 0.33855 -0.74627 0.22768 0.52595
1403637195.288319111 -5.78295 -3.96073 0.28262 0.33710 -0.74279 0.22962 0.53093
1403637195.388319016 -5.80890 -4.07716 0.27411 0.33680 -0.74076 0.23073 0.53349
1403637195.488318920 -5.82939 -4.19468 0.26925 0.33936 -0.73934 0.23536 0.53180
1403637195.588319063 -5.84593 -4.31066 0.27071 0.34578 -0.73767 0.23966 0.52805
1403637195.688318968 -5.85907 -4.42455 0.28128 0.35078 -0.73457 0.24433 0.52694
1403637195.788319111 -5.86854 -4.53543 0.29607 0.35627 -0.73181 0.24509 0.52674
1403637195.988318920 -5.87250 -4.75503 0.33247 0.37383 -0.72102 0.22940 0.53643
1403637196.088319063 -5.86384 -4.86433 0.34320 0.38123 -0.71252 0.22070 0.54614
1403637196.188318968 -5.84427 -4.97487 0.34993 0.38553 -0.70022 0.21506 0.56107
1403637196.288319111 -5.80976 -5.08542 0.35244 0.38612 -0.68924 0.21381 0.57458
1403637196.388319016 -5.75749 -5.19616 0.34978 0.38642 -0.68135 0.21113 0.58470
1403637196.488318920 -5.68554 -5.30474 0.34009 0.38475 -0.67975 0.21167 0.58745
1403637196.588319063 -5.59525 -5.41283 0.32498 0.38116 -0.68179 0.21524 0.58613
1403637196.688318968 -5.48767 -5.51847 0.30485 0.37717 -0.68659 0.21923 0.58162
1403637196.788319111 -5.36338 -5.62117 0.27830 0.37211 -0.69110 0.22522 0.57723
1403637196.888319016 -5.22338 -5.72029 0.24838 0.37098 -0.69028 0.22440 0.57925
1403637196.988318920 -5.06760 -5.81573 0.21534 0.36484 -0.69254 0.23312 0.57701
1403637197.088319063 -4.89769 -5.90789 0.18540 0.36288 -0.69716 0.24591 0.56728
1403637197.188318968 -4.71533 -5.99398 0.16249 0.36909 -0.69910 0.25874 0.55505
1403637197.288319111 -4.52399 -6.07373 0.14883 0.38363 -0.69742 0.27272 0.54042
1403637197.388319016 -4.32677 -6.14799 0.14367 0.40340 -0.69170 0.29018 0.52403
1403637197.488318920 -4.12635 -6.21538 0.14636 0.43226 -0.68010 0.30584 0.50702
1403637197.588319063 -3.92364 -6.27819 0.15581 -0.46743 0.66211 -0.32019 -0.49051
1403637197.688318968 -3.71926 -6.33597 0.17225 -0.50061 0.63951 -0.33937 -0.47460
1403637197.788319111 -3.51447 -6.38855 0.19649 -0.53176 0.61300 -0.35655 -0.46296
1403637197.888319016 -3.30577 -6.43678 0.22777 -0.56068 0.58381 -0.37110 -0.45506
1403637197.988318920 -3.09198 -6.48152 0.26348 0.58407 -0.55894 0.38557 0.44473
1403637198.088319063 -2.87391 -6.51933 0.30692 0.60267 -0.53745 0.40049 0.43306
1403637198.188318968 -2.64961 -6.55259 0.35780 0.61953 -0.51832 0.41347 0.42021
1403637198.288319111 -2.41960 -6.58011 0.41590 0.63574 -0.49755 0.42453 0.40994
1403637198.388319016 -2.18312 -6.59995 0.47521 0.64986 -0.47547 0.43437 0.40365
1403637198.488318920 -1.94493 -6.62099 0.52902 0.65882 -0.45712 0.44132 0.40278
1403637198.588319063 -1.70236 -6.63090 0.57197 0.66413 -0.44362 0.44439 0.40577
1403637198.688318968 -1.45123 -6.63743 0.58985 0.66657 -0.43685 0.44614 0.40720
1403637198.788319111 -1.18867 -6.63761 0.59535 0.66590 -0.43504 0.44957 0.40645
1403637198.888319016 -0.92318 -6.62365 0.58506 0.65851 -0.43348 0.46026 0.40818
1403637198.988318920 -0.65048 -6.59444 0.56984 0.64742 -0.43691 0.47737 0.40258
1403637199.088319063 -0.37444 -6.55156 0.55759 0.64397 -0.44012 0.48969 0.38961
1403637199.188318968 -0.10212 -6.49141 0.55022 0.64924 -0.43953 0.49562 0.37372
1403637199.288319111 0.16430 -6.41693 0.54932 0.65816 -0.42986 0.50155 0.36123
1403637199.388319016 0.42713 -6.32960 0.55555 0.66808 -0.41278 0.50969 0.35142
1403637199.488318920 0.68715 -6.23113 0.56544 0.67911 -0.39237 0.51916 0.33959
1403637199.588319063 0.94431 -6.12249 0.57206 0.68972 -0.37227 0.52910 0.32521
1403637199.688318968 1.19728 -6.00171 0.57083 0.69525 -0.35496 0.54536 0.30529
1403637199.788319111 1.44606 -5.87218 0.55899 0.70005 -0.33899 0.56326 0.27884
1403637199.888319016 1.68785 -5.73555 0.52585 0.70160 -0.32087 0.58632 0.24705
1403637199.988318920 1.91636 -5.59350 0.47524 0.69945 -0.29852 0.61301 0.21418
1403637200.088319063 2.12139 -5.44487 0.41890 0.69905 -0.26951 0.63594 0.18512
1403637200.188318968 2.29728 -5.29301 0.35916 0.70609 -0.23584 0.64750 0.16297
1403637200.288319111 2.44572 -5.13821 0.29429 0.72406 -0.20311 0.64177 0.15035
1403637200.388319016 2.56763 -4.98022 0.22893 0.74950 -0.17783 0.62102 0.14481
1403637200.488318920 2.66985 -4.81708 0.17216 0.77137 -0.16468 0.59924 0.13708
1403637200.588319063 2.76182 -4.64934 0.12609 0.77978 -0.16503 0.59177 0.12047
1403637200.688318968 2.84561 -4.48271 0.09006 0.78278 -0.16795 0.58884 0.11098
1403637200.888319016 2.98784 -4.15943 0.04414 0.77741 -0.18602 0.59194 0.10312
1403637201.088319063 3.08974 -3.85462 0.02739 0.77441 -0.20078 0.58882 0.11516
1403637201.288319111 3.15310 -3.55682 0.04125 0.77213 -0.21995 0.58453 0.11729
1403637201.388319016 3.17679 -3.43301 0.04792 0.76840 -0.24314 0.58252 0.10547
1403637201.588319063 3.19223 -3.19429 0.04953 0.76239 -0.29015 0.57141 0.08986
1403637201.788319111 3.16347 -3.02436 0.03441 0.75388 -0.30378 0.57354 0.10217
1403637202.088319063 3.03740 -2.88324 0.02890 0.75715 -0.30828 0.56666 0.10290
1403637202.188318968 2.97407 -2.86675 0.03372 0.76709 -0.30779 0.55404 0.09941
1403637202.288319111 2.90121 -2.86229 0.04240 0.78008 -0.29442 0.53978 0.11590
1403637202.588319063 2.69488 -2.92258 0.05153 0.78706 -0.27139 0.53497 0.14382
1403637202.688318968 2.63355 -2.95962 0.06342 0.78207 -0.26702 0.54294 0.14930
1403637202.788319111 2.57297 -3.00216 0.08508 0.77986 -0.26078 0.54696 0.15697
1403637203.088319063 2.39589 -3.12555 0.12593 0.78166 -0.24804 0.54421 0.17698
1403637203.288319111 2.29379 -3.20934 0.12721 0.78067 -0.24820 0.54479 0.17930
1403637203.588319063 2.15943 -3.30557 0.10456 0.77971 -0.24802 0.54512 0.18269
1403637203.888319016 2.05103 -3.37810 0.04844 0.77788 -0.24898 0.54636 0.18550
1403637204.188318968 1.95678 -3.42257 -0.02264 0.77766 -0.25009 0.54571 0.18682
1403637204.488318920 1.87812 -3.43394 -0.02844 0.77174 -0.25593 0.55256 0.18330
1403637204.788319111 1.80217 -3.42681 0.02156 0.77230 -0.26162 0.54800 0.18658
1403637205.088319063 1.73123 -3.40535 0.03884 0.77906 -0.26587 0.53671 0.18528
1403637205.388319016 1.68123 -3.37831 0.01692 0.78312 -0.25506 0.53781 0.18006
1403637205.588319063 1.66304 -3.35807 0.02339 0.78226 -0.24141 0.54627 0.17715
1403637205.888319016 1.64714 -3.31478 0.00133 0.78320 -0.23517 0.54914 0.17244
1403637206.188318968 1.64394 -3.25370 -0.02133 0.78116 -0.23933 0.55319 0.16278
1403637206.888319016 1.61212 -3.10848 0.05400 0.77727 -0.24112 0.55685 0.16621
1403637207.688318968 1.49187 -2.91186 0.04324 0.78013 -0.25897 0.54787 0.15546
1403637208.088319063 1.40790 -2.83901 0.09033 0.77966 -0.25127 0.54766 0.17047
1403637208.488318920 1.33260 -2.78862 0.19287 0.77507 -0.25975 0.55194 0.16478
1403637208.888319016 1.25106 -2.74817 0.20083 0.77445 -0.25260 0.55206 0.17789
1403637209.088319063 1.20348 -2.72775 0.16303 0.77930 -0.23858 0.54486 0.19724
1403637209.288319111 1.18320 -2.68002 0.14377 0.78657 -0.22835 0.54665 0.17417
1403637209.388319016 1.17440 -2.65201 0.13814 0.79312 -0.22209 0.54421 0.15960
1403637209.488318920 1.16617 -2.61999 0.14093 0.80158 -0.21614 0.53690 0.14997
1403637209.588319063 1.16850 -2.60122 0.14011 0.81333 -0.21122 0.52304 0.14249
1403637209.688318968 1.17059 -2.56897 0.16441 0.82241 -0.20848 0.51164 0.13565
1403637209.888319016 1.21429 -2.53309 0.20666 0.82983 -0.20773 0.50165 0.12876
1403637210.088319063 1.30063 -2.51310 0.21061 0.84056 -0.21059 0.48318 0.12510
1403637210.188318968 1.36279 -2.50855 0.19073 0.84613 -0.21364 0.47282 0.12194
1403637210.288319111 1.44079 -2.51327 0.16543 0.85075 -0.21511 0.46423 0.12018
1403637210.488318920 1.65441 -2.55506 0.11150 0.84934 -0.21436 0.46697 0.12087
1403637210.588319063 1.79140 -2.58824 0.08872 0.84172 -0.21218 0.48089 0.12341
1403637210.688318968 1.94210 -2.62433 0.05985 0.83500 -0.21056 0.49298 0.12416
1403637210.888319016 2.26665 -2.72515 -0.00282 0.82493 -0.21734 0.50963 0.11193
1403637211.088319063 2.61865 -2.84437 -0.07715 0.80622 -0.22506 0.53726 0.10352
1403637211.188318968 2.79722 -2.91395 -0.12241 0.80259 -0.22237 0.54237 0.11063
1403637211.388319016 3.14875 -3.06826 -0.21420 0.79161 -0.21569 0.55678 0.12974
1403637211.488318920 3.32117 -3.14883 -0.26683 0.78920 -0.21562 0.55944 0.13307
1403637211.688318968 3.65441 -3.30970 -0.36568 0.79385 -0.22047 0.55219 0.12759
1403637211.888319016 3.97642 -3.47881 -0.43398 0.80253 -0.23226 0.53834 0.11044
1403637212.088319063 4.29551 -3.67198 -0.46499 0.79716 -0.22408 0.54649 0.12521
1403637212.188318968 4.45513 -3.77408 -0.46875 0.78892 -0.21940 0.55825 0.13351
1403637212.288319111 4.61010 -3.87583 -0.46764 0.78414 -0.21732 0.56463 0.13816
1403637212.488318920 4.90445 -4.07171 -0.44759 0.78207 -0.21793 0.56613 0.14271
1403637212.588319063 5.04089 -4.16441 -0.43009 0.78668 -0.22046 0.55885 0.14219
1403637212.688318968 5.17575 -4.25516 -0.41035 0.79220 -0.22262 0.55032 0.14145
1403637212.988318920 5.58224 -4.53272 -0.33902 0.79881 -0.21660 0.54103 0.14925
1403637213.088319063 5.71822 -4.62358 -0.31263 0.79900 -0.21639 0.54151 0.14676
1403637213.188318968 5.85424 -4.71448 -0.29238 0.79946 -0.21743 0.54171 0.14189
1403637213.388319016 6.12560 -4.89549 -0.26753 0.79797 -0.21647 0.54480 0.13992
1403637213.488318920 6.26092 -4.98463 -0.26221 0.79566 -0.21534 0.54819 0.14158
1403637213.688318968 6.52941 -5.15755 -0.26894 0.79659 -0.20249 0.54688 0.15927
1403637213.888319016 6.80082 -5.31492 -0.29794 0.80059 -0.19527 0.54134 0.16697
1403637214.088319063 7.08441 -5.44819 -0.32650 0.79628 -0.18977 0.55090 0.16257
1403637214.188318968 7.23211 -5.50427 -0.33098 0.79332 -0.18626 0.56008 0.14919
1403637214.288319111 7.37736 -5.55437 -0.32827 0.79209 -0.17459 0.56799 0.13962
1403637214.388319016 7.51871 -5.59780 -0.31794 0.79124 -0.15444 0.57677 0.13200
1403637214.488318920 7.65388 -5.63247 -0.30336 0.79322 -0.12582 0.58200 0.12744
1403637214.588319063 7.78159 -5.65628 -0.28250 0.79486 -0.09627 0.58610 0.12415
1403637214.688318968 7.90202 -5.66744 -0.25606 0.79413 -0.07030 0.59074 0.12422
1403637214.788319111 8.01337 -5.66260 -0.22395 0.79284 -0.05102 0.59419 0.12545
1403637214.988318920 8.22613 -5.60695 -0.16192 0.79176 -0.03911 0.59799 0.11830
1403637215.088319063 8.32445 -5.55725 -0.13943 0.78946 -0.03840 0.60147 0.11626
1403637215.288319111 8.49981 -5.41440 -0.11199 0.78438 -0.04242 0.60936 0.10786
1403637215.388319016 8.57430 -5.32170 -0.10438 0.78068 -0.04156 0.61623 0.09524
1403637215.588319063 8.68739 -5.10251 -0.08742 0.77054 -0.02409 0.63429 0.05806
1403637215.688318968 8.71786 -4.98066 -0.07284 0.77279 -0.00503 0.63337 0.04004
1403637215.788319111 8.73336 -4.85283 -0.05472 0.78272 0.01604 0.62182 0.02102
1403637215.888319016 8.73559 -4.72051 -0.03043 0.79122 0.03635 0.61045 0.00134
1403637215.988318920 8.72844 -4.58540 0.00055 0.79677 0.05088 0.60188 -0.01750
1403637216.088319063 8.71324 -4.44889 0.03671 0.79866 0.06364 0.59729 -0.03654
1403637216.188318968 8.69129 -4.31283 0.07167 0.79836 0.07479 0.59520 -0.05256
1403637216.288319111 8.66346 -4.18009 0.10004 0.79710 0.08056 0.59491 -0.06492
1403637216.388319016 8.63124 -4.05197 0.12222 0.79334 0.08368 0.59875 -0.07145
1403637216.488318920 8.59329 -3.92689 0.13786 0.78766 0.08529 0.60572 -0.07359
1403637216.588319063 8.54844 -3.80679 0.14778 0.78350 0.08329 0.61100 -0.07663
1403637216.688318968 8.49563 -3.69128 0.15478 0.77920 0.07827 0.61657 -0.08099
1403637216.788319111 8.43237 -3.58201 0.15895 0.77311 0.07455 0.62457 -0.08154
1403637217.088319063 8.16679 -3.30183 0.20029 0.77521 0.06539 0.62340 -0.07844
1403637217.188318968 8.05283 -3.22147 0.21499 0.78108 0.05548 0.61572 -0.08793
1403637217.288319111 7.93063 -3.15044 0.22297 0.78372 0.04647 0.61195 -0.09562
1403637217.388319016 7.80298 -3.08971 0.22306 0.78563 0.03967 0.60926 -0.10002
1403637217.588319063 7.53207 -3.00698 0.20426 0.78410 0.04097 0.61101 -0.10085
1403637217.888319016 7.07685 -2.94464 0.17039 0.76825 0.11955 0.62257 -0.08889
1403637217.988318920 6.90206 -2.92987 0.16928 0.76843 0.14061 0.61656 -0.09794
1403637218.088319063 6.71732 -2.91876 0.17299 0.77057 0.15435 0.60871 -0.10898
1403637218.188318968 6.52465 -2.91165 0.17663 0.77179 0.16431 0.60317 -0.11630
1403637218.288319111 6.32628 -2.90754 0.17414 0.77241 0.17088 0.59968 -0.12069
1403637218.388319016 6.12295 -2.90339 0.16588 0.77161 0.17488 0.59931 -0.12194
1403637218.588319063 5.69738 -2.90233 0.14259 0.77079 0.17656 0.59987 -0.12192
1403637218.688318968 5.47794 -2.90109 0.13862 0.77430 0.17647 0.59597 -0.11889
1403637218.788319111 5.25263 -2.90148 0.13783 0.77852 0.17352 0.59125 -0.11925
1403637218.888319016 5.02430 -2.90235 0.12374 0.78079 0.17714 0.58904 -0.10962
1403637218.988318920 4.79226 -2.90246 0.09524 0.78060 0.18135 0.58959 -0.10080
1403637219.088319063 4.55869 -2.90007 0.05621 0.78070 0.18366 0.58961 -0.09559
1403637219.288319111 4.07745 -2.87813 -0.01363 0.78259 0.18154 0.58772 -0.09582
1403637219.388319016 3.82945 -2.86056 -0.03755 0.78495 0.17916 0.58510 -0.09700
1403637219.588319063 3.33137 -2.81327 -0.06471 0.80121 0.17577 0.56338 -0.09882
1403637219.688318968 3.08649 -2.78501 -0.06668 0.80843 0.17431 0.55343 -0.09884
1403637219.888319016 2.62420 -2.71466 -0.04775 0.81528 0.17296 0.54379 -0.09852
1403637220.088319063 2.19870 -2.62297 0.00036 0.81664 0.17160 0.54195 -0.09970
1403637220.188318968 1.99561 -2.56868 0.03513 0.81706 0.17146 0.54135 -0.09975
1403637220.388319016 1.61161 -2.45090 0.12404 0.81498 0.15911 0.54524 -0.11491
1403637220.588319063 1.25638 -2.33821 0.21642 0.81071 0.14817 0.55201 -0.12682
1403637220.788319111 0.92199 -2.23741 0.28236 0.81173 0.14906 0.55088 -0.12411
1403637220.988318920 0.61492 -2.14685 0.32572 0.81415 0.14833 0.54800 -0.12186
1403637221.188318968 0.33612 -2.07350 0.34385 0.82179 0.13605 0.54269 -0.10790
1403637221.388319016 0.08474 -2.01256 0.34173 0.82688 0.11289 0.54365 -0.08927
1403637221.688318968 -0.24632 -1.91897 0.30291 0.83092 0.09052 0.54347 -0.07758
1403637221.888319016 -0.42438 -1.86316 0.25446 0.83313 0.07888 0.54253 -0.07310
1403637222.188318968 -0.62334 -1.81160 0.14932 0.83764 0.03002 0.54389 -0.04045
1403637222.388319016 -0.72000 -1.78807 0.06559 0.82774 -0.00133 0.56084 -0.01769
1403637222.688318968 -0.83136 -1.76394 -0.02734 0.81779 -0.01965 0.57517 -0.00149
1403637222.888319016 -0.89603 -1.75451 -0.05149 0.82642 -0.02134 0.56266 -0.00058
1403637223.288319111 -0.95817 -1.75183 0.00770 0.83316 -0.01337 0.55286 -0.00277
1403637223.388319016 -0.95469 -1.75271 0.04154 0.82804 -0.00944 0.56059 -0.00241
1403637223.588319063 -0.93828 -1.75386 0.12108 0.82115 -0.00446 0.57069 -0.00275
1403637224.288319111 -0.87538 -1.75369 0.21860 0.81572 -0.00010 0.57844 0.00172
1403637225.288319111 -0.86402 -1.70405 0.06812 0.81273 0.00187 0.58264 0.00241
1403637225.688318968 -0.90993 -1.65694 0.02652 0.81497 0.00616 0.57946 0.00209
1403637225.888319016 -0.94039 -1.62137 0.05371 0.82194 0.00698 0.56952 0.00211
1403637225.988318920 -0.95427 -1.60009 0.08145 0.81837 0.00731 0.57464 0.00157
1403637226.288319111 -0.99863 -1.52673 0.15998 0.81133 0.00778 0.58454 0.00180
1403637226.488318920 -1.03888 -1.46988 0.17948 0.82377 0.00833 0.56685 0.00360
1403637226.888319016 -1.08809 -1.32781 0.17507 0.82993 0.00686 0.55783 0.00167
1403637227.088319063 -1.09002 -1.25212 0.15425 0.82584 -0.00929 0.56352 -0.01850
1403637227.488318920 -1.06511 -1.15082 0.16956 0.82431 -0.00752 0.56603 -0.00809
1403637227.988318920 -1.00112 -1.09409 0.13759 0.81692 -0.01025 0.57663 -0.00591
1403637228.188318968 -0.97235 -1.08632 0.10451 0.80961 -0.00415 0.58696 -0.00120
1403637228.588319063 -0.95971 -1.06337 0.10195 0.80552 0.00503 0.59253 0.00504
1403637228.788319111 -0.97718 -1.04242 0.13019 0.81323 0.00257 0.58193 0.00134
1403637229.288319111 -1.04540 -0.96685 0.13315 0.81121 0.00422 0.58466 0.00970
1403637229.388319016 -1.06443 -0.94774 0.12171 0.81396 -0.00426 0.58078 0.01209
1403637229.588319063 -1.11075 -0.91186 0.08411 0.82680 -0.05581 0.55967 0.00748
1403637229.788319111 -1.14413 -0.90103 0.04091 0.82628 -0.11136 0.55102 0.03512
1403637229.988318920 -1.16224 -0.91440 -0.00487 0.80851 -0.14744 0.56104 0.09899
1403637230.088319063 -1.16863 -0.92210 -0.02990 0.80419 -0.17200 0.55650 0.11832
1403637230.188318968 -1.17468 -0.92760 -0.05021 0.80299 -0.19778 0.54694 0.13018
1403637230.388319016 -1.17326 -0.93895 -0.06258 0.79710 -0.22346 0.54020 0.15129
1403637230.488318920 -1.16526 -0.94378 -0.05427 0.78865 -0.22660 0.54850 0.16068
1403637230.688318968 -1.14959 -0.94954 -0.01951 0.77030 -0.24123 0.56367 0.17530
1403637230.888319016 -1.15040 -0.94904 0.02517 0.76780 -0.28834 0.54248 0.18182
1403637231.088319063 -1.16144 -0.95932 0.05401 0.75669 -0.34698 0.51462 0.20542
1403637231.288319111 -1.17484 -0.99051 0.03643 0.72532 -0.41202 0.49552 0.24209
1403637231.388319016 -1.18362 -1.01477 0.00524 0.70300 -0.44496 0.48765 0.26455
1403637231.488318920 -1.19468 -1.04405 -0.04223 0.67834 -0.48001 0.47813 0.28432
1403637231.688318968 -1.23049 -1.11567 -0.17600 0.63048 -0.54778 0.44534 0.32264
1403637231.788319111 -1.25484 -1.16259 -0.23850 0.60559 -0.57398 0.43125 0.34326
1403637231.888319016 -1.28355 -1.21532 -0.29320 -0.58455 0.59773 -0.41510 -0.35877
1403637231.988318920 -1.31807 -1.27245 -0.33769 -0.56356 0.61881 -0.40246 -0.37080
1403637232.088319063 -1.35909 -1.33900 -0.36817 -0.53530 0.63258 -0.40161 -0.38988
1403637232.188318968 -1.40713 -1.40644 -0.39267 -0.50767 0.64482 -0.40021 -0.40780
1403637232.288319111 -1.46309 -1.47166 -0.40975 -0.48815 0.65591 -0.38998 -0.42357
1403637232.388319016 -1.52723 -1.53288 -0.41951 -0.47110 0.66371 -0.37632 -0.44264
1403637232.488318920 -1.59671 -1.58982 -0.42415 -0.45175 0.67506 -0.36409 -0.45570
1403637232.588319063 -1.67017 -1.63882 -0.42578 -0.42935 0.69699 -0.35312 -0.45296
1403637232.688318968 -1.75149 -1.67891 -0.41908 -0.40641 0.71895 -0.34041 -0.44950
1403637232.788319111 -1.84170 -1.71845 -0.40797 -0.38554 0.73932 -0.32621 -0.44537
1403637232.888319016 -1.94440 -1.75684 -0.39320 -0.37484 0.75393 -0.30783 -0.44309
1403637232.988318920 -2.06567 -1.79145 -0.37540 -0.37101 0.76332 -0.29033 -0.44205
1403637233.088319063 -2.19476 -1.83184 -0.34785 -0.37201 0.76854 -0.27533 -0.44175
1403637233.188318968 -2.33359 -1.87796 -0.32026 -0.37590 0.77276 -0.26344 -0.43834
1403637233.288319111 -2.48290 -1.93058 -0.29837 -0.38031 0.77591 -0.25571 -0.43353
1403637233.388319016 -2.64429 -1.99161 -0.29453 -0.38521 0.77878 -0.25078 -0.42688
1403637233.488318920 -2.80918 -2.06582 -0.28140 -0.39486 0.77608 -0.24236 -0.42784
1403637233.588319063 -2.98444 -2.14602 -0.29152 -0.41336 0.75776 -0.22641 -0.45130
1403637233.688318968 -3.16111 -2.24040 -0.31027 -0.43084 0.73026 -0.21163 -0.48612
1403637233.788319111 -3.32194 -2.34728 -0.34261 0.44300 -0.70597 0.20036 0.51499
1403637233.888319016 -3.47299 -2.47044 -0.37903 0.44931 -0.69120 0.19326 0.53199
1403637233.988318920 -3.60407 -2.60820 -0.42003 0.45376 -0.68387 0.18712 0.53982
1403637234.088319063 -3.70967 -2.75691 -0.46162 0.45824 -0.67453 0.18121 0.54972
1403637234.188318968 -3.80123 -2.91864 -0.50373 0.46201 -0.66465 0.17401 0.56081
1403637234.288319111 -3.85894 -3.09279 -0.55204 0.45901 -0.66168 0.17643 0.56600
1403637234.388319016 -3.89271 -3.27506 -0.60390 0.45090 -0.66392 0.18956 0.56566
1403637234.488318920 -3.90060 -3.46539 -0.65676 0.44368 -0.66644 0.21112 0.56074
1403637234.588319063 -3.88391 -3.66517 -0.71223 0.43928 -0.66596 0.23693 0.55443
1403637234.688318968 -3.84007 -3.86440 -0.77151 0.43993 -0.66238 0.26060 0.54754
1403637234.788319111 -3.79136 -4.05532 -0.83649 0.44256 -0.65985 0.28575 0.53580
1403637234.888319016 -3.72450 -4.23796 -0.90128 0.44674 -0.65748 0.31100 0.52098
1403637234.988318920 -3.64505 -4.41727 -0.96193 0.45469 -0.65174 0.33293 0.50760
1403637235.088319063 -3.55593 -4.58687 -1.01412 0.46951 -0.64065 0.34497 0.50012
1403637235.188318968 -3.46539 -4.74477 -1.05858 -0.48619 0.62814 -0.35548 -0.49263
1403637235.288319111 -3.36841 -4.88930 -1.09474 -0.50146 0.61894 -0.36214 -0.48405
1403637235.388319016 -3.26649 -5.02484 -1.12739 -0.51632 0.61843 -0.36007 -0.47043
1403637235.488318920 -3.16025 -5.15449 -1.15490 -0.52999 0.62177 -0.35714 -0.45272
1403637235.588319063 -3.05111 -5.28268 -1.17492 -0.54297 0.62038 -0.35638 -0.43968
1403637235.688318968 -2.93866 -5.41057 -1.18601 -0.55318 0.61263 -0.36166 -0.43345
1403637235.788319111 -2.82295 -5.54100 -1.18730 -0.56294 0.59466 -0.36981 -0.43900
1403637235.888319016 -2.70036 -5.66768 -1.18063 0.57531 -0.56875 0.37577 0.45204
1403637235.988318920 -2.56800 -5.79084 -1.16787 0.59129 -0.54643 0.37732 0.45763
1403637236.088319063 -2.42246 -5.90727 -1.15014 0.60673 -0.52774 0.38090 0.45639
1403637236.188318968 -2.26253 -6.01283 -1.12488 0.62194 -0.51178 0.38540 0.45026
1403637236.288319111 -2.08432 -6.11354 -1.10173 0.63436 -0.49682 0.39385 0.44230
1403637236.388319016 -1.89742 -6.19775 -1.04290 0.64485 -0.48391 0.40582 0.43047
1403637236.488318920 -1.68978 -6.27885 -1.00427 0.65143 -0.47518 0.42012 0.41635
1403637236.588319063 -1.47348 -6.35646 -0.95557 0.65451 -0.46890 0.43193 0.40643
1403637236.688318968 -1.25016 -6.42099 -0.91229 0.65472 -0.46126 0.44215 0.40383
1403637236.788319111 -1.01945 -6.47907 -0.86939 0.65328 -0.45034 0.45657 0.40244
1403637236.888319016 -0.77783 -6.52194 -0.82989 0.65070 -0.43766 0.47677 0.39716
1403637236.988318920 -0.53667 -6.55104 -0.77423 0.64506 -0.42220 0.50001 0.39450
1403637237.088319063 -0.29394 -6.55968 -0.71903 0.63603 -0.40810 0.52380 0.39314
1403637237.188318968 -0.04838 -6.55515 -0.66478 0.62986 -0.39676 0.54569 0.38482
1403637237.288319111 0.17785 -6.50265 -0.60129 0.63371 -0.38853 0.55783 0.36917
1403637237.388319016 0.39207 -6.44518 -0.51530 0.64099 -0.38183 0.56288 0.35569
1403637237.488318920 0.60242 -6.35888 -0.43878 0.64611 -0.37692 0.56708 0.34480
1403637237.588319063 0.79271 -6.24769 -0.35378 0.64933 -0.37490 0.57083 0.33462
1403637237.688318968 0.97358 -6.11937 -0.25846 0.64865 -0.37553 0.57734 0.32391
1403637237.788319111 1.13287 -5.97173 -0.16749 0.64818 -0.38029 0.58112 0.31231
1403637237.888319016 1.27938 -5.81030 -0.08233 0.64883 -0.39187 0.57795 0.30237
1403637238.088319063 1.52597 -5.46278 0.06411 0.64452 -0.43668 0.55856 0.28622
1403637238.188318968 1.62499 -5.28051 0.12718 0.63454 -0.46794 0.54802 0.27939
1403637238.388319016 1.76152 -4.91569 0.23997 0.59592 -0.53640 0.52998 0.27618
1403637238.488318920 1.78986 -4.73780 0.28891 0.57095 -0.56804 0.52096 0.28275
1403637238.588319063 1.78940 -4.56433 0.33353 -0.54879 0.59659 -0.50776 -0.29169
1403637238.688318968 1.76314 -4.39528 0.37234 -0.53544 0.62650 -0.48824 -0.28710
1403637238.788319111 1.71136 -4.23508 0.40812 -0.53218 0.65392 -0.46290 -0.27369
1403637238.888319016 1.62895 -4.08655 0.43990 -0.53375 0.67709 -0.43666 -0.25688
1403637238.988318920 1.51585 -3.95674 0.47209 -0.53887 0.69391 -0.41141 -0.24257
1403637239.088319063 1.37030 -3.85090 0.50819 -0.54750 0.69707 -0.39105 -0.24781
1403637239.188318968 1.19477 -3.77451 0.54923 -0.55315 0.68769 -0.38023 -0.27665
1403637239.288319111 1.00021 -3.72589 0.59110 -0.54939 0.67864 -0.37738 -0.30854
1403637239.388319016 0.79194 -3.69757 0.62713 -0.53843 0.67959 -0.37420 -0.32898
1403637239.488318920 0.57202 -3.68444 0.65040 -0.52226 0.68778 -0.36837 -0.34425
1403637239.588319063 0.34374 -3.68252 0.65690 -0.50262 0.69735 -0.36052 -0.36208
1403637239.688318968 0.10454 -3.68907 0.64480 -0.48141 0.70712 -0.35061 -0.38118
1403637239.788319111 -0.14353 -3.70520 0.61938 -0.45851 0.70950 -0.34223 -0.41142
1403637239.888319016 -0.39679 -3.72450 0.58074 -0.43599 0.70772 -0.33084 -0.44675
1403637239.988318920 -0.65177 -3.74362 0.53351 -0.41221 0.70989 -0.31802 -0.47435
1403637240.088319063 -0.90589 -3.76269 0.48034 -0.38821 0.71631 -0.30305 -0.49432
1403637240.188318968 -1.15525 -3.77701 0.42181 0.36426 -0.72729 0.28595 0.50655
1403637240.288319111 -1.39994 -3.78758 0.35940 0.34464 -0.74221 0.26619 0.50941
1403637240.388319016 -1.63889 -3.79795 0.29575 0.33492 -0.75766 0.24411 0.50417
1403637240.488318920 -1.87509 -3.81013 0.23848 -0.33283 0.76944 -0.22177 -0.49800
1403637240.588319063 -2.11051 -3.82883 0.18885 -0.33047 0.77509 -0.21008 -0.49588
1403637240.688318968 -2.34547 -3.85504 0.14857 -0.33034 0.77516 -0.20391 -0.49842
1403637240.788319111 -2.58077 -3.88855 0.11644 0.32947 -0.77198 0.20345 0.50409
1403637240.888319016 -2.81448 -3.93188 0.09193 0.33022 -0.75866 0.20599 0.52245
1403637240.988318920 -3.04438 -3.98022 0.07138 0.33122 -0.74837 0.20928 0.53520
1403637241.088319063 -3.26401 -4.02946 0.04420 0.33189 -0.74829 0.21329 0.53331
1403637241.188318968 -3.47653 -4.08201 0.01030 0.33524 -0.74888 0.21480 0.52976
1403637241.288319111 -3.68031 -4.13647 -0.02834 0.34215 -0.74566 0.21069 0.53154
1403637241.388319016 -3.87494 -4.19454 -0.07014 0.34872 -0.74088 0.20646 0.53560
1403637241.488318920 -4.05996 -4.25656 -0.11293 0.35559 -0.73573 0.20098 0.54024
1403637241.588319063 -4.23323 -4.32350 -0.14899 0.36150 -0.72802 0.19683 0.54824
1403637241.688318968 -4.39352 -4.39768 -0.17802 0.36255 -0.72079 0.19934 0.55614
1403637241.788319111 -4.53850 -4.47650 -0.19994 0.36185 -0.71288 0.20348 0.56522
1403637241.888319016 -4.66583 -4.55756 -0.21512 0.35550 -0.70849 0.21511 0.57044
1403637241.988318920 -4.77536 -4.63781 -0.22393 0.34365 -0.70604 0.23493 0.57291
1403637242.088319063 -4.86840 -4.71259 -0.22705 0.33952 -0.70419 0.23959 0.57571
1403637242.188318968 -4.94593 -4.78195 -0.22548 0.34398 -0.70542 0.23063 0.57522
1403637242.388319016 -5.05105 -4.91257 -0.21215 0.35395 -0.70141 0.20996 0.58195
1403637242.588319063 -5.08736 -5.03937 -0.21809 0.35994 -0.69106 0.20356 0.59283
1403637242.688318968 -5.07399 -5.10472 -0.21895 0.36615 -0.68848 0.21458 0.58812
1403637242.788319111 -5.04025 -5.17083 -0.21388 0.37267 -0.68626 0.23442 0.57898
1403637242.888319016 -4.98767 -5.23216 -0.20107 0.37661 -0.68173 0.25410 0.57344
1403637242.988318920 -4.92074 -5.28773 -0.18353 0.38219 -0.67456 0.26489 0.57335
1403637243.088319063 -4.84074 -5.33666 -0.16672 0.39125 -0.67139 0.26418 0.57129
1403637243.188318968 -4.74701 -5.37907 -0.15736 0.39883 -0.67344 0.26109 0.56502
1403637243.288319111 -4.64213 -5.41809 -0.15455 0.40126 -0.68047 0.26259 0.55407
1403637243.388319016 -4.52375 -5.45374 -0.16057 0.40128 -0.68572 0.26493 0.54642
1403637243.488318920 -4.39385 -5.48657 -0.16878 0.39987 -0.68830 0.26708 0.54315
1403637243.588319063 -4.25555 -5.51636 -0.17236 0.39781 -0.69435 0.26954 0.53569
1403637243.688318968 -4.11265 -5.54406 -0.17003 0.39577 -0.70337 0.27124 0.52446
1403637243.788319111 -3.96452 -5.56926 -0.15886 0.39047 -0.71273 0.27635 0.51301
1403637243.888319016 -3.81890 -5.59210 -0.13548 -0.38348 0.72342 -0.28333 -0.49932
1403637243.988318920 -3.67593 -5.61405 -0.10644 -0.37864 0.72905 -0.28705 -0.49266
1403637244.088319063 -3.54013 -5.63265 -0.06734 -0.37646 0.73049 -0.28650 -0.49252
1403637244.188318968 -3.41157 -5.64434 -0.02732 -0.37550 0.73004 -0.28413 -0.49529
1403637244.288319111 -3.28865 -5.66696 0.03497 -0.37399 0.73088 -0.28341 -0.49561
1403637244.388319016 -3.17009 -5.68168 0.09193 -0.37405 0.73400 -0.28223 -0.49160
1403637244.488318920 -3.05910 -5.69554 0.15400 -0.38108 0.73364 -0.28048 -0.48774
1403637244.588319063 -2.95387 -5.71329 0.21812 -0.39658 0.72733 -0.27542 -0.48772
1403637244.688318968 -2.85300 -5.73536 0.27763 -0.41432 0.71994 -0.27231 -0.48567
1403637244.788319111 -2.75061 -5.76180 0.32859 -0.42854 0.71350 -0.27384 -0.48195
1403637244.888319016 -2.65709 -5.79329 0.37512 -0.43842 0.70870 -0.27700 -0.47834
1403637244.988318920 -2.56127 -5.83117 0.41581 -0.44384 0.70806 -0.28167 -0.47150
1403637245.088319063 -2.46716 -5.87256 0.44965 -0.44208 0.71573 -0.29018 -0.45617
1403637245.188318968 -2.37795 -5.91851 0.47711 -0.44031 0.72449 -0.29507 -0.44066
1403637245.388319016 -2.22750 -6.02870 0.52503 -0.44833 0.71292 -0.28712 -0.45640
1403637245.488318920 -2.15734 -6.09363 0.54204 -0.45380 0.70659 -0.28572 -0.46169
1403637245.588319063 -2.08893 -6.16483 0.55548 -0.46189 0.70060 -0.28841 -0.46112
1403637245.688318968 -2.02119 -6.24232 0.56342 -0.47277 0.69438 -0.29412 -0.45587
1403637245.788319111 -1.95416 -6.32708 0.56671 -0.48359 0.68171 -0.30851 -0.45413
1403637245.888319016 -1.88692 -6.41633 0.56557 -0.49686 0.66073 -0.32909 -0.45635
1403637245.988318920 -1.81746 -6.50734 0.55775 -0.51507 0.63875 -0.35003 -0.45186
1403637246.088319063 -1.74595 -6.59655 0.54423 -0.53796 0.61449 -0.37123 -0.44179
1403637246.188318968 -1.67146 -6.68332 0.52550 -0.56399 0.58738 -0.39279 -0.42733
1403637246.288319111 -1.59445 -6.76745 0.50232 0.59123 -0.55826 0.41419 0.40894
1403637246.388319016 -1.51475 -6.84696 0.47635 0.61958 -0.52395 0.43363 0.39187
1403637246.488318920 -1.43379 -6.92508 0.44791 0.64702 -0.48568 0.44978 0.37839
1403637246.588319063 -1.34790 -6.99163 0.41239 0.66760 -0.44804 0.46893 0.36563
1403637246.688318968 -1.25809 -7.05054 0.37805 0.68255 -0.41308 0.49013 0.35108
1403637246.788319111 -1.16465 -7.10179 0.34380 0.69723 -0.38096 0.50675 0.33456
1403637246.888319016 -1.06520 -7.14003 0.31452 0.71234 -0.35218 0.51864 0.31551
1403637246.988318920 -0.97117 -7.16178 0.29131 0.73037 -0.33241 0.52005 0.29260
1403637247.088319063 -0.87214 -7.17518 0.27308 0.74494 -0.32211 0.51704 0.27198
1403637247.188318968 -0.77155 -7.18061 0.25128 0.75464 -0.31898 0.51334 0.25545
1403637247.288319111 -0.66521 -7.18610 0.23382 0.75779 -0.31856 0.51395 0.24521
1403637247.388319016 -0.56449 -7.18037 0.20440 0.74814 -0.31319 0.52958 0.24847
1403637247.488318920 -0.45909 -7.17274 0.17664 0.73556 -0.30851 0.54678 0.25459
1403637247.588319063 -0.35696 -7.15516 0.14152 0.73502 -0.30529 0.54877 0.25573
1403637247.688318968 -0.25821 -7.12618 0.10300 0.73832 -0.29512 0.54895 0.25778
1403637247.788319111 -0.16222 -7.08591 0.06433 0.74396 -0.27940 0.54800 0.26107
1403637247.888319016 -0.06551 -7.03390 0.03516 0.74801 -0.26522 0.55146 0.25697
1403637247.988318920 0.02885 -6.96740 0.01526 0.74796 -0.25581 0.56278 0.24163
1403637248.088319063 0.11774 -6.88891 -0.00025 0.75685 -0.24794 0.56213 0.22298
1403637248.188318968 0.20298 -6.80132 -0.01121 0.76843 -0.24004 0.55651 0.20541
1403637248.288319111 0.28558 -6.70775 -0.02595 0.77691 -0.23449 0.55178 0.19226
1403637248.388319016 0.36670 -6.61038 -0.04573 0.78041 -0.22958 0.55121 0.18550
1403637248.488318920 0.44648 -6.51022 -0.06951 0.77921 -0.22690 0.55520 0.18195
1403637248.588319063 0.52609 -6.40697 -0.09138 0.77395 -0.22380 0.56329 0.18336
1403637248.688318968 0.60247 -6.29908 -0.10825 0.77545 -0.22412 0.56064 0.18475
1403637248.788319111 0.67624 -6.18669 -0.11734 0.78043 -0.22719 0.55216 0.18557
1403637248.888319016 0.74751 -6.07302 -0.11893 0.78288 -0.23211 0.54669 0.18534
1403637248.988318920 0.82212 -5.95154 -0.11034 0.78304 -0.23746 0.54447 0.18443
1403637249.088319063 0.89659 -5.83377 -0.09468 0.78246 -0.23990 0.54344 0.18676
1403637249.188318968 0.97153 -5.71477 -0.07304 0.78173 -0.24178 0.54312 0.18833
1403637249.288319111 1.04775 -5.59338 -0.04525 0.78003 -0.24395 0.54440 0.18884
1403637249.388319016 1.12440 -5.46944 -0.01714 0.77864 -0.24485 0.54538 0.19063
1403637249.488318920 1.20305 -5.34367 -0.00367 0.77784 -0.24611 0.54601 0.19042
1403637249.588319063 1.28160 -5.21606 -0.00847 0.77762 -0.24673 0.54637 0.18951
1403637249.688318968 1.35853 -5.08537 -0.02748 0.77614 -0.24561 0.54881 0.18997
1403637249.788319111 1.43504 -4.95262 -0.04665 0.77117 -0.24221 0.55689 0.19106
1403637249.888319016 1.50979 -4.81625 -0.06030 0.76899 -0.23618 0.56338 0.18835
1403637249.988318920 1.57961 -4.67955 -0.06577 0.77277 -0.22877 0.56454 0.17828
1403637250.088319063 1.64846 -4.53301 -0.07060 0.77763 -0.22616 0.56393 0.16160
1403637250.188318968 1.71299 -4.38905 -0.06674 0.78290 -0.22010 0.56262 0.14861
1403637250.288319111 1.77272 -4.24465 -0.06573 0.78544 -0.21430 0.56483 0.13463
1403637250.388319016 1.83127 -4.10502 -0.07140 0.78666 -0.21074 0.56714 0.12293
1403637250.488318920 1.88531 -3.97042 -0.08163 0.78818 -0.21084 0.56733 0.11162
1403637250.588319063 1.93669 -3.84022 -0.09483 0.79118 -0.21098 0.56443 0.10465
1403637250.688318968 1.98241 -3.71719 -0.10002 0.79460 -0.20592 0.56201 0.10170
1403637250.788319111 2.02870 -3.60046 -0.09821 0.79705 -0.20087 0.56045 0.10134
1403637250.888319016 2.07150 -3.49448 -0.08800 0.79593 -0.19883 0.56299 0.10002
1403637250.988318920 2.11454 -3.39335 -0.07208 0.79561 -0.19961 0.56376 0.09664
1403637251.188318968 2.19362 -3.21600 -0.02187 0.79933 -0.19663 0.56199 0.08115
1403637251.388319016 2.26282 -3.07370 0.06049 0.80102 -0.17935 0.56568 0.07874
1403637251.588319063 2.32618 -2.96182 0.15268 0.80235 -0.14890 0.57311 0.07488
1403637251.788319111 2.37681 -2.86968 0.21576 0.80411 -0.12921 0.57696 0.06185
1403637251.888319016 2.39645 -2.83155 0.24094 0.80322 -0.12157 0.57994 0.06114
1403637252.088319063 2.42763 -2.76439 0.28096 0.79648 -0.10453 0.59116 0.07232
1403637252.288319111 2.43965 -2.69319 0.30071 0.79238 -0.10573 0.59718 0.06579
1403637252.488318920 2.42796 -2.62487 0.28926 0.80042 -0.11084 0.58616 0.05879
1403637252.688318968 2.39952 -2.56150 0.25643 0.80778 -0.11603 0.57550 0.05318
1403637252.788319111 2.38313 -2.53292 0.23633 0.81351 -0.12195 0.56679 0.04565
1403637253.088319063 2.33666 -2.47939 0.22954 0.80741 -0.11324 0.57565 0.06230
1403637253.788319111 2.18840 -2.41120 0.20493 0.80370 -0.10815 0.58023 0.07554
1403637254.288319111 2.03243 -2.34475 0.29198 0.80643 -0.09244 0.57962 0.07181
1403637254.388319016 1.99477 -2.32210 0.31906 0.81124 -0.08459 0.57473 0.06643
1403637254.688318968 1.88130 -2.25299 0.38358 0.81489 -0.07031 0.57260 0.05604
1403637254.888319016 1.81310 -2.20056 0.39271 0.80938 -0.06841 0.58102 0.05135
1403637255.188318968 1.71074 -2.09896 0.38048 0.80746 -0.05956 0.58533 0.04295
1403637255.288319111 1.66926 -2.06474 0.38439 0.80750 -0.05238 0.58643 0.03605
1403637255.488318920 1.59190 -1.98225 0.38559 0.80945 -0.03588 0.58570 0.02147
1403637255.588319063 1.54683 -1.94976 0.39266 0.81053 -0.02169 0.58509 0.01535
1403637255.788319111 1.45294 -1.87252 0.37956 0.81404 0.01322 0.58065 -0.00179
1403637255.988318920 1.35438 -1.79001 0.39461 0.81709 0.04798 0.57396 -0.02530
1403637256.088319063 1.30590 -1.74821 0.41109 0.81707 0.06099 0.57241 -0.03208
1403637256.288319111 1.20542 -1.66311 0.45172 0.81082 0.07291 0.57935 -0.04000
1403637256.488318920 1.10382 -1.56586 0.46521 0.80767 0.07625 0.58341 -0.03866
1403637256.688318968 0.99420 -1.46931 0.45542 0.81218 0.06885 0.57776 -0.04262
1403637256.788319111 0.93617 -1.41610 0.44283 0.81920 0.05930 0.56810 -0.05160
1403637256.988318920 0.82859 -1.31752 0.41546 0.81726 0.05922 0.57038 -0.05693
1403637257.188318968 0.73351 -1.21771 0.41004 0.81163 0.07919 0.57586 -0.05806
1403637257.388319016 0.63458 -1.13152 0.42956 0.81287 0.09361 0.57166 -0.06067
1403637257.688318968 0.48991 -0.98843 0.45061 0.81820 0.10214 0.56211 -0.06432
1403637257.888319016 0.41143 -0.88458 0.44083 0.82384 0.10968 0.55120 -0.07369
1403637258.088319063 0.34498 -0.77148 0.41493 0.82251 0.12930 0.54584 -0.09387
1403637258.188318968 0.31919 -0.71318 0.40845 0.81578 0.14644 0.54960 -0.10491
1403637258.288319111 0.29892 -0.65454 0.40832 0.80707 0.16300 0.55632 -0.11216
1403637258.388319016 0.28098 -0.59464 0.40440 0.80096 0.17432 0.56009 -0.11991
1403637258.488318920 0.26417 -0.53493 0.39230 0.80018 0.17818 0.55741 -0.13139
1403637258.588319063 0.24753 -0.47687 0.37297 0.80168 0.17886 0.55270 -0.14088
1403637258.688318968 0.23313 -0.42354 0.35446 0.79851 0.18055 0.55603 -0.14355
1403637258.888319016 0.21009 -0.31947 0.30863 0.79411 0.18034 0.56167 -0.14624
1403637258.988318920 0.19997 -0.27443 0.29317 0.79442 0.17831 0.56144 -0.14794
1403637259.088319063 0.19056 -0.23264 0.28660 0.79496 0.17660 0.56125 -0.14784
1403637259.288319111 0.17039 -0.16166 0.31170 0.79406 0.17362 0.56313 -0.14907
1403637259.388319016 0.16204 -0.13287 0.32638 0.79471 0.17162 0.56262 -0.14981
1403637259.688318968 0.13364 -0.06807 0.34970 0.79466 0.16335 0.56313 -0.15724
1403637259.888319016 0.12128 -0.05163 0.34565 0.79779 0.16862 0.55935 -0.14910
1403637260.188318968 0.10612 -0.05571 0.31039 0.79408 0.17347 0.56462 -0.14336
1403637260.288319111 0.10388 -0.05882 0.29157 0.79439 0.17945 0.56415 -0.13594
1403637260.388319016 0.09908 -0.06437 0.27121 0.79275 0.18644 0.56629 -0.12690
1403637260.588319063 0.08463 -0.06964 0.22529 0.79964 0.19162 0.55606 -0.12104
1403637260.888319016 0.06115 -0.05350 0.15472 0.79695 0.18701 0.55958 -0.12953
1403637260.988318920 0.05726 -0.04101 0.13280 0.79241 0.18637 0.56581 -0.13119
1403637261.088319063 0.05014 -0.03012 0.11024 0.79416 0.18610 0.56327 -0.13192
1403637261.288319111 0.04575 0.00069 0.06049 0.80658 0.18889 0.54544 -0.12748
1403637261.388319016 0.02257 -0.00233 0.04373 0.80308 0.18744 0.55064 -0.12930
1403637261.488318920 0.04351 0.03632 0.03885 0.79904 0.18268 0.55647 -0.13601
1403637261.688318968 0.03917 0.06772 0.02935 0.80975 0.18518 0.54111 -0.13125
1403637261.788319111 0.04259 0.08555 0.03381 0.80741 0.18571 0.54471 -0.12998
1403637261.988318920 0.05726 0.12213 0.04294 0.79567 0.18213 0.56226 -0.13267
1403637262.088319063 0.06437 0.13930 0.03411 0.79296 0.17850 0.56642 -0.13607
1403637262.288319111 0.07460 0.16844 -0.00833 0.79346 0.17149 0.56631 -0.14251
1403637262.388319016 0.07016 0.16158 -0.00908 0.78001 0.17013 0.58458 -0.14459
1403637262.488318920 0.06748 0.15073 -0.01402 0.79621 0.13974 0.57332 -0.13350
1403637262.588319063 0.05963 0.14512 -0.00717 0.77904 0.12978 0.59630 -0.14381
1403637262.688318968 0.06106 0.14462 -0.01224 0.78924 0.13152 0.58339 -0.13947
