1311868164.363181 0.0000023 -0.0000047 -0.0000007 0.0000054 -0.0000011 0.0000023 1.0000000
1311868164.863058 0.0597751 -0.0013731 -0.0400445 0.0066516 -0.0044687 -0.0148441 0.9998577
1311868164.999037 0.0915395 0.0010521 -0.0468860 0.0107130 -0.0059550 -0.0192662 0.9997392
1311868165.231193 0.1735329 0.0064586 -0.0634376 0.0157174 -0.0298390 -0.0314294 0.9989368
1311868165.631159 0.2903936 0.0349903 -0.0781086 -0.0081708 -0.0569359 -0.0339560 0.9977668
1311868166.299209 0.3146372 0.1108276 -0.1864369 -0.0385621 -0.0059543 -0.0208582 0.9990208
1311868167.199258 0.5096737 0.1427741 -0.2465058 -0.0379344 -0.0440183 -0.0474171 0.9971835
1311868168.231293 0.6846307 0.1003770 -0.1988347 -0.0364157 -0.0848742 -0.0591772 0.9939660
1311868169.231354 0.6981625 -0.0423948 -0.0245562 -0.0060363 -0.1536558 -0.0904706 0.9839556
1311868169.663240 0.7499251 -0.1400135 0.0535022 0.0317546 -0.2251661 -0.1406393 0.9635935
1311868170.663430 0.9357961 -0.1652107 0.0275612 0.0320071 -0.2592174 -0.1329890 0.9560836
1311868171.799464 1.1834520 -0.1449691 0.0530873 0.0154530 -0.3100042 -0.1794535 0.9335176
1311868172.363479 1.3049974 -0.1288711 0.1266381 -0.0220698 -0.3165530 -0.1993331 0.9271318
1311868172.699619 1.3549029 -0.1142517 0.1868508 -0.0498070 -0.3021562 -0.2101551 0.9284696
1311868173.067546 1.3721516 -0.1242570 0.2880886 -0.0803500 -0.2927844 -0.2218388 0.9266114
1311868173.631603 1.3932992 -0.1932275 0.3964867 -0.0785913 -0.3036298 -0.2219851 0.9232307
1311868173.831620 1.4048976 -0.2204888 0.4338581 -0.0744287 -0.3241668 -0.2265279 0.9154570
1311868174.131747 1.4509803 -0.2727020 0.4852806 -0.0510697 -0.3700855 -0.2583369 0.8908932
1311868174.367988 1.4861240 -0.3079115 0.5285187 -0.0418449 -0.3870891 -0.2686332 0.8810489
1311868174.699578 1.5088345 -0.3377544 0.5779729 -0.0415996 -0.4120108 -0.2651281 0.8707604
1311868175.031665 1.4897854 -0.3958857 0.6155225 -0.0155509 -0.4191761 -0.2543145 0.8714205
1311868175.199578 1.4626470 -0.4370588 0.6295449 0.0085936 -0.4226983 -0.2555462 0.8694530
1311868175.367738 1.4457150 -0.4588221 0.6505101 0.0363978 -0.4364816 -0.2311897 0.8687407
1311868175.931644 1.4342475 -0.5446718 0.7591941 0.0706300 -0.4838280 -0.2013324 0.8487562
1311868176.331871 1.4961376 -0.6032574 0.8678709 0.0691329 -0.5278091 -0.2400082 0.8118092
1311868176.499760 1.5223809 -0.6137389 0.9216160 0.0523707 -0.5316213 -0.2500302 0.8075401
1311868176.799720 1.5436764 -0.6310667 0.9869648 0.0371285 -0.5380092 -0.2570196 0.8019404
1311868177.667866 1.4881740 -0.6944833 1.1683011 0.0211324 -0.5278080 -0.2849200 0.7998705
1311868177.899856 1.4919440 -0.6992169 1.2175262 0.0128836 -0.5451363 -0.2931423 0.7853204
1311868178.199855 1.5275722 -0.7236215 1.2906685 0.0108423 -0.5820638 -0.3242149 0.7456332
1311868178.432167 1.5629294 -0.7299094 1.3357940 0.0099987 -0.5937741 -0.3343470 0.7318090
1311868178.731905 1.6164869 -0.7315511 1.3591716 -0.0068108 -0.6117879 -0.3328558 0.7175487
1311868179.100093 1.7302128 -0.7212280 1.3449073 -0.0154586 -0.6092300 -0.3288732 0.7214168
1311868179.432203 1.8405929 -0.7138718 1.3425605 -0.0317555 -0.6009160 -0.3409848 0.7222333
1311868179.899932 1.9571595 -0.7251112 1.3849163 -0.0403820 -0.5855864 -0.3510833 0.7295192
1311868180.400081 2.0550933 -0.7623316 1.4849553 -0.0572706 -0.6133330 -0.3653302 0.6979087
1311868181.300111 2.0981274 -0.8113489 1.5930872 -0.0644403 -0.6085163 -0.3654456 0.7014306
1311868182.000232 1.9382889 -0.8451504 1.6427463 -0.0607184 -0.5985293 -0.3678586 0.7090529
1311868182.536127 1.7719767 -0.8802510 1.6879028 -0.0573675 -0.6011318 -0.3539250 0.7142035
1311868182.768253 1.6956190 -0.9185437 1.7141979 -0.0369893 -0.6278363 -0.3431811 0.6976247
1311868183.036254 1.5944405 -0.9689804 1.7648046 -0.0187974 -0.6628488 -0.3549117 0.6590263
1311868183.268380 1.5039619 -1.0215510 1.7975945 0.0040738 -0.6862920 -0.3737695 0.6239255
1311868183.500255 1.4348940 -1.0467368 1.8052429 0.0025894 -0.7092827 -0.3808308 0.5931941
1311868183.768221 1.3458904 -1.0736167 1.8284596 -0.0295207 -0.7243575 -0.3755347 0.5774153
1311868184.036316 1.2533480 -1.1057992 1.8275999 -0.0207477 -0.7213112 -0.3813122 0.5778241
1311868184.268504 1.1851965 -1.1234674 1.8340597 -0.0159017 -0.7229856 -0.3625431 0.5878789
1311868184.500438 1.1178913 -1.1377090 1.8488965 -0.0134312 -0.7287611 -0.3614052 0.5814750
1311868184.768456 1.0363346 -1.1617662 1.8784969 -0.0090715 -0.7564149 -0.3582491 0.5471854
1311868185.000422 0.9667664 -1.2019223 1.9029549 0.0082611 -0.7762934 -0.3585941 0.5183730
1311868185.236390 0.9045709 -1.2216853 1.9195609 -0.0127354 0.7877949 0.3624930 -0.4978111
1311868185.468575 0.8450434 -1.2325953 1.9360198 0.0207776 -0.7930132 -0.3448514 0.5017727
1311868185.701972 0.7995933 -1.2438709 1.9420424 0.0438017 -0.7925509 -0.3289787 0.5115833
1311868185.968391 0.7582356 -1.2428581 1.9592309 0.0317641 -0.8009392 -0.3195946 0.5053183
1311868186.200391 0.7187733 -1.2431490 1.9878913 -0.0288665 0.8136346 0.3353166 -0.4740550
1311868186.600576 0.6853939 -1.2479340 2.0533557 -0.0051863 0.8387262 0.3663892 -0.4028279
1311868187.201269 0.7835141 -1.2694461 2.1293898 0.0043256 0.8345662 0.3816251 -0.3972944
1311868187.500548 0.8368636 -1.2833028 2.1785059 0.0065569 0.8164095 0.4052602 -0.4113353
1311868187.968459 0.8538314 -1.3113999 2.2750127 0.0064494 0.8214545 0.4113238 -0.3949476
1311868188.236529 0.8321983 -1.3236896 2.3739879 0.0189386 0.8320994 0.4246612 -0.3562509
1311868188.437067 0.8180262 -1.3091154 2.4421639 0.0121297 0.8247500 0.4518065 -0.3398694
1311868188.800670 0.8695925 -1.3210413 2.5138941 0.0414332 0.8237848 0.4645596 -0.3222520
1311868189.100649 0.9516839 -1.3319143 2.5723076 0.0736060 0.8115993 0.4813336 -0.3228107
1311868189.468797 1.0509546 -1.3517263 2.6364870 0.0635175 0.7923488 0.5019706 -0.3408436
1311868189.936714 1.0783234 -1.3875628 2.7420702 0.0702705 0.7841178 0.5091568 -0.3478228
1311868190.503067 1.0493240 -1.4615322 2.8919225 0.0694911 0.7852612 0.5024107 -0.3551327
1311868191.904702 0.9834567 -1.5221643 2.9986718 0.0649459 0.7849138 0.4987147 -0.3619060
1311868193.004778 0.8481583 -1.5070392 2.8652396 0.0569020 0.7905506 0.4871343 -0.3667316
1311868193.710143 0.7685427 -1.5604621 2.8083348 0.0376413 0.8161653 0.4953184 -0.2951561
1311868194.243018 0.7306823 -1.6034636 2.7817869 0.0318291 0.8245134 0.4881932 -0.2843096
1311868195.109504 0.6833172 -1.6689223 2.7726030 0.0332584 0.8412314 0.4563778 -0.2879982
1311868195.641375 0.6561375 -1.7001692 2.8715887 0.0221333 0.8347235 0.4571362 -0.3062241
1311868196.208314 0.6831577 -1.7000686 2.9832358 0.0325242 0.8116412 0.4747446 -0.3388190
1311868196.909608 0.7505576 -1.7128078 3.1016417 0.0730774 0.7798604 0.4819445 -0.3926919
1311868197.569185 0.6842721 -1.7550340 3.2640691 0.0619285 0.7859626 0.5147716 -0.3368053
1311868198.405114 0.5923438 -1.7521484 3.3771734 0.0848764 0.7723221 0.5310396 -0.3380998
1311868199.669160 0.3969052 -1.7271481 3.3701448 0.0831980 0.7883794 0.5438246 -0.2753012
1311868200.305197 0.2687569 -1.7594421 3.4211676 0.0637386 0.8045480 0.5563001 -0.1979144
1311868201.273379 0.1312609 -1.7951971 3.5214877 0.0686885 0.8089884 0.5612414 -0.1607099
1311868202.473421 -0.0086922 -1.7749307 3.5288420 0.0541567 0.7989893 0.5852745 -0.1270314
1311868203.173538 -0.1123630 -1.7955942 3.5102837 0.0488873 0.8182390 0.5637500 -0.1013952
1311868203.737597 -0.1551993 -1.8560522 3.4091005 0.0359253 0.8369747 0.5444701 -0.0416535
1311868204.137666 -0.2306418 -1.9024620 3.3321328 0.0275829 0.8339327 0.5511702 -0.0026142
1311868204.873553 -0.3511757 -1.9817421 3.2386134 0.0252523 0.8264797 0.5610496 0.0389468
1311868205.537722 -0.4208638 -2.0664785 3.1659913 0.0245754 0.8513484 0.5225978 0.0386452
1311868207.805764 -0.6168631 -1.9562624 3.2382848 0.0018326 0.8557747 0.5128732 0.0678778
1311868208.573867 -0.7202735 -1.8891155 3.3524735 -0.0084932 0.8435232 0.5330152 0.0655084
1311868209.905787 -0.8325723 -1.6938990 3.3563485 0.0034419 0.8149105 0.5759290 0.0649212
1311868211.706002 -1.0708599 -1.6191235 3.3452034 -0.0091184 0.8104793 0.5674420 0.1450853
1311868212.974154 -1.2630498 -1.6005406 3.3197765 -0.0149059 0.8126271 0.5697699 0.1215615
1311868213.942213 -1.3410634 -1.5539839 3.1889162 -0.0187196 0.8139180 0.5567292 0.1650446
1311868214.806468 -1.4059963 -1.5285923 3.1145484 -0.0051556 0.8113950 0.5371755 0.2303344
1311868215.506308 -1.4549963 -1.5354782 3.0143299 -0.0341860 0.8016398 0.5152081 0.3012733
1311868216.074212 -1.4377232 -1.5815294 2.9233296 -0.0279390 0.7971299 0.4997701 0.3376880
1311868216.606527 -1.4474738 -1.6191951 2.8333490 -0.0158733 0.8000856 0.4954821 0.3377996
1311868217.106679 -1.4670224 -1.6555338 2.7693574 -0.0094591 0.8065038 0.4847721 0.3383166
1311868219.110710 -1.5269927 -1.5461731 2.7798710 -0.0069774 0.8175142 0.4503296 0.3589222
1311868219.442491 -1.5659540 -1.4615847 2.8122430 0.0072659 0.8097376 0.4589925 0.3655108
1311868219.710785 -1.5859532 -1.3989751 2.8365533 0.0224646 0.7911505 0.4765797 0.3826853
1311868220.110558 -1.6024954 -1.3413044 2.8877227 0.0318311 0.7771615 0.4792713 0.4065781
1311868220.510865 -1.6282016 -1.2879677 2.9368982 0.0165171 0.7592242 0.4920225 0.4256990
1311868221.074778 -1.6883724 -1.2431651 2.9643669 0.0022740 0.7396422 0.5144259 0.4339242
1311868222.574664 -1.7784649 -1.2048845 2.9133663 0.0002131 0.7411988 0.5192401 0.4254573
1311868223.674789 -1.8287612 -1.1555676 2.7978866 -0.0052883 0.7202855 0.5104648 0.4696664
1311868224.545292 -1.9220827 -1.1108047 2.7101698 0.0045675 0.7083020 0.4958711 0.5023937
1311868224.978324 -1.9869938 -1.0790460 2.6455514 -0.0060220 0.7049127 0.4887271 0.5140114
1311868225.711259 -2.0734687 -1.0494540 2.5863848 -0.0025679 0.6940587 0.4821773 0.5345849
1311868226.543455 -2.1258304 -1.0060697 2.5062490 -0.0020133 0.6923152 0.4816718 0.5372968
1311868226.944204 -2.1291509 -0.9755659 2.4067533 -0.0002927 0.6855833 0.4758326 0.5509617
1311868227.179137 -2.1238251 -0.9602171 2.3386612 -0.0030718 0.6886956 0.4673448 0.5543264
1311868227.510861 -2.1138387 -0.9363692 2.2701020 0.0126971 0.6792611 0.4657354 0.5670394
1311868227.813722 -2.1167185 -0.9166986 2.2201204 0.0136631 0.6618714 0.4547110 0.5957999
1311868228.112684 -2.1338570 -0.8912567 2.1672096 0.0069105 0.6369671 0.4381523 0.6342301
1311868228.479553 -2.1747818 -0.8648499 2.0980816 0.0052367 0.6203628 0.4243037 0.6596127
1311868228.714922 -2.2026083 -0.8492823 2.0562656 -0.0084890 0.6168318 0.4131665 0.6698805
1311868228.979108 -2.2288787 -0.8237225 2.0086033 -0.0107394 0.6124297 0.4092367 0.6762691
1311868229.216477 -2.2257071 -0.8127480 1.9681227 -0.0005591 0.6165138 0.4110433 0.6715309
1311868229.482439 -2.1879795 -0.8229913 1.9259084 -0.0084916 0.5988523 0.4334876 0.6733441
1311868229.647479 -2.1539540 -0.8328357 1.8979235 -0.0146523 0.6052941 0.4320561 0.6683800
1311868229.844489 -2.1027837 -0.8520125 1.8600031 -0.0145034 0.6018861 0.4351660 0.6694425
1311868230.083190 -2.0459723 -0.8735619 1.8257077 -0.0120619 0.6015463 0.4371942 0.6684743
1311868230.312518 -1.9946909 -0.8964143 1.7836932 -0.0158852 0.6125821 0.4340610 0.6603650
1311868230.543330 -1.9441370 -0.9067771 1.7422736 -0.0043179 0.5958251 0.4660139 0.6540679
1311868230.783163 -1.9023498 -0.9133982 1.6900134 0.0103371 0.6094787 0.4527317 0.6507403
1311868231.043362 -1.8619783 -0.9204318 1.6382555 -0.0128306 0.6143075 0.4380099 0.6562080
1311868231.284432 -1.8344185 -0.9332114 1.5962394 -0.0407306 0.6134235 0.4334184 0.6589394
1311868231.643249 -1.7613385 -0.9631811 1.5552692 -0.0684318 0.6042102 0.4343768 0.6645027
1311868231.981369 -1.6989360 -1.0130070 1.5376296 -0.0793480 0.6013072 0.4413821 0.6612983
1311868232.343193 -1.6319903 -1.0658932 1.5310683 -0.0900696 0.5942148 0.4428766 0.6653244
1311868232.711301 -1.5783149 -1.1159760 1.5268199 -0.0806582 0.6081389 0.4489742 0.6496795
1311868234.143456 -1.6878477 -1.0272341 1.4575617 -0.0503016 0.5927555 0.4019544 0.6960915
1311868234.443480 -1.7640727 -0.9934193 1.4280097 -0.0490722 0.5906698 0.3703044 0.7152452
1311868234.843512 -1.8549192 -0.9305223 1.3885356 -0.0522300 0.5853546 0.3632575 0.7229634
1311868235.211489 -1.9264157 -0.8601905 1.3542447 -0.0538093 0.5761999 0.3692782 0.7271395
1311868235.543566 -1.9637637 -0.7987868 1.3215859 -0.0440990 0.5805890 0.3719062 0.7229506
1311868235.943694 -1.9792570 -0.7246855 1.2883867 -0.0402495 0.5856071 0.3645435 0.7228778
1311868236.243642 -1.9749936 -0.6728436 1.2593917 -0.0296375 0.5660277 0.3667882 0.7376996
1311868236.511583 -1.9668609 -0.6233225 1.2330146 -0.0395237 0.5576566 0.3590716 0.7473450
1311868236.779605 -1.9628835 -0.5813165 1.2159154 -0.0202028 0.5459830 0.3508523 0.7605242
1311868237.111617 -1.9682733 -0.5253631 1.1959379 -0.0092570 0.5280463 0.3534405 0.7721148
1311868237.379984 -1.9779481 -0.4759645 1.1527624 0.0004061 0.5122550 0.3452980 0.7863612
1311868237.811811 -1.9967961 -0.4016981 1.0469003 -0.0200421 0.4852259 0.3149832 0.8154384
1311868238.147711 -2.0135789 -0.3383588 0.9742697 -0.0216184 0.4641334 0.3177944 0.8265105
1311868238.611939 -1.9987081 -0.2825509 0.9120010 -0.0176630 0.4512326 0.3195762 0.8330355
1311868238.911768 -1.9672561 -0.2398354 0.8763080 -0.0287213 0.4539402 0.3310066 0.8267696
1311868239.247740 -1.9297392 -0.2110313 0.8410184 -0.0238592 0.4396770 0.3145412 0.8409392
1311868239.579832 -1.8943559 -0.1797162 0.8230224 -0.0231736 0.4111773 0.3140627 0.8554302
1311868239.979870 -1.8754284 -0.1349868 0.7828455 -0.0281118 0.3736346 0.2971978 0.8782257
1311868240.279833 -1.8639760 -0.0858395 0.7028171 -0.0380783 0.3573965 0.2791775 0.8904368
1311868240.547745 -1.8709819 -0.0431613 0.6498286 -0.0583279 0.3547052 0.2544013 0.8978096
1311868241.211864 -1.8349891 -0.0412237 0.5787772 -0.0697077 0.3517416 0.2693034 0.8938089
1311868241.479924 -1.7801433 -0.0999866 0.5623473 -0.0685958 0.3490394 0.2817323 0.8911190
1311868241.811843 -1.7100208 -0.1546995 0.5344119 -0.0608318 0.3373689 0.2844129 0.8953162
1311868242.080011 -1.6666046 -0.1907432 0.4985438 -0.0620599 0.3219402 0.2535479 0.9100640
1311868242.447942 -1.6259153 -0.2008262 0.4466602 -0.0600205 0.2897315 0.2304746 0.9270030
1311868242.879888 -1.5894234 -0.1850744 0.4204672 -0.0464074 0.2816186 0.2126527 0.9345139
1311868243.480135 -1.5314257 -0.1495291 0.3698802 -0.0330723 0.2795595 0.2010747 0.9382546
1311868243.811933 -1.4951010 -0.1046739 0.2992607 -0.0543104 0.2435780 0.1707563 0.9531854
1311868244.148092 -1.4557577 -0.0584676 0.2381886 -0.0547328 0.2030568 0.1556204 0.9651707
1311868244.480101 -1.4351633 0.0099639 0.1968464 -0.0575457 0.1893845 0.1386750 0.9703562
1311868244.812104 -1.4043027 0.0664322 0.1640329 -0.0600107 0.1911849 0.1474444 0.9685593
1311868245.179920 -1.3380548 0.1130205 0.1603261 -0.0725671 0.2101650 0.1399011 0.9648795
1311868245.748208 -1.2202587 0.1573618 0.1248586 -0.0522708 0.1754520 0.1477201 0.9719378
1311868246.080289 -1.1591933 0.2101266 0.0820752 -0.0705623 0.1448314 0.1396279 0.9770102
1311868246.848370 -1.1086395 0.3191616 -0.0642024 -0.0978661 0.1409635 0.1322086 0.9762543
1311868248.380451 -0.8195543 0.1699162 0.0114568 -0.0938082 0.1179724 0.1222039 0.9809937
1311868248.948257 -0.6592770 0.0972526 0.0443725 -0.1230258 0.0734944 0.0835381 0.9861463
1311868249.316586 -0.5636827 0.0566492 0.0622642 -0.1277487 0.0867438 0.0781668 0.9849090
1311868249.780683 -0.5069930 -0.0192997 0.1177342 -0.1166671 0.0890037 0.0766918 0.9861975
1311868250.116495 -0.4844109 -0.0884802 0.1756126 -0.1029700 0.1054891 0.0724351 0.9864190
1311868250.480450 -0.4694231 -0.1614289 0.2280890 -0.0928495 0.0969788 0.0748033 0.9881187
1311868250.916361 -0.4595706 -0.2292324 0.2574084 -0.0801134 0.0857649 0.0716650 0.9905000
1311868251.780606 -0.3872274 -0.1591595 0.2007072 -0.0747830 0.0760409 0.0471326 0.9931786
1311868252.081141 -0.3192044 -0.1312922 0.1531783 -0.0767194 0.0694755 0.0393256 0.9938515
1311868252.516633 -0.2066351 -0.0721930 0.0732480 -0.0813386 0.0464295 0.0066015 0.9955826
1311868252.780724 -0.1398144 -0.0296136 0.0373433 -0.0937700 0.0396037 0.0108439 0.9947467
1311868253.016742 -0.0888489 -0.0054448 0.0229181 -0.1009495 0.0367108 0.0174383 0.9940611
1311868253.480853 0.0193704 0.0175728 0.0252455 -0.1124727 0.0470090 0.0230029 0.9922756
1311868254.680858 0.3251760 0.0703228 0.0235532 -0.1303307 -0.0455683 -0.0256541 0.9900905
1311868254.916952 0.3826857 0.0909717 0.0111032 -0.1418145 -0.0601596 -0.0292819 0.9876295
1311868255.316993 0.4572019 0.1149124 -0.0127461 -0.1457065 -0.0782183 -0.0318185 0.9857175
1311868256.017528 0.5760692 0.1064542 0.0208217 -0.1474630 -0.0853792 -0.0327044 0.9848327
1311868256.417708 0.6705552 0.0644524 0.0670806 -0.1372404 -0.0943908 -0.0585843 0.9842882
1311868256.885027 0.7688070 0.0103143 0.1178107 -0.1215552 -0.1213451 -0.0615446 0.9832151
1311868257.384936 0.8715840 -0.0567391 0.1620991 -0.1293023 -0.1603569 -0.1100527 0.9723451
1311868257.816852 0.9462339 -0.1281481 0.1914446 -0.1194763 -0.1997571 -0.1453795 0.9616066
1311868258.349077 0.9599900 -0.2369197 0.2626883 -0.1475954 -0.2352369 -0.1749513 0.9446011
1311868258.885648 0.9503003 -0.3724363 0.3568159 -0.1317443 -0.2534859 -0.1727327 0.9426302
1311868259.385116 0.9736548 -0.4496361 0.4596529 -0.1081132 -0.2867761 -0.2053790 0.9294571
1311868259.949104 1.0464072 -0.4952932 0.5386987 -0.0849425 -0.2978449 -0.2282168 0.9230332
