1403636579.763556 0.0000000 0.0000000 0.0000000 -0.0000000 -0.0000000 -0.0000000 1.0000000
1403636579.813555 0.0001786 0.0063187 0.0026900 0.0014537 0.0025816 -0.0005262 0.9999955
1403636579.913555 0.0000777 0.0229527 0.0086558 -0.0060343 0.0057163 -0.0028565 0.9999614
1403636580.063555 -0.0008067 0.0537877 0.0177037 -0.0209486 0.0059373 -0.0006224 0.9997628
1403636580.213556 -0.0014504 0.0840628 0.0259832 -0.0276246 0.0045634 0.0031476 0.9996030
1403636580.363555 -0.0023471 0.1085577 0.0312564 -0.0396829 0.0034711 -0.0002544 0.9992062
1403636580.513556 -0.0033479 0.1230951 0.0329713 -0.0646719 0.0027529 -0.0022853 0.9979002
1403636580.713556 -0.0046970 0.1001971 0.0262671 -0.0686377 0.0014872 -0.0030447 0.9976359
1403636585.113555 0.0000294 -0.0736266 -0.0104709 0.0169496 0.0499024 -0.0083458 0.9985754
1403636586.513556 0.0026180 0.0455790 -0.0142490 -0.1953815 0.0445645 0.0138468 0.9796165
1403636587.963556 0.1116169 0.0317536 0.0051297 -0.1902036 0.0559196 0.0278149 0.9797561
1403636588.163555 0.1342954 0.0345305 0.0071709 -0.2057426 0.0666777 0.0306145 0.9758519
1403636589.663555 -0.0410674 0.0393757 -0.0157397 -0.1926571 0.0186359 0.0108922 0.9810287
1403636589.863555 -0.0767032 0.0439204 -0.0185311 -0.1974426 0.0054863 0.0080499 0.9802660
1403636590.063555 -0.1014723 0.0479169 -0.0205833 -0.1993394 -0.0122639 0.0076144 0.9798242
1403636590.263556 -0.1106545 0.0476424 -0.0223911 -0.1898376 -0.0188985 0.0054235 0.9816186
1403636590.763556 -0.0540511 0.0424077 -0.0261047 -0.1888354 0.0107050 0.0029101 0.9819461
1403636591.013556 -0.0059001 0.0419783 -0.0228283 -0.1984286 0.0164991 0.0089793 0.9799353
1403636591.213556 0.0307826 0.0409118 -0.0189068 -0.1976587 0.0153508 0.0135751 0.9800567
1403636591.463556 0.0626079 0.0443324 -0.0120755 -0.2017572 0.0245540 0.0186605 0.9789499
1403636591.713556 0.0786069 0.0483995 -0.0013826 -0.1716744 0.0537126 0.0196483 0.9834921
1403636591.963556 0.0854791 0.0458804 0.0072435 -0.1360090 0.0792874 0.0231892 0.9872575
1403636592.213556 0.0986487 0.0412637 0.0240866 -0.1552216 0.1020016 0.0409645 0.9817453
1403636593.013556 0.0276009 0.0219694 0.0937343 -0.1622164 -0.0314104 0.0029026 0.9862509
1403636593.563555 -0.0680544 0.0507316 0.0128144 -0.1806933 -0.1028399 -0.0070185 0.9781230
1403636593.813555 -0.0487333 0.0695959 -0.0258666 -0.1978473 -0.0501513 0.0208294 0.9787275
1403636594.113555 0.0132286 0.0757785 -0.0486991 -0.1738364 0.0666581 0.0615992 0.9805831
1403636594.413555 0.0840914 0.0680556 -0.0228732 -0.1726694 0.1348566 0.0707534 0.9731357
1403636594.663555 0.1217590 0.0526729 0.0237478 -0.1486131 0.1389738 0.0649033 0.9769278
1403636595.563555 -0.0425001 0.0618039 0.0353402 -0.1586867 -0.0813481 -0.0101485 0.9839197
1403636596.063555 0.0504646 0.0878444 -0.0185498 -0.1705768 0.0336624 0.0084815 0.9847327
1403636596.313555 0.0522069 0.0950203 -0.0517062 -0.1711618 0.0654154 0.0299865 0.9826115
1403636596.563555 0.0137770 0.0961662 -0.0914218 -0.1588640 0.0635426 0.0211896 0.9850256
1403636596.813555 -0.0083092 0.0979367 -0.1039455 -0.1584282 0.0605507 0.0137538 0.9854162
1403636597.263556 0.0165093 0.0734975 -0.0175793 -0.1753968 0.0428758 -0.0032542 0.9835584
1403636598.363555 -0.0088923 0.0855790 -0.0084234 -0.1869200 -0.0635502 -0.0562961 0.9786997
1403636598.663555 0.0050858 0.0958858 0.0146884 -0.1652562 -0.0663757 -0.0585603 0.9822705
1403636598.913555 0.0136687 0.1034363 0.0535792 -0.1111467 -0.0912809 -0.0506634 0.9883053
1403636599.463556 0.0202171 0.1210947 0.0996158 -0.0002583 -0.0961964 -0.0363217 0.9946994
1403636600.163555 0.0242201 0.1287393 0.1065667 0.0189171 -0.0849067 -0.0212440 0.9959828
1403636612.063555 0.0241314 0.1287902 0.1064675 0.0186959 -0.0857748 -0.0184446 0.9959683
1403636624.363555 0.0251096 0.1287691 0.1060283 0.0103199 -0.0802974 -0.0188181 0.9965399
1403636624.613555 0.0317330 0.1299055 0.1021171 -0.0065856 -0.0721794 -0.0210886 0.9971470
1403636624.913555 0.0492110 0.1327216 0.0908516 -0.0139520 -0.0610681 -0.0532445 0.9966148
1403636625.213556 0.0612978 0.1126085 0.0688675 -0.0383991 -0.0599986 -0.0626715 0.9954888
1403636625.513556 0.0619496 0.1019878 0.0633490 -0.0350564 -0.0660658 -0.0549282 0.9956853
1403636627.613555 0.0849194 -0.0248902 0.0508679 -0.0087031 -0.0744431 -0.0448581 0.9961778
1403636628.063555 0.1098633 -0.0148835 0.0509730 -0.0395942 -0.0279191 -0.0388164 0.9980713
1403636628.513556 0.1288072 -0.0588673 0.0638422 -0.0037511 -0.0257120 -0.0154454 0.9995430
1403636629.363555 0.2183142 -0.0985690 0.0962548 -0.0207027 0.0246051 -0.0119398 0.9994116
1403636630.063555 0.3290031 -0.0832267 0.1777349 -0.0354270 0.1366726 0.0306524 0.9895079
1403636630.313555 0.3783129 -0.0988732 0.2150408 -0.0070750 0.1549545 0.0328690 0.9873493
1403636630.563555 0.4258143 -0.1249453 0.2453459 -0.0150892 0.1569211 0.0275617 0.9871112
1403636631.663555 0.5984924 -0.1821316 0.4294430 -0.0122687 0.1407730 0.0194488 0.9897748
1403636632.013556 0.6465973 -0.1929089 0.4867974 -0.0142810 0.1395768 0.0151851 0.9899918
1403636632.263556 0.6729289 -0.2094609 0.5263526 -0.0098364 0.1431310 0.0103144 0.9896011
1403636633.213556 0.7412063 -0.2309837 0.7059875 -0.0180417 0.0370549 -0.0217917 0.9989127
1403636633.863555 0.7906650 -0.2505055 0.8614000 -0.0312593 0.0318712 -0.0062737 0.9989834
1403636634.213556 0.8285591 -0.2855006 0.9546993 -0.0296737 0.0329759 0.0042755 0.9990064
1403636634.563555 0.8745207 -0.3303916 1.0572721 -0.0084579 0.0331026 -0.0152354 0.9993001
1403636634.913555 0.9169377 -0.3567679 1.1560853 -0.0135166 0.0109864 -0.0270489 0.9994824
1403636635.263556 0.9488222 -0.3947454 1.2474666 -0.0234895 -0.0032740 -0.0325854 0.9991875
1403636635.613555 0.9778906 -0.4276387 1.3460534 -0.0276399 -0.0101800 -0.0192358 0.9993810
1403636635.963556 1.0139279 -0.4974223 1.4429356 -0.0207796 -0.0114527 -0.0029063 0.9997143
1403636636.313555 1.0662874 -0.5766009 1.5421913 -0.0140232 -0.0019159 -0.0281393 0.9995038
1403636636.713556 1.1235747 -0.6605545 1.6473241 0.0123864 0.0050990 -0.0501914 0.9986498
1403636637.263556 1.1552445 -0.6823363 1.7625284 -0.0136757 -0.0064258 -0.0338648 0.9993122
1403636637.813555 1.1597165 -0.7322633 1.8558798 -0.0197495 -0.0124558 -0.0338045 0.9991557
1403636638.213556 1.1599416 -0.7782567 1.9261147 -0.0060944 -0.0156085 -0.0335139 0.9992978
1403636638.513556 1.1617942 -0.7754297 1.9837184 -0.0430491 -0.0227447 -0.0144951 0.9987088
1403636638.863555 1.1765035 -0.7947245 2.0658317 -0.0304788 -0.0195627 -0.0285179 0.9989370
1403636639.213556 1.1961242 -0.8401667 2.1551871 -0.0241160 -0.0296193 -0.0009836 0.9992698
1403636639.563555 1.2423162 -0.8429080 2.2677784 -0.0217235 -0.0180646 -0.0368921 0.9989198
1403636639.913555 1.2874812 -0.8484147 2.3782640 -0.0045841 -0.0217609 -0.0333109 0.9991976
1403636640.313555 1.3277410 -0.8847829 2.4752347 -0.0037813 -0.0432313 -0.0442368 0.9980781
1403636641.413555 1.4123368 -0.9275163 2.6767330 -0.0072267 -0.0591463 -0.0386174 0.9974759
1403636641.613555 1.4252502 -0.9249644 2.7082584 -0.0065173 -0.0562629 -0.0432653 0.9974568
1403636643.063555 1.5117977 -0.9693829 2.8233128 -0.0220887 0.0032634 -0.0214754 0.9995200
1403636643.713556 1.5556215 -0.9940311 2.8715007 -0.0356843 -0.0015576 -0.0229637 0.9990980
1403636643.963556 1.5761949 -1.0226313 2.8984632 -0.0470624 -0.0020152 -0.0269951 0.9985251
1403636644.213556 1.5956413 -1.0410905 2.9446902 -0.0424115 -0.0025747 -0.0254333 0.9987732
1403636644.463556 1.6169114 -1.0552195 3.0092492 -0.0091116 -0.0100226 -0.0007390 0.9999080
1403636644.713556 1.6510020 -1.0475111 3.0743399 0.0019093 -0.0094297 -0.0016909 0.9999523
1403636645.363555 1.7627594 -1.0163406 3.2308490 -0.0560233 0.0048145 -0.0243203 0.9981216
1403636645.613555 1.8020937 -1.0320097 3.3097098 -0.0399941 0.0067417 -0.0252688 0.9988576
1403636645.813555 1.8314791 -1.0452539 3.3815262 -0.0357513 0.0062643 -0.0248135 0.9990330
1403636646.063555 1.8660392 -1.0878592 3.4726098 -0.0252522 0.0127212 -0.0125817 0.9995210
1403636646.313555 1.9097106 -1.1357731 3.5625060 -0.0062481 0.0592012 0.0191394 0.9980431
1403636646.813555 2.0166624 -1.2193739 3.7208698 0.0082819 0.1519462 0.0314341 0.9878541
1403636647.163555 2.0865071 -1.2824925 3.7912972 -0.0053084 0.1589407 0.0331753 0.9867163
1403636647.513556 2.1539469 -1.3171470 3.8586118 0.0033093 0.1512175 0.0366609 0.9878149
1403636647.913555 2.2391984 -1.3509586 3.9144928 0.0066664 0.1606268 0.0386586 0.9862353
1403636648.163555 2.2963674 -1.3507104 3.9392877 0.0059747 0.2068862 0.0538462 0.9768639
1403636648.563555 2.3946459 -1.3265291 3.9668255 0.0066767 0.3077332 0.0895811 0.9472228
1403636649.413555 2.5746844 -1.3644288 3.9559250 -0.0008317 0.3477434 0.0924122 0.9330240
1403636649.963556 2.6721120 -1.4557841 3.9175129 0.0131955 0.3624583 0.0962268 0.9269251
1403636650.513556 2.7477469 -1.4502563 3.8669913 0.0031026 0.4500028 0.1302310 0.8834748
1403636650.963556 2.7892053 -1.4145242 3.8185515 0.0041171 0.4977186 0.1446973 0.8551736
1403636651.663555 2.8082745 -1.4191126 3.7209601 0.0075300 0.4869899 0.1387468 0.8622839
1403636652.313555 2.7992923 -1.3468540 3.6124506 0.0020800 0.5901488 0.1872766 0.7852691
1403636652.513556 2.7919428 -1.3096117 3.5711942 -0.0100811 0.6302936 0.2128136 0.7465512
1403636652.963556 2.7967730 -1.2729073 3.4717591 -0.0218732 0.6543439 0.2254188 0.7214860
1403636653.263556 2.8247242 -1.2551656 3.4090695 -0.0059777 0.6546535 0.2042511 0.7277874
1403636653.413555 2.8376224 -1.2460748 3.3824568 -0.0007054 0.6523374 0.1948976 0.7324414
1403636653.863555 2.8628221 -1.2415364 3.2977765 0.0075568 0.6450538 0.1841743 0.7415715
1403636654.063555 2.8664744 -1.2263162 3.2690921 0.0083348 0.6422832 0.1908994 0.7422671
1403636654.763556 2.8451929 -1.2078820 3.1547995 -0.0029616 0.7059401 0.2274774 0.6707413
1403636654.963556 2.8318300 -1.1988112 3.1231389 -0.0030654 0.7179406 0.2276321 0.6578264
1403636655.163555 2.8189917 -1.1853777 3.0991354 0.0092567 0.7259568 0.2175086 0.6523735
1403636655.313555 2.8069472 -1.1728780 3.0823076 0.0161552 0.7298501 0.2170437 0.6480355
1403636655.463556 2.7899392 -1.1599324 3.0636628 0.0210541 0.7375301 0.2199423 0.6381470
1403636655.863555 2.7228482 -1.1189387 3.0151274 0.0075656 0.7618157 0.2613952 0.5926654
1403636656.163555 2.6746342 -1.0722556 2.9778206 0.0076200 0.7891802 0.2723440 0.5504228
1403636656.313555 2.6508186 -1.0605156 2.9507294 0.0010805 0.7946577 0.2749772 0.5412076
1403636656.463556 2.6282797 -1.0568174 2.9186692 -0.0004891 0.7957250 0.2765633 0.5388266
1403636656.613555 2.6083732 -1.0573854 2.8836286 -0.0023689 0.7962415 0.2723413 0.5402075
1403636656.763556 2.5915899 -1.0569010 2.8519306 0.0092880 0.7999465 0.2561897 0.5425550
1403636656.913555 2.5734856 -1.0469220 2.8194270 0.0127504 0.8018069 0.2434986 0.5455745
1403636657.213556 2.5270805 -1.0147970 2.7665343 0.0249338 0.7975554 0.2441515 0.5510660
1403636657.413555 2.4855547 -0.9964749 2.7300885 0.0215981 0.7923398 0.2587948 0.5520475
1403636657.613555 2.4399571 -0.9768427 2.6966660 0.0147791 0.7882525 0.2729270 0.5513169
1403636657.763556 2.4059837 -0.9548356 2.6678555 0.0163495 0.7894160 0.2730359 0.5495512
1403636657.963556 2.3606372 -0.9224365 2.6222284 0.0220240 0.7876521 0.2872101 0.5446371
1403636658.113555 2.3264527 -0.9020572 2.5857272 0.0130706 0.7914264 0.2837643 0.5412497
1403636658.513556 2.2437806 -0.8498167 2.4667649 -0.0127999 0.7997950 0.2707157 0.5356089
1403636658.663555 2.2188153 -0.8261923 2.4246054 -0.0212563 0.8023562 0.2644951 0.5346165
1403636658.813555 2.1986618 -0.8015139 2.3837667 -0.0246653 0.8055298 0.2551099 0.5342587
1403636658.963556 2.1812720 -0.7764034 2.3507628 -0.0151686 0.8079770 0.2489388 0.5338283
1403636659.113555 2.1670513 -0.7501503 2.3212755 -0.0027791 0.8087654 0.2465250 0.5339627
1403636659.313555 2.1443527 -0.7119468 2.2896230 0.0004866 0.8083199 0.2465803 0.5346185
1403636659.463556 2.1256661 -0.6894266 2.2699203 -0.0080053 0.8052560 0.2560850 0.5347141
1403636659.613555 2.1082211 -0.6739044 2.2482748 -0.0095807 0.8054146 0.2560599 0.5344614
1403636659.813555 2.0868030 -0.6501091 2.2270236 -0.0075973 0.8087273 0.2513579 0.5317158
1403636660.013556 2.0634627 -0.6161168 2.2143157 -0.0122784 0.8077422 0.2591721 0.5293691
1403636660.163555 2.0499887 -0.5894314 2.2089109 -0.0202212 0.8055287 0.2687679 0.5277106
1403636660.463556 2.0341141 -0.5401991 2.2007976 -0.0354461 0.7989874 0.2884722 0.5264472
1403636660.613555 2.0383584 -0.5224967 2.1951933 -0.0311218 0.8025146 0.2782425 0.5268614
1403636660.813555 2.0525599 -0.4943550 2.1905618 -0.0248693 0.8123684 0.2473097 0.5275197
1403636661.013556 2.0694525 -0.4606136 2.1968203 -0.0213895 0.8146240 0.2384081 0.5282915
1403636661.213556 2.0871365 -0.4264120 2.2162480 -0.0079378 0.8136496 0.2419674 0.5285481
1403636661.413555 2.1006169 -0.3996734 2.2404284 -0.0037812 0.8131555 0.2428806 0.5289355
1403636661.613555 2.1120739 -0.3885249 2.2659121 -0.0017391 0.8105422 0.2494629 0.5298931
1403636661.813555 2.1187286 -0.3912320 2.2911897 0.0107632 0.8087440 0.2522282 0.5312234
1403636662.513556 2.0955341 -0.4326467 2.3711452 -0.0155186 0.8086671 0.2558577 0.5294843
1403636662.713556 2.0866599 -0.4352699 2.4023244 0.0028882 0.8033516 0.2745348 0.5284397
1403636662.913555 2.0796547 -0.4294184 2.4321561 0.0114429 0.8014245 0.2821039 0.5272622
1403636663.163555 2.0707641 -0.4147730 2.4577615 0.0140859 0.7951140 0.3010983 0.5262463
1403636663.413555 2.0678301 -0.3978257 2.4651434 -0.0267029 0.8017278 0.2856182 0.5243488
1403636663.863555 2.1125784 -0.3458544 2.4774823 -0.0584126 0.8055281 0.2675977 0.5254559
1403636664.063555 2.1599724 -0.3391482 2.4876909 -0.0555849 0.8117627 0.2413683 0.5288601
1403636664.263556 2.2152941 -0.3484995 2.5100718 -0.0295706 0.8104559 0.2368159 0.5349814
1403636664.463556 2.2753091 -0.3478310 2.5450060 -0.0147393 0.8067756 0.2363494 0.5413269
1403636664.713556 2.3448429 -0.3394291 2.6039619 0.0032274 0.7988845 0.2417730 0.5507441
1403636665.013556 2.4183209 -0.3481936 2.6739948 -0.0068434 0.7910079 0.2475057 0.5594645
1403636665.313555 2.4869828 -0.3838516 2.7422624 0.0031470 0.7841355 0.2601385 0.5634267
1403636665.613555 2.5548174 -0.4205272 2.8001428 -0.0170443 0.7889917 0.2485152 0.5616420
1403636666.713556 2.7563977 -0.5434871 3.0445859 -0.0013711 0.7871839 0.2578939 0.5602058
1403636667.163555 2.8137708 -0.5850039 3.1235631 0.0036954 0.7805263 0.2696706 0.5639529
1403636667.513556 2.8639698 -0.5868120 3.1728444 -0.0082656 0.7864082 0.2469838 0.5661208
1403636667.913555 2.9178560 -0.6063879 3.2305417 0.0004139 0.7782345 0.2708684 0.5665520
1403636668.313555 2.9803019 -0.6062966 3.2788200 -0.0147200 0.7855268 0.2647423 0.5591446
1403636668.663555 3.0470459 -0.5879901 3.3278177 -0.0153197 0.7919553 0.2601349 0.5521792
1403636669.063555 3.1315770 -0.5828063 3.3963399 -0.0133651 0.8015088 0.2373288 0.5487077
1403636669.413555 3.2033956 -0.6046165 3.4702060 -0.0013082 0.8012167 0.2408748 0.5477494
1403636669.763556 3.2588086 -0.6161028 3.5712366 0.0160033 0.8068476 0.2187266 0.5485433
1403636670.113555 3.2736709 -0.6552656 3.6732590 0.0565504 0.7846096 0.2716715 0.5544227
1403636670.463556 3.2403183 -0.6830373 3.7259846 0.0958640 0.7613901 0.2796824 0.5769514
1403636671.263556 2.9559686 -0.6950989 3.5163252 0.0853457 0.6264682 0.2374848 0.7374650
1403636672.163555 2.5903678 -0.6219665 2.9619853 -0.0911793 0.5775962 0.1985942 0.7865299
1403636672.613555 2.5649741 -0.6355019 2.7974331 -0.0404711 0.5980663 0.1533695 0.7855932
1403636673.213556 2.5554919 -0.5693462 2.7327185 -0.0474770 0.5449871 0.1653971 0.8205966
1403636673.813555 2.6088362 -0.5814012 2.7556415 -0.0298834 0.5269676 0.1436488 0.8371243
1403636675.863555 2.9459004 -0.6129271 3.2248785 0.0006947 0.4340729 0.1102274 0.8941087
1403636676.563555 3.0653629 -0.6083179 3.4573462 -0.0312889 0.2932520 0.0493018 0.9542503
1403636677.663555 3.1603329 -0.6919231 3.8360062 0.0189791 0.1940855 0.0292435 0.9803650
1403636678.613555 3.1792345 -0.7778129 4.0051780 -0.0142495 0.0027858 -0.0232787 0.9996236
1403636679.313555 3.1665063 -0.8079596 4.0920987 -0.0011179 -0.1539563 -0.0853679 0.9843823
1403636679.563555 3.1445241 -0.8146662 4.1098757 -0.0025501 -0.2157702 -0.0953162 0.9717776
1403636679.863555 3.1294668 -0.8441224 4.1145983 -0.0006211 -0.2462315 -0.1096573 0.9629875
1403636680.163555 3.1178784 -0.8899152 4.1007609 0.0176681 -0.2361374 -0.1439829 0.9608309
1403636680.463556 3.0936100 -0.9128056 4.0638909 0.0172569 -0.2237060 -0.1589480 0.9614538
1403636680.813555 3.0369086 -0.9032086 3.9941571 -0.0007712 -0.2246849 -0.1312011 0.9655581
1403636681.163555 2.9632828 -0.8681182 3.9189920 -0.0441623 -0.2288076 -0.1099566 0.9662331
1403636681.513556 2.8835664 -0.8392686 3.8617995 -0.0049027 -0.2322913 -0.1106266 0.9663221
1403636681.863555 2.8006907 -0.8177816 3.7950122 -0.0008708 -0.2353258 -0.1180527 0.9647200
1403636682.213556 2.7185528 -0.8038490 3.7153080 -0.0047864 -0.2428494 -0.1115104 0.9636217
1403636682.513556 2.6506279 -0.7862911 3.6476369 -0.0176192 -0.2405563 -0.1120295 0.9639874
1403636683.163555 2.5017204 -0.7466993 3.4988360 0.0038844 -0.2311507 -0.1153795 0.9660444
1403636683.463556 2.4336054 -0.7146476 3.4183607 -0.0030496 -0.2379416 -0.1095305 0.9650791
1403636683.763556 2.3677166 -0.6624523 3.3405509 -0.0118951 -0.2413114 -0.1093125 0.9641982
1403636684.413555 2.2343817 -0.6247206 3.1658580 -0.0034021 -0.2530295 -0.1087519 0.9613207
1403636684.713556 2.1853042 -0.6004366 3.0877891 -0.0005342 -0.2590875 -0.0997773 0.9606861
1403636685.063555 2.1454308 -0.5517522 3.0019221 0.0015206 -0.2528051 -0.1156601 0.9605780
1403636685.413555 2.1086633 -0.5212390 2.9039388 -0.0065772 -0.2423157 -0.1238056 0.9622433
1403636685.813555 2.0560820 -0.4777842 2.7883708 -0.0042682 -0.2387135 -0.1200790 0.9636279
1403636687.613555 1.8180702 -0.3157839 2.3610406 -0.0053273 -0.2498463 -0.1038156 0.9626894
1403636688.363555 1.7659731 -0.1852320 2.2429333 -0.0055781 -0.2507111 -0.1099861 0.9617775
1403636688.713556 1.7431337 -0.1222226 2.1860590 -0.0037310 -0.2457787 -0.1266387 0.9610107
1403636689.063555 1.7063181 -0.0651115 2.1214101 -0.0150773 -0.2647550 -0.1245602 0.9561183
1403636689.363555 1.6668190 -0.0462531 2.0607669 -0.0248126 -0.2827815 -0.1224009 0.9510189
1403636689.763556 1.6059113 -0.0591709 1.9884226 -0.0434273 -0.2904255 -0.1133486 0.9491677
1403636690.063555 1.5630039 -0.0723335 1.9631221 -0.0438387 -0.2924352 -0.0951344 0.9505311
1403636690.513556 1.5076754 -0.1034956 1.9752060 -0.0365682 -0.2829677 -0.1122403 0.9518373
1403636690.813555 1.4739113 -0.1240484 2.0092871 -0.0354742 -0.2977452 -0.0681196 0.9515509
1403636691.063555 1.4650609 -0.1248859 2.0599935 -0.0007834 -0.3068691 -0.0419768 0.9508253
1403636691.313555 1.4975111 -0.1426987 2.1113863 0.0324349 -0.2995296 -0.0744130 0.9506276
1403636691.663555 1.5887867 -0.1932432 2.1492078 -0.0015224 -0.2960480 -0.1113426 0.9486602
1403636692.063555 1.7018950 -0.2510617 2.1767685 0.0015419 -0.2968062 -0.1140324 0.9481035
1403636692.513556 1.8299043 -0.3230750 2.1889086 -0.0030704 -0.2873056 -0.1289766 0.9491107
1403636693.013556 1.9527743 -0.4296138 2.1713088 -0.0142964 -0.2730517 -0.1570315 0.9489887
1403636693.513556 2.0164609 -0.4850079 2.1542912 -0.0460751 -0.2847412 -0.1338336 0.9480971
1403636694.013556 2.0309541 -0.5148364 2.1916533 -0.0166766 -0.2916098 -0.1249326 0.9481969
1403636695.063555 2.0349643 -0.5522952 2.2989283 -0.0195365 -0.2933902 -0.1081609 0.9496536
1403636695.563555 2.0521753 -0.5767891 2.3503523 -0.0082552 -0.2798578 -0.1245191 0.9518963
1403636696.363555 2.0663543 -0.5717214 2.4167893 -0.0077453 -0.2711532 -0.1284753 0.9538921
1403636697.763556 2.0176210 -0.5743048 2.3530746 -0.0130949 -0.2354726 -0.1219469 0.9641111
1403636698.413555 1.9290454 -0.5502759 2.2741535 -0.0140765 -0.1468875 -0.0862515 0.9852850
1403636699.313555 1.7859355 -0.4595059 2.2038243 -0.0190602 0.0777851 0.0228598 0.9965258
1403636700.613555 1.7635243 -0.3602577 2.1468081 -0.0028000 0.2592609 0.0841461 0.9621307
1403636701.763556 1.8816732 -0.2932655 2.0793364 -0.0083362 0.2826760 0.0747635 0.9562611
1403636703.063555 2.0576410 -0.1456935 2.1041443 -0.0276980 0.3937133 0.1156669 0.9115064
1403636704.263556 2.2565346 -0.1213810 2.1539118 -0.0140905 0.3802354 0.1168900 0.9173654
1403636705.163555 2.4396389 -0.1108308 2.2328010 -0.0443754 0.3754261 0.1080679 0.9194604
1403636705.913555 2.6327026 -0.1340743 2.4228024 -0.0157622 0.3751438 0.1081649 0.9204993
1403636706.913555 2.8885407 -0.1888616 2.6744969 -0.0317140 0.3746879 0.0988888 0.9213166
1403636707.763556 3.0740814 -0.3429424 2.9235721 -0.0261597 0.3830425 0.1193202 0.9156182
1403636708.613555 3.2821975 -0.3932917 3.2303762 0.0094838 0.3693155 0.1245961 0.9208648
1403636709.363555 3.4489810 -0.4323583 3.4218044 -0.0082066 0.3984787 0.0914358 0.9125715
1403636709.963556 3.4962344 -0.4648412 3.5777934 -0.0154710 0.3936118 0.0893301 0.9147953
1403636710.463556 3.4936862 -0.4961860 3.7346323 0.0000025 0.3671478 0.1092923 0.9237195
1403636710.963556 3.4830246 -0.4882103 3.8816266 -0.0022536 0.2973039 0.0715002 0.9520993
1403636711.563555 3.4457383 -0.5239025 4.0106883 0.0223226 0.2715501 0.0465662 0.9610379
1403636712.063555 3.3577754 -0.5621301 4.0658960 0.0110012 0.2712159 0.0769738 0.9593727
1403636712.613555 3.2385013 -0.6308255 4.0606542 0.0152964 0.2323088 0.0339473 0.9719291
1403636713.113555 3.0986168 -0.6648347 4.0165396 0.0141844 0.2094689 0.0361068 0.9770455
1403636713.663555 2.9369464 -0.7133351 3.9130442 0.0024222 0.2048171 0.0569883 0.9771369
1403636714.463556 2.7587070 -0.7057303 3.7344391 -0.0092134 0.2177395 0.0630652 0.9739237
1403636715.513556 2.6189151 -0.6969703 3.5564251 -0.0169421 0.0776449 0.0130038 0.9967523
1403636716.613555 2.5670080 -0.6710253 3.4078500 -0.0055202 0.1014335 0.0110199 0.9947660
1403636717.763556 2.5087078 -0.5816630 3.1844542 -0.0061353 -0.0163218 -0.0535056 0.9984154
1403636718.863555 2.3023934 -0.4519072 2.9717293 -0.0174367 -0.1641874 -0.0699600 0.9837907
1403636719.613555 2.1915774 -0.3700472 2.8503582 0.0025947 -0.1648568 -0.0732309 0.9835918
1403636720.313555 2.1238055 -0.3094659 2.7146602 -0.0154303 -0.1524915 -0.0683690 0.9858164
1403636721.063555 2.0910780 -0.2557995 2.6106124 -0.0126166 -0.1238389 -0.0557860 0.9906526
1403636722.213556 2.1102886 -0.1894497 2.4814227 -0.0057657 -0.0365377 -0.0441139 0.9983415
1403636723.563555 2.0967760 -0.1328066 2.2750356 0.0055549 -0.0020755 -0.0331854 0.9994317
1403636724.763556 2.0478506 -0.0759652 2.0952225 -0.0087255 0.1217949 0.0122971 0.9924408
1403636728.063555 1.9498408 -0.2700538 1.7026125 -0.0047035 0.1009242 -0.0098508 0.9948342
1403636729.263556 1.8146791 -0.2578586 1.5204020 0.0009864 0.0346888 -0.0223840 0.9991470
1403636730.763556 1.6188737 -0.1785112 1.2386492 -0.0343803 0.0259248 -0.0170477 0.9989271
1403636732.363555 1.5592123 -0.1104671 1.1546305 -0.0024811 0.0255030 -0.0151097 0.9995575
1403636733.513556 1.4847325 -0.0894534 0.9715030 -0.0084880 0.0218229 -0.0246658 0.9994215
1403636734.813555 1.3092018 -0.0632944 0.7032879 -0.0187622 0.0141326 -0.0231263 0.9994566
1403636736.113555 1.1559069 -0.0749405 0.5495588 -0.0132927 0.0185675 -0.0180633 0.9995760
1403636737.513556 0.9951732 -0.0569060 0.4383678 -0.0157533 -0.0449695 -0.0415519 0.9979995
1403636739.363555 0.9394338 -0.0932598 0.4026115 -0.0081253 0.1599743 0.0377166 0.9863669
1403636740.563555 1.0472593 0.0002653 0.4377540 -0.0019272 0.2336093 0.0580547 0.9705940
1403636741.713556 1.1098964 0.1773558 0.4514089 -0.0236162 0.2523842 0.0755806 0.9643817
1403636743.213556 1.1760048 0.2906018 0.5229955 -0.0346027 0.2419438 0.0752173 0.9667513
1403636744.313555 1.3035100 0.3912985 0.7111977 0.0033853 0.2903448 0.0795108 0.9536071
1403636745.463556 1.4328548 0.6295311 0.8737348 -0.0001251 0.2764224 0.0706730 0.9584342
1403636746.613555 1.4575509 0.5751057 0.9004109 -0.0026932 0.3118343 0.0762491 0.9470682
1403636747.813555 1.3962904 0.4791356 0.9636188 -0.0116029 0.3099096 0.0808105 0.9472545
1403636748.813555 1.3742722 0.3362036 1.0284300 0.0019393 0.3141838 0.1018718 0.9438787
1403636749.963556 1.4169019 0.2226954 1.0330526 0.0183151 0.3292835 0.0771058 0.9408994
1403636752.113555 1.2772409 -0.0818788 0.8555675 -0.0258786 0.2814611 0.0821560 0.9556989
1403636753.463556 1.2611470 -0.1944235 0.8219695 -0.0098990 0.0332418 -0.0379402 0.9986779
1403636755.263556 1.0073425 -0.1780968 0.6913200 -0.0016064 -0.0570980 -0.0583323 0.9966617
1403636756.263556 0.7712451 -0.1534420 0.5373301 -0.0031828 -0.0552289 -0.0530134 0.9970603
1403636757.363555 0.4951060 -0.1054760 0.3327206 -0.0016168 -0.0640259 -0.0545535 0.9964547
1403636758.463556 0.1996516 -0.0832960 0.1230208 -0.0209600 -0.1057476 -0.0534298 0.9927353
1403636759.263556 0.0441647 -0.0330684 0.0867062 -0.0088233 -0.1184757 -0.0115267 0.9928509
1403636760.613555 0.0246265 0.0724136 0.0576964 -0.0130798 -0.1041813 -0.0637623 0.9924262
1403636761.513556 -0.0074112 0.1225152 0.0430199 -0.0209645 -0.1060121 -0.0672463 0.9918669
1403636762.263556 -0.0427523 0.1056484 0.0458805 -0.0174519 -0.0945679 -0.0851269 0.9917186
1403636762.813555 -0.0782723 0.1357891 0.0706258 -0.0107653 -0.1105375 -0.0376675 0.9930996
1403636763.263556 -0.0617282 0.1420053 0.0636312 0.0009062 -0.0694813 -0.0090124 0.9975422
