1403638151.845097 -0.5926696 -2.2658134 0.8840499 -0.8231618 -0.0172770 -0.0103289 0.5674500
1403638152.045097 -0.6846184 -2.1535070 0.9383168 -0.8242379 -0.0234262 -0.0083235 0.5656977
1403638152.545097 -0.9529104 -1.8589070 0.9865822 -0.8245657 -0.0269429 -0.0199399 0.5647724
1403638153.295097 -1.4871091 -1.3722081 1.0728761 -0.8254358 -0.0740798 0.0318308 0.5587083
1403638153.545097 -1.6721574 -1.1956043 1.1052474 -0.8238209 -0.1110813 0.0412373 0.5543280
1403638154.045097 -2.1078346 -0.8139403 1.1850712 -0.8060028 -0.1673882 0.0890504 0.5607234
1403638154.195097 -2.2488954 -0.6992295 1.1828864 -0.7994626 -0.1714915 0.0921593 0.5682930
1403638154.295097 -2.3443007 -0.6252314 1.1762661 -0.7955831 -0.1730301 0.0916250 0.5733351
1403638154.495097 -2.5373578 -0.4887323 1.1549991 -0.7862617 -0.1689696 0.0946412 0.5867579
1403638154.695097 -2.7310181 -0.3804446 1.1415679 -0.7906745 -0.1725751 0.1009715 0.5786679
1403638154.895097 -2.9244518 -0.2940670 1.1536850 -0.7933305 -0.1915395 0.1014591 0.5688984
1403638155.195097 -3.2308600 -0.1955510 1.2198792 -0.7837321 -0.2200404 0.1180681 0.5686882
1403638155.295097 -3.3368475 -0.1702588 1.2382319 -0.7784436 -0.2258049 0.1247624 0.5722517
1403638155.595097 -3.6619034 -0.1297153 1.2541943 -0.7636561 -0.2519102 0.1490503 0.5754605
1403638155.745097 -3.8249276 -0.1339692 1.2460979 -0.7538107 -0.2672830 0.1763992 0.5737705
1403638155.895097 -3.9807222 -0.1533203 1.2276207 -0.7476691 -0.2920081 0.1989478 0.5622652
1403638156.045097 -4.1265554 -0.1863279 1.2129018 -0.7464251 -0.3253677 0.2178786 0.5380654
1403638156.195097 -4.2668219 -0.2230988 1.2178118 -0.7407542 -0.3538463 0.2383822 0.5188932
1403638156.495097 -4.5429792 -0.2805136 1.2442951 -0.7323982 -0.3914041 0.2617651 0.4918076
1403638156.645097 -4.6826911 -0.2950885 1.2394164 -0.7298215 -0.3971834 0.2658442 0.4888075
1403638156.795097 -4.8269186 -0.2997745 1.2223248 -0.7294725 -0.3986945 0.2660976 0.4879598
1403638156.945097 -4.9743938 -0.2950780 1.1992841 -0.7308211 -0.3978199 0.2635428 0.4880420
1403638157.645097 -5.7388649 -0.1609191 1.2183061 -0.7157097 -0.4115930 0.2658805 0.4976529
1403638157.845097 -5.9760981 -0.1152647 1.2270041 -0.6922094 -0.4401451 0.2844039 0.4962186
1403638158.195097 -6.3907452 -0.0556623 1.2826958 -0.6715512 -0.4737486 0.3252836 0.4677307
1403638158.495097 -6.7340002 0.0073632 1.2852144 -0.6608952 -0.4867496 0.3253968 0.4694776
1403638158.695097 -6.9566951 0.0471256 1.2698817 -0.6585622 -0.4865996 0.3238948 0.4739291
1403638158.845097 -7.1216497 0.0698681 1.2613802 -0.6658026 -0.4826527 0.3262670 0.4661579
1403638159.145097 -7.4483910 0.1188332 1.2897453 -0.6844690 -0.4848743 0.3158833 0.4434149
1403638159.345097 -7.6817656 0.1660720 1.3108253 -0.6845630 -0.4808514 0.3176713 0.4463634
1403638159.545097 -7.9276161 0.2283092 1.3302011 -0.6664172 -0.4570136 0.3491789 0.4744478
1403638159.895097 -8.2814093 0.3760478 1.4254360 -0.6567672 -0.4448642 0.3673249 0.4856183
1403638160.045097 -8.3865337 0.4544277 1.4942355 -0.6512933 -0.4568396 0.3522608 0.4929777
1403638160.245097 -8.4965420 0.5549089 1.6143193 -0.6615211 -0.4720608 0.3350368 0.4767587
1403638160.395097 -8.5712585 0.6291535 1.7254734 -0.6701382 -0.4815552 0.3236934 0.4628628
1403638160.545097 -8.6487350 0.7048036 1.8352227 -0.6729167 -0.4833181 0.3210507 0.4588173
1403638160.745097 -8.7629242 0.8070184 1.9653020 -0.6730092 -0.4805044 0.3245552 0.4591711
1403638160.945097 -8.8822403 0.9173586 2.0836124 -0.6720170 -0.4533690 0.3402953 0.4764964
1403638161.145097 -8.9810181 1.0395848 2.1840420 -0.6840723 -0.4253071 0.3262086 0.4947190
1403638161.495097 -9.1000872 1.2652252 2.3292918 -0.7289795 -0.3787692 0.2673285 0.5036450
1403638161.895097 -9.2116060 1.5352626 2.4373217 -0.7448769 -0.3465650 0.2523565 0.5112410
1403638162.045097 -9.2484055 1.6462412 2.4621506 -0.7481323 -0.3351458 0.2457069 0.5173041
1403638162.445097 -9.3264189 1.9673828 2.5672402 -0.7588094 -0.3192777 0.2457431 0.5117425
1403638162.845097 -9.3614712 2.3409705 2.6807218 -0.7578514 -0.3252245 0.2349684 0.5144708
1403638163.045097 -9.3658304 2.5434129 2.7749648 -0.7545751 -0.3072139 0.2423958 0.5267641
1403638163.695097 -9.2701931 3.2339232 2.8486280 -0.7738894 -0.2534852 0.1844093 0.5503035
1403638164.745097 -8.8351851 4.2618952 3.2279162 -0.7757093 -0.2331649 0.2012062 0.5508406
1403638164.945097 -8.6878052 4.4624610 3.2578678 -0.7674450 -0.2390049 0.1734664 0.5690469
1403638165.145097 -8.5319729 4.6434994 3.2734241 -0.7691773 -0.2169314 0.1805515 0.5733309
1403638165.545097 -8.1751184 4.9710779 3.2429490 -0.7834837 -0.1998334 0.1685931 0.5637342
1403638165.745097 -7.9743714 5.1279335 3.2054482 -0.7664068 -0.1996427 0.1607514 0.5890013
1403638165.945097 -7.7565413 5.2541122 3.1559315 -0.7759688 -0.2059231 0.1523056 0.5764297
1403638166.145097 -7.5325761 5.3606796 3.1379080 -0.7872871 -0.2147669 0.1436885 0.5598285
1403638166.345097 -7.3174081 5.4617577 3.1848865 -0.7877670 -0.2229175 0.1403408 0.5568084
1403638166.545097 -7.1129732 5.5528250 3.2825608 -0.7871942 -0.2269217 0.1406952 0.5559108
1403638166.845097 -6.8288174 5.6812425 3.3838773 -0.7953755 -0.2190756 0.1583981 0.5424886
1403638166.995097 -6.6915436 5.7494402 3.4061136 -0.8095572 -0.2166489 0.1632933 0.5205918
1403638167.495097 -6.2870460 6.1194429 3.5371585 -0.8054475 -0.2262176 0.1485199 0.5272778
1403638167.945097 -5.9757757 6.5727124 3.6170969 -0.8053931 -0.1743809 0.1581966 0.5439734
1403638168.595097 -5.3834600 7.3492589 3.7542028 -0.8210616 -0.1172320 0.0739740 0.5537531
1403638168.795097 -5.1968803 7.5984392 3.7824249 -0.8266566 -0.1183276 0.0531225 0.5475540
1403638168.845097 -5.1540470 7.6618729 3.7855644 -0.8277560 -0.1184403 0.0510361 0.5460652
1403638169.345097 -4.8136177 8.3345394 3.7514544 -0.8121882 -0.0970835 0.0859495 0.5688038
1403638169.495097 -4.7148185 8.5415154 3.7211189 -0.8058476 -0.0690368 0.0941593 0.5804977
1403638169.645097 -4.5947876 8.7410040 3.6992693 -0.8042421 -0.0474153 0.0776557 0.5872955
1403638169.795097 -4.4549575 8.9273491 3.6890154 -0.8072273 -0.0308097 0.0417479 0.5879558
1403638169.945097 -4.3062329 9.1009665 3.6976604 -0.8058154 -0.0145826 -0.0021677 0.5919833
1403638170.095097 -4.1643438 9.2608204 3.7213774 -0.7962983 0.0137779 -0.0293430 0.6040350
1403638170.245097 -4.0309510 9.4009943 3.7343845 -0.7938371 0.0521746 -0.0430556 0.6043565
1403638170.545097 -3.7705479 9.6252460 3.7217102 -0.7921491 0.1285460 -0.0652251 0.5930611
1403638170.995097 -3.3322878 9.8268909 3.7611771 -0.7701763 0.2126177 -0.1189401 0.5894705
1403638171.295097 -3.0166974 9.8540154 3.7611942 -0.7563273 0.2481738 -0.1426884 0.5882336
1403638171.445097 -2.8567786 9.8334932 3.7545805 -0.7515149 0.2574017 -0.1476267 0.5892165
1403638171.745097 -2.5283046 9.7182035 3.7320566 -0.7377588 0.2817401 -0.1542081 0.5937630
1403638171.895097 -2.3591318 9.6167717 3.7227001 -0.7293246 0.2956285 -0.1580251 0.5964206
1403638172.045097 -2.1858530 9.4801302 3.7256160 -0.7238712 0.2994922 -0.1706830 0.5976472
1403638172.195097 -2.0144525 9.3091917 3.7333679 -0.7240667 0.3012496 -0.1780764 0.5943609
1403638172.345097 -1.8485751 9.1098814 3.7221508 -0.7250286 0.3005645 -0.1824922 0.5921918
1403638172.495097 -1.6868000 8.8879156 3.6878691 -0.7229198 0.2999495 -0.1815706 0.5953566
1403638172.645097 -1.5272703 8.6458149 3.6332049 -0.7202449 0.2994917 -0.1773535 0.6000815
1403638172.795097 -1.3718452 8.3750544 3.5636616 -0.7213137 0.2978099 -0.1737672 0.6006836
1403638172.945097 -1.2194705 8.0749474 3.4854832 -0.7230053 0.2979118 -0.1655829 0.6009113
1403638173.095097 -1.0683374 7.7466221 3.3963995 -0.7292409 0.2998653 -0.1538584 0.5954965
1403638173.445097 -0.6914861 6.8950052 3.1283197 -0.7471917 0.2811164 -0.1755698 0.5760671
1403638173.595097 -0.5243902 6.5134373 2.9841900 -0.7525923 0.2723005 -0.1899744 0.5686538
1403638173.795097 -0.3097775 6.0050011 2.7834759 -0.7533445 0.2735647 -0.1908030 0.5667704
1403638173.995097 -0.1105678 5.4923859 2.5928173 -0.7538130 0.2750943 -0.1911817 0.5652776
1403638174.145097 0.0248721 5.1002150 2.4654918 -0.7555412 0.2748802 -0.1921020 0.5627568
1403638174.345097 0.1951673 4.5772095 2.2918296 -0.7653665 0.2761236 -0.1890677 0.5497484
1403638174.545097 0.3638692 4.0704589 2.1091735 -0.7719238 0.2779373 -0.1840063 0.5413190
1403638174.695097 0.4932195 3.7036943 1.9852417 -0.7790697 0.2748749 -0.1870665 0.5315077
1403638174.845097 0.6230097 3.3505213 1.8786502 -0.7847130 0.2748859 -0.1866223 0.5232928
1403638174.995097 0.7529496 3.0176554 1.7867234 -0.7865875 0.2749226 -0.1878271 0.5200180
1403638175.145097 0.8857528 2.7075453 1.7093415 -0.7849879 0.2745930 -0.1917422 0.5211791
1403638175.445097 1.1589124 2.1518006 1.5978957 -0.7952009 0.2762872 -0.1957489 0.5029942
1403638175.595097 1.3012630 1.9142489 1.5682971 -0.8061324 0.2769188 -0.1948140 0.4852978
1403638175.745097 1.4477149 1.7087811 1.5538192 -0.8148219 0.2798440 -0.1889102 0.4712384
1403638175.895097 1.6045477 1.5376103 1.5292736 -0.8193313 0.2773799 -0.1898768 0.4644389
1403638176.045097 1.7732753 1.4032061 1.4852918 -0.8160431 0.2670343 -0.2011389 0.4714972
1403638176.445097 2.2142978 1.2005258 1.4074816 -0.7787767 0.2553362 -0.2184063 0.5297254
1403638177.045097 2.6922970 1.0776074 1.4402232 -0.7815364 0.2598640 -0.2155242 0.5246149
1403638177.195097 2.7834506 1.0740632 1.4413317 -0.7827635 0.2571763 -0.2201411 0.5221873
1403638177.495097 2.9319239 1.1027563 1.4026141 -0.7821600 0.2603701 -0.2182407 0.5223066
1403638177.845097 3.0701447 1.1843998 1.3185866 -0.7662527 0.2894316 -0.1894433 0.5414771
1403638178.345097 3.2963417 1.2375888 1.2631857 -0.7357156 0.3211072 -0.2240424 0.5526462
1403638178.795097 3.4802334 1.1451097 1.2586606 -0.7024717 0.4153925 -0.2674268 0.5123138
1403638178.945097 3.5426040 1.0910990 1.2371964 -0.6963044 0.4375610 -0.2798688 0.4953526
1403638179.095097 3.6078606 1.0309069 1.2066450 -0.6973920 0.4500633 -0.2871546 0.4781524
1403638179.395097 3.7704039 0.9072081 1.1239831 -0.6910467 0.4703238 -0.3114306 0.4519525
1403638179.545097 3.8695498 0.8514155 1.0799882 -0.6662139 0.4885793 -0.3291055 0.4573172
1403638179.695097 3.9721329 0.7929999 1.0343342 -0.6431928 0.5102810 -0.3477995 0.4527163
1403638180.045097 4.2053223 0.6395711 0.9798207 -0.6068253 0.5625199 -0.3753023 0.4177112
1403638180.195097 4.3068085 0.5713445 0.9710617 -0.5987267 0.5739761 -0.3794802 0.4099665
1403638180.345097 4.4121394 0.5004042 0.9573650 -0.5956204 0.5796754 -0.3801646 0.4058174
1403638180.645097 4.6435828 0.3512046 0.9011583 -0.6017963 0.5752071 -0.3866134 0.3968730
1403638180.795097 4.7689829 0.2778397 0.8829026 -0.6083156 0.5753676 -0.3810590 0.3920438
1403638180.995097 4.9559078 0.1852079 0.8796587 -0.6100897 0.5735791 -0.3756316 0.3971128
1403638181.145097 5.1085300 0.1175464 0.8680334 -0.6087151 0.5725405 -0.3721219 0.4039662
1403638181.345097 5.3264666 0.0230194 0.8379326 -0.5936134 0.5735480 -0.3768985 0.4202540
1403638181.495097 5.4938450 -0.0595354 0.8039927 0.5699812 -0.5878643 0.3849020 -0.4258961
1403638181.845097 5.8484335 -0.3164842 0.7345181 0.5203405 -0.6233723 0.4332844 -0.3910464
1403638182.045097 6.0183744 -0.4844073 0.7361407 0.5070167 -0.6475784 0.4423760 -0.3576029
1403638182.245097 6.1818957 -0.6539674 0.7600188 0.4973460 -0.6654478 0.4383913 -0.3429857
1403638182.445097 6.3503599 -0.8306933 0.7756190 0.4942357 -0.6744246 0.4314371 -0.3387397
1403638182.595097 6.4838095 -0.9743164 0.7985635 0.5048801 -0.6697259 0.4366157 -0.3254691
1403638182.795097 6.6784735 -1.1679690 0.8538465 0.5104370 -0.6657024 0.4367380 -0.3248912
1403638182.945097 6.8377371 -1.3116460 0.8891387 0.5090960 -0.6615108 0.4392603 -0.3320771
1403638183.145097 7.0593815 -1.5039464 0.9182673 0.5074625 -0.6499797 0.4518992 -0.3402871
1403638183.345097 7.2822866 -1.6907711 0.9258280 0.5149549 -0.6504291 0.4484634 -0.3326321
1403638183.545097 7.5119543 -1.8678080 0.9184437 0.5236920 -0.6554027 0.4397958 -0.3205836
1403638183.845097 7.8938427 -2.1143079 0.9179335 0.5158499 -0.6418768 0.4598151 -0.3323599
1403638183.995097 8.0866394 -2.2234395 0.9403405 0.5130576 -0.6397656 0.4638397 -0.3351489
1403638184.195097 8.3391752 -2.3522205 0.9841356 0.5171480 -0.6492112 0.4515741 -0.3273587
1403638184.345097 8.5321426 -2.4406161 1.0062895 0.5180184 -0.6514325 0.4493967 -0.3245539
1403638184.495097 8.7315273 -2.5229001 1.0199242 0.5147945 -0.6473069 0.4561514 -0.3284910
1403638184.795097 9.1329908 -2.6624386 1.0424433 0.5110083 -0.6463200 0.4587992 -0.3326325
1403638185.095097 9.5321226 -2.7736807 1.0728559 0.5108963 -0.6457885 0.4606749 -0.3312413
1403638185.245097 9.7305670 -2.8192816 1.0924568 0.5142537 -0.6439697 0.4624870 -0.3270352
1403638185.395097 9.9293194 -2.8557739 1.1130018 0.5169665 -0.6388187 0.4675248 -0.3256945
1403638185.595097 10.1920958 -2.8812399 1.1441631 0.5301700 -0.6197776 0.4706695 -0.3365501
1403638187.745097 12.7124767 -2.5369499 1.4650497 -0.6429601 0.4987128 -0.3738390 0.4451206
1403638188.145097 13.0389080 -2.3811326 1.5214510 -0.6456921 0.4808785 -0.3996963 0.4382700
1403638188.595097 13.2460299 -2.1360230 1.5098658 -0.6046844 0.4778902 -0.4089678 0.4885929
1403638188.795097 13.2334900 -2.0362697 1.5057354 -0.6192178 0.4756700 -0.3952322 0.4838377
1403638190.645097 12.3401146 -1.2823282 1.7601299 -0.7093655 0.3838687 -0.3276941 0.4919980
1403638190.845097 12.2205601 -1.1700060 1.7442551 -0.7102602 0.3869047 -0.3106026 0.4993609
1403638191.195097 11.9693642 -0.9787173 1.7765422 -0.7103432 0.3910816 -0.2971769 0.5041364
1403638191.495097 11.7370396 -0.8291650 1.8421993 -0.7221004 0.3990043 -0.2884241 0.4859816
1403638191.895097 11.4566355 -0.6093410 1.8590932 -0.7254434 0.3925941 -0.3014897 0.4782320
1403638192.295097 11.1953392 -0.3300128 1.8911042 -0.7186604 0.3932078 -0.3002215 0.4886534
1403638192.695097 10.9389811 -0.0121492 2.0448260 -0.7016851 0.3890775 -0.3059992 0.5124659
1403638193.145097 10.5639172 0.2760783 2.1860986 -0.6761690 0.3866340 -0.2915708 0.5552441
1403638193.445097 10.2351837 0.3481853 2.3167057 -0.7020867 0.3661112 -0.2893366 0.5378859
1403638193.595097 10.0557947 0.3612759 2.3906636 -0.7050579 0.3610326 -0.2883457 0.5379643
1403638193.845097 9.7348461 0.3605317 2.4766998 -0.7216885 0.3673967 -0.2751595 0.5181434
1403638194.045097 9.4744787 0.3501655 2.5206294 -0.7254659 0.3704512 -0.2715195 0.5125840
1403638194.295097 9.1552620 0.3340964 2.5476904 -0.7151084 0.3667067 -0.2803147 0.5249476
1403638194.445097 8.9585514 0.3161949 2.5550466 -0.7199656 0.3714723 -0.2746578 0.5179007
1403638194.895097 8.3840199 0.2442374 2.6183176 -0.7368956 0.3807853 -0.2664437 0.4909128
1403638195.345097 7.8975191 0.2105088 2.5954466 -0.7522159 0.3898615 -0.2529617 0.4671079
1403638195.545097 7.7334547 0.2251575 2.5654593 -0.7391453 0.3843240 -0.2617333 0.4872934
1403638195.945097 7.4664612 0.2814043 2.5066514 -0.7413458 0.3834799 -0.2603673 0.4853438
1403638196.145097 7.3702888 0.3274746 2.5174522 -0.7422397 0.3825763 -0.2608000 0.4844574
1403638196.795097 7.1726761 0.5307367 2.5610828 -0.7437482 0.3870993 -0.2565672 0.4807972
1403638197.195097 7.1499805 0.6941454 2.5410252 -0.7323946 0.3798178 -0.2683344 0.4973260
1403638197.595097 7.1506338 0.8767091 2.6234536 -0.7267470 0.3648398 -0.2889791 0.5051948
1403638197.995097 7.1067171 1.0799128 2.7430139 -0.7136633 0.3645044 -0.2867255 0.5249854
1403638198.445097 6.9887400 1.2734933 2.6341119 -0.7232875 0.3660363 -0.2834434 0.5123793
1403638198.845097 6.8175373 1.4395455 2.4670982 -0.7299332 0.3301186 -0.3296408 0.4995560
1403638199.045097 6.6662946 1.5564821 2.4279876 -0.7309247 0.3328080 -0.3258842 0.4987860
1403638199.295097 6.4175911 1.7433765 2.4406333 -0.7257940 0.3370126 -0.3213911 0.5063136
1403638199.495097 6.1725769 1.9135922 2.4861054 -0.7272915 0.3342722 -0.3270750 0.5023257
1403638199.695097 5.8849010 2.1070294 2.5574059 -0.7352269 0.3276644 -0.3177310 0.5011231
1403638199.895097 5.5633078 2.3206391 2.6354709 -0.7396394 0.3337435 -0.2842918 0.5106145
1403638200.145097 5.1479435 2.5933375 2.7006340 -0.7474327 0.3172266 -0.2701119 0.5174468
1403638200.395097 4.7123642 2.8699720 2.7754741 -0.7505802 0.2750026 -0.2595822 0.5418672
1403638200.595097 4.3386583 3.0914807 2.8609724 -0.7628047 0.2438227 -0.2556322 0.5416011
1403638200.795097 3.9340310 3.3181806 2.9666471 -0.7753217 0.2152934 -0.2492685 0.5388788
1403638200.995097 3.4964895 3.5561740 3.0601144 -0.7795474 0.2170496 -0.2255270 0.5425246
1403638201.195097 3.0411825 3.8001244 3.1238155 -0.7771685 0.2259246 -0.2088561 0.5489504
1403638201.445097 2.4665658 4.0998087 3.1605430 -0.7757697 0.2298748 -0.2098914 0.5488940
1403638201.795097 1.6523852 4.5053453 3.1339364 -0.7712586 0.2328088 -0.2158448 0.5516984
1403638202.095097 0.9298031 4.8261161 3.0654874 -0.7750316 0.2280416 -0.1998231 0.5544311
1403638202.395097 0.1998897 5.1126680 3.0386310 -0.7859985 0.2273439 -0.1747162 0.5477183
1403638202.695097 -0.4860523 5.3936844 2.9932222 -0.7883937 0.2288962 -0.1666193 0.5461500
1403638202.995097 -1.1197901 5.6658530 2.9076977 -0.7855176 0.2287054 -0.1694387 0.5494967
1403638203.245097 -1.6167431 5.8778753 2.8635802 -0.7809481 0.2251316 -0.1755135 0.5555455
1403638203.495097 -2.0936649 6.0686307 2.8413510 -0.7776291 0.2270214 -0.1721433 0.5604649
1403638203.745097 -2.5495310 6.2363644 2.8073573 -0.7783118 0.2291334 -0.1684641 0.5597754
1403638203.945097 -2.8960321 6.3507571 2.8076420 -0.7790028 0.2267796 -0.1694180 0.5594847
1403638204.195097 -3.3114507 6.4697661 2.8449621 -0.7834603 0.2298751 -0.1600740 0.5547286
1403638204.395097 -3.6200180 6.5541711 2.9019504 -0.7886898 0.2456258 -0.1379914 0.5464383
1403638204.645097 -3.9491453 6.6494384 2.9609718 -0.7877874 0.2480206 -0.1316859 0.5482112
1403638204.845097 -4.1713152 6.7146921 2.9755335 -0.7951856 0.2139899 -0.1374409 0.5504526
1403638205.095097 -4.4297609 6.7910953 2.9586606 -0.8080608 0.1363015 -0.1191221 0.5605975
1403638205.345097 -4.6955352 6.8662882 2.9532242 -0.8150490 0.0390814 -0.0532571 0.5756140
1403638205.595097 -4.9602818 6.9365120 2.9949608 -0.8058306 -0.0549438 -0.0162249 0.5893683
1403638205.945097 -5.3808756 6.9816232 3.1159487 -0.7922069 -0.1228945 0.0111675 0.5976458
1403638206.145097 -5.6692390 6.9627957 3.2156925 -0.7879835 -0.1575131 0.0486180 0.5932183
1403638206.395097 -6.0539303 6.8997107 3.3357697 -0.7789693 -0.1883277 0.0951521 0.5904959
1403638206.695097 -6.5097427 6.7768960 3.4254284 -0.7715225 -0.1967502 0.1252790 0.5919015
1403638206.995097 -6.9327612 6.6022477 3.4518356 -0.7652577 -0.2120405 0.1429423 0.5907514
1403638207.295097 -7.3119330 6.3802061 3.4158192 -0.7579572 -0.2206351 0.1540905 0.5942030
1403638207.545097 -7.5874472 6.1428900 3.3571091 -0.7448620 -0.2523539 0.1819859 0.5902365
1403638207.795097 -7.8117580 5.8611445 3.3337507 -0.7513019 -0.2812665 0.2027077 0.5615552
1403638208.045097 -7.9966288 5.5802903 3.3563290 -0.7593735 -0.2909191 0.2068938 0.5439787
1403638208.295097 -8.1514549 5.3116846 3.3649225 -0.7525862 -0.2859882 0.2099712 0.5547404
1403638208.545097 -8.2775459 5.0446305 3.3358030 -0.7577723 -0.2920649 0.2082286 0.5450871
1403638208.795097 -8.3803682 4.7801890 3.3371019 -0.7497219 -0.3129767 0.2251725 0.5378290
1403638209.095097 -8.4717083 4.4807487 3.3393698 -0.7414011 -0.3270330 0.2351503 0.5367293
1403638209.345097 -8.5223331 4.2408333 3.2959404 -0.7415264 -0.3291238 0.2383854 0.5338433
1403638209.645097 -8.5589123 3.9712079 3.1799450 -0.7395342 -0.3253313 0.2429592 0.5368608
1403638209.945097 -8.5656052 3.7191992 2.9204049 -0.7358752 -0.3270604 0.2366251 0.5436247
1403638210.195097 -8.5463657 3.5081701 2.6769977 -0.7252024 -0.3222790 0.2420003 0.5582594
1403638210.445097 -8.4820213 3.2757797 2.4606490 -0.7263620 -0.3220647 0.2416700 0.5570173
1403638210.795097 -8.3237238 2.9217565 2.1317153 -0.7256685 -0.3176389 0.2451171 0.5589529
1403638211.045097 -8.1569510 2.6478202 1.9267850 -0.7341889 -0.3191793 0.2440642 0.5472879
1403638211.345097 -7.9236865 2.3261981 1.7470603 -0.7412255 -0.3188585 0.2412749 0.5391665
1403638211.595097 -7.7070246 2.0765722 1.6027079 -0.7531505 -0.2917006 0.2256475 0.5447553
1403638211.945097 -7.3596892 1.7546364 1.3658824 -0.7813584 -0.2112995 0.1870444 0.5566381
1403638212.295097 -6.9468174 1.4760796 1.2014534 -0.7984433 -0.1383919 0.1273335 0.5719461
1403638212.645097 -6.4811220 1.2106690 1.1381245 -0.8088629 -0.0635672 0.0725430 0.5800322
1403638212.895097 -6.1223984 1.0173981 1.1463072 -0.8134027 -0.0062562 0.0309248 0.5808448
1403638213.145097 -5.7449231 0.8238074 1.1853888 -0.8144670 0.0600908 -0.0116101 0.5769731
1403638213.395097 -5.3483462 0.6346103 1.2074150 -0.8206078 0.1390170 -0.0365530 0.5531193
1403638213.745097 -4.7166643 0.4002272 1.1942948 -0.7978941 0.1950647 -0.1002211 0.5614895
1403638214.195097 -3.8676050 0.1076177 1.2503945 -0.8058323 0.1924335 -0.1239918 0.5461041
1403638214.695097 -2.9410646 -0.1359240 1.2909052 -0.8034549 0.1733043 -0.1191261 0.5569872
1403638214.995097 -2.4043279 -0.2545145 1.2521157 -0.7949914 0.1642190 -0.1184037 0.5718402
1403638215.245097 -1.9812156 -0.3601429 1.1847646 -0.7975720 0.1610216 -0.1195077 0.5689192
1403638215.545097 -1.5065945 -0.4859842 1.1025413 -0.8000840 0.1547147 -0.1294539 0.5649520
1403638216.195097 -0.6379761 -0.7531257 1.0102701 -0.7934295 0.1736490 -0.1340747 0.5677497
1403638216.545097 -0.2498421 -0.9105064 0.9956015 -0.7902447 0.1752833 -0.1404756 0.5701365
1403638216.895097 0.0784871 -1.0727398 0.9393166 -0.7875017 0.1758404 -0.1527876 0.5705938
1403638217.845097 0.6944726 -1.5139836 0.8122728 -0.7867403 0.2243175 -0.2028204 0.5381314
1403638218.145097 0.7858692 -1.6094593 0.8446822 -0.7830360 0.2185635 -0.2038819 0.5454510
1403638218.945097 0.7383206 -1.7883847 0.8985050 -0.7827935 0.2439015 -0.1860383 0.5414203
1403638219.895097 0.5048565 -2.0427525 0.8791008 -0.7626716 0.2701654 -0.1765352 0.5605159
1403638220.695097 0.3395684 -2.4533839 0.8747635 -0.7747025 0.2560216 -0.2014471 0.5419485
1403638221.545097 0.1156737 -2.8283675 0.8297994 -0.7772827 0.2705456 -0.1919231 0.5346048
1403638221.995097 0.0155182 -2.9906631 0.8075454 -0.7715504 0.2669491 -0.1963397 0.5430460
1403638222.445097 -0.0738188 -3.1383469 0.8226779 -0.7848766 0.2688630 -0.1941561 0.5234355
1403638222.795097 -0.1212987 -3.2090104 0.7838938 -0.7744666 0.2667565 -0.1971989 0.5386603
1403638223.145097 -0.1714605 -3.2718356 0.7364166 -0.7711985 0.2646272 -0.1990739 0.5436865
1403638223.395097 -0.2156374 -3.3227279 0.7262847 -0.7805392 0.2751341 -0.1849064 0.5299711
1403638223.695097 -0.2386695 -3.3773205 0.7016351 -0.7727010 0.2746336 -0.1865767 0.5410164
1403638223.995097 -0.2427541 -3.4357152 0.6603031 -0.7772749 0.2612050 -0.2053579 0.5342693
1403638224.295097 -0.2578340 -3.4729271 0.6107419 -0.7864881 0.2649913 -0.1989794 0.5211750
1403638224.595097 -0.2705297 -3.4732866 0.5760088 -0.7688931 0.2661852 -0.1982419 0.5464879
1403638224.945097 -0.2912946 -3.4682689 0.5465221 -0.7763683 0.2724437 -0.1885013 0.5361848
1403638225.345097 -0.2929426 -3.4551220 0.5561872 -0.7806585 0.2662393 -0.1929593 0.5314656
1403638225.695097 -0.2904967 -3.4368072 0.5228169 -0.7569225 0.2565877 -0.2069805 0.5642606
1403638225.995097 -0.3179021 -3.4457626 0.4085300 -0.7840343 0.2653310 -0.1936430 0.5266802
1403638226.395097 -0.3382010 -3.4186835 0.3922076 -0.7901261 0.2612807 -0.1916635 0.5202866
1403638226.545097 -0.3361204 -3.4177976 0.3955374 -0.7891128 0.2627431 -0.1916239 0.5211021
1403638226.895097 -0.3325740 -3.4195189 0.4015279 -0.7894626 0.2628518 -0.1917748 0.5204613
1403638227.245097 -0.3313235 -3.4219942 0.4053316 -0.7894999 0.2632219 -0.1913202 0.5203851
1403638227.645097 -0.3314917 -3.4241202 0.4078448 -0.7895001 0.2633730 -0.1910994 0.5203896
1403638228.045097 -0.3328837 -3.4251873 0.4087932 -0.7895320 0.2637174 -0.1906976 0.5203142
1403638228.495097 -0.3334602 -3.4243512 0.4085243 -0.7894920 0.2638668 -0.1905240 0.5203627
1403638228.695097 -0.3336521 -3.4237075 0.4077282 -0.7895443 0.2638990 -0.1904509 0.5202937
1403638228.795097 -0.3337063 -3.4232726 0.4072611 -0.7895814 0.2639418 -0.1904258 0.5202250
