1403636858.651666 0.0000000 0.0000000 0.0000000 -0.0000000 -0.0000000 -0.0000000 1.0000000
1403636858.801666 0.0249119 -0.0215295 -0.0141097 -0.0038628 0.0061629 -0.0006129 0.9999734
1403636858.901666 0.0580776 -0.0647381 -0.0306874 -0.0059941 0.0107160 -0.0001313 0.9999246
1403636859.051666 0.1220307 -0.1649396 -0.0621998 -0.0086554 0.0180071 0.0002160 0.9998004
1403636859.151666 0.1663406 -0.2309378 -0.0875126 -0.0143743 0.0217517 -0.0011819 0.9996594
1403636859.351666 0.2326213 -0.3828522 -0.1395042 -0.0176632 0.0325104 -0.0030757 0.9993106
1403636859.501667 0.2583807 -0.5912372 -0.1948386 -0.0197669 0.0396990 -0.0044908 0.9990060
1403636859.651666 0.2755447 -0.8607665 -0.2436121 -0.0221575 0.0524426 -0.0106667 0.9983211
1403636860.701667 0.3740502 -0.4280591 -0.1823341 -0.0921402 0.0649033 0.0082060 0.9935947
1403636860.851666 0.3779019 -0.4110842 -0.2017432 -0.0922249 0.0635750 -0.0034273 0.9937007
1403636861.351666 0.3662823 -1.4923097 -0.4662397 -0.0174936 0.0609245 -0.0149042 0.9978778
1403636862.851666 0.3650679 -1.6058581 -0.4638967 -0.0506448 0.0735987 -0.0094435 0.9959564
1403636864.401666 0.3665847 -1.5950477 -0.5166000 -0.0659288 0.0725499 -0.0089540 0.9951431
1403636866.101666 0.2804859 -1.8713604 -0.5179384 -0.0045439 0.0724070 0.0069866 0.9973404
1403636867.551666 0.3392718 -0.8642971 -0.5359249 -0.1274697 0.0529682 0.0011560 0.9904264
1403636867.951667 0.3328993 -0.7933236 -0.6601743 -0.2961186 0.0614780 0.0180704 0.9529994
1403636868.701667 0.1902666 -0.8388867 -0.7977706 -0.2524417 0.0738005 0.0269914 0.9644160
1403636868.901666 0.1484879 -0.8260667 -0.8472774 -0.2631404 0.0716230 0.0179951 0.9619269
1403636869.151666 0.1073675 -0.8343804 -0.8536245 -0.2514936 0.0610013 0.0201382 0.9657248
1403636869.501667 0.1038982 -0.8225818 -0.8336562 -0.2517394 0.0566223 0.0178512 0.9659724
1403636869.701667 0.2163014 -0.8242132 -0.8246851 -0.2556593 0.0595440 0.0181354 0.9647611
1403636869.901666 0.4825091 -0.8525735 -0.7947378 -0.2531747 0.0709444 0.0232429 0.9645358
1403636870.151666 0.9711735 -0.8997678 -0.7250875 -0.2523379 0.0904075 0.0337696 0.9628145
1403636870.651666 1.9172000 -0.9503983 -0.6253071 -0.2555730 0.1213546 0.0418663 0.9582289
1403636870.851666 2.0936778 -0.9422112 -0.5917085 -0.2410204 0.1248330 0.0483979 0.9612406
1403636871.951667 0.8899935 -0.9164711 -0.5770078 -0.2458972 0.0934143 0.0482768 0.9635755
1403636872.451667 -0.1105840 -0.8093292 -0.5042875 -0.2506075 0.0492283 0.0384177 0.9660727
1403636872.701667 -0.1777106 -0.8097357 -0.5102657 -0.2435308 0.0425171 0.0313456 0.9684537
1403636873.501667 1.3465834 -0.8692260 -0.4870449 -0.2521125 0.0958817 0.0511523 0.9615766
1403636873.751667 1.8268892 -0.8316104 -0.5080040 -0.2617967 0.1147148 0.0567870 0.9565972
1403636874.101666 1.9848849 -0.7915022 -0.5180461 -0.2611628 0.1200269 0.0601693 0.9559118
1403636874.401666 1.7152038 -0.8021910 -0.4957953 -0.2671401 0.1072631 0.0554552 0.9560626
1403636874.651666 1.1789954 -0.8094275 -0.4492528 -0.2603537 0.0907180 0.0493698 0.9599734
1403636874.901666 0.5630221 -0.7648028 -0.3951737 -0.2598009 0.0691814 0.0476159 0.9620032
1403636875.701667 -0.0815934 -0.5833679 -0.6250066 -0.2198088 0.1436883 0.1326223 0.9557453
1403636876.001667 0.2142074 -0.4495471 -1.0873388 -0.2193816 0.2055753 0.1560882 0.9408756
1403636876.251667 0.6785066 -0.4401146 -1.3116267 -0.2026019 0.2719085 0.1694867 0.9253608
1403636876.501667 1.2852377 -0.4936525 -1.2089059 -0.2095454 0.3053335 0.1758833 0.9121004
1403636876.701667 1.7325746 -0.6282654 -0.9006662 -0.1939465 0.3047274 0.1522753 0.9199665
1403636876.851666 1.8953277 -0.7506261 -0.5838048 -0.1878856 0.2805274 0.1292682 0.9323589
1403636877.051666 1.7891725 -0.8877142 -0.1426299 -0.1778500 0.2226129 0.0949423 0.9538338
1403636878.251667 -0.0245759 -0.4500109 -0.7611853 -0.2353973 0.0816748 0.0632904 0.9663911
1403636878.551666 0.5909925 -0.3687559 -1.0663499 -0.2242050 0.1602464 0.1043519 0.9555961
1403636878.901666 1.4758064 -0.5563780 -0.9657565 -0.2076880 0.2289273 0.1112079 0.9445056
1403636879.301666 1.9502523 -0.8746580 -0.3875340 -0.1805780 0.2172267 0.1022863 0.9538038
1403636879.551666 1.7094289 -1.0304275 -0.0441639 -0.1686328 0.1603736 0.0682847 0.9701446
1403636880.601666 0.6478086 -0.7993335 -1.1334854 -0.1857774 0.1663138 0.0682003 0.9660100
1403636880.951667 0.2282389 -0.7245497 -1.5243783 -0.1994749 0.1644478 0.0797043 0.9627118
1403636881.301666 -0.2363615 -0.8037670 -1.2895495 -0.1694009 0.0918164 0.0478579 0.9800932
1403636881.701667 0.0220758 -1.0290905 -0.6205571 -0.1557898 0.0571690 -0.0014028 0.9861335
1403636882.101666 0.8883094 -1.0800381 -0.1723978 -0.1606956 0.0875941 0.0120211 0.9830360
1403636883.251667 0.7651806 -0.3629766 0.2559300 -0.0402584 -0.0397200 -0.0247924 0.9980916
1403636883.851666 0.6983037 -0.1960988 0.4735464 -0.0094337 -0.0813854 -0.0364688 0.9959707
1403636886.651666 0.7040218 -0.1771406 0.4819844 0.0116130 -0.0926576 -0.0397732 0.9948356
1403636890.901666 0.7039171 -0.1770971 0.4820539 0.0127003 -0.0923238 -0.0396819 0.9948570
1403636897.151666 0.7059407 -0.1771741 0.4750637 0.0115954 -0.0974824 -0.0424128 0.9942655
1403636897.451667 0.7639568 -0.1551853 0.4216878 0.0013472 -0.0881447 -0.0436618 0.9951494
1403636897.751667 0.9194751 -0.1391555 0.2460222 -0.0399656 -0.0659329 -0.0624637 0.9950648
1403636898.151666 1.0559492 -0.3906062 0.0766818 -0.0335142 -0.0707658 -0.0691767 0.9945268
1403636898.551666 1.0808437 -0.6950493 0.0679646 -0.0317409 -0.0853001 -0.0712781 0.9932954
1403636898.951667 1.0214837 -1.0348080 0.1734374 -0.0358120 -0.0943191 -0.0682368 0.9925548
1403636900.451667 1.8620304 -2.0069606 1.1710868 -0.0192568 0.0296598 -0.0277186 0.9989901
1403636900.751667 2.1171534 -2.2716134 1.2387114 -0.0379793 0.0209625 -0.0279087 0.9986687
1403636901.051666 2.4285407 -2.4127162 1.4680918 -0.0309498 0.0113519 -0.0110745 0.9993951
1403636901.351666 2.8764060 -2.4947407 1.8037360 -0.0261141 0.0124090 -0.0142625 0.9994802
1403636901.701667 3.5230069 -2.7630701 2.2047217 -0.0205319 0.0184050 -0.0270581 0.9992535
1403636902.001667 4.1318140 -2.8219998 2.5621662 -0.0194529 0.0179130 -0.0287538 0.9992367
1403636902.301666 4.7337017 -2.8910108 2.8782275 -0.0190790 0.0166361 -0.0276070 0.9992983
1403636902.651666 5.4535961 -2.7518871 3.3217790 -0.0214187 0.0268040 -0.0348057 0.9988050
1403636902.951667 6.0043902 -2.7321038 3.6727219 -0.0141390 0.0274900 -0.0332842 0.9989678
1403636903.401666 6.7028899 -3.1767175 3.9454668 -0.0223215 0.0195759 -0.0375030 0.9988554
1403636904.101666 7.6803474 -3.6844480 4.5034070 -0.0272116 0.0098001 -0.0192610 0.9993961
1403636904.551666 8.4766159 -4.3188291 4.9105287 -0.0218976 0.0148068 -0.0212864 0.9994239
1403636904.951667 9.3217678 -4.6536770 5.3184328 -0.0226829 0.0255965 -0.0336236 0.9988493
1403636905.301666 9.9885550 -4.8724089 5.7189999 -0.0228854 0.0345712 -0.0383703 0.9984031
1403636905.651666 10.4853954 -5.2394247 6.0602164 -0.0296348 0.0267060 -0.0479781 0.9980514
1403636905.951667 10.8164454 -5.3728328 6.4587078 -0.0336952 0.0143104 -0.0424880 0.9984261
1403636906.351666 11.1188383 -5.4872260 7.1622839 -0.0248591 0.0074117 -0.0420356 0.9987793
1403636906.701667 11.3509054 -5.7912931 7.7373023 -0.0253524 0.0014717 -0.0234217 0.9994031
1403636907.051666 11.6592569 -5.9560580 8.3816452 -0.0263734 0.0044406 -0.0438515 0.9986801
1403636907.401666 11.8993311 -6.1285610 9.0439367 -0.0398772 -0.0018092 -0.0386686 0.9984545
1403636907.751667 12.1583834 -6.5422010 9.7853718 -0.0396876 -0.0088996 -0.0229897 0.9989080
1403636908.101666 12.5428152 -6.9634719 10.7059097 -0.0256055 -0.0068983 -0.0372272 0.9989550
1403636908.401666 12.9235353 -7.2745976 11.4865789 -0.0221705 -0.0119306 -0.0441895 0.9987059
1403636908.801666 13.3960886 -7.5771656 12.5270329 -0.0326660 -0.0205292 -0.0439423 0.9982888
1403636909.151666 13.7723761 -8.1534605 13.4258537 -0.0395395 -0.0243229 -0.0360318 0.9982719
1403636909.551666 14.2816973 -8.6941147 14.6915426 -0.0317821 -0.0198703 -0.0393585 0.9985219
1403636909.901666 14.7857971 -8.8817806 15.9217358 -0.0124423 -0.0114599 -0.0529860 0.9984520
1403636910.251667 15.1880493 -8.8902073 17.0657825 -0.0142187 -0.0127164 -0.0530283 0.9984108
1403636910.601666 15.4262180 -9.1442099 17.9870987 -0.0247698 -0.0177230 -0.0500336 0.9982830
1403636910.951667 15.6224413 -9.2730465 18.9530354 -0.0238864 -0.0211980 -0.0436926 0.9985344
1403636911.251667 15.7823896 -9.4193296 19.7242737 -0.0153226 -0.0221382 -0.0422490 0.9987443
1403636911.501667 15.9459438 -9.6950979 20.2332020 -0.0227584 -0.0191273 -0.0485486 0.9983783
1403636911.801666 16.0812416 -10.0081797 20.8533287 -0.0234406 -0.0194034 -0.0431391 0.9986056
1403636912.101666 16.2555294 -10.1367579 21.5282631 -0.0298862 -0.0206823 -0.0317144 0.9988360
1403636912.601666 16.6895542 -10.4552851 22.6804829 -0.0251466 -0.0178962 -0.0313518 0.9990318
1403636912.801666 16.9218922 -10.5172625 23.1624203 -0.0245867 -0.0206848 -0.0195550 0.9992924
1403636913.001667 17.2094688 -10.5213108 23.6753006 -0.0172842 -0.0163565 -0.0297752 0.9992733
1403636913.451667 17.9528542 -10.5800076 24.6490917 -0.0177583 -0.0173797 -0.0314081 0.9991977
1403636913.701667 18.3828793 -10.6880703 25.1001968 -0.0207725 -0.0137228 -0.0368686 0.9990100
1403636914.201667 19.2647343 -10.9855833 25.9475002 -0.0189545 -0.0142226 -0.0352518 0.9990975
1403636914.451667 19.7349243 -11.1242943 26.3465366 -0.0186016 -0.0112252 -0.0421645 0.9988745
1403636914.701667 20.1786900 -11.3386383 26.6729755 -0.0158351 -0.0094309 -0.0448561 0.9988235
1403636915.201667 20.9432220 -11.7082710 27.2730675 -0.0275070 -0.0037821 -0.0462974 0.9985418
1403636915.451667 21.2876377 -11.6966963 27.6437473 -0.0426498 -0.0029936 -0.0463111 0.9980117
1403636915.701667 21.5985107 -11.8253775 28.0519238 -0.0222508 -0.0117014 -0.0250893 0.9993691
1403636915.951667 21.9468803 -12.1225166 28.4024563 -0.0177837 -0.0124726 -0.0263384 0.9994171
1403636916.501667 22.8177299 -12.6873341 29.0892143 -0.0177321 0.0003373 -0.0475442 0.9987117
1403636916.801666 23.2277908 -12.8825169 29.4569511 -0.0161244 0.0372079 -0.0382825 0.9984438
1403636917.101666 23.5257053 -12.8795309 29.8450451 -0.0156043 0.0517784 -0.0316364 0.9980354
1403636917.401666 23.8036766 -12.6777153 30.2426224 -0.0126101 0.0821609 -0.0185533 0.9963666
1403636919.151666 23.9469280 -13.4257116 31.4445610 -0.0030311 0.1485377 0.0443620 0.9879066
1403636919.551666 24.1956100 -14.0700922 31.4668083 -0.0013513 0.1746623 0.0275504 0.9842420
1403636919.901666 24.4794617 -14.2806902 31.4340019 0.0017118 0.1822978 0.0208352 0.9830211
1403636920.551666 25.0296955 -13.8746290 31.0735302 -0.0014677 0.1812470 0.0118673 0.9833649
1403636921.451667 25.3807316 -13.8713770 30.0365849 0.0007616 0.1816819 0.0219993 0.9831110
1403636923.201667 26.0722389 -12.6867542 29.2137356 0.0042309 0.2594566 0.0599133 0.9638852
1403636923.651666 26.2533054 -12.2702303 28.9760437 -0.0455078 0.2937414 0.0669544 0.9524506
1403636924.101666 26.5390949 -12.3118258 29.0936375 -0.0483270 0.2982796 0.0613305 0.9512793
1403636924.601666 27.0505066 -12.5169373 29.7292194 -0.0164311 0.2862312 0.0780524 0.9548348
1403636925.401666 28.4595490 -12.3253603 30.6214352 -0.0346915 0.3194112 0.0664795 0.9446446
1403636925.751667 29.1592255 -12.1586056 31.0614891 -0.0634666 0.3250194 0.0735668 0.9407031
1403636926.101666 29.9456577 -12.5409336 31.8065796 -0.0134307 0.3277859 0.0619941 0.9426202
1403636926.451667 30.6312237 -12.6661263 32.6077576 0.0159954 0.3160073 0.0797646 0.9452625
1403636927.201667 32.0027428 -12.6988468 33.4287338 -0.0035918 0.3730872 0.1094857 0.9213067
1403636927.501667 32.6670227 -12.5168047 33.6242409 -0.0281481 0.4253991 0.1199488 0.8965800
1403636929.301666 37.8695679 -13.3747864 35.9227753 0.0123587 0.4353196 0.1250130 0.8914683
1403636929.701667 38.8853722 -13.7155285 36.1797142 -0.0018732 0.4383051 0.1064656 0.8924966
1403636930.351666 40.2081299 -14.0689907 36.3922729 -0.0000210 0.4333940 0.1182557 0.8934122
1403636930.951667 41.1851196 -14.3102856 36.3141174 0.0114877 0.4335091 0.1304376 0.8915851
1403636931.601666 42.1389694 -14.1898327 35.5623093 0.0058600 0.4865797 0.0927206 0.8686822
1403636931.901666 42.2160606 -14.1702452 35.1492767 0.0007496 0.4835115 0.1122385 0.8681121
1403636932.201667 42.1945114 -13.9783497 34.8039703 0.0082659 0.4834661 0.1167494 0.8675032
1403636932.851666 41.4870567 -13.9922047 33.9059410 0.0112058 0.5316043 0.1254671 0.8375735
1403636933.201667 40.7480087 -13.9685612 33.4256325 -0.0020538 0.5555369 0.1474041 0.8183194
1403636933.851666 39.5478134 -13.4901466 32.9730682 0.0003373 0.5603070 0.1509280 0.8144180
1403636934.201667 38.9518700 -13.4215155 32.7288780 0.0070592 0.5915911 0.1640413 0.7893419
1403636935.151666 37.2541351 -13.1355705 31.5611382 -0.0017513 0.7077578 0.2130828 0.6735515
1403636935.451667 36.7425079 -13.3084583 31.1095924 0.0130001 0.7013183 0.2131153 0.6801217
1403636935.801666 36.1417198 -13.1902742 30.6252289 0.0056080 0.6950676 0.2147380 0.6861029
1403636936.451667 35.4629784 -12.3893538 29.6867828 -0.0044882 0.6949396 0.2167128 0.6856197
1403636936.751667 35.3731079 -12.2147923 29.1994667 0.0026827 0.7015558 0.2095868 0.6810916
1403636937.401666 35.2755699 -11.9298859 28.2122421 0.0012533 0.7065991 0.2112512 0.6753438
1403636937.751667 35.2429810 -11.6221228 27.7923965 -0.0079669 0.7126465 0.2013832 0.6719496
1403636938.101666 35.1800690 -11.1432838 27.5776520 0.0044211 0.7248372 0.1764248 0.6659322
1403636938.451667 34.9144554 -10.7561760 27.5854378 0.0440649 0.7215924 0.2210085 0.6546128
1403636938.801666 34.3399658 -10.5795231 27.2649612 0.0345684 0.7213942 0.2403225 0.6485681
1403636939.151666 33.6668930 -10.3494129 26.6147423 0.0073546 0.7276911 0.2245487 0.6480659
1403636939.501667 33.0537491 -9.9678774 25.9873447 0.0133209 0.7260852 0.2140709 0.6532966
1403636939.851666 32.3343887 -9.7887478 25.3260593 0.0234957 0.7271793 0.2016726 0.6557335
1403636940.201667 31.4688625 -9.3740101 24.6430244 0.0238936 0.7344653 0.2224502 0.6407073
1403636940.601666 30.3344212 -8.6765823 23.9466743 0.0205417 0.7439685 0.2333917 0.6257932
1403636940.951667 29.3317223 -8.3364887 23.1001949 -0.0037560 0.7458082 0.2393376 0.6216701
1403636941.251667 28.5944138 -8.3247852 22.2910271 0.0045070 0.7477725 0.2294819 0.6230201
1403636941.601666 27.7731552 -8.1796980 21.4169464 0.0071419 0.7446497 0.2185888 0.6306067
1403636942.051666 26.7437553 -7.9195223 20.4211178 0.0074298 0.7374792 0.2247310 0.6368401
1403636942.401666 25.9569511 -7.8255620 19.6244450 0.0186439 0.7370808 0.2310734 0.6347986
1403636942.651666 25.3978519 -7.5341473 19.0812283 0.0162481 0.7370251 0.2405893 0.6313848
1403636942.901666 24.8495369 -7.2016912 18.5042858 0.0076640 0.7423972 0.2339639 0.6277329
1403636943.151666 24.3599167 -7.0387659 17.8469810 0.0105555 0.7481031 0.2243477 0.6244185
1403636943.401666 23.8472328 -6.8504472 17.2021751 0.0117344 0.7521636 0.2207799 0.6207805
1403636943.651666 23.3299389 -6.5365672 16.6377621 0.0098370 0.7559558 0.2170146 0.6175264
1403636943.801666 23.0095043 -6.2798195 16.3663235 0.0099552 0.7576333 0.2154874 0.6160015
1403636944.001667 22.5497971 -5.8877411 16.0353336 -0.0023163 0.7431946 0.2301249 0.6282508
1403636944.151666 22.2411404 -5.6120067 15.8250980 -0.0195202 0.7302681 0.2446242 0.6375630
1403636944.351666 21.9305515 -5.3502464 15.4921551 -0.0199173 0.7242538 0.2421703 0.6453010
1403636944.751667 21.5746651 -5.2207398 14.7858963 -0.0108031 0.7302031 0.1944130 0.6548973
1403636945.251667 21.0806427 -5.2622008 14.3029156 0.0026063 0.7172176 0.1982266 0.6680557
1403636945.751667 20.3883476 -5.1784592 14.1641617 -0.0178155 0.7138263 0.2199445 0.6646497
1403636946.201667 20.0204830 -4.8310146 14.3149891 -0.0080300 0.7217530 0.2121843 0.6587761
1403636946.651666 19.7697067 -4.1029882 14.7740307 0.0003195 0.7296881 0.2064398 0.6518725
1403636946.901666 19.6032677 -3.8358636 15.0541992 0.0268115 0.7196242 0.2404210 0.6508610
1403636947.151666 19.4014397 -3.4754887 15.1736603 0.0290116 0.7163171 0.2518504 0.6500921
1403636947.451667 19.2154198 -3.0963650 15.0532608 -0.0315071 0.7189922 0.2499859 0.6477380
1403636948.251667 19.9422531 -2.7998986 14.5341034 -0.0301650 0.7255050 0.2226771 0.6504979
1403636948.501667 20.3912888 -2.5720091 14.6120663 -0.0379060 0.7268168 0.2065885 0.6539279
1403636948.751667 20.9463234 -2.4394193 14.8479557 -0.0404143 0.7299261 0.1832518 0.6572620
1403636949.001667 21.5020256 -2.5715332 15.2792339 0.0079541 0.7186102 0.2062055 0.6640899
1403636949.351666 22.1845779 -2.6247692 15.9521465 0.0124646 0.7152547 0.2059486 0.6677130
1403636949.701667 22.6646252 -2.5239286 16.6088753 0.0179218 0.7101312 0.2167004 0.6696517
1403636950.101666 23.0960693 -2.6671605 17.0827675 -0.0057785 0.7037408 0.2378381 0.6694390
1403636950.501667 23.7218189 -2.7239895 17.4321594 -0.0122347 0.7139031 0.2131182 0.6669133
1403636950.951667 24.5683441 -2.8415890 17.9152775 0.0018147 0.7144009 0.2044624 0.6691960
1403636951.401666 25.2476940 -3.1908674 18.4213905 -0.0103216 0.7055238 0.2304022 0.6701078
1403636952.001667 26.5199623 -3.3831949 19.0505638 -0.0164483 0.7156748 0.2036697 0.6678755
1403636952.551666 27.8278980 -3.4747815 19.8830070 0.0100374 0.7151954 0.2025117 0.6688677
1403636953.251667 29.1077614 -3.2803087 21.0233307 0.0024847 0.7050491 0.2335667 0.6695866
1403636953.951667 30.5594978 -3.4256182 21.7936954 -0.0216881 0.7089087 0.2069961 0.6738921
1403636954.701667 32.4954834 -4.2568836 22.9257622 -0.0179451 0.7119290 0.2144793 0.6684563
1403636955.501667 34.8211327 -4.5334806 24.7527657 -0.0058300 0.7366788 0.2082283 0.6433594
1403636956.151666 36.5164070 -5.1105118 26.3943443 0.0206994 0.7343499 0.2342303 0.6367401
1403636956.851666 37.9038124 -5.5008717 27.9270477 0.0280762 0.7017293 0.2168434 0.6780609
1403636957.751667 38.7490082 -6.0457478 29.1752014 0.0029623 0.5718890 0.1622462 0.8041208
1403636958.601666 39.2506981 -6.3020582 29.9518490 -0.0128636 0.4078810 0.1034277 0.9070669
1403636959.701667 40.2041626 -6.0751691 31.0247097 -0.0078576 0.4233170 0.0976517 0.9006693
1403636961.201667 40.2081604 -6.3132772 33.1722412 -0.0104625 0.3229009 0.0677701 0.9439453
1403636962.251667 39.1665344 -7.4801979 34.1869888 -0.0134628 0.1195180 -0.0054822 0.9927256
1403636962.751667 38.5011597 -8.2607613 34.3537369 -0.0147398 0.0102169 -0.0695244 0.9974191
1403636963.301666 37.4213676 -8.6174612 34.4519424 -0.0045165 -0.0187421 -0.0519117 0.9984656
1403636963.851666 36.2515221 -8.6253805 34.2982674 -0.0116332 0.0013667 -0.0469276 0.9988297
1403636964.451667 34.8610039 -9.0261240 33.6633415 -0.0065149 0.0037258 -0.0536085 0.9985338
1403636965.001667 33.2263031 -8.7788134 32.8671265 0.0015688 -0.0701210 -0.0928420 0.9932074
1403636965.501667 31.3617325 -8.8737164 31.7456436 -0.0648729 -0.1332570 -0.1066895 0.9831843
1403636967.851666 24.3227596 -8.2361155 27.2026920 0.0021811 -0.1098096 -0.0818115 0.9905776
1403636968.301666 23.4771252 -7.0720749 25.9440899 0.0025889 -0.1125780 -0.0770486 0.9906478
1403636968.901666 22.4073315 -6.0306072 23.6992111 0.0011013 -0.1077017 -0.0865105 0.9904116
1403636969.401666 21.4354973 -5.6097517 21.3652267 -0.0283379 -0.1079395 -0.0791802 0.9905941
1403636969.901666 20.4485054 -5.2661796 19.3182564 -0.0351341 -0.1030574 -0.0805523 0.9907856
1403636970.501667 19.2237720 -4.4889665 17.4655399 -0.0277774 -0.1062801 -0.0789821 0.9908051
1403636971.001667 18.1311798 -4.1288519 16.1161880 -0.0635561 -0.1099754 -0.0811699 0.9885734
1403636971.501667 17.0498447 -3.7215576 15.6474190 -0.0346145 -0.1252307 -0.0376157 0.9908099
1403636972.001667 16.6512375 -3.0694170 15.5931902 -0.0082753 -0.1212576 -0.0651180 0.9904483
1403636975.951667 17.0914993 -1.8423238 15.0268450 -0.0304999 0.2329208 0.0382950 0.9712627
1403636977.301666 18.3666592 -1.0810139 15.3228159 -0.0191186 0.3893816 0.1165667 0.9134707
1403636978.501667 20.4832001 -0.4704223 14.9153328 -0.0266927 0.4016729 0.1072610 0.9090883
1403636979.701667 23.1563206 -0.2780941 15.4795074 -0.0412746 0.4053085 0.1085401 0.9067748
1403636980.851666 25.9039326 -0.7593374 17.5830460 -0.0058800 0.4137258 0.1021205 0.9046369
1403636982.001667 27.9054222 -1.1500974 19.4329491 -0.0425381 0.4262076 0.1107550 0.8968116
1403636983.151666 30.9162102 -2.2853162 21.9591103 -0.0149578 0.4196363 0.1101003 0.9008660
1403636984.351666 34.3857803 -3.3049150 25.0299110 -0.0236693 0.4362918 0.1061790 0.8932050
1403636985.451667 37.0165901 -4.4409008 28.6655750 -0.0173086 0.4329228 0.0994038 0.8957663
1403636986.501667 37.8227615 -5.4135976 32.2284203 -0.0128824 0.4003663 0.0862062 0.9122003
1403636987.401666 37.2478828 -6.7982712 34.5934219 0.0013283 0.4009678 0.0953395 0.9111166
1403636988.451667 35.8456039 -7.6395831 36.0500565 0.0279480 0.3800010 0.1100257 0.9179937
1403636989.351666 34.4804497 -7.5411444 34.6576805 0.0318245 0.3861306 0.0997517 0.9164824
1403636990.301666 32.5873146 -6.9649081 31.2195969 0.0049608 0.3934355 0.0854544 0.9153587
1403636991.351666 30.0340462 -5.7885075 27.7382698 -0.0124351 0.3873801 0.0860338 0.9178128
1403636992.501667 27.6243973 -5.3184876 24.6076469 -0.0125300 0.4068106 0.0956074 0.9084092
1403636993.651666 25.4453259 -5.1639066 22.3156528 -0.0034925 0.3383408 0.0756519 0.9379713
1403636996.951667 17.3207703 -3.5679307 12.8993406 -0.0225737 0.2044291 0.0346230 0.9780084
1403636998.251667 15.3152952 -3.3956108 10.3440638 -0.0318585 0.1492904 0.0147972 0.9881693
1403637000.651666 11.7745571 -3.8470929 8.1850634 -0.0053157 0.1645875 0.0034635 0.9863421
1403637001.901666 8.6556072 -3.5613968 5.9502158 -0.0130868 0.1689108 0.0165457 0.9854056
1403637003.001667 6.1838617 -2.7702353 3.9777818 -0.0150764 0.1746602 0.0139033 0.9844152
1403637004.151666 3.6575952 -2.0248678 2.2124794 -0.0231139 0.1761078 0.0141100 0.9839984
1403637005.451667 1.6002668 -1.3051430 0.6660725 -0.0213033 0.1850565 0.0239148 0.9822059
1403637006.451667 0.7871771 -1.0379460 -0.0685799 -0.0374411 0.1732447 0.0353507 0.9835318
1403637008.751667 0.2241363 -0.3229692 -0.2266197 -0.0159873 0.0736898 0.0022594 0.9971505
1403637009.701667 0.5014314 -0.0069784 0.0177658 0.0252709 0.0466238 0.0119493 0.9985213
1403637010.401666 0.5018954 -0.0122248 0.0116807 0.0255081 0.0479949 0.0149028 0.9984106
